Low-band skewness and kurtosis
 -11.435483 147.291672,
 -7.187540 61.174271,
 -4.220476 26.660055,
 -0.085416 11.215759,

High-band variance
 17.496885,

Skewness, kurtosis, variance, mean, maximum and minimum of the reconstructed texture
 -11.507958 139.832489 326.785339 253.311996 255.000000 0.000000,

Auto-correlations of the low-frequency bands at each scale
 6.481899 6.489974 7.470727 7.167281 2.716543 0.455912 2.866766 8.510811 24.779570 62.375450 82.400841 55.320293 15.089725 1.163557 12.694609 66.278877 169.783463 225.727356 164.510696 58.662128 6.190413 13.128946 87.964447 227.725494 304.531586 227.725449 87.964462 13.128946 6.190413 58.662125 164.510696 225.727356 169.783432 66.278877 12.694607 1.163557 15.089724 55.320293 82.400848 62.375446 24.779573 8.510811 2.866766 0.455912 2.716545 7.167282 7.470726 6.489974 6.481899,
 5.852806 0.866785 -4.127295 -4.939861 -4.659597 -1.097811 2.762933 0.209690 -8.609744 -0.866354 8.811858 -3.843588 -11.308887 -1.026271 -5.007755 0.780954 59.463329 102.070587 55.162762 -3.075550 -6.255145 -6.505790 11.161642 103.846848 169.674973 103.846848 11.161644 -6.505790 -6.255145 -3.075550 55.162762 102.070602 59.463333 0.780954 -5.007754 -1.026271 -11.308885 -3.843587 8.811858 -0.866355 -8.609746 0.209690 2.762933 -1.097811 -4.659596 -4.939862 -4.127295 0.866785 5.852805,
 5.633457 4.175197 0.005273 -1.643716 0.260157 4.449347 4.837504 4.851340 -0.270375 -1.720551 -0.052599 -2.790670 -1.357204 4.067598 -0.299054 -2.221046 17.015673 32.753296 15.065573 -4.148207 -0.614249 -3.222144 -1.839846 32.127686 58.311367 32.127686 -1.839846 -3.222144 -0.614249 -4.148208 15.065570 32.753296 17.015675 -2.221046 -0.299054 4.067598 -1.357204 -2.790669 -0.052599 -1.720551 -0.270375 4.851340 4.837504 4.449347 0.260157 -1.643716 0.005273 4.175197 5.633457,
 1.044239 1.247086 0.895270 0.447828 0.494257 0.775782 0.832521 0.726803 0.576039 0.678036 0.566209 -0.210685 -0.145605 0.703092 0.579662 0.622665 3.073674 4.821969 2.255077 -0.080432 0.549803 0.715284 0.823655 4.869355 8.171981 4.869355 0.823655 0.715283 0.549803 -0.080432 2.255077 4.821969 3.073674 0.622665 0.579662 0.703092 -0.145605 -0.210685 0.566209 0.678036 0.576039 0.726803 0.832521 0.775782 0.494256 0.447827 0.895270 1.247086 1.044239,

Auto-correlations of the modulus of each oriented sub-band
 14.265697 15.760604 16.703901 16.937130 16.401093 15.192286 13.502799 23.854425 27.614590 30.248940 31.170570 30.113380 27.311110 23.359045 33.827477 40.306019 44.993309 46.737152 45.003822 40.251362 33.631676 38.201160 46.013912 51.695068 53.802746 51.695068 46.013912 38.201153 33.631676 40.251354 45.003830 46.737152 44.993305 40.306019 33.827477 23.359045 27.311106 30.113380 31.170570 30.248940 27.614592 23.854425 13.502800 15.192287 16.401093 16.937130 16.703899 15.760606 14.265697,
 28.009281 32.193935 32.101944 27.411297 20.103975 13.009838 7.786711 32.305904 40.182987 43.353706 39.916443 31.280270 21.243059 12.999113 32.210133 43.352665 50.792778 50.758572 42.999142 31.281963 20.150816 27.493488 39.894661 50.732952 55.146084 50.732941 39.894661 27.493486 20.150816 31.281961 42.999142 50.758568 50.792774 43.352665 32.210133 12.999113 21.243059 31.280273 39.916443 43.353706 40.182987 32.305904 7.786711 13.009836 20.103977 27.411297 32.101944 32.193935 28.009281,
 15.404762 25.441736 35.685932 40.200043 35.610882 25.028273 14.680676 17.131977 29.494680 42.429474 48.220551 42.443558 29.228628 16.583069 18.248779 32.348701 47.308117 54.041256 47.350067 32.227585 17.954802 18.550144 33.357624 49.131695 56.196297 49.131695 33.357624 18.550144 17.954802 32.227585 47.350067 54.041256 47.308117 32.348701 18.248777 16.583069 29.228628 42.443558 48.220551 42.429482 29.494680 17.131977 14.680678 25.028267 35.610886 40.200043 35.685940 25.441740 15.404762,
 10.386419 15.833998 22.979490 30.099009 34.430008 33.995079 29.133516 15.690182 24.226954 34.386513 42.916134 46.079292 42.414261 33.845634 22.702551 34.232441 46.180260 53.932091 53.775475 45.896957 34.115849 29.736872 42.665016 53.843052 58.345512 53.843052 42.665016 29.736872 34.115860 45.896950 53.775475 53.932091 46.180252 34.232441 22.702549 33.845638 42.414261 46.079292 42.916134 34.386509 24.226954 15.690181 29.133520 33.995079 34.430008 30.099012 22.979488 15.834001 10.386416,
 9.014945 10.148406 10.959633 11.042130 10.304083 9.105381 7.957879 15.286773 19.709698 23.298763 24.466156 22.589365 18.589550 14.161548 23.604237 32.657806 40.263515 43.165127 39.888695 32.078335 23.041033 27.619720 38.984589 48.663738 52.557545 48.663738 38.984589 27.619720 23.041033 32.078335 39.888691 43.165127 40.263519 32.657806 23.604231 14.161548 18.589550 22.589361 24.466156 23.298763 19.709698 15.286773 7.957879 9.105380 10.304083 11.042130 10.959634 10.148406 9.014945,
 15.876746 19.583708 19.854013 15.974684 10.354168 6.067815 4.274412 19.807186 28.369705 32.733944 29.174137 19.892864 10.747789 5.515282 19.903929 32.796169 43.322899 43.836304 33.517235 19.654909 9.612801 15.546706 29.065002 43.830017 50.510883 43.830021 29.065002 15.546706 9.612800 19.654909 33.517235 43.836304 43.322899 32.796169 19.903929 5.515282 10.747789 19.892862 29.174133 32.733948 28.369705 19.807184 4.274412 6.067815 10.354166 15.974682 19.854019 19.583708 15.876746,
 8.602552 15.434840 24.688845 29.239197 24.379351 14.630332 7.526797 9.838205 20.208288 34.179535 40.979527 33.626114 19.061167 8.485061 10.580364 23.999117 42.176266 51.099194 41.728439 23.150843 9.629700 10.484668 25.149178 45.186924 55.204388 45.186932 25.149181 10.484668 9.629700 23.150843 41.728439 51.099194 42.176277 23.999117 10.580362 8.485059 19.061167 33.626110 40.979530 34.179535 20.208288 9.838203 7.526797 14.630331 24.379347 29.239201 24.688847 15.434842 8.602552,
 5.509013 7.829713 12.541223 18.285534 21.776505 20.679529 16.151697 7.493654 13.189494 22.624611 31.876156 34.910591 29.626781 20.189207 11.730034 22.357283 36.722935 47.176888 46.220779 34.802101 21.007521 17.354633 31.684362 47.237701 54.246861 47.237701 31.684364 17.354630 21.007521 34.802101 46.220779 47.176888 36.722935 22.357283 11.730032 20.189207 29.626778 34.910587 31.876154 22.624615 13.189496 7.493652 16.151697 20.679529 21.776501 18.285534 12.541224 7.829713 5.509012,
 4.942935 5.169140 5.289900 5.189221 4.838608 4.352787 3.908664 5.736208 6.773163 7.760386 8.123384 7.561577 6.379696 5.162596 7.607147 10.294933 12.889667 14.009132 12.901114 10.271506 7.510637 8.789176 12.465277 16.010561 17.538431 16.010563 12.465277 8.789176 7.510637 10.271506 12.901114 14.009133 12.889668 10.294933 7.607147 5.162596 6.379696 7.561577 8.123384 7.760386 6.773163 5.736208 3.908664 4.352787 4.838608 5.189222 5.289900 5.169139 4.942936,
 6.367299 7.513615 7.561978 6.329983 4.771348 3.752398 3.284992 7.350035 10.099153 11.534227 10.260254 7.378273 5.006504 3.868411 7.346863 11.486910 15.205927 15.322483 11.649285 7.371599 4.829464 6.206966 10.206595 15.321636 17.858057 15.321635 10.206595 6.206966 4.829464 7.371599 11.649285 15.322483 15.205925 11.486910 7.346862 3.868411 5.006504 7.378273 10.260254 11.534225 10.099152 7.350033 3.284993 3.752398 4.771348 6.329983 7.561978 7.513615 6.367299,
 4.574815 5.617487 7.409699 8.338793 7.065230 4.962502 3.836140 4.532606 6.415145 9.980023 12.116399 9.972561 6.167906 4.085757 4.516328 7.250392 12.473080 15.669156 12.579144 7.218566 4.317647 4.464052 7.632009 13.599484 17.188171 13.599484 7.632008 4.464052 4.317647 7.218567 12.579144 15.669156 12.473080 7.250391 4.516328 4.085757 6.167906 9.972561 12.116399 9.980022 6.415144 4.532605 3.836140 4.962502 7.065231 8.338792 7.409699 5.617486 4.574815,
 4.373192 4.691149 5.444455 6.693326 7.704175 7.508736 6.217165 4.339818 5.558451 8.031373 10.888721 12.019707 10.382803 7.386586 5.010057 7.908023 12.474196 16.176426 15.948097 12.026846 7.559922 6.419745 10.846011 16.212700 18.785191 16.212700 10.846010 6.419745 7.559922 12.026846 15.948097 16.176426 12.474196 7.908023 5.010058 7.386586 10.382802 12.019707 10.888720 8.031373 5.558451 4.339818 6.217165 7.508736 7.704175 6.693325 5.444455 4.691149 4.373191,

Pairwise cross-correlations of the modulus of all oriented sub-bands at the same scale (size QxQ)
 53.802734 49.121883 43.601685 50.551388,
 49.121883 55.146088 50.042259 47.728401,
 43.601685 50.042259 56.196323 51.754482,
 50.551388 47.728401 51.754482 58.345551,
 52.557537 47.205505 45.136902 48.722923,
 47.205505 50.510880 48.296795 44.497799,
 45.136902 48.296795 55.204384 50.258728,
 48.722923 44.497799 50.258728 54.246868,

Cross-correlations of the modulus of all oriented sub-bands with all oriented sub-bands at the coarser scale (size QxQ)
 48.088051 43.958424 42.209656 45.301449,
 45.714073 47.908543 46.622028 43.845406,
 42.299107 44.733910 50.030289 46.510574,
 47.485210 43.526253 48.301788 51.444443,
 24.577059 23.345270 21.278431 23.674990,
 22.670483 23.761551 22.210436 22.043091,
 22.634007 23.943848 24.804745 24.615820,
 23.830475 22.819450 23.541401 25.780710,

Cross-correlations of the real part of each oriented sub-band with both the real and imaginary part of all phase-doubled oriented sub-bands at the next coarser scale (Q matrices of size 1x2Q, which are computed and stored in a matrix of size Qx2Q)
 -19.582315 -8.592291 -0.711252 -9.453537 -0.279699 0.058358 -0.007285 0.098237,
 -8.273261 -20.093599 -8.970210 -0.806007 0.011682 0.319222 0.040914 0.006063,
 -0.752863 -8.896560 -21.563910 -9.915802 0.029681 0.165607 0.074088 -0.056262,
 -8.822670 -0.774978 -9.587159 -22.356911 -0.161291 -0.029969 0.003313 0.016781,
 -13.413329 -5.385932 -0.451858 -6.047619 0.035986 0.041710 0.008833 0.154696,
 -5.600979 -11.886072 -5.331082 -0.510028 0.111750 0.129016 -0.037955 -0.002969,
 -0.457561 -5.213019 -13.068165 -6.074514 0.004981 0.032480 -0.207279 -0.048928,
 -5.941730 -0.511143 -5.974367 -13.902772 -0.097014 -0.010058 -0.066571 0.121105,
