Low-band skewness and kurtosis
 -11.298796 143.773300,
 -7.049230 59.174549,
 -3.994777 22.439051,
 -0.268649 8.228097,

High-band variance
 17.701048,

Skewness, kurtosis, variance, mean, maximum and minimum of the reconstructed texture
 -11.401782 137.358383 330.496246 253.285995 255.000000 0.000000,

Auto-correlations of the low-frequency bands at each scale
 4.303605 -0.164354 0.506532 4.464808 4.612230 3.796374 5.648194 3.144841 17.181801 56.613178 81.768738 59.140171 19.943422 4.663247 6.315619 60.074944 167.342773 227.791077 168.428238 61.700729 7.956395 10.133087 86.150330 229.213516 307.875153 229.213516 86.150345 10.133085 7.956395 61.700722 168.428238 227.791077 167.342743 60.074951 6.315619 4.663248 19.943422 59.140179 81.768730 56.613178 17.181801 3.144840 5.648194 3.796374 4.612231 4.464809 0.506532 -0.164353 4.303605,
 11.285219 4.318443 -6.344103 -8.646579 -1.402404 7.922760 9.850086 6.546321 -6.535755 -4.472490 5.532949 -0.403318 -3.787303 4.768129 -3.889194 -1.554975 55.602501 100.964310 57.704529 -0.496213 -5.268458 -8.834679 8.657809 103.126114 170.053284 103.126122 8.657810 -8.834679 -5.268458 -0.496213 57.704529 100.964310 55.602501 -1.554975 -3.889194 4.768129 -3.787302 -0.403317 5.532950 -4.472491 -6.535755 6.546321 9.850087 7.922759 -1.402405 -8.646577 -6.344102 4.318443 11.285220,
 6.811453 4.328440 -0.301728 -0.854553 2.071818 4.382007 3.656860 8.740254 1.854800 -0.940786 1.906267 0.675849 -0.088303 3.129039 5.092656 0.890967 17.074827 32.845261 17.688873 -1.018789 0.906960 1.062299 1.538012 32.241077 56.459846 32.241074 1.538012 1.062299 0.906960 -1.018789 17.688873 32.845261 17.074827 0.890966 5.092656 3.129039 -0.088302 0.675849 1.906266 -0.940786 1.854800 8.740255 3.656859 4.382007 2.071817 -0.854553 -0.301727 4.328440 6.811453,
 0.946210 0.420143 -0.027326 0.234476 0.738328 1.106266 1.330968 1.043043 0.269066 -0.094123 0.459531 1.040274 1.827124 2.507609 0.504606 0.719112 2.828868 4.835026 3.777203 2.144117 1.958199 0.672447 1.699291 5.445710 8.083421 5.445710 1.699291 0.672447 1.958199 2.144117 3.777203 4.835026 2.828868 0.719112 0.504606 2.507609 1.827124 1.040274 0.459531 -0.094123 0.269066 1.043043 1.330968 1.106266 0.738328 0.234476 -0.027326 0.420143 0.946210,

Auto-correlations of the modulus of each oriented sub-band
 15.320124 16.771067 17.808138 18.252113 18.006403 17.122551 15.750350 24.693678 28.632084 31.457970 32.555367 31.657425 29.006203 25.197292 34.852551 41.634949 46.538982 48.395107 46.705723 41.944515 35.265751 39.580399 47.647079 53.478584 55.626972 53.478584 47.647079 39.580395 35.265751 41.944515 46.705723 48.395107 46.538982 41.634949 34.852547 25.197294 29.006201 31.657425 32.555367 31.457970 28.632086 24.693676 15.750352 17.122545 18.006405 18.252117 17.808138 16.771069 15.320123,
 30.253731 34.353157 34.110023 29.369154 22.264713 15.586407 10.922620 34.550529 42.624374 45.815849 42.275299 33.605648 23.653475 15.638448 34.376133 45.899734 53.571941 53.524296 45.609165 33.687908 22.433746 29.621140 42.380322 53.536583 58.072662 53.536583 42.380322 29.621140 22.433750 33.687904 45.609169 53.524296 53.571941 45.899734 34.376133 15.638449 23.653475 33.605652 42.275299 45.815849 42.624374 34.550529 10.922620 15.586407 22.264713 29.369154 34.110023 34.353157 30.253731,
 16.157091 25.518230 35.708241 40.482800 36.296867 26.376661 16.857937 17.823717 29.683247 42.721504 48.728279 43.087364 30.248489 18.316334 18.999315 32.661457 47.784279 54.709713 47.944328 32.934776 19.251318 19.502478 33.828171 49.683167 56.920296 49.683155 33.828171 19.502476 19.251320 32.934776 47.944328 54.709713 47.784279 32.661457 18.999313 18.316338 30.248486 43.087368 48.728279 42.721504 29.683252 17.823713 16.857937 26.376659 36.296867 40.482800 35.708237 25.518234 16.157089,
 9.820578 14.810706 21.919579 29.303410 33.999626 33.918346 29.435711 14.764764 23.085064 33.325333 42.082024 45.459190 41.989716 33.714302 21.831261 33.303410 45.369766 53.274624 53.181446 45.363842 33.758545 29.154234 42.030556 53.272346 57.836967 53.272339 42.030560 29.154234 33.758545 45.363834 53.181450 53.274616 45.369766 33.303410 21.831261 33.714302 41.989716 45.459190 42.082016 33.325333 23.085064 14.764763 29.435711 33.918339 33.999619 29.303410 21.919579 14.810707 9.820578,
 12.007620 12.460142 12.871828 13.007359 12.708560 12.025675 11.095489 16.940784 20.530130 23.701084 25.017633 23.793430 20.635468 16.860079 24.149284 32.478100 39.805679 42.824993 39.943245 32.692863 24.318447 27.956486 38.800541 48.354195 52.261944 48.354195 38.800541 27.956486 24.318445 32.692863 39.943241 42.824993 39.805679 32.478104 24.149284 16.860079 20.635468 23.793430 25.017633 23.701090 20.530128 16.940784 11.095490 12.025677 12.708558 13.007359 12.871829 12.460143 12.007620,
 21.245190 24.577684 24.454666 20.532673 15.365207 11.572910 9.701364 25.271839 33.808002 38.036739 34.346626 25.286364 16.651436 11.699982 25.274122 38.389065 49.188347 49.685268 39.201874 25.389942 15.612047 21.063801 34.643246 49.778973 56.695980 49.778973 34.643250 21.063801 15.612044 25.389942 39.201866 49.685268 49.188347 38.389065 25.274120 11.699981 16.651436 25.286362 34.346634 38.036739 33.808002 25.271839 9.701364 11.572909 15.365207 20.532673 24.454670 24.577681 21.245192,
 12.986903 17.992447 25.613600 29.790167 25.966162 17.846941 11.666086 13.945477 22.308880 34.797157 41.391438 34.964581 22.128008 12.917334 14.522716 25.878597 42.663422 51.444817 42.700157 25.746378 13.952004 14.539872 27.240959 45.818405 55.527916 45.818413 27.240959 14.539872 13.952004 25.746376 42.700157 51.444817 42.663422 25.878597 14.522716 12.917334 22.128008 34.964581 41.391438 34.797157 22.308882 13.945477 11.666088 17.846943 25.966156 29.790167 25.613604 17.992447 12.986901,
 10.230461 11.275391 14.842157 20.260529 24.192898 23.707752 19.437052 11.271209 15.626481 24.198418 33.435555 37.015610 32.398315 23.414587 14.529098 23.959753 37.675400 48.125717 47.576557 36.782631 23.677717 19.711761 33.087105 48.038738 54.854782 48.038746 33.087105 19.711761 23.677717 36.782631 47.576557 48.125717 37.675407 23.959755 14.529098 23.414583 32.398312 37.015602 33.435555 24.198420 15.626482 11.271209 19.437052 23.707752 24.192898 20.260529 14.842157 11.275391 10.230460,
 5.598375 5.733224 5.703994 5.496883 5.117827 4.614258 4.065152 7.057401 7.870768 8.490916 8.596647 8.005721 6.866221 5.546024 8.774252 11.042341 13.081329 13.891336 12.887136 10.525273 7.850270 9.366692 12.680016 15.727722 17.022467 15.727722 12.680016 9.366691 7.850271 10.525271 12.887136 13.891336 13.081329 11.042341 8.774250 5.546024 6.866221 8.005721 8.596646 8.490916 7.870767 7.057400 4.065153 4.614258 5.117826 5.496882 5.703994 5.733224 5.598375,
 7.381918 8.349344 8.567909 7.815976 6.587707 5.398093 4.353125 8.727036 11.025575 12.229439 11.205210 8.720881 6.396565 4.830931 8.787156 12.481711 15.720201 15.810318 12.517359 8.555794 5.863331 7.477127 11.282346 15.892082 18.183067 15.892082 11.282345 7.477127 5.863331 8.555794 12.517359 15.810318 15.720201 12.481711 8.787156 4.830931 6.396565 8.720882 11.205210 12.229438 11.025573 8.727036 4.353124 5.398093 6.587707 7.815976 8.567907 8.349344 7.381917,
 5.339063 6.105553 7.474009 8.332975 7.074697 4.939469 3.636773 5.744690 7.083059 9.799208 11.596002 9.659934 6.192526 4.176955 5.794335 7.896633 12.132350 14.874039 12.121793 7.413429 4.847239 5.454837 8.079305 13.163173 16.337065 13.163174 8.079305 5.454837 4.847238 7.413429 12.121793 14.874038 12.132350 7.896633 5.794335 4.176955 6.192526 9.659934 11.596003 9.799208 7.083058 5.744690 3.636773 4.939469 7.074697 8.332975 7.474008 6.105553 5.339063,
 4.921685 5.214911 5.732525 6.491238 6.878612 6.244002 4.966062 5.257087 6.178038 7.961319 10.003106 10.552894 8.909906 6.492963 5.922902 8.128313 11.645151 14.534496 14.085639 10.733547 7.259981 6.859253 10.267566 14.608243 16.811308 14.608243 10.267565 6.859253 7.259981 10.733547 14.085639 14.534496 11.645151 8.128312 5.922902 6.492963 8.909907 10.552894 10.003106 7.961319 6.178038 5.257087 4.966062 6.244003 6.878612 6.491238 5.732526 5.214911 4.921685,

Pairwise cross-correlations of the modulus of all oriented sub-bands at the same scale (size QxQ)
 55.626957 51.667950 44.983727 50.909729,
 51.667950 58.072643 51.599815 48.839596,
 44.983727 51.599815 56.920300 51.781990,
 50.909729 48.839596 51.781990 57.836956,
 52.261932 49.749039 45.766640 48.685501,
 49.749039 56.695965 51.220905 47.509922,
 45.766640 51.220905 55.527912 50.594898,
 48.685501 47.509922 50.594898 54.854782,

Cross-correlations of the modulus of all oriented sub-bands with all oriented sub-bands at the coarser scale (size QxQ)
 48.960129 47.567001 43.854584 46.467243,
 47.359840 52.447727 48.759583 45.211960,
 42.451870 47.674095 50.917572 46.782005,
 46.722740 45.314003 48.095951 50.582489,
 23.503641 23.147055 20.377857 21.698250,
 23.261965 25.363403 22.652948 21.873070,
 22.003389 23.997772 23.945475 23.116673,
 22.730125 22.309551 22.068270 23.445734,

Cross-correlations of the real part of each oriented sub-band with both the real and imaginary part of all phase-doubled oriented sub-bands at the next coarser scale (Q matrices of size 1x2Q, which are computed and stored in a matrix of size Qx2Q)
 -20.347300 -9.685611 -0.801442 -8.997910 -0.122691 0.043949 -0.000043 0.040501,
 -9.169111 -22.915403 -9.512091 -0.764850 0.009463 -0.021222 0.005651 0.018405,
 -0.824177 -9.968630 -21.545403 -9.550502 0.005128 -0.018482 0.016791 -0.020657,
 -8.702397 -0.774334 -9.292033 -21.599009 -0.088574 -0.002040 0.016902 -0.013256,
 -11.447814 -5.577184 -0.589557 -4.975423 -0.022309 -0.096659 0.033609 -0.036432,
 -5.438716 -12.702893 -5.486669 -0.409912 0.013527 -0.226215 -0.118973 -0.020595,
 -0.567279 -5.434255 -12.112381 -5.345220 0.044061 -0.160634 -0.288284 -0.302530,
 -4.886432 -0.431171 -5.459310 -11.915004 0.046253 -0.028388 -0.057744 -0.361112,
