Low-band skewness and kurtosis
 -11.308372 144.403229,
 -6.775052 54.388027,
 -3.582723 17.695341,
 -0.778680 6.716567,

High-band variance
 17.645208,

Skewness, kurtosis, variance, mean, maximum and minimum of the reconstructed texture
 -11.391068 137.174316 330.443970 253.283096 255.000000 0.000000,

Auto-correlations of the low-frequency bands at each scale
 -0.342091 -3.075380 -1.084532 2.221285 1.373948 1.727361 5.540327 -2.626201 11.542698 52.654163 78.063393 53.762783 13.948385 0.306605 0.698674 54.570602 164.465164 226.101974 164.281250 54.512875 0.682430 3.556957 80.347069 227.095062 307.965424 227.095062 80.347069 3.556957 0.682430 54.512863 164.281265 226.101959 164.465164 54.570602 0.698674 0.306604 13.948385 53.762783 78.063393 52.654156 11.542700 -2.626201 5.540326 1.727361 1.373946 2.221286 -1.084530 -3.075379 -0.342091,
 10.589022 3.317532 -5.560001 -8.400658 -3.381160 6.440397 10.993035 4.690423 -10.543007 -6.949187 3.849117 -3.620910 -7.026321 4.263984 -5.630583 -6.731154 51.371140 98.233589 54.194714 -3.800214 -5.709199 -9.406896 4.307462 98.599358 166.489761 98.599358 4.307462 -9.406896 -5.709200 -3.800214 54.194714 98.233589 51.371143 -6.731154 -5.630583 4.263985 -7.026321 -3.620909 3.849117 -6.949188 -10.543009 4.690422 10.993035 6.440397 -3.381160 -8.400658 -5.560003 3.317533 10.589022,
 3.447686 3.904543 0.887633 -0.327220 1.594305 3.405324 2.893266 4.308867 0.866209 -0.641231 1.975863 1.478468 0.977954 2.635320 1.610268 -0.003163 15.396641 29.939093 16.976393 0.363724 0.859679 -0.209359 1.612741 29.626411 51.432949 29.626411 1.612741 -0.209359 0.859679 0.363724 16.976393 29.939095 15.396641 -0.003163 1.610267 2.635320 0.977954 1.478468 1.975863 -0.641231 0.866210 4.308866 2.893266 3.405324 1.594305 -0.327220 0.887632 3.904543 3.447687,
 0.774600 0.664630 0.343543 0.160650 0.531924 1.288296 1.363364 0.785019 0.325082 0.506420 0.825874 0.583797 1.089121 1.873037 0.856993 0.616585 2.780427 4.688289 2.990302 1.349330 1.827446 1.309786 1.367759 4.699057 7.449612 4.699057 1.367759 1.309786 1.827446 1.349330 2.990302 4.688289 2.780427 0.616585 0.856993 1.873037 1.089121 0.583797 0.825874 0.506420 0.325082 0.785019 1.363364 1.288296 0.531924 0.160650 0.343543 0.664630 0.774600,

Auto-correlations of the modulus of each oriented sub-band
 14.724541 16.253050 17.374432 17.865192 17.603807 16.642408 15.142878 24.873093 28.916567 31.839436 32.957649 31.969158 29.133455 25.087250 35.819645 42.782669 47.832390 49.712673 47.879543 42.850624 35.864349 40.693352 49.017483 55.070969 57.313217 55.070969 49.017490 40.693352 35.864346 42.850624 47.879543 49.712666 47.832390 42.782669 35.819645 25.087248 29.133450 31.969158 32.957649 31.839434 28.916571 24.873089 15.142878 16.642406 17.603807 17.865192 17.374432 16.253052 14.724541,
 30.075506 34.485985 34.361588 29.437853 21.927004 14.883218 10.062349 34.614868 43.039463 46.422802 42.763931 33.661873 23.225542 14.937083 34.500256 46.446255 54.431728 54.393200 46.121941 33.679932 22.034737 29.554502 42.762138 54.369202 59.091084 54.369202 42.762146 29.554502 22.034737 33.679932 46.121941 54.393200 54.431728 46.446255 34.500256 14.937085 23.225540 33.661877 42.763935 46.422798 43.039463 34.614868 10.062350 14.883220 21.927004 29.437851 34.361588 34.485985 30.075506,
 15.154753 25.809126 37.069996 42.104012 37.408104 26.640429 16.428514 16.735975 29.947708 44.144394 50.491177 44.358688 30.518602 17.635399 17.914770 32.929455 49.218899 56.518967 49.321419 33.218449 18.379839 18.495630 34.110466 51.106918 58.732685 51.106918 34.110466 18.495630 18.379837 33.218449 49.321419 56.518967 49.218895 32.929459 17.914770 17.635399 30.518602 44.358696 50.491177 44.144386 29.947712 16.735973 16.428516 26.640425 37.408108 42.104012 37.069996 25.809126 15.154753,
 8.880519 14.015338 21.549767 29.626289 35.079784 35.517521 31.070242 13.961025 22.656172 33.608715 43.223766 47.281544 43.991337 35.313965 21.411098 33.531776 46.457119 55.099327 55.299294 47.148216 34.787331 29.377916 43.072380 55.048717 59.904007 55.048717 43.072380 29.377914 34.787331 47.148216 55.299290 55.099327 46.457119 33.531776 21.411095 35.313969 43.991329 47.281544 43.223763 33.608711 22.656178 13.961023 31.070246 35.517521 35.079788 29.626289 21.549767 14.015338 8.880517,
 11.417855 12.465895 13.363921 13.829598 13.605189 12.686039 11.299785 17.161520 21.166002 24.587040 25.981052 24.580770 20.996504 16.651384 25.363808 34.143219 41.673290 44.657257 41.489246 33.758587 24.764530 29.318232 40.707954 50.562805 54.565868 50.562805 40.707954 29.318228 24.764530 33.758591 41.489246 44.657257 41.673290 34.143219 25.363808 16.651384 20.996502 24.580767 25.981052 24.587036 21.166004 17.161520 11.299785 12.686041 13.605186 13.829598 13.363921 12.465895 11.417855,
 19.570364 23.562653 23.936842 20.171638 15.164318 11.760421 10.016747 23.844883 32.817715 37.490063 33.901123 24.732626 16.253614 11.587766 24.415339 37.681190 48.757050 49.361496 38.708954 24.843128 15.250574 20.597740 34.143631 49.420391 56.456360 49.420391 34.143631 20.597740 15.250574 24.843128 38.708946 49.361488 48.757057 37.681190 24.415337 11.587766 16.253613 24.732622 33.901123 37.490067 32.817715 23.844883 10.016747 11.760421 15.164318 20.171638 23.936842 23.562653 19.570364,
 10.642220 16.238712 24.841692 29.634203 26.068439 18.317764 12.343515 11.650938 20.558590 33.995869 41.148132 34.752403 21.975540 12.921148 12.573099 24.296623 41.827656 51.037689 42.149769 24.983809 13.238694 13.151629 25.989452 45.043602 55.035801 45.043606 25.989452 13.151629 13.238697 24.983809 42.149769 51.037689 41.827656 24.296623 12.573099 12.921148 21.975538 34.752403 41.148132 33.995869 20.558590 11.650938 12.343515 18.317764 26.068436 29.634203 24.841694 16.238712 10.642220,
 8.630102 9.941214 13.798594 19.568903 23.857504 23.495951 19.039507 9.776881 14.346625 23.256859 32.883469 36.705978 31.958263 22.621845 13.142855 22.843222 37.044006 47.889229 47.345894 36.134911 22.565306 18.422232 32.210712 47.722130 54.792789 47.722130 32.210712 18.422226 22.565306 36.134911 47.345882 47.889221 37.044014 22.843222 13.142855 22.621845 31.958261 36.705971 32.883469 23.256861 14.346626 9.776881 19.039507 23.495951 23.857500 19.568903 13.798594 9.941215 8.630102,
 4.727750 4.698702 4.635877 4.505662 4.280893 3.984916 3.713897 5.761676 6.417060 7.045984 7.284042 6.895872 6.043849 5.136044 7.211639 9.168444 11.139817 12.030051 11.170739 9.118628 7.001841 7.965789 10.773931 13.646218 14.937607 13.646218 10.773930 7.965789 7.001841 9.118628 11.170737 12.030051 11.139819 9.168443 7.211639 5.136044 6.043849 6.895872 7.284042 7.045985 6.417060 5.761676 3.713897 3.984916 4.280893 4.505662 4.635877 4.698702 4.727750,
 5.651527 6.518826 6.862326 6.083689 4.802673 3.885961 3.651654 6.789449 8.857430 10.364989 9.617918 7.211722 5.036621 4.042709 7.181340 10.356751 13.642506 14.038432 10.969071 7.244608 5.038020 6.375423 9.610198 13.974732 16.230446 13.974732 9.610197 6.375423 5.038019 7.244608 10.969071 14.038432 13.642506 10.356751 7.181340 4.042708 5.036621 7.211722 9.617918 10.364989 8.857429 6.789448 3.651654 3.885961 4.802673 6.083690 6.862326 6.518825 5.651527,
 3.930278 5.036216 6.567217 7.306787 6.211077 4.438673 3.554978 4.166500 5.874606 8.699760 10.263979 8.431503 5.376517 3.750424 4.248535 6.535929 10.694439 13.170106 10.571610 6.275758 3.978373 4.171070 6.725459 11.513968 14.448386 11.513968 6.725459 4.171070 3.978373 6.275758 10.571610 13.170107 10.694438 6.535928 4.248535 3.750423 5.376517 8.431504 10.263979 8.699759 5.874605 4.166500 3.554977 4.438673 6.211077 7.306786 6.567217 5.036216 3.930277,
 4.093511 4.396209 4.840787 5.566918 6.190444 6.032472 5.113771 4.681601 5.389751 6.815810 8.608505 9.305242 8.083136 6.048922 5.435507 7.097253 10.050534 12.628756 12.355656 9.456493 6.533619 6.215363 8.940686 12.729153 14.697963 12.729153 8.940686 6.215363 6.533619 9.456493 12.355656 12.628757 10.050534 7.097253 5.435507 6.048922 8.083137 9.305242 8.608505 6.815810 5.389750 4.681601 5.113771 6.032472 6.190444 5.566918 4.840786 4.396209 4.093512,

Pairwise cross-correlations of the modulus of all oriented sub-bands at the same scale (size QxQ)
 57.313210 52.801350 46.368702 52.836254,
 52.801350 59.091076 53.200768 50.206772,
 46.368702 53.200768 58.732662 53.750450,
 52.836254 50.206772 53.750450 59.904026,
 54.565868 51.277248 47.058983 50.201790,
 51.277248 56.456345 51.077862 48.086922,
 47.058983 51.077862 55.035793 51.071716,
 50.201790 48.086922 51.071716 54.792789,

Cross-correlations of the modulus of all oriented sub-bands with all oriented sub-bands at the coarser scale (size QxQ)
 50.430962 47.984238 43.918884 47.028107,
 48.800156 52.679237 48.498199 45.737206,
 44.806488 48.676300 51.144760 48.007137,
 48.992229 47.066345 48.839943 51.952011,
 22.310934 22.347507 20.118330 21.131977,
 21.795391 23.691902 21.506310 20.634863,
 20.204512 22.311138 22.141983 21.253492,
 21.184467 21.196793 20.912748 21.937309,

Cross-correlations of the real part of each oriented sub-band with both the real and imaginary part of all phase-doubled oriented sub-bands at the next coarser scale (Q matrices of size 1x2Q, which are computed and stored in a matrix of size Qx2Q)
 -22.055546 -10.219593 -0.787552 -9.763251 0.057379 -0.015757 0.004799 -0.059060,
 -9.760350 -23.788372 -9.887086 -0.788743 0.006117 -0.054363 0.046435 0.000291,
 -0.798938 -10.182243 -22.797184 -9.988542 0.000026 -0.014239 -0.005354 -0.050570,
 -9.470639 -0.798123 -9.798626 -22.898804 0.043803 0.006811 -0.059573 -0.143201,
 -11.656238 -5.590212 -0.564426 -4.702137 -0.024068 0.027356 0.021731 -0.043204,
 -5.589971 -12.379562 -5.040829 -0.459207 0.039331 0.095716 0.256320 0.015790,
 -0.574970 -5.187110 -11.186364 -4.883790 -0.002559 0.149217 0.417925 -0.049074,
 -4.891056 -0.451734 -5.033958 -10.845532 -0.054480 0.029232 0.088658 -0.182295,
