Low-band skewness and kurtosis
 -11.308529 144.364914,
 -6.818702 54.797100,
 -3.838412 20.240419,
 -0.657414 7.197093,

High-band variance
 17.614031,

Skewness, kurtosis, variance, mean, maximum and minimum of the reconstructed texture
 -11.391900 137.171326 330.511383 253.283554 255.000000 0.000000,

Auto-correlations of the low-frequency bands at each scale
 0.995922 0.000151 1.424762 2.451618 0.060201 0.031984 4.892154 -3.339217 11.307414 52.842728 78.452576 54.657757 15.028632 1.901285 -0.836285 52.351147 163.392365 226.508957 165.781464 56.370605 3.442975 4.158634 79.674583 226.893265 308.107269 226.893265 79.674583 4.158634 3.442974 56.370602 165.781464 226.508942 163.392365 52.351151 -0.836286 1.901284 15.028632 54.657757 78.452576 52.842739 11.307414 -3.339217 4.892153 0.031984 0.060200 2.451618 1.424763 0.000151 0.995922,
 2.548666 0.191059 -1.976903 -3.390506 -1.263479 6.330735 8.161809 0.570867 -11.388373 -3.131297 8.359852 -0.784923 -2.856211 8.550862 -1.755099 -4.752680 52.016758 98.057991 54.217617 0.986452 2.787387 -0.964857 8.184189 97.588013 164.343445 97.588013 8.184189 -0.964857 2.787387 0.986452 54.217613 98.057991 52.016758 -4.752680 -1.755099 8.550863 -2.856210 -0.784923 8.359852 -3.131296 -11.388373 0.570867 8.161809 6.330734 -1.263478 -3.390506 -1.976903 0.191059 2.548666,
 4.354126 3.956006 0.477772 -0.791522 1.601348 3.977737 4.592299 5.415937 -0.627533 -2.634723 1.341982 0.595302 -1.237788 1.684370 3.101173 -0.321769 14.922787 31.424147 18.901648 0.749899 0.706361 1.569175 3.959998 32.613388 54.870045 32.613388 3.959998 1.569175 0.706361 0.749900 18.901644 31.424145 14.922788 -0.321769 3.101173 1.684370 -1.237788 0.595303 1.341982 -2.634723 -0.627533 5.415937 4.592299 3.977737 1.601348 -0.791522 0.477772 3.956006 4.354126,
 1.525179 0.931367 -0.053442 0.107982 0.741248 0.973460 1.080744 1.187084 0.233773 -0.113881 0.516566 0.238710 0.066730 1.382146 0.138662 -0.484858 2.118510 4.872963 2.846383 0.008806 0.756023 -0.015115 -0.090316 4.555330 8.158874 4.555330 -0.090316 -0.015115 0.756023 0.008806 2.846383 4.872963 2.118510 -0.484858 0.138662 1.382146 0.066730 0.238710 0.516566 -0.113881 0.233773 1.187084 1.080744 0.973460 0.741249 0.107982 -0.053442 0.931367 1.525179,

Auto-correlations of the modulus of each oriented sub-band
 14.901402 16.558651 17.849611 18.574991 18.626930 18.052591 16.997372 25.159567 29.176064 32.139854 33.404186 32.680527 30.219955 26.650267 36.360371 43.239269 48.260582 50.187305 48.490284 43.703377 37.065731 41.570595 49.727112 55.686699 57.902901 55.686699 49.727116 41.570591 37.065731 43.703369 48.490288 50.187305 48.260582 43.239269 36.360371 26.650270 30.219954 32.680527 33.404186 32.139854 29.176064 25.159561 16.997377 18.052589 18.626930 18.574991 17.849611 16.558655 14.901402,
 30.347603 35.625343 36.093548 31.358480 23.834455 16.820866 12.270686 35.163265 44.307961 48.267712 44.794155 35.625854 25.097311 16.951698 35.438549 47.866955 56.331562 56.470650 48.098732 35.441502 23.754133 30.907898 44.365227 56.311024 61.170311 56.311016 44.365227 30.907898 23.754139 35.441502 48.098724 56.470650 56.331562 47.866962 35.438545 16.951698 25.097311 35.625854 44.794155 48.267708 44.307964 35.163261 12.270686 16.820868 23.834461 31.358479 36.093544 35.625351 30.347603,
 15.424899 26.250801 37.565113 42.437340 37.477657 26.707354 16.950863 17.219000 30.388166 44.566456 50.803246 44.470634 30.687243 18.315538 18.563725 33.342960 49.574978 56.843945 49.513680 33.491035 19.138748 19.242336 34.468742 51.388824 59.068283 51.388813 34.468742 19.242334 19.138750 33.491035 49.513680 56.843945 49.574978 33.342957 18.563721 18.315540 30.687243 44.470634 50.803246 44.566456 30.388166 17.218998 16.950865 26.707350 37.477657 42.437344 37.565105 26.250803 15.424896,
 10.365633 15.222676 22.211599 29.602705 34.422226 34.530460 30.198109 15.379160 23.517017 33.860123 42.900829 46.495270 43.071747 34.716686 22.456173 33.917751 46.339504 54.638508 54.610126 46.539970 34.672554 29.864117 42.937870 54.613213 59.415035 54.613224 42.937870 29.864115 34.672554 46.539963 54.610126 54.638508 46.339504 33.917751 22.456175 34.716690 43.071747 46.495270 42.900829 33.860119 23.517017 15.379160 30.198109 34.530453 34.422230 29.602703 22.211599 15.222679 10.365633,
 10.341144 11.401058 12.577994 13.325983 13.226863 12.312093 10.938560 16.672022 20.895285 24.672173 26.428383 25.349003 22.029598 17.881266 25.815950 34.581043 42.078930 45.144363 42.313652 35.082039 26.507341 30.578220 41.582085 50.974228 54.769539 50.974228 41.582085 30.578217 26.507339 35.082035 42.313648 45.144363 42.078930 34.581043 25.815947 17.881262 22.029598 25.349003 26.428383 24.672174 20.895285 16.672022 10.938560 12.312093 13.226863 13.325985 12.577994 11.401058 10.341144,
 17.233864 20.991747 21.987257 19.221170 14.953051 11.627831 9.555488 21.618273 29.785437 34.549885 31.870001 23.978292 16.421669 11.883437 22.980375 35.061886 45.549973 46.441326 36.852573 24.367537 15.637155 20.219988 32.514385 46.661350 53.296585 46.661350 32.514385 20.219986 15.637157 24.367537 36.852566 46.441330 45.549973 35.061886 22.980373 11.883437 16.421669 23.978292 31.870001 34.549885 29.785439 21.618273 9.555489 11.627832 14.953048 19.221170 21.987257 20.991747 17.233864,
 11.163524 16.544327 24.840603 29.299620 25.560314 17.831079 11.916354 12.629333 20.915199 33.657570 40.367363 34.108952 21.967480 13.396781 13.969563 24.746456 41.214531 49.891174 41.393799 25.323387 14.461828 14.687838 26.466076 44.282604 53.753532 44.282612 26.466076 14.687838 14.461826 25.323381 41.393799 49.891174 41.214531 24.746456 13.969563 13.396781 21.967478 34.108948 40.367363 33.657574 20.915205 12.629334 11.916353 17.831076 25.560312 29.299620 24.840607 16.544329 11.163526,
 7.500950 8.987899 12.752866 18.221756 22.336674 21.982018 17.670326 9.530803 13.900756 22.056253 31.179447 35.138390 30.840872 22.161779 13.766188 22.530792 35.467049 45.923557 45.765152 35.416828 23.038673 19.328848 31.735447 46.036255 52.801994 46.036255 31.735447 19.328846 23.038673 35.416828 45.765148 45.923557 35.467049 22.530794 13.766188 22.161779 30.840870 35.138386 31.179451 22.056253 13.900757 9.530803 17.670326 21.982018 22.336672 18.221756 12.752866 8.987899 7.500950,
 4.472867 4.780996 4.920059 4.829852 4.595699 4.368533 4.233377 5.618784 6.603743 7.388364 7.601780 7.137176 6.270217 5.386666 7.216599 9.548333 11.685129 12.556437 11.626582 9.476107 7.167696 8.096480 11.251872 14.234485 15.519886 14.234485 11.251872 8.096481 7.167696 9.476107 11.626582 12.556437 11.685129 9.548333 7.216599 5.386666 6.270217 7.137176 7.601780 7.388364 6.603743 5.618784 4.233377 4.368533 4.595698 4.829853 4.920059 4.780995 4.472867,
 6.802459 7.901534 8.121320 7.262335 6.173893 5.574396 5.285543 8.079448 10.472595 11.767362 10.683234 8.225187 6.264334 5.379367 8.262571 11.900558 15.177648 15.252460 11.959479 8.188573 5.933066 7.178593 10.753021 15.292239 17.581343 15.292239 10.753021 7.178593 5.933066 8.188573 11.959479 15.252461 15.177649 11.900558 8.262571 5.379367 6.264334 8.225187 10.683234 11.767360 10.472594 8.079447 5.285543 5.574396 6.173893 7.262337 8.121320 7.901533 6.802459,
 5.468964 6.257699 7.868301 9.209835 8.690851 6.783577 5.153522 5.945848 7.487018 10.389997 12.383123 10.952852 7.657403 5.404819 6.215930 8.611132 12.890902 15.532828 13.160970 8.599390 5.803030 6.146457 9.046918 14.046110 16.921753 14.046110 9.046918 6.146457 5.803030 8.599390 13.160970 15.532828 12.890902 8.611132 6.215930 5.404819 7.657403 10.952850 12.383122 10.389995 7.487018 5.945848 5.153522 6.783577 8.690851 9.209835 7.868301 6.257699 5.468964,
 4.422129 4.941130 5.373173 5.991192 6.447129 6.020671 5.021781 4.693729 5.467908 6.838946 8.614511 9.210482 7.814410 5.868551 5.082740 6.724090 9.660191 12.323586 11.947202 8.970892 6.196207 5.739681 8.374825 12.173752 14.245985 12.173752 8.374825 5.739681 6.196208 8.970893 11.947202 12.323586 9.660191 6.724090 5.082740 5.868551 7.814411 9.210484 8.614511 6.838945 5.467907 4.693729 5.021781 6.020671 6.447129 5.991192 5.373173 4.941130 4.422129,

Pairwise cross-correlations of the modulus of all oriented sub-bands at the same scale (size QxQ)
 57.902916 53.626205 46.981106 53.277218,
 53.626205 61.170311 54.716805 51.399857,
 46.981106 54.716805 59.068268 53.577034,
 53.277218 51.399857 53.577034 59.415016,
 54.769539 49.485115 46.660316 49.642254,
 49.485115 53.296585 49.325233 45.491146,
 46.660316 49.325233 53.753540 48.354813,
 49.642254 45.491146 48.354813 52.801994,

Cross-correlations of the modulus of all oriented sub-bands with all oriented sub-bands at the coarser scale (size QxQ)
 50.242989 46.167553 43.874088 46.383854,
 49.692249 51.658482 49.299061 45.721043,
 44.842754 46.912613 50.682663 46.770077,
 48.551933 44.925663 48.037567 50.211224,
 22.702948 23.076351 22.048243 20.774738,
 21.515804 24.125385 23.025875 19.619831,
 20.472422 23.154045 24.088913 20.744490,
 21.017139 21.678411 22.409626 20.921774,

Cross-correlations of the real part of each oriented sub-band with both the real and imaginary part of all phase-doubled oriented sub-bands at the next coarser scale (Q matrices of size 1x2Q, which are computed and stored in a matrix of size Qx2Q)
 -21.183241 -9.690974 -0.739252 -9.439149 -0.025557 -0.088142 0.002240 -0.028005,
 -9.158282 -22.770092 -9.407261 -0.761838 -0.065763 -0.080742 -0.025248 -0.010636,
 -0.756818 -10.024208 -21.178289 -9.060608 -0.016470 0.043306 -0.136061 -0.046514,
 -9.259499 -0.820878 -8.915241 -21.368994 -0.008192 0.019051 -0.068995 -0.054552,
 -11.002420 -5.235957 -0.447445 -4.431353 -0.345457 -0.240860 0.012565 0.031003,
 -5.129921 -12.148015 -5.406861 -0.562422 -0.214495 -0.454355 0.172695 -0.029301,
 -0.460644 -5.575303 -11.549610 -4.619097 -0.045538 -0.018615 0.338393 -0.000973,
 -4.561542 -0.531688 -4.727744 -9.923202 -0.191632 0.044363 0.097670 0.034019,
