Low-band skewness and kurtosis
 -11.443566 147.530762,
 -7.088141 59.997776,
 -3.950811 21.452339,
 -0.120477 5.627787,

High-band variance
 17.109844,

Skewness, kurtosis, variance, mean, maximum and minimum of the reconstructed texture
 -11.515715 140.045288 325.558411 253.316071 255.000000 0.000000,

Auto-correlations of the low-frequency bands at each scale
 3.020533 0.875182 5.192484 8.305510 3.433347 -0.159751 3.491031 0.857350 15.471139 59.213249 85.088692 58.063766 15.240003 1.385202 2.334716 54.674816 164.950912 226.537720 164.490265 54.955208 2.797580 4.637887 78.585228 223.755295 303.845306 223.755295 78.585228 4.637887 2.797580 54.955208 164.490265 226.537720 164.950912 54.674812 2.334716 1.385203 15.240003 58.063766 85.088699 59.213249 15.471139 0.857350 3.491031 -0.159751 3.433348 8.305510 5.192485 0.875182 3.020533,
 9.097356 5.441575 -4.425025 -7.565451 -2.340418 6.266018 9.799689 2.417650 -8.929781 -4.715541 5.767351 -2.613626 -7.419374 2.673790 -1.224767 -1.349851 54.440311 99.113487 54.517345 -1.935712 -2.772862 -1.816407 10.112032 100.255165 166.415756 100.255165 10.112032 -1.816407 -2.772863 -1.935712 54.517345 99.113487 54.440319 -1.349851 -1.224767 2.673790 -7.419374 -2.613627 5.767351 -4.715540 -8.929781 2.417649 9.799689 6.266018 -2.340418 -7.565452 -4.425024 5.441575 9.097356,
 2.191011 1.971332 1.806435 1.992565 3.879742 5.738000 4.835856 2.135821 -1.880263 0.116840 3.608255 1.622372 1.955020 5.803729 1.584573 -0.625199 17.204395 31.990059 16.976942 0.234811 2.554826 0.905155 2.056943 31.633198 54.618168 31.633198 2.056943 0.905155 2.554825 0.234811 16.976942 31.990059 17.204393 -0.625199 1.584574 5.803728 1.955020 1.622373 3.608255 0.116840 -1.880263 2.135821 4.835856 5.738000 3.879742 1.992565 1.806435 1.971332 2.191011,
 1.140527 0.951411 0.576894 0.871490 1.467417 1.473402 0.913392 0.947013 0.290953 0.401024 1.407053 1.592536 1.231765 1.274669 0.513020 0.163874 2.499466 4.958451 3.532310 1.190159 1.246474 0.765095 0.913525 4.705326 7.606440 4.705326 0.913524 0.765095 1.246474 1.190159 3.532310 4.958452 2.499466 0.163874 0.513020 1.274669 1.231765 1.592536 1.407053 0.401024 0.290953 0.947013 0.913392 1.473402 1.467417 0.871490 0.576894 0.951410 1.140527,

Auto-correlations of the modulus of each oriented sub-band
 16.017391 17.721825 18.919260 19.382175 19.001961 17.873159 16.213346 26.885403 30.972132 33.867348 34.905418 33.797676 30.832937 26.681047 38.039028 44.859268 49.746483 51.508183 49.637245 44.648808 37.743038 42.759560 50.869072 56.729580 58.890934 56.729580 50.869072 42.759556 37.743042 44.648804 49.637245 51.508190 49.746483 44.859272 38.039021 26.681047 30.832933 33.797676 34.905418 33.867348 30.972132 26.885403 16.213345 17.873159 19.001961 19.382175 18.919260 17.721828 16.017391,
 29.887583 33.976242 33.624210 28.758434 21.578047 14.886543 10.281545 34.429638 42.258827 45.198780 41.535637 32.911816 23.091326 15.260377 34.579277 45.750027 53.056389 52.835522 45.041504 33.377113 22.398129 29.868486 42.297115 53.109699 57.471569 53.109699 42.297123 29.868486 22.398129 33.377110 45.041508 52.835522 53.056385 45.750027 34.579277 15.260375 23.091326 32.911816 41.535637 45.198780 42.258831 34.429634 10.281544 14.886543 21.578047 28.758434 33.624207 33.976246 29.887583,
 14.977507 23.984180 33.871433 38.325966 33.893093 24.085978 15.110480 16.349701 27.678539 40.326794 46.073555 40.317188 27.707798 16.418505 17.275194 30.279978 44.987583 51.741589 44.975452 30.280109 17.301891 17.612070 31.223625 46.699589 53.851723 46.699589 31.223629 17.612068 17.301893 30.280106 44.975452 51.741589 44.987583 30.279978 17.275190 16.418507 27.707798 40.317188 46.073555 40.326794 27.678541 16.349701 15.110482 24.085978 33.893093 38.325966 33.871433 23.984186 14.977505,
 10.482419 15.110141 21.769972 28.902136 33.725273 34.043640 29.918686 15.674252 23.418991 33.159336 41.727005 45.322910 42.269691 34.317539 22.745275 33.628227 45.271477 53.061436 53.203358 45.746849 34.467350 29.960855 42.388309 53.291008 57.708477 53.291008 42.388309 29.960854 34.467350 45.746838 53.203358 53.061436 45.271477 33.628227 22.745275 34.317539 42.269688 45.322910 41.727005 33.159336 23.418991 15.674252 29.918686 34.043640 33.725273 28.902140 21.769970 15.110142 10.482420,
 10.315862 11.575199 12.631003 13.152184 13.013996 12.389846 11.553741 15.886989 20.027996 23.640608 25.220089 24.054113 20.824995 16.899755 24.166544 32.900810 40.463764 43.596287 40.709881 33.329010 24.619614 28.598976 39.805912 49.467495 53.388668 49.467506 39.805912 28.598976 24.619617 33.329006 40.709881 43.596283 40.463768 32.900810 24.166544 16.899757 20.824995 24.054113 25.220089 23.640612 20.027996 15.886989 11.553741 12.389846 13.013996 13.152184 12.631004 11.575200 10.315862,
 18.166912 22.961761 23.668934 19.685781 14.230964 10.511782 9.037777 21.788790 31.312445 36.365280 32.828876 23.580534 15.009625 10.390251 22.047083 35.373657 46.583015 47.281349 36.771381 23.140802 13.734056 18.530716 31.809980 46.878494 53.857288 46.878494 31.809980 18.530712 13.734057 23.140802 36.771374 47.281349 46.583015 35.373650 22.047079 10.390251 15.009625 23.580530 32.828876 36.365280 31.312445 21.788790 9.037776 10.511782 14.230964 19.685781 23.668936 22.961760 18.166912,
 11.882875 18.423513 26.512436 30.487873 26.516180 18.473324 12.355640 13.263914 22.905758 35.551411 41.778847 35.349197 22.694088 13.393629 14.301078 26.577759 43.161339 51.431988 42.966610 26.373129 14.290514 14.678034 27.946312 46.121857 55.329350 46.121861 27.946312 14.678034 14.290514 26.373129 42.966610 51.431988 43.161339 26.577755 14.301078 13.393631 22.694088 35.349197 41.778847 35.551411 22.905758 13.263914 12.355641 18.473322 26.516180 30.487873 26.512436 18.423515 11.882875,
 7.818606 9.652435 13.841367 19.794218 24.115923 23.702307 19.518442 9.579871 14.435839 23.313808 32.836224 36.473423 31.631287 22.774635 13.385453 22.914963 36.677872 47.314358 46.552277 35.476387 22.654226 18.690277 31.808664 46.826202 53.899689 46.826202 31.808664 18.690277 22.654224 35.476379 46.552277 47.314358 36.677872 22.914967 13.385453 22.774635 31.631287 36.473423 32.836220 23.313808 14.435841 9.579869 19.518438 23.702307 24.115919 19.794218 13.841370 9.652435 7.818605,
 4.496047 4.538794 4.683784 4.828980 4.879174 4.815775 4.689023 6.128862 7.018076 7.899031 8.348948 8.097053 7.258520 6.203679 8.180400 10.515680 12.709750 13.653396 12.732514 10.498999 8.048682 9.093523 12.278327 15.316306 16.641121 15.316306 12.278325 9.093523 8.048682 10.498999 12.732514 13.653396 12.709750 10.515681 8.180400 6.203679 7.258519 8.097053 8.348948 7.899031 7.018076 6.128862 4.689023 4.815775 4.879174 4.828979 4.683784 4.538794 4.496047,
 5.253933 6.190132 6.539282 5.950443 5.053379 4.469400 4.272255 6.298193 8.445733 9.942972 9.393955 7.434088 5.694361 4.798349 6.943856 10.132194 13.345357 13.792748 11.049076 7.699537 5.641178 6.615113 9.760542 13.923218 16.062277 13.923217 9.760542 6.615113 5.641178 7.699537 11.049079 13.792750 13.345357 10.132194 6.943856 4.798349 5.694361 7.434088 9.393955 9.942971 8.445733 6.298193 4.272255 4.469400 5.053379 5.950443 6.539282 6.190132 5.253933,
 3.846322 4.884708 6.947808 8.072948 7.046931 5.096887 4.046063 4.393934 6.181967 9.575135 11.484643 9.693046 6.499553 4.709181 4.906889 7.372175 11.977764 14.671396 12.039720 7.597154 5.142648 5.207732 7.942932 12.989917 16.034840 12.989916 7.942932 5.207732 5.142647 7.597154 12.039720 14.671394 11.977764 7.372174 4.906889 4.709181 6.499553 9.693045 11.484643 9.575135 6.181966 4.393934 4.046063 5.096888 7.046931 8.072948 6.947807 4.884706 3.846322,
 3.824713 3.873802 4.534478 5.699751 6.538437 6.384106 5.622690 4.569000 5.294387 7.163891 9.468385 10.398787 9.208691 7.171861 5.596933 7.573327 11.020026 13.995988 13.843856 10.860565 7.638333 6.837538 10.014844 14.123685 16.199432 14.123685 10.014844 6.837538 7.638333 10.860565 13.843856 13.995988 11.020026 7.573326 5.596933 7.171861 9.208691 10.398787 9.468384 7.163891 5.294387 4.568999 5.622690 6.384106 6.538437 5.699752 4.534478 3.873801 3.824713,

Pairwise cross-correlations of the modulus of all oriented sub-bands at the same scale (size QxQ)
 58.890911 52.283474 44.293354 52.693077,
 52.283474 57.471554 49.973289 48.439476,
 44.293354 49.973289 53.851723 49.887768,
 52.693077 48.439476 49.887768 57.708485,
 53.388660 49.137699 46.591007 49.237328,
 49.137699 53.857288 50.342155 46.460560,
 46.591007 50.342155 55.329338 50.138962,
 49.237328 46.460560 50.138962 53.899689,

Cross-correlations of the modulus of all oriented sub-bands with all oriented sub-bands at the coarser scale (size QxQ)
 50.242718 47.134224 45.370506 47.520351,
 46.692905 50.340576 48.519985 44.614635,
 41.284607 45.091560 49.138733 45.064610,
 47.128143 44.724964 48.588879 50.521366,
 23.250332 22.033281 20.711937 22.252880,
 22.585936 23.227867 22.047359 21.579933,
 21.406538 22.305489 23.700720 22.933241,
 22.131659 21.097929 21.888668 23.229181,

Cross-correlations of the real part of each oriented sub-band with both the real and imaginary part of all phase-doubled oriented sub-bands at the next coarser scale (Q matrices of size 1x2Q, which are computed and stored in a matrix of size Qx2Q)
 -21.003759 -9.318774 -0.734168 -9.445157 -0.009741 -0.032778 -0.001850 -0.065767,
 -9.139598 -21.635839 -8.872086 -0.782652 -0.015930 0.094205 -0.057579 -0.011889,
 -0.733235 -9.302430 -20.447617 -9.469790 0.011375 0.074874 -0.201990 0.025688,
 -9.047438 -0.725528 -8.959922 -21.850281 0.037082 -0.029011 -0.074091 -0.030971,
 -11.619207 -5.374937 -0.512610 -5.048987 -0.288319 0.087608 -0.029879 0.105195,
 -5.336413 -11.814304 -5.072764 -0.500993 0.023021 0.241182 0.153834 0.024448,
 -0.559850 -5.054841 -11.848278 -5.022388 0.017427 0.175732 0.129796 -0.150352,
 -5.150229 -0.501480 -5.365612 -11.239023 -0.199522 0.043088 -0.158256 -0.062287,
