Low-band skewness and kurtosis
 -11.463718 148.104294,
 -7.179537 61.874474,
 -4.396818 25.931067,
 1.227086 9.179312,

High-band variance
 17.302307,

Skewness, kurtosis, variance, mean, maximum and minimum of the reconstructed texture
 -11.518587 140.077957 326.488434 253.314560 255.000000 0.000000,

Auto-correlations of the low-frequency bands at each scale
 18.574768 13.812956 8.555256 3.615356 -1.918848 -2.431246 2.440087 16.801271 27.610182 60.559319 78.648079 51.691380 11.752353 -1.758627 17.664587 67.512871 168.731094 224.287048 163.326843 56.964436 4.356633 14.734806 88.360252 227.842407 304.571167 227.842407 88.360252 14.734804 4.356633 56.964428 163.326843 224.287064 168.731094 67.512871 17.664587 -1.758627 11.752352 51.691383 78.648079 60.559319 27.610182 16.801271 2.440087 -2.431246 -1.918848 3.615356 8.555256 13.812959 18.574766,
 17.136681 15.279535 4.530362 -2.351146 3.224487 17.604540 22.147566 9.807387 5.150081 8.470393 9.310969 -2.994982 -1.616758 13.793868 2.486268 9.804504 65.347038 100.238258 51.142776 -2.410365 1.245897 -0.879566 13.273120 103.397736 167.340317 103.397736 13.273120 -0.879566 1.245897 -2.410365 51.142773 100.238258 65.347046 9.804504 2.486269 13.793870 -1.616758 -2.994982 9.310969 8.470394 5.150082 9.807387 22.147564 17.604542 3.224487 -2.351146 4.530362 15.279535 17.136681,
 14.625347 14.796878 10.697458 7.384188 8.525698 10.688102 9.490436 9.482460 7.977492 8.678225 9.607638 6.394268 5.509627 8.669674 6.102894 6.477871 23.545681 36.674206 22.376204 5.782704 7.264170 6.787198 9.259709 37.109249 58.134163 37.109249 9.259709 6.787197 7.264170 5.782704 22.376204 36.674206 23.545681 6.477871 6.102894 8.669674 5.509626 6.394267 9.607639 8.678224 7.977491 9.482460 9.490436 10.688100 8.525698 7.384188 10.697458 14.796877 14.625350,
 0.503832 1.422837 1.996793 2.115862 2.334819 3.190532 4.050026 1.920076 2.281773 2.900542 3.266216 2.867161 3.032381 4.102922 3.016619 3.223485 5.173005 6.565349 4.739841 2.837560 3.423142 3.352357 3.452000 6.538951 8.918741 6.538950 3.451999 3.352357 3.423142 2.837560 4.739841 6.565349 5.173005 3.223485 3.016619 4.102922 3.032381 2.867161 3.266216 2.900542 2.281773 1.920076 4.050026 3.190532 2.334819 2.115862 1.996793 1.422837 0.503832,

Auto-correlations of the modulus of each oriented sub-band
 18.808794 19.702490 20.123287 19.993835 19.343418 18.319437 17.112392 27.227823 30.257887 32.274048 32.749439 31.521606 28.901957 25.510925 36.336559 42.100506 46.266838 47.687904 45.890560 41.400616 35.405151 40.206581 47.362774 52.679638 54.674950 52.679638 47.362778 40.206581 35.405151 41.400616 45.890560 47.687912 46.266838 42.100510 36.336559 25.510927 28.901953 31.521612 32.749439 32.274048 30.257887 27.227819 17.112394 18.319435 19.343416 19.993835 20.123287 19.702490 18.808794,
 32.679371 36.659431 36.271702 31.323595 24.057173 17.614908 13.799845 36.265450 44.064735 47.120991 43.477280 34.703190 24.928715 17.637035 35.685097 46.765621 54.241188 54.147919 46.220253 34.498814 23.868263 30.835497 43.047230 53.973213 58.470150 53.973213 43.047234 30.835495 23.868267 34.498814 46.220253 54.147919 54.241188 46.765621 35.685093 17.637035 24.928711 34.703194 43.477283 47.120983 44.064739 36.265450 13.799846 17.614908 24.057173 31.323597 36.271702 36.659435 32.679371,
 21.442142 30.107264 39.254372 42.987095 38.131767 28.235075 19.605919 22.599264 33.674999 45.723083 50.904068 44.855099 32.166027 21.050415 23.177303 36.040085 50.324902 56.697273 49.859707 35.205769 22.293434 23.066345 36.617157 51.869839 58.850574 51.869839 36.617161 23.066345 22.293436 35.205769 49.859707 56.697266 50.324894 36.040085 23.177299 21.050415 32.166027 44.855099 50.904072 45.723083 33.675007 22.599262 19.605923 28.235073 38.131767 42.987099 39.254368 30.107264 21.442139,
 16.957907 20.616844 26.115097 32.176800 36.243412 36.221790 32.220135 20.604826 27.148487 35.759766 43.516388 46.644012 43.454147 35.821571 25.950722 35.634747 46.431862 53.798294 53.745972 46.380386 35.720631 31.796587 43.251377 53.710766 58.065189 53.710762 43.251377 31.796581 35.720631 46.380379 53.745968 53.798294 46.431854 35.634747 25.950722 35.821571 43.454140 46.644016 43.516388 35.759766 27.148489 20.604828 32.220139 36.221783 36.243416 32.176804 26.115095 20.616844 16.957907,
 17.882635 18.805038 19.551170 19.926987 19.814154 19.186504 18.110657 21.973831 24.911808 27.489161 28.622828 27.704597 25.155378 22.013359 28.425703 34.852310 40.651463 43.132160 40.800018 34.959503 28.360334 31.879316 40.356602 48.077263 51.326374 48.077267 40.356609 31.879316 28.360334 34.959499 40.800018 43.132156 40.651474 34.852310 28.425697 22.013359 25.155378 27.704592 28.622828 27.489166 24.911812 21.973831 18.110657 19.186504 19.814150 19.926987 19.551174 18.805038 17.882637,
 23.892120 26.563953 26.339825 23.191893 19.573292 17.338058 16.012581 25.801708 32.221424 35.473953 32.460350 25.739489 20.226822 17.439651 25.707033 35.206757 43.625908 43.975964 35.712505 25.905621 19.809971 23.130272 32.442753 43.941856 49.601513 43.941860 32.442753 23.130272 19.809969 25.905621 35.712502 43.975960 43.625912 35.206753 25.707033 17.439650 20.226824 25.739487 32.460346 35.473953 32.221424 25.801708 16.012579 17.338060 19.573292 23.191891 26.339828 26.563955 23.892122,
 22.675602 26.532425 31.481998 33.817436 30.447756 24.117470 19.299992 22.881258 29.332228 38.643562 43.481171 38.052586 27.806803 20.774492 22.976986 31.700245 45.090836 52.401699 44.885571 30.987011 21.979731 22.731846 32.460613 47.724869 56.174950 47.724869 32.460617 22.731844 21.979731 30.987015 44.885567 52.401699 45.090839 31.700251 22.976984 20.774492 27.806807 38.052586 43.481171 38.643562 29.332228 22.881258 19.299992 24.117470 30.447750 33.817440 31.482000 26.532425 22.675600,
 20.313814 22.184929 25.510248 29.871084 33.063507 32.625477 28.565268 22.377922 26.740444 34.010460 41.735504 44.893158 40.786690 32.442932 26.249882 34.542782 46.229435 55.393227 55.013168 45.289841 33.485229 30.807423 42.468533 55.675762 61.833416 55.675762 42.468533 30.807423 33.485226 45.289841 55.013168 55.393227 46.229443 34.542782 26.249884 32.442932 40.786686 44.893158 41.735512 34.010460 26.740444 22.377922 28.565268 32.625481 33.063503 29.871084 25.510248 22.184929 20.313814,
 8.930852 8.860454 8.779070 8.676352 8.464687 8.059282 7.442086 9.263194 9.689390 10.108041 10.205738 9.769376 8.916697 7.964819 10.252539 11.709424 13.171436 13.729048 12.846189 11.049194 9.277105 10.472728 12.705754 15.028912 16.093687 15.028912 12.705754 10.472728 9.277105 11.049194 12.846189 13.729048 13.171436 11.709425 10.252539 7.964818 8.916696 9.769375 10.205738 10.108041 9.689389 9.263194 7.442085 8.059282 8.464687 8.676351 8.779070 8.860454 8.930852,
 10.170795 10.607647 10.494462 9.658959 8.754464 8.307111 7.953062 10.309367 11.712346 12.621878 11.880937 10.189106 8.934586 8.296362 10.102793 12.261184 14.700564 14.932243 12.600509 10.136071 8.778743 9.503309 11.579528 14.757230 16.562588 14.757230 11.579527 9.503309 8.778744 10.136072 12.600506 14.932241 14.700562 12.261184 10.102793 8.296361 8.934587 10.189106 11.880937 12.621878 11.712346 10.309366 7.953061 8.307111 8.754464 9.658957 10.494462 10.607646 10.170794,
 9.900331 10.533274 11.416972 11.577393 10.574831 9.253493 8.141212 10.014406 11.268107 13.135214 13.908367 12.332063 10.087093 8.638968 9.894702 11.673551 14.615232 16.226519 14.097438 10.920759 9.111027 9.559845 11.537281 15.043333 17.261862 15.043333 11.537280 9.559845 9.111027 10.920760 14.097435 16.226519 14.615232 11.673548 9.894700 8.638968 10.087094 12.332061 13.908365 13.135213 11.268106 10.014405 8.141212 9.253494 10.574831 11.577393 11.416971 10.533273 9.900331,
 9.235285 9.287509 9.513493 9.980771 10.104730 9.298297 7.896901 9.102988 9.721692 10.879266 12.249416 12.520336 11.046363 8.939542 9.027761 10.623336 13.251595 15.526150 15.114739 12.269182 9.427855 9.260633 11.892237 15.456274 17.364971 15.456274 11.892234 9.260632 9.427855 12.269183 15.114740 15.526150 13.251595 10.623336 9.027761 8.939543 11.046364 12.520336 12.249415 10.879267 9.721690 9.102987 7.896902 9.298299 10.104728 9.980771 9.513491 9.287508 9.235284,

Pairwise cross-correlations of the modulus of all oriented sub-bands at the same scale (size QxQ)
 54.674957 51.178677 45.732380 50.537193,
 51.178677 58.470146 53.240028 49.725990,
 45.732380 53.240028 58.850571 53.227379,
 50.537193 49.725990 53.227379 58.065201,
 51.326382 45.861221 45.521633 51.042721,
 45.861221 49.601513 47.478718 46.828339,
 45.521633 47.478718 56.174957 53.521084,
 51.042721 46.828339 53.521084 61.833405,

Cross-correlations of the modulus of all oriented sub-bands with all oriented sub-bands at the coarser scale (size QxQ)
 46.855183 42.961334 42.861557 48.294991,
 46.138924 47.114300 47.514210 48.382633,
 43.443176 45.132149 51.178566 51.256844,
 46.598400 42.998714 48.814926 54.334660,
 22.156042 21.591433 21.886475 21.681938,
 20.777973 21.557045 21.644121 20.451675,
 21.772783 22.564798 24.036022 23.238234,
 24.146400 23.508244 25.168144 25.256241,

Cross-correlations of the real part of each oriented sub-band with both the real and imaginary part of all phase-doubled oriented sub-bands at the next coarser scale (Q matrices of size 1x2Q, which are computed and stored in a matrix of size Qx2Q)
 -18.741905 -8.030057 -0.824787 -9.550193 -0.141258 0.044555 0.012573 0.006820,
 -7.815145 -18.496960 -8.318997 -0.798370 -0.065299 0.197344 -0.018357 -0.007952,
 -0.946376 -8.178077 -20.743105 -10.334036 -0.038756 0.061088 -0.144173 0.017250,
 -9.123213 -0.820324 -9.917925 -22.940527 -0.047709 -0.023741 -0.053451 0.087904,
 -7.992347 -3.412527 -0.495681 -4.428529 0.167618 -0.016397 -0.035971 0.020860,
 -3.391531 -7.983525 -3.774678 -0.486246 0.194779 0.342958 0.230175 0.002843,
 -0.485859 -3.722724 -9.011012 -4.485846 0.073049 0.084016 0.939243 0.198752,
 -4.037360 -0.411731 -4.374747 -9.981544 0.026117 -0.071030 0.389558 0.210738,
