Low-band skewness and kurtosis
 -11.319281 144.549561,
 -6.931921 58.335209,
 -3.711200 19.700720,
 0.092382 8.409266,

High-band variance
 17.513847,

Skewness, kurtosis, variance, mean, maximum and minimum of the reconstructed texture
 -11.410546 137.605209 330.037048 253.287689 255.000000 0.000000,

Auto-correlations of the low-frequency bands at each scale
 1.476693 1.041492 4.644986 6.186353 1.136699 -2.218256 0.330327 -3.629061 12.698443 56.319294 81.916847 55.266224 11.957294 -4.077132 -2.462505 53.168194 165.088074 227.509399 165.119171 53.364979 -2.637412 0.175163 78.591187 226.593201 307.732208 226.593201 78.591194 0.175163 -2.637412 53.364971 165.119171 227.509399 165.088074 53.168201 -2.462505 -4.077132 11.957294 55.266228 81.916847 56.319302 12.698444 -3.629062 0.330327 -2.218256 1.136698 6.186353 4.644986 1.041493 1.476693,
 4.294523 1.663342 -1.867616 -3.696145 -3.485120 2.995062 9.769300 -0.741124 -11.053735 -1.741736 9.640362 -4.433313 -11.885564 2.868494 -5.733014 -6.451517 53.447971 100.253242 51.303608 -7.938545 -4.501091 -6.759289 2.773814 96.647903 166.227219 96.647911 2.773814 -6.759289 -4.501091 -7.938545 51.303600 100.253258 53.447979 -6.451517 -5.733014 2.868495 -11.885563 -4.433314 9.640364 -1.741735 -11.053735 -0.741123 9.769300 2.995062 -3.485121 -3.696144 -1.867615 1.663342 4.294523,
 4.530468 3.400221 0.153572 0.056797 2.144934 4.308839 4.927767 3.952591 -1.953927 -2.410696 2.049716 1.010483 1.574959 5.880369 1.855244 -2.312055 14.282290 30.627922 16.666885 0.394845 2.389455 0.177448 0.568552 29.361450 52.644695 29.361450 0.568552 0.177448 2.389455 0.394845 16.666887 30.627922 14.282290 -2.312055 1.855244 5.880369 1.574958 1.010483 2.049716 -2.410696 -1.953926 3.952590 4.927767 4.308839 2.144934 0.056797 0.153572 3.400221 4.530468,
 0.579771 0.693284 0.344928 0.336197 0.888036 1.237542 1.136405 0.191990 -0.155259 0.267179 0.829767 0.571101 0.740992 1.685889 -0.051581 -0.441049 2.150712 4.331792 2.432022 0.540858 1.446051 0.590433 0.247929 3.928050 6.953556 3.928050 0.247929 0.590432 1.446051 0.540858 2.432022 4.331792 2.150712 -0.441049 -0.051581 1.685889 0.740992 0.571101 0.829767 0.267179 -0.155259 0.191990 1.136405 1.237542 0.888036 0.336197 0.344928 0.693284 0.579771,

Auto-correlations of the modulus of each oriented sub-band
 14.920676 16.583897 17.709982 18.102417 17.701233 16.639479 15.154744 25.128445 29.233770 32.134083 33.152378 32.035702 29.117056 25.098650 36.018238 43.012894 48.056919 49.878399 47.954956 42.871094 35.903202 40.805229 49.135941 55.207760 57.463352 55.207760 49.135941 40.805229 35.903198 42.871094 47.954956 49.878399 48.056919 43.012894 36.018234 25.098648 29.117056 32.035702 33.152378 32.134079 29.233772 25.128445 15.154744 16.639479 17.701233 18.102415 17.709980 16.583897 14.920675,
 29.958683 35.027344 35.251411 30.286634 22.348259 14.612382 9.179158 34.326042 43.387318 47.121201 43.479378 34.064560 23.004383 14.073949 34.045582 46.640644 54.995239 55.020290 46.548344 33.566982 21.244184 28.917036 42.805698 54.855286 59.690186 54.855286 42.805702 28.917036 21.244184 33.566982 46.548344 55.020294 54.995239 46.640652 34.045582 14.073949 23.004383 34.064560 43.479378 47.121201 43.387321 34.326042 9.179158 14.612382 22.348259 30.286634 35.251411 35.027348 29.958681,
 14.610303 25.514267 36.741226 41.435299 36.168030 24.712772 14.010216 15.983623 29.385120 43.544472 49.628357 43.095463 28.761292 15.514408 16.875938 32.080635 48.418129 55.589996 48.166317 31.735247 16.618008 17.108894 32.949142 50.126755 57.799767 50.126755 32.949142 17.108894 16.618010 31.735247 48.166317 55.589989 48.418133 32.080635 16.875938 15.514410 28.761286 43.095463 49.628349 43.544472 29.385122 15.983623 14.010216 24.712770 36.168030 41.435307 36.741226 25.514267 14.610303,
 9.584421 14.709029 21.931124 29.476326 34.390778 34.469410 29.913992 14.313675 22.745804 33.305992 42.483612 46.218376 42.816280 34.220985 21.261667 33.047314 45.656792 54.043774 54.147724 46.060303 33.894115 28.792725 42.204239 53.998062 58.773869 53.998062 42.204239 28.792723 33.894119 46.060295 54.147724 54.043774 45.656788 33.047314 21.261665 34.220985 42.816277 46.218376 42.483608 33.305988 22.745804 14.313675 29.913992 34.469410 34.390781 29.476326 21.931126 14.709031 9.584421,
 10.463629 11.983912 13.432024 14.318717 14.404491 13.911622 13.220939 16.770538 21.619560 25.923258 27.899975 26.721262 23.217882 19.026384 26.124756 35.775635 44.124352 47.618427 44.581615 36.688469 27.391901 31.356098 43.368118 53.657234 57.800747 53.657234 43.368118 31.356098 27.391901 36.688469 44.581615 47.618427 44.124352 35.775639 26.124756 19.026382 23.217882 26.721258 27.899975 25.923258 21.619562 16.770538 13.220939 13.911622 14.404490 14.318717 13.432025 11.983912 10.463628,
 16.646959 20.883354 21.562126 17.934368 12.911277 9.633716 8.596996 20.489428 29.480095 34.354862 30.905006 21.902267 13.793542 9.804706 21.179457 34.124096 45.228752 45.854610 35.285732 21.869789 13.101355 17.862965 30.720446 45.811913 52.888756 45.811913 30.720446 17.862968 13.101353 21.869787 35.285728 45.854607 45.228752 34.124096 21.179457 9.804706 13.793542 21.902266 30.905006 34.354862 29.480097 20.489431 8.596995 9.633716 12.911275 17.934368 21.562130 20.883356 16.646959,
 9.490070 15.438099 24.359903 29.124628 25.116446 17.049034 11.551798 10.563515 19.577433 33.084343 40.174328 33.594849 20.703466 12.103733 11.620005 23.176268 40.601871 49.741127 40.876877 23.761126 12.446721 12.319757 24.807264 43.726955 53.634132 43.726955 24.807264 12.319757 12.446722 23.761122 40.876877 49.741135 40.601879 23.176268 11.620005 12.103733 20.703466 33.594849 40.174328 33.084343 19.577433 10.563516 11.551797 17.049034 25.116442 29.124628 24.359903 15.438099 9.490070,
 6.315267 8.347510 13.095859 19.302668 23.611677 23.400717 19.682642 8.218598 13.548290 23.026203 32.810902 36.628014 32.098618 23.490658 12.801404 22.936457 37.296352 48.208618 47.703182 36.691910 23.607725 19.085718 32.805424 48.260349 55.383224 48.260349 32.805424 19.085718 23.607725 36.691902 47.703182 48.208618 37.296352 22.936457 12.801401 23.490658 32.098614 36.628010 32.810898 23.026203 13.548290 8.218597 19.682644 23.400715 23.611677 19.302668 13.095861 8.347512 6.315267,
 5.449727 5.631219 5.855681 6.012181 6.056635 6.007827 5.845441 5.934930 6.965238 8.005349 8.540613 8.320006 7.575336 6.687378 7.505819 10.030770 12.464567 13.543868 12.635901 10.402544 8.007440 8.607971 11.957891 15.185686 16.586849 15.185686 11.957891 8.607971 8.007441 10.402544 12.635899 13.543867 12.464568 10.030770 7.505819 6.687378 7.575336 8.320006 8.540613 8.005349 6.965237 5.934929 5.845440 6.007827 6.056635 6.012182 5.855682 5.631219 5.449726,
 6.485881 7.349806 7.531795 6.733373 5.738031 5.232024 5.095428 7.214401 9.407950 10.754538 9.870303 7.629549 5.828326 4.995100 7.279477 10.689212 13.964150 14.212946 11.144756 7.598274 5.473253 6.482174 9.842119 14.235582 16.488274 14.235582 9.842119 6.482174 5.473252 7.598274 11.144757 14.212946 13.964150 10.689211 7.279478 4.995100 5.828326 7.629549 9.870303 10.754538 9.407950 7.214401 5.095429 5.232024 5.738031 6.733373 7.531795 7.349806 6.485882,
 4.961741 5.716843 7.195101 8.141584 7.457819 6.149604 5.157669 4.878940 6.306495 9.200224 10.980917 9.325738 6.604440 5.051563 4.884521 6.960283 11.188100 13.824795 11.198968 7.091664 4.982004 4.934628 7.283525 12.032795 15.090749 12.032795 7.283524 4.934627 4.982003 7.091665 11.198967 13.824795 11.188100 6.960282 4.884521 5.051563 6.604440 9.325738 10.980917 9.200224 6.306495 4.878940 5.157670 6.149604 7.457819 8.141584 7.195100 5.716842 4.961740,
 4.363911 4.632004 5.294863 6.383219 7.224453 7.053152 6.111237 4.328131 5.199761 7.059167 9.310027 10.228951 9.025794 6.934529 4.814716 6.902087 10.416478 13.431474 13.257179 10.200807 6.931646 5.911551 9.197260 13.449183 15.605591 13.449183 9.197258 5.911551 6.931646 10.200807 13.257179 13.431474 10.416478 6.902087 4.814716 6.934529 9.025794 10.228951 9.310027 7.059167 5.199760 4.328131 6.111237 7.053152 7.224453 6.383219 5.294863 4.632004 4.363910,

Pairwise cross-correlations of the modulus of all oriented sub-bands at the same scale (size QxQ)
 57.463329 52.820427 45.835228 52.415218,
 52.820427 59.690193 53.410255 50.271873,
 45.835228 53.410255 57.799767 52.670380,
 52.415218 50.271873 52.670380 58.773861,
 57.800732 50.726517 48.200932 52.636784,
 50.726517 52.888760 49.171021 47.195896,
 48.200932 49.171021 53.634132 50.190460,
 52.636784 47.195896 50.190460 55.383205,

Cross-correlations of the modulus of all oriented sub-bands with all oriented sub-bands at the coarser scale (size QxQ)
 52.317467 46.634285 43.354301 47.992683,
 50.275211 50.983261 48.225552 46.626713,
 45.447643 46.377007 49.721867 47.714489,
 50.048584 44.939579 48.033733 52.108089,
 24.264956 23.323427 21.134232 23.081158,
 22.073698 23.371992 21.532158 20.830488,
 20.944574 22.107002 22.088562 21.657412,
 22.695095 21.922844 21.784252 23.380102,

Cross-correlations of the real part of each oriented sub-band with both the real and imaginary part of all phase-doubled oriented sub-bands at the next coarser scale (Q matrices of size 1x2Q, which are computed and stored in a matrix of size Qx2Q)
 -22.949623 -9.771176 -0.683563 -10.363668 0.006413 0.134916 0.014421 0.079027,
 -9.597305 -22.341412 -8.997626 -0.787770 0.057562 0.154553 -0.108048 -0.005920,
 -0.727280 -9.411242 -21.088587 -9.622140 0.003049 -0.018189 -0.373589 -0.010776,
 -10.109517 -0.756094 -9.107174 -23.094105 -0.056082 -0.003991 -0.154856 0.097574,
 -12.942358 -5.543369 -0.413438 -5.276690 0.216213 0.058419 0.032748 0.098789,
 -5.609815 -12.080063 -4.977148 -0.501158 0.028895 -0.153631 0.074956 0.010292,
 -0.459365 -5.181868 -11.575181 -4.889761 -0.049726 -0.088231 0.085756 0.098988,
 -5.596111 -0.554627 -5.065814 -11.434946 0.026825 0.025900 0.021856 0.220065,
