Low-band skewness and kurtosis
 -11.302348 144.207870,
 -6.837739 55.629910,
 -3.956926 23.594406,
 -0.525363 9.873320,

High-band variance
 17.753557,

Skewness, kurtosis, variance, mean, maximum and minimum of the reconstructed texture
 -11.393218 137.218948 330.297211 253.284134 255.000000 0.000000,

Auto-correlations of the low-frequency bands at each scale
 3.102915 -2.617282 -2.839612 0.491103 0.322065 0.380423 3.991915 1.154357 12.731109 51.902439 77.385765 54.114357 14.489044 0.134503 5.072679 56.986721 164.673660 225.822067 165.423264 57.243568 3.420435 8.000224 83.673515 228.003250 307.642273 228.003220 83.673515 8.000222 3.420435 57.243568 165.423264 225.822067 164.673676 56.986729 5.072678 0.134503 14.489044 54.114361 77.385765 51.902435 12.731109 1.154356 3.991915 0.380423 0.322065 0.491104 -2.839611 -2.617281 3.102915,
 4.067780 2.835652 -2.396462 -5.964819 -4.125573 3.262800 7.648071 0.938669 -8.174541 -3.221811 5.430526 -3.768012 -7.862096 3.565455 -3.997308 -2.097422 53.811451 97.548492 53.678101 -2.986239 -4.315424 -6.249701 8.056843 99.814003 165.726044 99.814003 8.056845 -6.249701 -4.315424 -2.986240 53.678101 97.548492 53.811451 -2.097421 -3.997308 3.565455 -7.862096 -3.768013 5.430526 -3.221811 -8.174541 0.938669 7.648071 3.262800 -4.125573 -5.964819 -2.396462 2.835652 4.067780,
 5.594405 2.067814 -1.423665 -1.863046 0.398953 3.107011 3.667574 4.525660 -2.235731 -3.502133 -0.179109 -1.907038 -1.739741 3.313872 1.031972 -1.491456 15.348382 30.896740 16.152657 -1.407900 0.759153 -0.542355 1.535260 31.542072 54.862984 31.542072 1.535260 -0.542355 0.759153 -1.407900 16.152657 30.896736 15.348381 -1.491456 1.031972 3.313871 -1.739741 -1.907038 -0.179109 -3.502133 -2.235730 4.525660 3.667574 3.107012 0.398952 -1.863046 -1.423665 2.067814 5.594406,
 0.679142 1.101032 0.887424 0.299915 0.108614 0.462118 0.628897 0.833288 0.452877 -0.055167 -0.278132 -0.431650 0.150652 1.013598 0.566477 0.693187 2.504162 4.177966 2.773522 0.929508 0.733019 0.426909 1.491284 5.223494 7.896142 5.223493 1.491284 0.426909 0.733019 0.929508 2.773522 4.177966 2.504162 0.693187 0.566477 1.013598 0.150652 -0.431650 -0.278132 -0.055167 0.452877 0.833288 0.628897 0.462119 0.108613 0.299915 0.887424 1.101032 0.679142,

Auto-correlations of the modulus of each oriented sub-band
 14.182015 15.675707 16.685648 17.056145 16.735901 15.827224 14.507459 24.486517 28.467697 31.270967 32.256046 31.185169 28.376284 24.490259 35.426399 42.298748 47.239532 49.012894 47.120689 42.133636 35.299805 40.202240 48.395290 54.362534 56.574883 54.362534 48.395294 40.202232 35.299805 42.133636 47.120689 49.012894 47.239532 42.298756 35.426399 24.490259 28.376284 31.185169 32.256046 31.270967 28.467697 24.486515 14.507459 15.827223 16.735903 17.056145 16.685648 15.675709 14.182015,
 30.052540 34.707817 34.612122 29.537134 21.776157 14.405209 9.287825 34.710018 43.383915 46.842079 43.087372 33.807953 23.087261 14.470321 34.664425 46.857716 54.949341 54.885090 46.525066 33.872501 21.904495 29.657967 43.146076 54.893795 59.637474 54.893791 43.146076 29.657965 21.904495 33.872505 46.525066 54.885094 54.949341 46.857716 34.664425 14.470321 23.087261 33.807957 43.087376 46.842083 43.383915 34.710022 9.287826 14.405209 21.776157 29.537136 34.612114 34.707813 30.052540,
 15.704041 26.207439 37.089695 41.867527 37.110893 26.322758 16.021065 17.422379 30.484623 44.342144 50.492916 44.366596 30.580803 17.656446 18.615595 33.529110 49.565212 56.731522 49.580750 33.586143 18.743610 19.088621 34.661366 51.490978 59.033138 51.490978 34.661366 19.088621 18.743610 33.586143 49.580750 56.731522 49.565205 33.529110 18.615591 17.656446 30.580801 44.366596 50.492912 44.342144 30.484619 17.422379 16.021065 26.322758 37.110893 41.867527 37.089695 26.207439 15.704041,
 9.605424 14.582428 21.666105 29.174540 34.143562 34.296211 29.834831 14.457337 22.842461 33.344521 42.504570 46.210503 42.751446 34.192169 21.481436 33.221352 45.771778 54.122929 54.138599 46.006367 33.923885 28.946556 42.268047 54.014824 58.805195 54.014824 42.268051 28.946556 33.923882 46.006363 54.138599 54.122929 45.771778 33.221355 21.481436 34.192165 42.751438 46.210510 42.504570 33.344517 22.842461 14.457337 29.834831 34.296211 34.143562 29.174545 21.666103 14.582429 9.605426,
 7.938921 8.957201 9.953794 10.593128 10.609469 10.038762 9.132827 14.223589 18.339058 21.963762 23.623196 22.544489 19.320118 15.349000 23.141100 31.730320 39.197052 42.342453 39.564384 32.324463 23.789703 27.882019 38.796360 48.228508 52.051788 48.228508 38.796360 27.882019 23.789703 32.324463 39.564377 42.342453 39.197052 31.730320 23.141100 15.349000 19.320118 22.544493 23.623196 21.963764 18.339058 14.223588 9.132826 10.038762 10.609469 10.593128 9.953794 8.957202 7.938921,
 16.461702 20.341869 20.789412 17.070780 11.858745 8.131546 6.334869 20.674894 29.639431 34.481804 31.098103 21.950994 13.309934 8.563339 21.428328 34.605507 45.746601 46.515892 36.005184 22.188593 12.659096 17.918901 31.313339 46.512859 53.513218 46.512859 31.313339 17.918901 12.659096 22.188593 36.005180 46.515892 45.746601 34.605507 21.428328 8.563340 13.309935 21.950994 31.098101 34.481808 29.639433 20.674898 6.334869 8.131546 11.858743 17.070780 20.789413 20.341869 16.461702,
 8.531702 14.825839 23.964952 28.784994 24.657114 16.041927 9.676138 9.995296 19.674971 33.604172 40.704571 33.855919 20.392717 10.912327 11.281385 23.727386 41.688942 50.865574 41.703373 24.024656 11.791518 11.961001 25.398701 44.869930 54.953060 44.869930 25.398703 11.961001 11.791518 24.024652 41.703373 50.865574 41.688950 23.727386 11.281386 10.912324 20.392717 33.855915 40.704571 33.604172 19.674971 9.995296 9.676138 16.041927 24.657114 28.784994 23.964952 14.825839 8.531703,
 5.031094 7.105564 11.588896 17.471338 21.611488 21.421631 17.647066 7.552157 12.757486 21.822443 31.259190 35.066086 30.758892 22.109432 12.405398 22.266981 36.131382 46.674778 46.317951 35.683262 22.677826 18.536921 32.018463 46.962250 53.757362 46.962257 32.018463 18.536921 22.677822 35.683262 46.317951 46.674774 36.131386 22.266981 12.405400 22.109432 30.758890 35.066082 31.259190 21.822445 12.757487 7.552158 17.647066 21.421629 21.611488 17.471338 11.588896 7.105565 5.031094,
 4.372814 4.244990 4.158094 4.130330 4.089549 3.948452 3.672405 5.269444 6.062318 6.805797 7.080628 6.645920 5.690942 4.623580 7.056208 9.523932 11.811416 12.718966 11.645775 9.234221 6.675132 7.956362 11.354295 14.568258 15.945714 14.568258 11.354293 7.956362 6.675132 9.234221 11.645776 12.718964 11.811416 9.523932 7.056207 4.623580 5.690942 6.645920 7.080628 6.805797 6.062318 5.269445 3.672405 3.948452 4.089549 4.130330 4.158094 4.244990 4.372814,
 5.947208 6.489249 6.276868 5.277992 4.206342 3.625325 3.390149 6.718094 8.864607 10.068043 9.013139 6.510368 4.462637 3.585027 6.603814 10.188319 13.676516 13.951849 10.563214 6.544556 4.278524 5.507426 9.099819 13.955513 16.426413 13.955513 9.099819 5.507426 4.278525 6.544556 10.563215 13.951849 13.676516 10.188319 6.603814 3.585028 4.462637 6.510368 9.013139 10.068043 8.864606 6.718094 3.390149 3.625325 4.206343 5.277992 6.276867 6.489249 5.947208,
 4.581826 5.127724 6.961523 8.117248 7.063412 5.179270 4.163268 4.846753 6.279068 9.647795 11.651609 9.695112 6.289631 4.490826 5.062670 7.405997 12.233350 15.057971 12.240370 7.390702 4.847093 5.080472 7.881737 13.341619 16.540812 13.341619 7.881737 5.080472 4.847093 7.390704 12.240370 15.057971 12.233349 7.405997 5.062671 4.490826 6.289631 9.695112 11.651609 9.647793 6.279068 4.846753 4.163268 5.179270 7.063413 8.117248 6.961522 5.127724 4.581826,
 4.332995 3.902710 4.134404 5.233328 6.349556 6.510516 5.744961 4.364938 4.639967 6.376950 8.887414 10.037126 8.834575 6.592700 4.817626 6.587185 10.252776 13.545888 13.370236 10.076325 6.642856 5.785918 9.021393 13.518057 15.828898 13.518057 9.021392 5.785918 6.642855 10.076325 13.370236 13.545888 10.252776 6.587184 4.817626 6.592700 8.834576 10.037127 8.887414 6.376949 4.639966 4.364938 5.744961 6.510516 6.349557 5.233328 4.134404 3.902710 4.332995,

Pairwise cross-correlations of the modulus of all oriented sub-bands at the same scale (size QxQ)
 56.574894 52.664654 46.074520 52.113354,
 52.664654 59.637455 53.677776 50.408688,
 46.074520 53.677776 59.033127 53.369205,
 52.113354 50.408688 53.369205 58.805195,
 52.051785 48.833477 45.739082 48.617233,
 48.833477 53.513206 49.771816 46.335152,
 45.739082 49.771816 54.953060 49.915005,
 48.617233 46.335152 49.915005 53.757362,

Cross-correlations of the modulus of all oriented sub-bands with all oriented sub-bands at the coarser scale (size QxQ)
 49.202461 46.477978 43.617641 46.582546,
 47.771645 51.531349 48.921188 45.664196,
 43.475796 47.683868 51.645046 47.524277,
 47.600143 45.464256 48.500839 51.114250,
 22.951790 21.997351 20.543612 21.401962,
 22.466864 23.885876 22.372835 20.930490,
 21.669613 23.022882 23.919519 22.544220,
 22.275463 21.494436 22.157366 22.976171,

Cross-correlations of the real part of each oriented sub-band with both the real and imaginary part of all phase-doubled oriented sub-bands at the next coarser scale (Q matrices of size 1x2Q, which are computed and stored in a matrix of size Qx2Q)
 -21.191677 -9.506472 -0.759954 -9.514422 -0.303936 0.009701 -0.001207 0.053163,
 -9.209135 -22.536415 -9.550879 -0.786508 -0.127864 0.089180 0.003564 0.032232,
 -0.758724 -9.825351 -22.223969 -9.990720 -0.027236 0.045381 0.110581 0.051622,
 -9.221196 -0.729474 -9.615992 -22.570910 -0.142856 0.001531 0.068240 0.041846,
 -11.452676 -5.349984 -0.485739 -5.056830 0.042058 0.213942 0.003315 0.075657,
 -5.097549 -12.451950 -5.643167 -0.467228 0.048636 0.483985 -0.079485 -0.012048,
 -0.412312 -5.561527 -12.825507 -5.266498 -0.013474 0.116343 -0.422668 0.052511,
 -4.865545 -0.491957 -5.524479 -11.679682 -0.043911 -0.014003 -0.167444 0.229499,
