Low-band skewness and kurtosis
 -11.353882 145.573456,
 -6.783235 54.092628,
 -3.665842 18.236240,
 -0.483111 5.917102,

High-band variance
 17.482210,

Skewness, kurtosis, variance, mean, maximum and minimum of the reconstructed texture
 -11.420830 137.879913 329.336365 253.290619 255.000000 0.000000,

Auto-correlations of the low-frequency bands at each scale
 4.159462 2.340531 5.100273 7.380004 2.449579 -2.313355 -0.292500 -2.336903 13.475343 56.036106 80.963516 53.710823 10.381089 -3.664097 -2.454775 52.590290 164.351776 226.424454 163.209518 51.442055 -2.000686 0.138676 76.989250 225.441559 307.100525 225.441513 76.989258 0.138676 -2.000686 51.442062 163.209503 226.424454 164.351776 52.590290 -2.454775 -3.664097 10.381089 53.710823 80.963516 56.036095 13.475343 -2.336903 -0.292501 -2.313356 2.449583 7.380005 5.100273 2.340531 4.159462,
 9.263809 6.581781 -2.262867 -6.211777 -5.092282 1.502331 7.546812 3.824063 -6.421397 -0.909117 8.856451 -3.739601 -10.807641 1.288170 -3.117390 -3.822007 53.758251 99.467369 52.164867 -6.303771 -5.527496 -6.232973 4.066589 96.203705 164.348419 96.203712 4.066589 -6.232973 -5.527496 -6.303771 52.164867 99.467369 53.758255 -3.822007 -3.117390 1.288170 -10.807639 -3.739600 8.856451 -0.909118 -6.421398 3.824062 7.546813 1.502331 -5.092280 -6.211776 -2.262869 6.581781 9.263810,
 5.366030 5.461555 3.584295 1.502672 1.526849 4.736606 6.083580 3.706326 1.171194 2.940286 3.964449 -0.851422 -0.503259 4.229314 0.190037 -1.338076 17.225630 31.319075 14.873201 -1.521632 1.744513 0.050258 0.325924 29.572670 52.753624 29.572670 0.325924 0.050258 1.744513 -1.521632 14.873200 31.319075 17.225630 -1.338076 0.190037 4.229313 -0.503258 -0.851422 3.964449 2.940286 1.171194 3.706326 6.083580 4.736606 1.526849 1.502672 3.584295 5.461555 5.366030,
 0.345787 -0.086134 0.041463 0.630459 0.876980 0.966537 0.567439 0.389243 -0.779913 -0.358124 0.782837 0.245477 -0.088329 0.450837 0.821955 0.038885 2.414964 4.871822 2.469010 -0.028675 0.512509 0.868530 0.745869 4.731157 8.185240 4.731157 0.745869 0.868530 0.512509 -0.028675 2.469010 4.871822 2.414964 0.038885 0.821955 0.450837 -0.088329 0.245477 0.782837 -0.358124 -0.779913 0.389243 0.567439 0.966537 0.876981 0.630459 0.041463 -0.086134 0.345787,

Auto-correlations of the modulus of each oriented sub-band
 16.140812 17.766497 18.828321 19.119591 18.559376 17.264725 15.472270 26.042524 30.217171 33.193554 34.291397 33.219677 30.261536 26.088839 36.973042 44.037807 49.150627 51.078346 49.293530 44.294544 37.297340 42.087013 50.438740 56.470577 58.691944 56.470577 50.438740 42.087013 37.297340 44.294552 49.293533 51.078346 49.150627 44.037807 36.973038 26.088839 30.261532 33.219677 34.291397 33.193554 30.217173 26.042524 15.472270 17.264729 18.559376 19.119587 18.828321 17.766499 16.140810,
 30.295864 34.941250 34.850235 29.838478 22.158199 14.839628 9.690928 34.370575 43.094791 46.583519 42.877941 33.657116 23.041588 14.594201 33.982155 46.253349 54.442329 54.408627 46.008675 33.353642 21.552141 28.966553 42.431816 54.297024 59.115402 54.297024 42.431824 28.966553 21.552141 33.353638 46.008675 54.408627 54.442329 46.253357 33.982162 14.594201 23.041588 33.657116 42.877941 46.583515 43.094799 34.370575 9.690928 14.839626 22.158199 29.838478 34.850235 34.941257 30.295864,
 16.584591 26.769539 37.668564 42.438416 37.185913 25.542109 14.640860 17.655470 30.491037 44.424934 50.608940 44.073723 29.606531 16.286295 18.261433 33.047821 49.244919 56.506886 49.059429 32.582741 17.552187 18.245701 33.827324 50.953835 58.680717 50.953835 33.827328 18.245699 17.552189 32.582737 49.059429 56.506878 49.244919 33.047821 18.261433 16.286295 29.606531 44.073723 50.608940 44.424931 30.491037 17.655470 14.640860 25.542109 37.185913 42.438419 37.668564 26.769543 16.584591,
 10.715425 15.674332 22.814354 30.288675 35.093472 35.028313 30.328033 15.555013 23.999531 34.521648 43.594238 47.206284 43.707108 35.022415 22.649452 34.492302 47.034832 55.302116 55.344112 47.260883 35.058533 30.174654 43.621952 55.338768 60.063694 55.338768 43.621952 30.174654 35.058537 47.260880 55.344116 55.302116 47.034832 34.492306 22.649452 35.022419 43.707111 47.206284 43.594246 34.521648 23.999531 15.555013 30.328033 35.028313 35.093472 30.288675 22.814354 15.674334 10.715425,
 11.863224 13.302620 14.092353 14.013412 13.169608 11.953067 10.776952 17.159748 21.807720 25.488609 26.747414 25.019485 21.175936 16.840914 25.540812 34.846203 42.689163 45.752346 42.531605 34.664902 25.544161 29.960709 41.613918 51.613106 55.643440 51.613113 41.613918 29.960709 25.544161 34.664902 42.531593 45.752342 42.689163 34.846199 25.540812 16.840914 21.175936 25.019484 26.747414 25.488611 21.807720 17.159748 10.776954 11.953067 13.169607 14.013412 14.092355 13.302620 11.863225,
 18.633772 23.652967 24.475105 20.334408 14.298201 9.741004 7.637146 21.497658 31.118176 36.227718 32.607727 23.037830 13.884181 8.702375 21.371540 34.842735 46.094013 46.744621 36.043247 22.048054 12.121305 17.396803 31.058147 46.318752 53.368107 46.318752 31.058147 17.396803 12.121305 22.048054 36.043247 46.744629 46.094017 34.842735 21.371536 8.702375 13.884181 23.037828 32.607727 36.227718 31.118176 21.497656 7.637146 9.741002 14.298199 20.334410 24.475109 23.652969 18.633772,
 11.556700 18.095453 25.761015 29.049250 24.129673 15.270369 9.059512 12.114746 21.386387 33.497032 39.405453 32.544014 19.381334 10.085801 12.360683 24.134354 40.415276 48.741356 40.050255 23.125370 11.222308 12.078168 24.956739 43.207558 52.638512 43.207561 24.956739 12.078168 11.222308 23.125370 40.050259 48.741364 40.415276 24.134356 12.360682 10.085802 19.381332 32.544014 39.405453 33.497032 21.386387 12.114746 9.059510 15.270364 24.129667 29.049250 25.761015 18.095453 11.556699,
 9.217610 11.296346 15.048695 20.021704 23.310766 22.268040 17.891863 10.382246 15.412117 23.894398 32.706955 35.749767 30.609941 21.607912 13.778335 23.389011 36.933746 47.211884 46.272991 35.100681 22.083860 18.650215 31.926683 46.961334 53.948807 46.961346 31.926683 18.650215 22.083860 35.100677 46.272991 47.211891 36.933746 23.389011 13.778334 21.607912 30.609941 35.749763 32.706955 23.894400 15.412118 10.382244 17.891865 22.268036 23.310764 20.021706 15.048696 11.296348 9.217609,
 4.104405 4.485867 4.786773 4.899368 4.774919 4.512284 4.271041 5.318812 6.444340 7.501860 7.948241 7.503909 6.472583 5.407376 7.199450 9.730225 12.167602 13.218217 12.195957 9.801435 7.282833 8.325359 11.678679 14.909777 16.317116 14.909777 11.678679 8.325359 7.282833 9.801436 12.195957 13.218217 12.167602 9.730225 7.199451 5.407376 6.472583 7.503909 7.948240 7.501860 6.444339 5.318812 4.271041 4.512283 4.774919 4.899367 4.786773 4.485866 4.104405,
 4.554595 5.760064 6.135195 5.348636 4.095551 3.231133 2.913382 5.453520 7.870637 9.285899 8.417984 6.065106 4.052728 3.191156 5.699047 9.189699 12.415973 12.612226 9.567473 5.950995 3.858442 4.931518 8.289676 12.652184 14.811358 12.652184 8.289676 4.931519 3.858443 5.950995 9.567473 12.612226 12.415971 9.189699 5.699047 3.191155 4.052728 6.065106 8.417984 9.285899 7.870637 5.453520 2.913382 3.231133 4.095551 5.348636 6.135194 5.760064 4.554595,
 3.438580 4.693136 6.546523 7.502602 6.365716 4.405834 3.272456 3.609711 5.494579 8.677383 10.555161 8.759685 5.398344 3.447535 3.703861 6.289613 10.854750 13.596206 11.010216 6.299590 3.604439 3.704741 6.656651 11.896225 14.948304 11.896225 6.656651 3.704741 3.604438 6.299590 11.010216 13.596205 10.854748 6.289613 3.703861 3.447535 5.398344 8.759684 10.555161 8.677383 5.494578 3.609711 3.272456 4.405834 6.365716 7.502601 6.546524 4.693136 3.438580,
 4.293486 4.772776 5.437907 6.339437 6.930022 6.570356 5.470492 4.536793 5.614271 7.614754 9.848866 10.562910 9.001044 6.475733 4.971658 7.346188 11.157228 14.244285 13.871779 10.350806 6.587212 5.811684 9.480238 14.141808 16.447355 14.141808 9.480237 5.811684 6.587212 10.350806 13.871779 14.244285 11.157228 7.346188 4.971659 6.475733 9.001045 10.562910 9.848866 7.614754 5.614270 4.536793 5.470492 6.570356 6.930022 6.339437 5.437907 4.772776 4.293486,

Pairwise cross-correlations of the modulus of all oriented sub-bands at the same scale (size QxQ)
 58.691944 53.150845 46.725899 53.896034,
 53.150845 59.115379 53.325001 50.555893,
 46.725899 53.325001 58.680710 53.563057,
 53.896034 50.555893 53.563057 60.063671,
 55.643433 49.709557 45.983147 50.347244,
 49.709557 53.368099 48.996460 46.449593,
 45.983147 48.996460 52.638523 48.683578,
 50.347244 46.449593 48.683578 53.948807,

Cross-correlations of the modulus of all oriented sub-bands with all oriented sub-bands at the coarser scale (size QxQ)
 51.849655 47.065449 43.479149 47.367367,
 48.876068 50.358017 47.236488 45.382679,
 44.953159 46.804676 49.203873 47.065693,
 49.614300 45.608479 47.939934 51.631184,
 23.999628 21.823860 20.800291 23.309366,
 22.073540 21.690657 20.824913 21.407146,
 20.475601 20.567608 21.910789 21.806976,
 22.471483 20.246132 21.358047 23.992884,

Cross-correlations of the real part of each oriented sub-band with both the real and imaginary part of all phase-doubled oriented sub-bands at the next coarser scale (Q matrices of size 1x2Q, which are computed and stored in a matrix of size Qx2Q)
 -22.365665 -9.857974 -0.747102 -10.233720 -0.004599 0.005600 -0.009201 0.003062,
 -9.572253 -22.205730 -9.282547 -0.823751 -0.003128 0.009610 0.006807 -0.001002,
 -0.770047 -9.475852 -21.464811 -9.709847 0.006342 -0.009699 0.020438 0.029391,
 -9.801317 -0.835437 -9.236229 -23.073095 0.004966 -0.002402 0.003397 0.027418,
 -12.440817 -4.774075 -0.435780 -5.766954 -0.188040 0.039214 0.006298 0.068118,
 -5.115585 -10.713644 -4.741319 -0.490761 -0.135424 0.198339 0.091771 0.003945,
 -0.470779 -4.738096 -10.872637 -5.146227 -0.023674 0.080312 0.132165 0.134827,
 -5.764085 -0.452238 -4.794269 -12.424962 -0.086429 -0.006937 0.049216 0.300885,
