Low-band skewness and kurtosis
 -11.449206 147.468704,
 -7.377313 65.263115,
 -4.574924 28.524815,
 0.692210 7.417670,

High-band variance
 17.310600,

Skewness, kurtosis, variance, mean, maximum and minimum of the reconstructed texture
 -11.531399 140.399765 325.998291 253.317673 255.000000 0.000000,

Auto-correlations of the low-frequency bands at each scale
 5.940740 1.889227 5.061752 11.658109 12.774978 11.741190 13.371814 6.558320 18.280794 58.658073 86.743744 66.936813 28.843920 13.066122 11.128836 60.975033 166.069839 227.219910 171.272552 67.539246 14.422231 15.300840 88.340240 227.465317 304.016907 227.465286 88.340240 15.300838 14.422231 67.539230 171.272552 227.219955 166.069839 60.975033 11.128834 13.066124 28.843918 66.936806 86.743736 58.658077 18.280792 6.558318 13.371816 11.741190 12.774978 11.658110 5.061752 1.889227 5.940739,
 14.002653 9.638803 4.042379 2.699214 3.875547 10.351751 17.784084 10.415359 -2.779055 1.035669 13.300773 4.924548 -0.926452 11.315189 6.299794 4.493387 57.649078 103.807289 62.544434 6.607121 6.190484 6.096836 17.757133 106.039780 170.706833 106.039780 17.757133 6.096836 6.190484 6.607121 62.544422 103.807289 57.649082 4.493387 6.299792 11.315190 -0.926452 4.924548 13.300773 1.035668 -2.779055 10.415360 17.784084 10.351752 3.875546 2.699214 4.042380 9.638803 14.002653,
 10.441878 10.126605 6.603191 5.340567 10.074696 14.885213 11.637400 9.315313 4.960246 3.620210 6.358993 8.094367 10.214199 10.255704 7.051667 6.113992 22.804705 37.405460 25.015266 8.211920 6.142839 5.122046 9.607071 39.579987 61.593079 39.579987 9.607070 5.122046 6.142839 8.211920 25.015266 37.405460 22.804701 6.113992 7.051666 10.255704 10.214199 8.094367 6.358991 3.620209 4.960246 9.315313 11.637400 14.885213 10.074697 5.340567 6.603190 10.126605 10.441878,
 0.205039 0.535863 0.306708 0.982222 2.084789 1.805283 1.251741 1.289907 1.142177 1.193080 2.690433 3.011982 1.987841 1.996490 1.949052 1.799489 3.886982 6.733090 5.013622 2.243003 2.549428 2.515219 2.419847 6.111124 9.383149 6.111124 2.419847 2.515219 2.549429 2.243003 5.013622 6.733089 3.886982 1.799489 1.949052 1.996490 1.987841 3.011982 2.690433 1.193080 1.142177 1.289907 1.251741 1.805283 2.084789 0.982222 0.306708 0.535863 0.205039,

Auto-correlations of the modulus of each oriented sub-band
 18.622833 19.712198 20.475546 20.747585 20.413767 19.506470 18.179461 27.344980 30.568520 32.854946 33.631767 32.630505 30.094261 26.625214 36.671875 42.534443 46.787369 48.278294 46.514366 42.031593 36.019112 40.541538 47.704990 53.025990 55.025856 53.025990 47.704990 40.541534 36.019112 42.031586 46.514355 48.278290 46.787369 42.534443 36.671871 26.625217 30.094261 32.630505 33.631767 32.854946 30.568520 27.344978 18.179462 19.506470 20.413765 20.747585 20.475544 19.712198 18.622831,
 31.605412 35.362362 35.499199 31.681881 25.644131 19.853666 15.778636 36.222137 43.368465 46.370426 43.424667 35.866238 27.169653 20.247540 36.785591 46.989529 53.947479 53.987049 46.907646 36.312260 26.494444 32.897869 44.155315 54.213146 58.350079 54.213146 44.155315 32.897865 26.494450 36.312256 46.907646 53.987057 53.947479 46.989532 36.785591 20.247540 27.169647 35.866238 43.424667 46.370426 43.368473 36.222130 15.778638 19.853666 25.644136 31.681883 35.499199 35.362366 31.605410,
 17.885788 26.253183 35.644585 39.949421 35.862610 26.830412 18.690191 19.284260 29.732706 41.660652 47.153584 41.782543 30.153736 19.891024 20.333920 32.282154 46.055958 52.455433 46.106445 32.505089 20.662878 20.830471 33.296093 47.697216 54.432667 47.697216 33.296093 20.830471 20.662878 32.505085 46.106445 52.455433 46.055958 32.282154 20.333920 19.891022 30.153736 41.782543 47.153584 41.660652 29.732708 19.284256 18.690191 26.830412 35.862610 39.949421 35.644581 26.253189 17.885786,
 14.202330 17.916523 23.625189 29.871641 34.052391 34.204994 30.436970 17.848852 24.510044 33.242039 41.040272 44.242085 41.315697 33.997997 23.393873 33.120697 43.853428 51.141529 51.188301 44.133686 33.730942 29.522411 40.869366 51.097099 55.325291 51.097099 40.869366 29.522411 33.730949 44.133682 51.188305 51.141529 43.853436 33.120701 23.393873 33.997997 41.315693 44.242081 41.040272 33.242039 24.510050 17.848848 30.436970 34.204994 34.052399 29.871641 23.625189 17.916525 14.202330,
 17.759645 18.869919 19.885735 20.598356 20.821819 20.472794 19.568645 22.979826 26.423309 29.400070 30.748512 29.809837 27.030514 23.508703 29.911942 37.149326 43.470825 46.095734 43.542847 37.164112 29.771803 33.348503 42.731388 51.010990 54.441162 51.010994 42.731388 33.348503 29.771803 37.164104 43.542847 46.095734 43.470833 37.149326 29.911942 23.508703 27.030512 29.809832 30.748514 29.400072 26.423311 22.979826 19.568647 20.472792 20.821817 20.598356 19.885735 18.869919 17.759645,
 24.733236 27.725973 28.304842 25.580189 21.591734 18.819559 17.781452 28.499456 35.473999 39.432449 36.747757 29.437790 22.729267 19.072010 29.232407 39.798363 49.080921 49.699238 40.786232 29.606926 22.114540 26.300568 37.023289 49.747818 55.879402 49.747822 37.023289 26.300568 22.114544 29.606926 40.786224 49.699238 49.080929 39.798367 29.232407 19.072010 22.729263 29.437784 36.747757 39.432453 35.473995 28.499456 17.781450 18.819557 21.591732 25.580189 28.304848 27.725975 24.733236,
 20.615082 24.896877 31.180073 34.624523 31.714262 26.252684 22.733654 21.791748 28.632862 38.931824 44.446480 39.183746 29.459660 23.112455 22.746410 31.731487 45.474045 52.859905 45.529346 32.095169 23.352221 23.278605 33.043407 48.078033 56.270061 48.078041 33.043415 23.278603 23.352221 32.095169 45.529346 52.859905 45.474049 31.731483 22.746410 23.112455 29.459661 39.183739 44.446480 38.931824 28.632864 21.791744 22.733656 26.252684 31.714262 34.624523 31.180073 24.896877 20.615080,
 15.415214 16.533567 18.972391 22.910883 26.398281 26.725992 23.698925 17.012753 20.097284 25.942167 32.967377 36.280811 32.975063 26.019661 19.730934 26.345507 36.548904 45.135406 44.969826 36.275627 26.121826 23.413401 33.352200 45.284290 51.078629 45.284290 33.352200 23.413397 26.121828 36.275627 44.969818 45.135410 36.548904 26.345507 19.730934 26.019665 32.975060 36.280811 32.967377 25.942167 20.097286 17.012751 23.698929 26.725992 26.398277 22.910883 18.972395 16.533567 15.415213,
 7.039304 7.197474 7.407763 7.581691 7.553795 7.188677 6.507315 7.636445 8.258039 8.890086 9.241355 9.116819 8.501162 7.528891 8.833836 10.574530 12.212015 12.877657 12.150929 10.519737 8.707689 9.461403 11.903219 14.305560 15.393486 14.305560 11.903219 9.461403 8.707689 10.519737 12.150929 12.877657 12.212015 10.574528 8.833834 7.528890 8.501162 9.116818 9.241355 8.890087 8.258039 7.636446 6.507315 7.188676 7.553794 7.581692 7.407764 7.197474 7.039304,
 10.571533 11.278890 11.566539 11.219537 10.444966 9.323165 7.798294 11.224924 13.012121 14.232635 13.869451 12.288554 10.546186 8.888389 11.324074 14.128331 16.912807 17.365244 15.022017 12.052684 9.875553 10.764632 13.626320 17.292885 19.192574 17.292885 13.626320 10.764632 9.875553 12.052685 15.022017 17.365244 16.912806 14.128331 11.324073 8.888389 10.546187 12.288554 13.869451 14.232634 13.012119 11.224922 7.798295 9.323165 10.444966 11.219537 11.566537 11.278890 10.571533,
 8.947751 10.076049 11.532421 12.166315 11.189829 9.343363 7.579249 8.915475 10.756927 13.497128 14.972722 13.335629 10.397169 8.151218 8.915542 11.345996 15.318360 17.663054 15.263031 11.203255 8.578720 8.833069 11.548553 16.072212 18.836300 16.072212 11.548553 8.833069 8.578719 11.203255 15.263029 17.663054 15.318361 11.345996 8.915542 8.151217 10.397170 13.335628 14.972719 13.497128 10.756927 8.915474 7.579249 9.343363 11.189829 12.166317 11.532422 10.076049 8.947751,
 8.793704 8.970278 9.418109 10.267307 10.784817 10.118778 8.589211 8.834728 9.460046 10.869791 12.746235 13.343530 11.795191 9.491012 9.052482 10.575878 13.375889 15.949631 15.630362 12.707572 9.830103 9.512268 12.067616 15.668397 17.602335 15.668397 12.067616 9.512268 9.830103 12.707572 15.630362 15.949631 13.375891 10.575876 9.052482 9.491012 11.795191 13.343528 12.746235 10.869791 9.460045 8.834728 8.589211 10.118778 10.784816 10.267307 9.418109 8.970278 8.793703,

Pairwise cross-correlations of the modulus of all oriented sub-bands at the same scale (size QxQ)
 55.025845 50.936146 43.956558 49.607388,
 50.936146 58.350082 50.805271 48.329857,
 43.956558 50.805271 54.432671 49.542198,
 49.607388 48.329857 49.542198 55.325298,
 54.441174 50.388107 47.248940 47.883327,
 50.388107 55.879395 50.711338 45.874565,
 47.248940 50.711338 56.270046 49.092060,
 47.883327 45.874565 49.092060 51.078629,

Cross-correlations of the modulus of all oriented sub-bands with all oriented sub-bands at the coarser scale (size QxQ)
 48.717476 46.274429 43.515957 44.573292,
 47.747978 51.205250 49.126549 44.030296,
 43.075211 46.475826 49.816124 44.832249,
 46.624184 44.592072 47.342365 47.680584,
 22.069532 24.252172 22.685162 22.747671,
 21.954380 25.769455 24.270971 22.773668,
 20.793314 25.008278 24.782825 23.670784,
 20.434887 22.616081 22.678522 22.997370,

Cross-correlations of the real part of each oriented sub-band with both the real and imaginary part of all phase-doubled oriented sub-bands at the next coarser scale (Q matrices of size 1x2Q, which are computed and stored in a matrix of size Qx2Q)
 -18.552507 -8.877539 -0.753305 -7.903283 -0.152430 -0.126413 -0.058025 -0.095424,
 -8.500196 -20.617096 -8.463531 -0.722363 -0.121427 -0.135197 0.107480 -0.026453,
 -0.707351 -9.059530 -18.721802 -8.405837 0.022202 0.079600 0.362442 -0.072573,
 -7.692678 -0.789889 -8.083305 -18.407774 0.015715 0.021721 0.119397 -0.221234,
 -8.887221 -4.271399 -0.476140 -3.661879 0.465790 -0.058949 0.046379 -0.087925,
 -4.331809 -9.340315 -4.323535 -0.414852 0.073100 0.057446 0.286976 -0.023091,
 -0.522670 -4.063429 -10.306096 -4.398268 -0.008486 0.139538 0.269626 0.246857,
 -3.816832 -0.435920 -4.805582 -8.963601 0.214370 -0.032803 0.128891 0.213331,
