Low-band skewness and kurtosis
 -11.307663 144.173309,
 -6.868061 55.892422,
 -3.699563 18.860857,
 -0.317421 8.033899,

High-band variance
 17.495695,

Skewness, kurtosis, variance, mean, maximum and minimum of the reconstructed texture
 -11.392732 137.168365 330.578827 253.284027 255.000000 0.000000,

Auto-correlations of the low-frequency bands at each scale
 0.669925 -2.344682 1.086126 5.972469 4.363914 2.474307 5.913360 -3.377413 11.983128 54.993252 81.903297 57.464767 16.601954 3.607774 -2.299957 52.915466 164.912476 227.896286 165.998749 55.619713 2.924402 1.911203 78.622093 226.702225 308.278259 226.702225 78.622093 1.911203 2.924402 55.619705 165.998749 227.896286 164.912476 52.915474 -2.299957 3.607774 16.601954 57.464771 81.903297 54.993244 11.983128 -3.377412 5.913360 2.474308 4.363915 5.972470 1.086128 -2.344683 0.669924,
 2.347869 -1.369896 -5.887927 -6.385097 -2.628552 3.172458 4.697871 -0.555247 -12.760147 -5.365673 7.681095 -0.552827 -7.164026 0.759436 -5.462436 -6.567878 51.862133 99.676025 56.024590 -1.921275 -4.414513 -6.201113 6.041415 98.654411 166.202042 98.654411 6.041415 -6.201113 -4.414513 -1.921275 56.024590 99.676025 51.862141 -6.567877 -5.462435 0.759435 -7.164026 -0.552826 7.681095 -5.365674 -12.760147 -0.555247 4.697872 3.172458 -2.628552 -6.385096 -5.887927 -1.369896 2.347869,
 5.225600 2.978666 -1.760484 -2.208313 0.455080 2.619881 1.776593 6.882645 -0.493441 -3.771208 -0.001292 -0.966914 -2.095384 0.843416 4.093736 -0.273828 14.436414 30.536129 16.013498 -2.782354 -1.541528 -0.206967 0.886655 30.493408 54.195129 30.493408 0.886655 -0.206967 -1.541528 -2.782354 16.013498 30.536129 14.436416 -0.273827 4.093735 0.843416 -2.095384 -0.966914 -0.001292 -3.771208 -0.493441 6.882645 1.776593 2.619881 0.455080 -2.208313 -1.760484 2.978666 5.225600,
 0.428617 0.740890 0.430687 -0.347167 -0.676183 -0.286803 -0.046963 0.470534 0.323000 0.438068 0.302818 -0.338086 -0.357155 0.030917 0.727714 0.752987 3.071011 4.849174 3.023800 0.851018 0.816574 1.122933 1.543979 5.301600 8.098211 5.301600 1.543979 1.122933 0.816575 0.851018 3.023800 4.849174 3.071011 0.752987 0.727714 0.030917 -0.357155 -0.338086 0.302818 0.438068 0.323000 0.470534 -0.046963 -0.286803 -0.676183 -0.347167 0.430686 0.740890 0.428617,

Auto-correlations of the modulus of each oriented sub-band
 14.947723 16.716280 18.056812 18.717257 18.542366 17.558968 15.915690 25.354218 29.627716 32.775780 34.098846 33.257263 30.475895 26.365772 36.500000 43.652302 48.869888 50.899994 49.183613 44.209324 37.179569 41.706730 50.148174 56.254040 58.507168 56.254032 50.148174 41.706730 37.179569 44.209320 49.183613 50.899990 48.869877 43.652306 36.499996 26.365770 30.475891 33.257263 34.098846 32.775780 29.627716 25.354218 15.915690 17.558968 18.542366 18.717257 18.056812 16.716280 14.947723,
 29.454197 34.188957 34.355110 29.720436 22.437103 15.400734 10.334095 34.263638 42.991093 46.575596 43.048733 34.089836 23.708406 15.343665 34.335632 46.545780 54.711582 54.722656 46.470608 34.002384 22.296600 29.581703 42.952366 54.693455 59.454002 54.693451 42.952374 29.581703 22.296600 34.002384 46.470612 54.722652 54.711590 46.545784 34.335625 15.343665 23.708406 34.089836 43.048733 46.575596 42.991093 34.263638 10.334095 15.400732 22.437103 29.720436 34.355110 34.188969 29.454195,
 13.910243 24.395542 35.556179 40.572441 35.821880 25.091091 15.037559 15.624135 28.492058 42.493576 48.804283 42.624916 28.940313 16.416838 16.865553 31.410332 47.471878 54.763252 47.511806 31.624437 17.273384 17.445616 32.536530 49.302113 56.965336 49.302113 32.536530 17.445616 17.273384 31.624434 47.511799 54.763245 47.471878 31.410334 16.865551 16.416838 28.940313 42.624916 48.804283 42.493576 28.492058 15.624132 15.037559 25.091091 35.821888 40.572441 35.556179 24.395542 13.910243,
 8.527780 14.032954 21.658716 29.460041 34.462688 34.558357 29.987211 14.057600 22.984568 33.838173 43.068157 46.772884 43.408028 34.835945 21.815725 34.018616 46.710777 54.995216 55.084049 47.118084 34.929386 29.846220 43.472889 55.171669 59.851780 55.171669 43.472889 29.846216 34.929386 47.118080 55.084061 54.995216 46.710777 34.018623 21.815725 34.835945 43.408024 46.772884 43.068157 33.838173 22.984573 14.057600 29.987211 34.558357 34.462692 29.460041 21.658718 14.032957 8.527777,
 9.178644 9.558123 10.238799 10.695217 10.404655 9.333144 7.889535 15.937967 19.803919 23.317770 24.814772 23.267815 19.261145 14.421841 24.729364 33.812271 41.600746 44.674057 41.337318 33.194706 23.665451 28.662712 40.497017 50.672611 54.807800 50.672611 40.497017 28.662712 23.665451 33.194702 41.337318 44.674057 41.600746 33.812275 24.729364 14.421841 19.261143 23.267809 24.814770 23.317776 19.803919 15.937967 7.889535 9.333144 10.404654 10.695217 10.238799 9.558124 9.178644,
 17.340181 20.994328 21.656294 18.048124 12.378543 7.682998 5.116380 21.822243 30.383154 35.250137 32.058006 22.781811 13.338664 7.418406 22.560848 35.648212 46.800102 47.662094 37.131500 22.851490 12.309422 18.495041 32.371708 47.771885 54.826099 47.771885 32.371712 18.495041 12.309422 22.851488 37.131500 47.662094 46.800102 35.648212 22.560848 7.418406 13.338661 22.781807 32.058002 35.250141 30.383156 21.822243 5.116380 7.682997 12.378545 18.048124 21.656298 20.994328 17.340181,
 7.827630 13.862895 23.207844 28.256859 24.141806 15.255188 8.516273 9.171192 18.452707 32.343723 39.617046 33.068020 19.580376 9.695333 10.344089 22.464947 40.183117 49.312710 40.578197 23.111206 10.636337 10.913560 24.295734 43.454399 53.220490 43.454399 24.295736 10.913561 10.636337 23.111206 40.578197 49.312710 40.183113 22.464949 10.344089 9.695334 19.580374 33.068020 39.617046 32.343723 18.452709 9.171191 8.516273 15.255188 24.141804 28.256859 23.207844 13.862897 7.827630,
 5.268801 6.347467 10.209174 15.960800 20.093529 19.565737 15.203810 6.629003 11.084344 19.928204 29.485550 33.150093 28.247395 18.969610 10.248094 19.818380 33.829090 44.592266 43.946915 32.731239 19.301046 15.492509 29.093985 44.435040 51.503094 44.435040 29.093987 15.492509 19.301046 32.731236 43.946915 44.592266 33.829090 19.818382 10.248091 18.969610 28.247395 33.150093 29.485548 19.928202 11.084344 6.629002 15.203810 19.565733 20.093523 15.960801 10.209174 6.347467 5.268801,
 3.552836 3.548925 3.541846 3.559959 3.588884 3.611122 3.634364 5.047052 5.991328 6.764414 7.015200 6.575693 5.682969 4.793603 7.133171 9.711755 12.021054 12.895847 11.757176 9.297324 6.782411 8.038289 11.513055 14.820866 16.244476 14.820866 11.513055 8.038287 6.782412 9.297324 11.757176 12.895847 12.021054 9.711754 7.133171 4.793603 5.682968 6.575693 7.015199 6.764412 5.991328 5.047051 3.634364 3.611122 3.588883 3.559958 3.541846 3.548925 3.552835,
 5.407362 6.188488 6.154556 5.141721 3.970530 3.204762 2.954085 6.707113 9.010743 10.291504 9.155669 6.601883 4.475923 3.411271 6.946541 10.721419 14.215871 14.377901 10.924592 6.899107 4.363988 5.824746 9.679009 14.528291 16.987301 14.528291 9.679008 5.824746 4.363989 6.899107 10.924592 14.377901 14.215871 10.721419 6.946541 3.411271 4.475923 6.601884 9.155669 10.291504 9.010742 6.707113 2.954085 3.204762 3.970529 5.141721 6.154556 6.188488 5.407361,
 3.842732 4.644889 6.421058 7.624517 6.648022 4.741026 3.692004 4.196002 5.792574 9.060634 11.110631 9.225171 5.790869 3.914276 4.486883 6.891882 11.627719 14.520513 11.709720 6.852997 4.262871 4.516964 7.338337 12.758905 16.019308 12.758905 7.338336 4.516964 4.262871 6.852998 11.709720 14.520513 11.627720 6.891882 4.486883 3.914276 5.790869 9.225170 11.110630 9.060634 5.792572 4.196002 3.692004 4.741026 6.648022 7.624517 6.421058 4.644889 3.842732,
 2.714775 2.861547 3.355038 4.481490 5.544989 5.533648 4.517785 3.097675 3.758271 5.510007 7.991256 9.161413 7.847706 5.488714 3.774934 5.648967 9.217753 12.550141 12.446097 9.126691 5.715367 4.879487 8.073048 12.536144 14.881378 12.536144 8.073048 4.879487 5.715367 9.126691 12.446098 12.550141 9.217753 5.648967 3.774934 5.488714 7.847706 9.161413 7.991255 5.510006 3.758271 3.097675 4.517785 5.533648 5.544990 4.481490 3.355038 2.861547 2.714775,

Pairwise cross-correlations of the modulus of all oriented sub-bands at the same scale (size QxQ)
 58.507156 53.185406 46.012573 53.417095,
 53.185406 59.453972 52.469776 50.381828,
 46.012573 52.469776 56.965340 52.746845,
 53.417095 50.381828 52.746845 59.851776,
 54.807793 50.386471 46.286079 48.792690,
 50.386471 54.826099 49.687283 45.606907,
 46.286079 49.687283 53.220493 48.097160,
 48.792690 45.606907 48.097160 51.503101,

Cross-correlations of the modulus of all oriented sub-bands with all oriented sub-bands at the coarser scale (size QxQ)
 50.902939 47.989532 43.878292 45.872829,
 48.933376 52.419041 48.367538 44.205925,
 43.475986 46.851700 49.438072 45.069904,
 48.294735 45.841766 48.047260 49.864906,
 24.105791 23.415600 21.607824 21.635441,
 23.141684 24.913809 22.794741 20.564968,
 21.351156 22.945093 23.374508 21.055340,
 21.899817 21.251507 21.701567 21.788912,

Cross-correlations of the real part of each oriented sub-band with both the real and imaginary part of all phase-doubled oriented sub-bands at the next coarser scale (Q matrices of size 1x2Q, which are computed and stored in a matrix of size Qx2Q)
 -22.327419 -10.064576 -0.747215 -9.360634 -0.024395 0.000845 -0.005109 0.023070,
 -9.813321 -23.255053 -9.359588 -0.751881 0.017729 0.003412 -0.047199 0.028244,
 -0.739654 -9.939972 -20.945465 -9.215607 0.005492 -0.044095 -0.012847 0.024964,
 -9.363628 -0.767657 -8.860754 -21.577688 -0.015006 -0.019859 0.021826 -0.033763,
 -12.559896 -6.016083 -0.462531 -4.985164 -0.249320 -0.197882 0.005255 -0.077164,
 -5.923960 -13.330298 -5.440272 -0.558774 -0.173727 -0.222662 0.223058 0.020181,
 -0.477735 -5.505218 -12.471808 -5.416787 -0.013057 0.069453 0.498106 -0.072085,
 -4.999653 -0.478954 -5.385601 -11.638762 -0.050317 0.009346 0.120181 -0.237901,
