Low-band skewness and kurtosis
 -11.527590 149.131744,
 -7.673566 70.051651,
 -5.384604 36.980999,
 2.008159 14.832842,

High-band variance
 17.011538,

Skewness, kurtosis, variance, mean, maximum and minimum of the reconstructed texture
 -11.556665 140.895279 325.984741 253.323425 255.000000 0.000000,

Auto-correlations of the low-frequency bands at each scale
 34.551430 26.196270 23.989876 25.037775 21.382616 17.214651 18.323744 29.161009 34.285053 68.153320 92.061157 70.231766 31.658762 16.962637 27.881313 71.566635 170.193253 228.311447 173.123550 72.099777 21.360283 27.102798 96.043678 230.011093 304.304596 230.011093 96.043678 27.102795 21.360283 72.099770 173.123550 228.311447 170.193253 71.566643 27.881311 16.962637 31.658756 70.231766 92.061157 68.153320 34.285057 29.161003 18.323746 17.214649 21.382616 25.037769 23.989872 26.196276 34.551426,
 30.529192 26.718197 22.270687 19.712217 18.733521 21.356552 21.284422 30.050451 20.785648 25.603464 32.009438 19.229959 12.442391 20.338369 22.393263 26.333458 76.041161 111.644135 66.934837 14.353185 12.805773 13.150428 28.186926 110.892227 170.550476 110.892235 28.186926 13.150425 12.805774 14.353184 66.934830 111.644135 76.041176 26.333458 22.393263 20.338369 12.442393 19.229959 32.009434 25.603464 20.785648 30.050451 21.284422 21.356552 18.733521 19.712217 22.270689 26.718201 30.529192,
 29.042658 27.869188 20.782480 16.119940 13.942966 12.336954 9.150637 22.677338 24.017456 24.361248 22.224581 13.662795 11.345269 15.267899 18.694620 21.777346 40.591228 51.641869 31.542658 14.842453 19.822334 20.259968 21.056623 49.951862 73.242897 49.951862 21.056623 20.259970 19.822334 14.842456 31.542656 51.641869 40.591228 21.777349 18.694622 15.267898 11.345271 13.662793 22.224581 24.361248 24.017452 22.677336 9.150634 12.336954 13.942969 16.119940 20.782480 27.869186 29.042658,
 -0.472640 -0.555939 -0.155203 0.794934 2.240602 3.773241 4.480609 2.069271 2.059044 2.477402 3.446470 4.711004 6.705060 8.252123 5.248789 6.768795 9.335470 10.944496 9.702582 8.547490 8.768019 7.592141 9.522068 13.463178 16.028185 13.463178 9.522066 7.592141 8.768020 8.547490 9.702583 10.944497 9.335470 6.768795 5.248789 8.252124 6.705060 4.711004 3.446470 2.477402 2.059044 2.069271 4.480609 3.773241 2.240602 0.794934 -0.155203 -0.555939 -0.472640,

Auto-correlations of the modulus of each oriented sub-band
 26.374161 27.004259 27.090176 26.587133 25.525578 24.044189 22.346222 32.102535 34.725971 36.380497 36.595375 35.185097 32.421116 28.912085 38.546997 43.879723 47.712589 48.932201 47.043068 42.573860 36.722492 40.966232 47.830044 52.997105 54.959141 52.997105 47.830051 40.966232 36.722492 42.573860 47.043068 48.932205 47.712585 43.879726 38.547001 28.912081 32.421116 35.185097 36.595375 36.380497 34.725971 32.102535 22.346226 24.044186 25.525581 26.587133 27.090172 27.004265 26.374165,
 37.365269 40.687008 40.485325 36.496605 30.506983 24.810516 20.667425 40.579041 47.167194 49.823975 46.691250 39.214497 30.844372 24.212816 40.116722 49.684513 56.305721 56.192078 49.129490 38.916344 29.646589 35.796135 46.409588 56.127399 60.235455 56.127399 46.409588 35.796131 29.646587 38.916336 49.129494 56.192078 56.305729 49.684513 40.116718 24.212820 30.844372 39.214497 46.691250 49.823978 47.167202 40.579041 20.667425 24.810511 30.506983 36.496605 40.485325 40.687012 37.365269,
 26.522259 32.934883 40.458279 43.695507 39.340519 30.952660 24.025778 27.716183 36.051315 46.067535 50.603367 45.141151 34.432594 25.733747 28.279638 38.107506 50.155216 55.849239 49.612736 37.181664 27.172659 28.087893 38.535038 51.500317 57.856510 51.500317 38.535038 28.087893 27.172659 37.181664 49.612736 55.849243 50.155216 38.107506 28.279638 25.733746 34.432594 45.141151 50.603367 46.067535 36.051315 27.716183 24.025782 30.952660 39.340523 43.695507 40.458279 32.934883 26.522261,
 23.402514 25.239731 28.411909 32.326241 34.835281 34.066883 30.278990 25.130428 29.314138 35.495937 41.446529 43.630138 40.455822 33.841675 28.045990 35.270924 44.032734 50.305412 50.015606 43.341293 34.319878 31.752914 41.064674 50.167583 54.152630 50.167583 41.064682 31.752911 34.319878 43.341293 50.015606 50.305416 44.032734 35.270924 28.045986 33.841675 40.455818 43.630138 41.446533 35.495934 29.314144 25.130424 30.278986 34.066883 34.835285 32.326241 28.411909 25.239733 23.402517,
 28.233236 28.856558 28.530630 27.170177 25.010456 22.564157 20.322435 29.723614 32.141853 33.617886 33.389698 31.233368 27.838528 24.370201 32.071751 37.518597 42.197605 43.837795 41.195107 35.562004 29.553095 32.752083 40.147259 47.056252 50.025562 47.056252 40.147263 32.752083 29.553095 35.562004 41.195107 43.837795 42.197605 37.518593 32.071751 24.370203 27.838528 31.233368 33.389702 33.617886 32.141857 29.723612 20.322435 22.564154 25.010456 27.170176 28.530634 28.856558 28.233236,
 28.012831 29.473301 29.667170 27.636244 24.244791 20.999538 18.649445 29.863016 33.968857 36.544365 34.793194 29.742912 24.765276 21.391645 30.063562 36.870018 43.396992 43.970337 37.585876 29.828247 24.587986 27.888987 35.037376 44.115780 48.785046 44.115788 35.037376 27.888987 24.587986 29.828245 37.585873 43.970337 43.396992 36.870018 30.063562 21.391645 24.765276 29.742908 34.793194 36.544369 33.968857 29.863014 18.649445 20.999538 24.244789 27.636248 29.667173 29.473301 28.012829,
 25.290533 27.740669 31.269257 32.514866 29.118998 23.778351 20.112165 25.588367 29.801025 36.552982 39.995083 35.146782 27.220716 22.408798 25.773045 31.423897 41.223625 46.988178 40.608383 30.229050 24.375219 25.497576 31.747402 43.014435 50.008739 43.014435 31.747406 25.497572 24.375219 30.229048 40.608379 46.988178 41.223629 31.423897 25.773045 22.408798 27.220716 35.146774 39.995083 36.552982 29.801023 25.588362 20.112165 23.778351 29.118998 32.514866 31.269258 27.740669 25.290533,
 27.721544 28.124964 28.969912 30.060369 30.352936 28.590620 25.242695 28.439129 30.301720 33.803932 37.698223 38.657341 34.918659 29.186256 29.736383 34.261864 41.428493 47.408306 46.595753 39.380116 31.627512 31.339085 38.594448 47.760307 52.384811 47.760307 38.594452 31.339085 31.627514 39.380108 46.595749 47.408310 41.428493 34.261871 29.736383 29.186253 34.918659 38.657337 37.698223 33.803932 30.301720 28.439129 25.242695 28.590620 30.352934 30.060368 28.969917 28.124964 27.721544,
 13.300275 12.754199 11.827850 10.645405 9.249568 7.693372 6.079610 13.070583 13.496731 13.587179 13.189119 12.139715 10.490769 8.532064 13.097733 14.970106 16.550663 17.126362 16.192789 14.000344 11.337117 12.943446 15.833503 18.372963 19.435394 18.372965 15.833502 12.943444 11.337117 14.000343 16.192789 17.126360 16.550663 14.970104 13.097733 8.532064 10.490768 12.139715 13.189118 13.587179 13.496729 13.070583 6.079610 7.693372 9.249567 10.645404 11.827851 12.754197 13.300275,
 9.945102 10.472780 10.335883 9.107361 7.424985 5.929189 4.687613 9.963019 11.090206 11.811684 10.936367 8.981503 7.253059 6.018488 9.758060 11.523820 13.519672 13.567439 11.244757 8.851546 7.415386 8.799969 10.631550 13.471346 15.147936 13.471346 10.631549 8.799969 7.415386 8.851546 11.244757 13.567439 13.519671 11.523820 9.758060 6.018488 7.253059 8.981503 10.936367 11.811684 11.090206 9.963019 4.687614 5.929189 7.424985 9.107362 10.335882 10.472779 9.945102,
 12.663494 12.953462 12.712403 11.858477 10.140026 7.987379 6.316804 12.526749 13.364420 14.070340 14.111804 12.307780 9.682890 7.939553 11.887868 13.208178 15.071395 16.159025 14.215400 11.259055 9.499189 10.851984 12.491153 15.231103 17.040808 15.231103 12.491153 10.851983 9.499189 11.259055 14.215400 16.159023 15.071398 13.208178 11.887868 7.939553 9.682890 12.307780 14.111803 14.070340 13.364420 12.526749 6.316805 7.987379 10.140026 11.858477 12.712403 12.953462 12.663494,
 14.639892 14.744662 14.450075 13.801430 12.570710 10.622896 8.348663 14.451299 15.237631 15.879646 16.255598 15.591768 13.436598 10.752780 14.015551 15.799577 17.777514 19.260662 18.522158 15.678424 12.637183 13.559614 16.289017 19.277838 20.849436 19.277838 16.289015 13.559614 12.637183 15.678424 18.522154 19.260662 17.777514 15.799578 14.015551 10.752779 13.436598 15.591768 16.255596 15.879644 15.237629 14.451299 8.348661 10.622895 12.570710 13.801430 14.450075 14.744661 14.639892,

Pairwise cross-correlations of the modulus of all oriented sub-bands at the same scale (size QxQ)
 54.959129 52.107010 45.967037 49.135509,
 52.107010 60.235474 52.876266 48.934994,
 45.967037 52.876266 57.856529 50.143700,
 49.135509 48.934994 50.143700 54.152626,
 50.025562 44.308281 40.649910 44.286800,
 44.308281 48.785038 43.168056 41.229004,
 40.649910 43.168056 50.008739 45.103699,
 44.286800 41.229004 45.103699 52.384811,

Cross-correlations of the modulus of all oriented sub-bands with all oriented sub-bands at the coarser scale (size QxQ)
 44.795807 42.438934 40.235291 44.149948,
 45.059971 45.512627 44.201103 44.339130,
 40.600895 42.535686 45.817474 44.721912,
 42.557537 40.159496 42.442165 46.313557,
 24.173477 20.391230 21.475843 24.341614,
 22.484745 20.745064 21.566811 22.682358,
 22.002649 20.926413 22.936516 23.385181,
 23.589056 20.669172 23.566509 25.701567,

Cross-correlations of the real part of each oriented sub-band with both the real and imaginary part of all phase-doubled oriented sub-bands at the next coarser scale (Q matrices of size 1x2Q, which are computed and stored in a matrix of size Qx2Q)
 -15.431431 -6.828562 -0.844215 -7.363204 -0.039156 0.087301 -0.011148 -0.012944,
 -6.902097 -15.065054 -6.544831 -0.949752 -0.066318 -0.023192 -0.084879 0.047323,
 -0.875607 -6.731130 -15.506781 -7.623489 0.029116 -0.240748 -0.031910 -0.079375,
 -7.189980 -0.771483 -7.507470 -16.410364 0.140236 -0.065354 0.017661 -0.219763,
 -7.371301 -2.602693 -0.474863 -3.780952 -0.493822 -0.226007 0.033256 0.325795,
 -2.791174 -5.182244 -2.220890 -0.408678 -0.182799 -0.596692 0.106720 -0.005833,
 -0.480799 -2.094227 -5.569511 -3.294043 0.010049 -0.214985 0.159847 0.259822,
 -4.001421 -0.302540 -3.344056 -7.592403 -0.180642 -0.004927 0.075309 0.821994,
