Low-band skewness and kurtosis
 -11.293951 143.994308,
 -6.771691 54.223549,
 -3.525231 16.850313,
 -0.051261 7.132938,

High-band variance
 17.690578,

Skewness, kurtosis, variance, mean, maximum and minimum of the reconstructed texture
 -11.383687 136.978500 330.661377 253.282043 255.000000 0.000000,

Auto-correlations of the low-frequency bands at each scale
 1.336212 -2.288255 -0.652325 2.290996 0.194195 -1.540886 1.096596 -2.090792 11.767882 52.840424 78.349739 53.530766 11.882033 -3.297933 -0.519429 53.519974 164.240906 226.483231 164.246597 52.722340 -2.287470 0.988016 78.343559 226.604385 308.136017 226.604355 78.343559 0.988016 -2.287471 52.722340 164.246597 226.483231 164.240906 53.519974 -0.519429 -3.297933 11.882032 53.530766 78.349739 52.840424 11.767883 -2.090791 1.096595 -1.540885 0.194195 2.290996 -0.652324 -2.288255 1.336212,
 4.655650 6.372946 0.970098 -5.514908 -7.626640 -1.156331 4.332686 -0.708397 -8.975077 -1.686385 7.016836 -5.573633 -10.454772 2.037137 -5.786667 -6.222202 52.072884 97.862000 51.656296 -4.823700 -3.238977 -6.023969 4.182980 96.391258 164.470993 96.391281 4.182980 -6.023970 -3.238976 -4.823700 51.656296 97.862000 52.072891 -6.222201 -5.786668 2.037138 -10.454772 -5.573632 7.016836 -1.686386 -8.975077 -0.708396 4.332686 -1.156330 -7.626640 -5.514908 0.970098 6.372947 4.655651,
 6.997013 5.077354 1.771400 0.066930 -0.674798 1.908988 4.326187 3.997949 -0.949243 -0.504793 1.403668 -3.545509 -3.958706 1.297754 1.561692 -1.246754 15.772427 30.069284 13.685606 -3.162805 -0.234190 0.892648 1.327124 29.766623 52.722828 29.766623 1.327124 0.892648 -0.234190 -3.162805 13.685606 30.069284 15.772427 -1.246754 1.561691 1.297754 -3.958706 -3.545509 1.403668 -0.504793 -0.949243 3.997948 4.326187 1.908988 -0.674798 0.066930 1.771400 5.077355 6.997013,
 0.308219 0.394144 -0.112213 -0.624693 -0.377532 0.481674 1.049091 1.196874 0.482727 0.050304 -0.043655 -0.414518 -0.149030 0.477974 1.345818 0.942580 2.825055 4.516390 2.555748 0.358191 0.352899 0.786927 1.124057 4.854829 7.768723 4.854829 1.124057 0.786927 0.352899 0.358191 2.555748 4.516390 2.825055 0.942580 1.345818 0.477974 -0.149030 -0.414518 -0.043655 0.050304 0.482727 1.196874 1.049091 0.481674 -0.377532 -0.624693 -0.112213 0.394144 0.308219,

Auto-correlations of the modulus of each oriented sub-band
 14.871680 16.486849 17.539003 17.835732 17.319616 16.116339 14.443989 25.155748 29.250387 32.117752 33.103897 31.959562 28.997175 24.889561 36.208271 43.228889 48.257080 50.062607 48.153324 43.067543 36.042866 41.065117 49.450562 55.521694 57.760269 55.521694 49.450573 41.065117 36.042870 43.067543 48.153324 50.062611 48.257084 43.228893 36.208271 24.889561 28.997173 31.959562 33.103893 32.117752 29.250393 25.155745 14.443989 16.116337 17.319616 17.835732 17.539003 16.486851 14.871679,
 29.978319 34.999088 35.150204 30.178345 22.331343 14.723643 9.338164 34.430252 43.494171 47.216640 43.594128 34.270302 23.356302 14.549301 34.364666 46.961094 55.336788 55.383728 46.952934 34.058010 21.845831 29.448238 43.284843 55.324669 60.167694 55.324669 43.284843 29.448238 21.845831 34.058002 46.952934 55.383728 55.336788 46.961102 34.364666 14.549303 23.356300 34.270302 43.594128 47.216640 43.494171 34.430244 9.338165 14.723643 22.331348 30.178345 35.150204 34.999088 29.978319,
 15.548607 26.096237 37.164642 41.908737 36.618793 24.995520 14.083265 16.750782 29.923540 44.098331 50.366062 43.824753 29.310225 15.879521 17.530779 32.623390 49.083282 56.472378 48.985638 32.364941 17.136543 17.699833 33.543808 50.896461 58.723572 50.896469 33.543808 17.699833 17.136543 32.364941 48.985638 56.472385 49.083290 32.623390 17.530779 15.879522 29.310223 43.824753 50.366055 44.098324 29.923544 16.750782 14.083265 24.995518 36.618793 41.908741 37.164642 26.096237 15.548607,
 9.701810 14.756068 22.043192 29.679203 34.549164 34.391541 29.483183 14.492799 23.160183 34.011017 43.357109 47.000130 43.260113 34.237793 21.599985 33.778156 46.731869 55.257847 55.211578 46.770878 34.182293 29.190664 43.023540 55.144753 60.051216 55.144753 43.023548 29.190662 34.182285 46.770878 55.211578 55.257847 46.731869 33.778156 21.599985 34.237793 43.260105 47.000130 43.357109 34.011017 23.160183 14.492799 29.483183 34.391541 34.549164 29.679203 22.043190 14.756068 9.701810,
 10.182430 11.345670 12.109935 12.064208 11.116166 9.610071 8.036299 16.038767 20.304083 23.997986 25.438931 23.780483 19.778212 15.096601 24.981045 33.875469 41.688148 44.958870 41.896843 34.065945 24.909401 29.729469 41.129501 51.055828 55.098190 51.055828 41.129509 29.729469 24.909403 34.065941 41.896835 44.958870 41.688148 33.875469 24.981045 15.096603 19.778208 23.780483 25.438931 23.997986 20.304085 16.038767 8.036300 9.610071 11.116165 12.064208 12.109935 11.345671 10.182430,
 17.573387 22.319273 22.906349 18.286543 11.722862 6.920274 4.710727 21.202000 30.670244 35.870422 32.123947 22.177517 12.772533 7.502980 21.775126 35.070297 46.507160 47.212914 36.293262 22.131868 12.374080 18.105062 31.507187 46.938847 54.123901 46.938850 31.507187 18.105062 12.374080 22.131868 36.293255 47.212914 46.507168 35.070301 21.775126 7.502979 12.772532 22.177513 32.123947 35.870426 30.670244 21.202000 4.710727 6.920274 11.722861 18.286543 22.906353 22.319273 17.573387,
 10.294062 16.820045 25.079834 28.234509 22.690241 13.757139 8.058498 11.126637 20.725288 33.807308 39.683155 31.935328 18.376858 9.441401 11.656025 23.767120 41.021873 49.484707 39.981537 22.486094 10.748017 11.568563 24.549557 43.557465 53.442616 43.557468 24.549557 11.568562 10.748017 22.486092 39.981529 49.484707 41.021873 23.767120 11.656024 9.441401 18.376858 31.935326 39.683151 33.807312 20.725288 11.126637 8.058498 13.757137 22.690239 28.234509 25.079834 16.820047 10.294062,
 7.399571 8.828157 12.076856 16.768135 20.204988 19.709724 15.689338 9.241404 13.648991 21.716497 30.389944 33.778000 29.143084 20.077496 12.949448 22.220041 35.602489 45.918602 45.381886 34.449909 21.136480 17.891500 31.265778 46.275402 53.166046 46.275410 31.265781 17.891500 21.136480 34.449909 45.381882 45.918602 35.602493 22.220041 12.949449 20.077496 29.143084 33.778000 30.389944 21.716499 13.648991 9.241404 15.689338 19.709724 20.204988 16.768135 12.076857 8.828158 7.399571,
 4.243236 4.569187 4.692232 4.580155 4.292040 3.988526 3.812061 5.533632 6.733276 7.639535 7.791083 7.063621 5.877888 4.828813 7.463200 10.095277 12.375929 13.153586 11.920186 9.414515 6.878828 8.301809 11.703462 14.868667 16.215511 14.868667 11.703460 8.301809 6.878828 9.414515 11.920185 13.153586 12.375929 10.095277 7.463200 4.828813 5.877889 7.063621 7.791083 7.639535 6.733276 5.533632 3.812061 3.988526 4.292040 4.580155 4.692232 4.569187 4.243236,
 5.408539 6.455210 6.233284 4.779261 3.277162 2.587085 2.717170 5.933240 8.301932 9.422190 8.030785 5.348950 3.378971 2.733755 5.762239 9.197226 12.356419 12.365909 9.052777 5.424169 3.423035 4.698028 7.980492 12.337446 14.589294 12.337446 7.980492 4.698028 3.423035 5.424169 9.052778 12.365909 12.356419 9.197226 5.762239 2.733755 3.378971 5.348950 8.030785 9.422190 8.301932 5.933240 2.717170 2.587085 3.277162 4.779261 6.233284 6.455209 5.408539,
 4.958156 6.011499 7.276033 7.794919 6.724845 5.150030 4.356218 5.116644 7.031460 9.812972 11.263489 9.424276 6.274614 4.461452 5.100889 7.811088 12.101623 14.513555 11.925843 7.373539 4.673885 4.927992 7.976992 13.009155 15.897750 13.009155 7.976992 4.927992 4.673885 7.373539 11.925843 14.513555 12.101621 7.811087 5.100889 4.461452 6.274614 9.424276 11.263489 9.812970 7.031460 5.116644 4.356218 5.150031 6.724845 7.794918 7.276032 6.011499 4.958156,
 3.603814 3.771493 4.233427 5.180430 5.958392 5.717147 4.729652 3.930172 4.852495 6.659768 8.867290 9.630387 8.036134 5.738244 4.644344 6.774193 10.310919 13.393924 12.946649 9.450120 6.137209 5.611272 8.817719 13.254675 15.623971 13.254675 8.817719 5.611271 6.137210 9.450120 12.946649 13.393927 10.310918 6.774193 4.644344 5.738244 8.036134 9.630387 8.867289 6.659768 4.852495 3.930171 4.729652 5.717147 5.958392 5.180430 4.233427 3.771492 3.603813,

Pairwise cross-correlations of the modulus of all oriented sub-bands at the same scale (size QxQ)
 57.760284 53.444633 46.687874 53.225578,
 53.444633 60.167694 53.866306 51.114166,
 46.687874 53.866306 58.723579 53.847515,
 53.225578 51.114166 53.847515 60.051212,
 55.098183 50.127533 46.684971 49.799778,
 50.127533 54.123905 49.571926 46.458946,
 46.684971 49.571926 53.442623 49.046806,
 49.799778 46.458946 49.046806 53.166046,

Cross-correlations of the modulus of all oriented sub-bands with all oriented sub-bands at the coarser scale (size QxQ)
 50.990788 47.063728 43.683571 46.891438,
 49.411896 51.836788 48.763363 45.595722,
 44.814247 47.369022 50.331745 46.886398,
 49.474510 45.864822 48.459217 51.635834,
 23.675503 20.940252 21.232866 22.390654,
 22.239679 21.806591 22.198156 21.024630,
 21.023808 20.800943 23.252882 22.147432,
 22.070530 19.530926 22.018177 23.217056,

Cross-correlations of the real part of each oriented sub-band with both the real and imaginary part of all phase-doubled oriented sub-bands at the next coarser scale (Q matrices of size 1x2Q, which are computed and stored in a matrix of size Qx2Q)
 -22.318190 -9.780694 -0.736059 -10.031389 -0.007176 0.002031 0.000363 0.014407,
 -9.526334 -22.713408 -9.366154 -0.798029 -0.014663 0.011316 -0.003335 -0.013513,
 -0.749094 -9.745582 -21.567381 -9.674872 -0.000366 0.000915 -0.016352 0.006243,
 -9.761173 -0.774721 -9.255506 -22.776705 -0.002689 -0.001151 -0.006615 0.056572,
 -12.401775 -5.144870 -0.462281 -6.040908 0.089871 0.038867 -0.005390 -0.071400,
 -5.046468 -11.671628 -5.146923 -0.621472 0.014765 0.044849 0.126916 -0.008832,
 -0.481011 -5.200865 -11.999756 -5.342305 -0.018883 -0.063313 0.425949 0.027071,
 -5.842152 -0.551338 -5.268238 -12.565272 -0.005009 -0.019720 0.177444 -0.114547,
