Low-band skewness and kurtosis
 -11.392585 146.158524,
 -7.122155 62.002445,
 -4.210674 26.593138,
 -0.294440 10.323195,

High-band variance
 17.210175,

Skewness, kurtosis, variance, mean, maximum and minimum of the reconstructed texture
 -11.469946 138.974899 328.130768 253.302582 255.000000 0.000000,

Auto-correlations of the low-frequency bands at each scale
 1.362068 -1.834004 0.005457 2.748019 0.126503 -2.082761 0.829346 2.978809 16.004019 55.256340 79.096611 54.277294 13.522946 -1.411537 10.528734 61.520096 166.715073 225.710205 166.084641 59.473995 6.139917 13.913479 87.874779 228.793854 306.261749 228.793854 87.874794 13.913479 6.139917 59.473995 166.084671 225.710159 166.715057 61.520100 10.528732 -1.411537 13.522946 54.277294 79.096611 55.256332 16.004021 2.978808 0.829345 -2.082760 0.126504 2.748019 0.005456 -1.834004 1.362069,
 8.962449 3.921863 -6.447309 -6.460753 -0.618656 4.914473 7.710329 4.204416 -7.573537 -5.183524 5.524514 -2.858344 -7.689361 5.527296 1.206332 1.880394 55.736862 98.804260 54.167812 -0.702532 1.939482 1.745835 13.533500 102.425171 167.728500 102.425179 13.533500 1.745835 1.939482 -0.702533 54.167805 98.804260 55.736874 1.880394 1.206332 5.527296 -7.689360 -2.858343 5.524514 -5.183525 -7.573537 4.204415 7.710329 4.914472 -0.618657 -6.460753 -6.447309 3.921862 8.962449,
 5.831892 4.747631 2.288683 0.633738 0.590115 2.882868 4.439193 4.067061 -1.254578 -1.632547 1.046673 -0.789602 -0.290017 3.474993 0.026984 -0.450655 16.875181 31.830587 18.568937 1.345442 -0.036433 -1.557429 4.311018 34.586502 56.635700 34.586502 4.311017 -1.557429 -0.036433 1.345443 18.568935 31.830584 16.875181 -0.450655 0.026984 3.474993 -0.290017 -0.789603 1.046673 -1.632546 -1.254578 4.067062 4.439193 2.882868 0.590114 0.633737 2.288683 4.747631 5.831892,
 1.649724 2.121671 0.828523 -0.383985 -0.328441 0.047378 -0.007476 1.599738 1.331315 0.723899 0.703259 0.106694 -0.584715 -0.364251 0.765572 0.705212 3.394419 6.027777 3.627256 0.105809 -0.158076 0.230028 0.857702 5.984930 9.847923 5.984930 0.857702 0.230028 -0.158075 0.105809 3.627256 6.027776 3.394419 0.705211 0.765572 -0.364251 -0.584715 0.106694 0.703259 0.723899 1.331315 1.599738 -0.007476 0.047378 -0.328441 -0.383985 0.828523 2.121671 1.649724,

Auto-correlations of the modulus of each oriented sub-band
 14.725205 16.119568 17.065359 17.401630 17.074064 16.182907 14.914768 24.779348 28.503237 31.122423 32.025803 30.974634 28.281263 24.603115 35.319698 41.781887 46.444992 48.118301 46.305454 41.565544 35.111290 39.882618 47.615135 53.276878 55.389278 53.276878 47.615135 39.882614 35.111290 41.565544 46.305454 48.118294 46.444992 41.781891 35.319695 24.603115 28.281263 30.974634 32.025806 31.122419 28.503239 24.779348 14.914768 16.182905 17.074064 17.401630 17.065359 16.119568 14.725205,
 29.378664 33.464073 33.237846 28.481625 21.320005 14.665513 10.233417 33.916374 41.831680 44.971092 41.428543 32.748135 22.841265 15.051882 34.014523 45.290077 52.828896 52.759216 44.880211 33.060219 22.037256 29.348454 41.851746 52.859638 57.344200 52.859646 41.851749 29.348450 22.037258 33.060219 44.880207 52.759216 52.828896 45.290077 34.014519 15.051882 22.841263 32.748135 41.428543 44.971092 41.831680 33.916374 10.233418 14.665511 21.320005 28.481625 33.237846 33.464077 29.378664,
 16.723335 26.507072 37.233372 42.261906 37.898460 27.410025 17.319084 18.493330 30.777267 44.288754 50.519745 44.762642 31.391348 18.867231 19.727337 33.845554 49.388180 56.468868 49.635338 34.153378 19.902411 20.223536 35.062248 51.340427 58.658588 51.340424 35.062248 20.223536 19.902411 34.153374 49.635345 56.468868 49.388172 33.845554 19.727337 18.867231 31.391344 44.762650 50.519745 44.288754 30.777273 18.493330 17.319082 27.410023 37.898460 42.261902 37.233372 26.507074 16.723335,
 10.271142 14.997879 21.836939 29.093822 33.808979 33.791065 29.390619 15.250361 23.048256 32.968952 41.682537 45.127399 41.674145 33.520138 22.042656 32.904102 44.748920 52.708935 52.638783 44.796116 33.456528 28.986748 41.372208 52.550400 57.177296 52.550400 41.372208 28.986748 33.456528 44.796116 52.638790 52.708935 44.748917 32.904106 22.042654 33.520138 41.674145 45.127399 41.682529 32.968952 23.048256 15.250361 29.390619 33.791061 33.808979 29.093824 21.836939 14.997879 10.271142,
 9.507749 10.811667 11.971243 12.674821 12.731174 12.175103 11.150744 15.248367 19.652946 23.442745 25.218681 24.289648 21.182905 17.104666 23.636042 32.612972 40.202461 43.406849 40.816128 33.761486 25.098766 28.546503 39.756149 49.136818 52.874535 49.136818 39.756149 28.546503 25.098772 33.761486 40.816120 43.406849 40.202465 32.612972 23.636040 17.104666 21.182903 24.289644 25.218681 23.442747 19.652945 15.248368 11.150744 12.175103 12.731173 12.674823 11.971243 10.811666 9.507749,
 17.693521 21.600811 21.734735 17.939041 13.337337 10.307236 8.668959 21.486877 30.252708 34.593143 30.787409 22.106665 14.526362 10.326847 21.795074 34.481079 45.091820 45.412697 35.073742 22.300446 13.647921 18.305901 30.869270 45.338963 52.173679 45.338963 30.869270 18.305901 13.647921 22.300446 35.073738 45.412697 45.091827 34.481079 21.795074 10.326847 14.526361 22.106665 30.787409 34.593151 30.252712 21.486874 8.668959 10.307236 13.337337 17.939041 21.734737 21.600811 17.693521,
 12.377234 18.492849 26.545612 30.742737 26.716181 18.674627 12.920259 14.233556 23.481161 36.172462 42.767944 36.335491 23.787331 14.940346 15.908717 27.794119 44.474449 53.155216 44.545013 27.988691 16.373869 16.747534 29.589708 47.837734 57.371067 47.837738 29.589712 16.747534 16.373869 27.988695 44.545017 53.155216 44.474449 27.794119 15.908717 14.940348 23.787329 36.335491 42.767944 36.172459 23.481165 14.233559 12.920259 18.674627 26.716181 30.742733 26.545612 18.492851 12.377234,
 7.226816 9.366118 13.511303 19.168159 23.342295 23.277304 19.655233 9.429644 14.757879 23.564604 32.778679 36.543827 32.388157 24.006517 14.067090 24.048698 37.527508 47.775280 47.414612 37.179626 24.527876 20.266813 33.606739 48.021751 54.607685 48.021751 33.606739 20.266813 24.527876 37.179626 47.414612 47.775280 37.527512 24.048700 14.067090 24.006517 32.388157 36.543827 32.778679 23.564606 14.757879 9.429644 19.655233 23.277302 23.342295 19.168159 13.511306 9.366118 7.226817,
 4.382769 4.450679 4.548143 4.578425 4.469196 4.254222 4.002838 5.320263 6.134830 6.945195 7.267942 6.843756 5.908159 4.902448 6.668265 8.896842 11.027787 11.860421 10.811078 8.571172 6.297778 7.231173 10.260839 13.262442 14.587257 13.262442 10.260837 7.231174 6.297777 8.571173 10.811078 11.860421 11.027787 8.896842 6.668265 4.902447 5.908160 6.843756 7.267942 6.945195 6.134829 5.320263 4.002838 4.254222 4.469196 4.578425 4.548142 4.450679 4.382768,
 6.767738 7.721654 7.797803 6.860754 5.590071 4.651457 4.221587 7.759602 10.077415 11.331635 10.396810 7.987006 5.760662 4.564353 7.762629 11.370970 14.573653 14.793553 11.736575 7.889049 5.387282 6.686122 10.354252 14.810111 16.960135 14.810111 10.354252 6.686122 5.387282 7.889048 11.736575 14.793553 14.573653 11.370969 7.762629 4.564352 5.760663 7.987007 10.396809 11.331635 10.077414 7.759602 4.221587 4.651457 5.590071 6.860754 7.797803 7.721654 6.767738,
 5.363836 6.846501 8.800657 9.661092 8.318151 6.040200 4.547522 5.429695 7.904447 11.571406 13.418633 11.204556 7.350259 4.897201 5.415567 8.757774 13.997910 16.839291 13.802478 8.483283 5.152701 5.322658 9.017328 14.934500 18.280941 14.934500 9.017328 5.322659 5.152700 8.483283 13.802478 16.839289 13.997910 8.757774 5.415567 4.897201 7.350258 11.204555 13.418633 11.571406 7.904447 5.429695 4.547522 6.040200 8.318151 9.661091 8.800657 6.846501 5.363837,
 3.856325 3.881341 4.287203 5.264802 6.185376 6.312364 5.766825 3.847814 4.662563 6.549110 8.900432 9.949258 8.897402 6.878761 4.355020 6.570568 10.255928 13.398856 13.269673 10.170870 6.747987 5.539399 9.013522 13.420609 15.633221 13.420609 9.013521 5.539399 6.747987 10.170870 13.269672 13.398857 10.255927 6.570568 4.355020 6.878761 8.897402 9.949257 8.900432 6.549110 4.662562 3.847814 5.766825 6.312364 6.185376 5.264802 4.287203 3.881341 3.856325,

Pairwise cross-correlations of the modulus of all oriented sub-bands at the same scale (size QxQ)
 55.389267 51.095173 45.003605 50.495968,
 51.095173 57.344185 52.116821 48.370274,
 45.003605 52.116821 58.658554 52.161457,
 50.495968 48.370274 52.161457 57.177296,
 52.874523 48.156570 46.562862 49.636143,
 48.156570 52.173672 49.503712 46.362015,
 46.562862 49.503712 57.371056 51.459141,
 49.636143 46.362015 51.459141 54.607685,

Cross-correlations of the modulus of all oriented sub-bands with all oriented sub-bands at the coarser scale (size QxQ)
 48.452755 44.606724 43.325527 45.650074,
 47.192478 49.689751 48.658516 45.218815,
 43.838715 46.666767 52.593716 48.037182,
 47.096310 43.492031 48.481110 50.576851,
 21.485262 22.474960 21.409924 21.052265,
 20.705141 23.596844 22.765842 20.259932,
 20.158480 23.812250 26.129314 22.911152,
 20.792789 22.242325 23.679033 22.783875,

Cross-correlations of the real part of each oriented sub-band with both the real and imaginary part of all phase-doubled oriented sub-bands at the next coarser scale (Q matrices of size 1x2Q, which are computed and stored in a matrix of size Qx2Q)
 -19.898512 -9.140635 -0.674385 -9.192270 0.133495 0.062623 0.006343 0.014287,
 -8.581439 -21.375202 -9.260159 -0.842905 0.128838 0.090931 0.011298 0.022766,
 -0.670453 -9.477097 -22.156677 -9.795013 0.020683 -0.047965 0.052262 0.115205,
 -8.644658 -0.819347 -9.654821 -21.676640 0.028528 -0.036955 0.054945 0.067210,
 -10.698993 -4.923708 -0.452306 -4.445241 -0.477717 -0.024628 0.019598 0.119230,
 -4.959852 -11.478914 -5.545319 -0.473513 -0.178069 0.285703 0.059999 0.041769,
 -0.488552 -5.340224 -12.547958 -5.185081 -0.015629 0.177901 0.253855 0.091223,
 -4.521272 -0.518555 -5.360865 -10.850297 -0.210165 -0.017002 0.173887 0.074433,
