Low-band skewness and kurtosis
 -11.344271 145.219315,
 -6.838048 55.541767,
 -3.749966 19.757587,
 -0.405714 5.600320,

High-band variance
 17.453489,

Skewness, kurtosis, variance, mean, maximum and minimum of the reconstructed texture
 -11.421665 137.876846 329.403778 253.291092 255.000000 0.000000,

Auto-correlations of the low-frequency bands at each scale
 4.665030 0.876365 0.944666 3.031852 1.265846 0.204512 2.999760 0.272727 14.577848 54.945957 79.835922 54.907001 13.614344 -0.939813 -0.743988 54.237190 164.750229 226.620667 164.579636 53.644199 -0.999015 0.400358 78.274147 226.065796 307.206238 226.065796 78.274147 0.400359 -0.999014 53.644199 164.579666 226.620667 164.750229 54.237190 -0.743988 -0.939813 13.614342 54.907005 79.835922 54.945957 14.577851 0.272727 2.999760 0.204512 1.265845 3.031852 0.944666 0.876364 4.665030,
 9.116931 3.316512 -2.914925 -4.218693 -1.503582 5.346963 9.144426 4.147722 -9.257799 -3.534750 7.535594 -2.814287 -9.042885 1.643997 -4.279505 -5.763300 52.711235 99.050194 52.792900 -6.261961 -6.258043 -7.808731 3.296929 97.502213 166.005417 97.502213 3.296928 -7.808731 -6.258043 -6.261961 52.792900 99.050194 52.711235 -5.763300 -4.279504 1.643998 -9.042885 -2.814287 7.535594 -3.534750 -9.257799 4.147721 9.144426 5.346963 -1.503582 -4.218693 -2.914924 3.316512 9.116931,
 3.072364 2.173289 -0.497628 -2.173650 -0.498995 2.913248 4.072614 3.124433 -0.635429 -0.958614 1.111203 -0.498092 0.714486 5.205822 0.444396 -0.194099 16.474504 30.602112 16.429535 0.279908 1.862216 -1.207731 1.444421 30.241119 52.483322 30.241119 1.444421 -1.207730 1.862216 0.279908 16.429535 30.602112 16.474504 -0.194099 0.444396 5.205822 0.714486 -0.498092 1.111203 -0.958614 -0.635429 3.124433 4.072614 2.913248 -0.498995 -2.173650 -0.497628 2.173288 3.072364,
 1.203284 0.593862 0.162110 0.280233 0.488849 0.672347 0.774475 1.398767 0.271844 0.061963 0.737661 0.642832 0.468463 0.753709 0.596462 0.096985 2.224901 4.491690 3.015800 0.631766 0.220129 -0.061373 0.563990 4.460991 7.314813 4.460991 0.563990 -0.061373 0.220129 0.631766 3.015800 4.491690 2.224901 0.096985 0.596462 0.753709 0.468463 0.642832 0.737661 0.061963 0.271844 1.398767 0.774475 0.672347 0.488849 0.280233 0.162110 0.593863 1.203284,

Auto-correlations of the modulus of each oriented sub-band
 14.967521 16.461521 17.509941 17.925352 17.612255 16.641518 15.185008 24.878870 28.890854 31.765417 32.864491 31.908251 29.152750 25.226789 35.672306 42.624222 47.649529 49.536705 47.763763 42.828926 35.944611 40.605301 48.902405 54.915462 57.135517 54.915462 48.902412 40.605301 35.944611 42.828926 47.763763 49.536705 47.649521 42.624222 35.672306 25.226791 29.152750 31.908251 32.864491 31.765417 28.890854 24.878866 15.185011 16.641518 17.612255 17.925352 17.509941 16.461521 14.967521,
 30.368975 35.043201 35.028095 30.060898 22.354664 14.957587 9.746866 34.779591 43.539745 47.073349 43.385056 34.101795 23.302309 14.598655 34.468807 46.819271 55.020767 55.002369 46.602394 33.814644 21.710091 29.338047 43.004887 54.895561 59.684750 54.895561 43.004887 29.338047 21.710091 33.814636 46.602402 55.002361 55.020767 46.819283 34.468800 14.598652 23.302309 34.101795 43.385056 47.073349 43.539753 34.779591 9.746866 14.957586 22.354670 30.060898 35.028099 35.043201 30.368975,
 14.044238 24.512629 35.651836 40.711727 35.977169 25.083227 14.721811 15.533500 28.460854 42.489925 48.857227 42.687717 28.840534 16.020899 16.598125 31.296455 47.438774 54.781143 47.527584 31.481472 16.852087 17.065304 32.389889 49.288830 56.979385 49.288830 32.389896 17.065302 16.852087 31.481470 47.527584 54.781151 47.438778 31.296455 16.598124 16.020899 28.840528 42.687717 48.857224 42.489929 28.460855 15.533498 14.721811 25.083227 35.977169 40.711727 35.651836 24.512629 14.044238,
 9.365485 14.837487 22.477095 30.327520 35.360600 35.396561 30.668453 14.467153 23.433022 34.391479 43.717476 47.422466 43.912682 35.104252 21.858290 34.159782 46.989063 55.351227 55.391167 47.245827 34.837822 29.669476 43.447536 55.296867 60.032322 55.296867 43.447536 29.669470 34.837822 47.245827 55.391167 55.351227 46.989063 34.159782 21.858288 35.104252 43.912682 47.422466 43.717472 34.391479 23.433025 14.467153 30.668453 35.396553 35.360600 30.327520 22.477095 14.837487 9.365486,
 10.947784 12.153411 13.144316 13.561050 13.213059 12.352500 11.432384 17.297134 21.748503 25.469803 26.912155 25.354259 21.625311 17.380005 25.733906 34.997494 42.801323 45.849472 42.620537 34.747040 25.586283 29.915415 41.646805 51.627880 55.636101 51.627884 41.646805 29.915411 25.586287 34.747032 42.620537 45.849472 42.801327 34.997494 25.733908 17.380005 21.625311 25.354256 26.912153 25.469803 21.748503 17.297134 11.432384 12.352500 13.213061 13.561050 13.144316 12.153413 10.947784,
 18.235018 22.020340 22.385799 18.628094 13.197370 9.151752 7.449134 22.563976 31.221203 35.657642 32.136890 22.945663 14.066507 9.109154 22.907505 36.079155 46.876083 47.397240 36.855755 22.862328 12.956376 18.631304 32.350433 47.564751 54.484810 47.564751 32.350433 18.631304 12.956376 22.862322 36.855747 47.397240 46.876083 36.079159 22.907503 9.109154 14.066505 22.945663 32.136894 35.657635 31.221207 22.563974 7.449134 9.151752 13.197369 18.628094 22.385801 22.020342 18.235014,
 9.994489 15.663048 24.322596 28.998940 24.652525 15.700767 9.517110 10.999494 19.846628 33.268772 40.351627 33.552963 20.007334 10.825023 11.755796 23.308043 40.747257 49.851212 40.894619 23.432583 11.724584 12.048201 24.717710 43.749710 53.634186 43.749710 24.717710 12.048201 11.724585 23.432583 40.894619 49.851212 40.747257 23.308044 11.755796 10.825023 20.007334 33.552963 40.351627 33.268776 19.846628 10.999494 9.517111 15.700766 24.652525 28.998940 24.322596 15.663049 9.994487,
 6.708344 8.412473 12.667023 18.551224 22.628866 22.245119 18.407763 8.653533 13.580493 22.700111 32.312099 35.993290 31.365450 22.583342 12.718847 22.534369 36.738087 47.577801 47.018158 35.945160 22.754673 18.459936 32.077377 47.509445 54.612675 47.509445 32.077377 18.459938 22.754673 35.945160 47.018150 47.577801 36.738091 22.534372 12.718847 22.583342 31.365450 35.993290 32.312099 22.700113 13.580492 8.653534 18.407764 22.245119 22.628862 18.551226 12.667024 8.412473 6.708345,
 2.892659 3.073431 3.282939 3.445573 3.486085 3.405454 3.234710 4.055033 5.024971 6.012430 6.553755 6.337412 5.502022 4.475525 5.927348 8.440131 10.883990 12.036114 11.179518 8.859715 6.296512 7.091057 10.530003 13.834654 15.265085 13.834654 10.530003 7.091056 6.296513 8.859715 11.179520 12.036114 10.883990 8.440130 5.927348 4.475525 5.502022 6.337412 6.553755 6.012429 5.024971 4.055032 3.234710 3.405455 3.486085 3.445573 3.282939 3.073430 2.892658,
 5.159319 6.413035 6.712961 5.748203 4.488729 3.791078 3.623950 6.018836 8.491148 10.077141 9.203648 6.781702 4.784697 3.876444 6.211675 9.723322 13.171646 13.546271 10.442355 6.772341 4.547864 5.530676 8.950854 13.406004 15.686035 13.406003 8.950853 5.530676 4.547864 6.772341 10.442353 13.546271 13.171646 9.723321 6.211676 3.876444 4.784696 6.781701 9.203646 10.077139 8.491149 6.018837 3.623950 3.791078 4.488729 5.748203 6.712961 6.413034 5.159319,
 3.073459 4.421432 6.428054 7.274217 5.948814 4.232187 3.736195 3.261226 5.117517 8.421253 10.173564 8.093913 5.015594 3.807208 3.496553 5.842813 10.413035 13.117360 10.243863 5.793334 3.803209 3.699404 6.146623 11.231883 14.430287 11.231883 6.146623 3.699404 3.803209 5.793334 10.243863 13.117360 10.413035 5.842813 3.496553 3.807208 5.015594 8.093912 10.173563 8.421253 5.117517 3.261225 3.736195 4.232187 5.948815 7.274217 6.428055 4.421431 3.073459,
 2.900571 3.264999 4.044740 5.206016 6.167017 6.221187 5.402112 2.941120 4.147595 6.381016 8.821251 9.788009 8.506074 6.180495 3.758525 6.392184 10.354676 13.494534 13.205676 9.846651 6.170159 5.129988 8.920899 13.534765 15.804773 13.534765 8.920898 5.129988 6.170159 9.846651 13.205676 13.494534 10.354678 6.392184 3.758525 6.180495 8.506074 9.788009 8.821251 6.381015 4.147594 2.941120 5.402112 6.221188 6.167017 5.206016 4.044740 3.264999 2.900571,

Pairwise cross-correlations of the modulus of all oriented sub-bands at the same scale (size QxQ)
 57.135517 52.606861 45.341614 53.028179,
 52.606861 59.684715 52.600101 50.707554,
 45.341614 52.600101 56.979393 52.998627,
 53.028179 50.707554 52.998627 60.032310,
 55.636093 51.023605 47.660740 50.810696,
 51.023605 54.484818 49.898968 46.666874,
 47.660740 49.898968 53.634167 49.939079,
 50.810696 46.666874 49.939079 54.612659,

Cross-correlations of the modulus of all oriented sub-bands with all oriented sub-bands at the coarser scale (size QxQ)
 51.135807 46.935890 43.665424 47.273289,
 49.396137 51.602524 48.351070 45.789780,
 44.434406 46.576519 49.677784 46.605206,
 49.561405 45.964218 48.649822 52.056583,
 23.404472 22.352751 20.132084 22.884283,
 21.622086 22.815943 20.760513 21.423344,
 20.618097 21.801359 21.630846 22.257631,
 21.934004 21.223372 20.939846 23.454052,

Cross-correlations of the real part of each oriented sub-band with both the real and imaginary part of all phase-doubled oriented sub-bands at the next coarser scale (Q matrices of size 1x2Q, which are computed and stored in a matrix of size Qx2Q)
 -22.604738 -10.200045 -0.791745 -9.899295 0.050689 0.015171 -0.016320 0.011820,
 -9.955621 -23.251373 -9.222632 -0.705472 0.033776 0.000749 0.044096 -0.005582,
 -0.790441 -9.776818 -21.031689 -9.725554 -0.021160 0.005154 -0.044660 0.004917,
 -9.678645 -0.737120 -9.164468 -22.990948 -0.038777 0.006267 -0.104274 0.033894,
 -12.166032 -5.355572 -0.469859 -5.173087 -0.459752 0.237183 -0.047991 -0.003893,
 -5.331409 -11.598038 -4.840980 -0.445655 -0.008045 0.680104 -0.030919 0.025560,
 -0.478779 -4.808970 -11.276624 -4.837198 0.056588 0.213754 -0.003502 -0.045998,
 -5.258584 -0.479208 -5.013793 -11.461243 -0.212430 -0.027235 -0.073190 -0.150540,
