Low-band skewness and kurtosis
 -11.335812 145.047379,
 -6.824170 55.204281,
 -3.436478 15.884179,
 -0.399504 7.634742,

High-band variance
 17.516127,

Skewness, kurtosis, variance, mean, maximum and minimum of the reconstructed texture
 -11.420830 137.879913 329.336365 253.290619 255.000000 0.000000,

Auto-correlations of the low-frequency bands at each scale
 -0.307471 -3.665500 -0.483703 2.413320 -1.507540 -3.980793 -0.059290 -5.277657 9.685357 53.113960 79.683037 54.180496 12.124110 -2.624624 -3.363592 51.425911 163.246323 226.416763 165.040009 54.461899 -0.498823 0.932160 78.513725 225.997421 307.044769 225.997406 78.513733 0.932160 -0.498824 54.461895 165.040009 226.416763 163.246323 51.425907 -3.363592 -2.624625 12.124108 54.180496 79.683037 53.113968 9.685356 -5.277656 -0.059290 -3.980793 -1.507542 2.413320 -0.483700 -3.665500 -0.307471,
 11.811197 7.259480 -1.155600 -6.104317 -5.143226 2.536018 6.921221 6.534630 -7.139423 -4.596130 4.138774 -6.110529 -11.010962 0.771757 -4.945089 -6.901822 50.589912 97.237221 51.567146 -7.737758 -8.052450 -10.610578 1.254705 96.656380 165.833557 96.656380 1.254705 -10.610578 -8.052450 -7.737758 51.567139 97.237221 50.589916 -6.901822 -4.945089 0.771757 -11.010962 -6.110529 4.138774 -4.596130 -7.139424 6.534630 6.921221 2.536019 -5.143226 -6.104317 -1.155599 7.259481 11.811196,
 2.622130 1.995849 1.577622 1.815344 1.733183 2.696602 4.334845 1.918153 -0.303916 1.824367 4.421828 -0.253099 -2.469074 1.929493 -0.461493 0.211612 17.140514 29.852348 13.779384 -3.499692 -1.453971 -2.056242 0.619344 28.461950 49.901062 28.461945 0.619344 -2.056242 -1.453971 -3.499692 13.779384 29.852348 17.140516 0.211612 -0.461493 1.929493 -2.469073 -0.253100 4.421828 1.824368 -0.303916 1.918153 4.334845 2.696602 1.733183 1.815345 1.577622 1.995849 2.622130,
 0.627442 1.023262 1.083095 0.361409 -0.545386 -0.130517 1.100318 0.463999 0.328369 0.715635 0.521086 -0.945791 -0.793623 1.076957 -0.036914 0.092079 2.928531 4.861543 2.051126 -0.272598 0.815799 0.261437 0.389495 4.671736 8.126203 4.671736 0.389495 0.261437 0.815799 -0.272598 2.051126 4.861543 2.928531 0.092079 -0.036914 1.076957 -0.793623 -0.945791 0.521086 0.715635 0.328369 0.463999 1.100318 -0.130517 -0.545386 0.361409 1.083095 1.023262 0.627442,

Auto-correlations of the modulus of each oriented sub-band
 15.598184 16.864403 17.666592 17.826727 17.252838 16.021566 14.317986 25.523911 29.496281 32.295319 33.264988 32.118080 29.117630 24.909283 36.274757 43.299290 48.335175 50.167824 48.288044 43.191433 36.081463 41.027485 49.450241 55.513813 57.741211 55.513805 49.450241 41.027485 36.081470 43.191433 48.288044 50.167824 48.335175 43.299297 36.274757 24.909283 29.117630 32.118076 33.264988 32.295319 29.496281 25.523909 14.317987 16.021568 17.252840 17.826725 17.666592 16.864403 15.598181,
 30.284883 34.700485 34.495159 29.400352 21.554884 13.978585 8.585396 34.441021 43.011963 46.425106 42.692566 33.364086 22.462963 13.606408 34.030743 46.271103 54.391361 54.363544 45.976158 33.162930 20.977173 28.805182 42.459415 54.315899 59.085140 54.315899 42.459415 28.805182 20.977173 33.162930 45.976158 54.363541 54.391361 46.271107 34.030739 13.606407 22.462959 33.364090 42.692562 46.425102 43.011974 34.441021 8.585395 13.978585 21.554884 29.400352 34.495159 34.700485 30.284882,
 15.163835 25.223051 35.975033 40.698219 35.789257 24.738951 14.184197 16.336349 29.095375 42.885254 49.011162 42.794857 28.802401 15.663862 17.095720 31.870012 47.919880 55.093407 47.894024 31.740879 16.757692 17.263966 32.855293 49.783539 57.357391 49.783539 32.855293 17.263962 16.757692 31.740873 47.894024 55.093399 47.919880 31.870014 17.095720 15.663861 28.802397 42.794857 49.011162 42.885254 29.095375 16.336349 14.184200 24.738945 35.789265 40.698227 35.975033 25.223051 15.163835,
 9.157567 13.835785 20.920782 28.525290 33.552574 33.695198 29.090096 13.448437 21.856628 32.500679 41.760777 45.541557 42.148315 33.460304 20.346184 32.327629 45.041698 53.440277 53.541328 45.445835 33.136902 27.971478 41.593143 53.423717 58.184063 53.423717 41.593143 27.971478 33.136902 45.445835 53.541328 53.440277 45.041698 32.327637 20.346182 33.460304 42.148315 45.541553 41.760777 32.500679 21.856628 13.448435 29.090097 33.695198 33.552574 28.525290 20.920786 13.835786 9.157567,
 12.394275 13.693720 14.245607 13.863482 12.585752 10.768894 8.875525 18.145370 22.363573 25.516027 26.273645 24.072914 19.766361 14.950158 26.060734 35.094227 42.604580 45.390656 41.910130 33.785450 24.383020 29.716125 41.458908 51.521141 55.586349 51.521145 41.458916 29.716125 24.383017 33.785446 41.910130 45.390656 42.604580 35.094227 26.060734 14.950158 19.766365 24.072912 26.273645 25.516031 22.363573 18.145370 8.875525 10.768894 12.585754 13.863482 14.245607 13.693720 12.394275,
 19.714771 24.094400 24.223375 19.600780 13.320457 8.705914 6.307543 23.872581 33.619068 38.357956 34.163441 23.803736 13.911156 8.216588 23.848948 38.256447 49.871750 50.287918 38.795048 23.596947 12.747975 19.099676 33.952637 50.271374 57.660923 50.271374 33.952641 19.099676 12.747975 23.596947 38.795044 50.287918 49.871750 38.256451 23.848948 8.216588 13.911156 23.803734 34.163437 38.357956 33.619068 23.872581 6.307544 8.705914 13.320457 19.600782 24.223375 24.094400 19.714771,
 10.924232 17.202520 25.592731 29.700655 24.890747 15.472587 8.435801 11.808574 21.201653 34.582169 41.343079 33.945431 19.583431 9.462856 12.052183 24.276606 42.162693 51.369328 41.796318 23.308605 10.618543 11.600376 25.147112 45.080944 55.438671 45.080944 25.147112 11.600375 10.618543 23.308605 41.796318 51.369328 42.162701 24.276609 12.052183 9.462856 19.583431 33.945431 41.343079 34.582169 21.201653 11.808574 8.435801 15.472584 24.890741 29.700655 25.592733 17.202522 10.924231,
 9.598708 11.585536 15.086703 19.977928 23.317358 22.194111 17.294441 11.308689 15.838062 24.051897 32.967545 36.295052 31.123453 21.410395 14.391625 23.719814 37.409847 48.014500 47.369083 35.926327 22.154585 18.877794 32.483585 47.946175 55.055416 47.946178 32.483585 18.877794 22.154585 35.926327 47.369083 48.014500 37.409851 23.719816 14.391623 21.410397 31.123451 36.295052 32.967545 24.051903 15.838062 11.308689 17.294443 22.194111 23.317356 19.977930 15.086706 11.585536 9.598707,
 3.774871 4.167795 4.587140 4.817571 4.791946 4.639090 4.486928 4.710173 5.883250 7.052981 7.573635 7.144545 6.120805 5.093689 6.239669 8.700585 11.164786 12.264247 11.229941 8.804769 6.360326 7.121774 10.331126 13.567646 15.005538 13.567646 10.331126 7.121774 6.360328 8.804769 11.229941 12.264247 11.164786 8.700584 6.239669 5.093689 6.120805 7.144544 7.573635 7.052980 5.883250 4.710173 4.486928 4.639090 4.791945 4.817571 4.587141 4.167795 3.774871,
 4.044409 4.960186 5.276539 4.630306 3.512966 2.795175 2.786384 4.582258 6.644337 7.981908 7.286788 5.149648 3.311372 2.628945 4.484822 7.568463 10.683710 11.030281 8.158730 4.810799 2.953790 3.756196 6.729725 10.850677 13.021642 10.850677 6.729725 3.756195 2.953790 4.810799 8.158730 11.030281 10.683709 7.568463 4.484821 2.628945 3.311372 5.149648 7.286787 7.981908 6.644337 4.582257 2.786384 2.795175 3.512966 4.630306 5.276539 4.960186 4.044408,
 2.816206 4.097638 5.895765 6.809871 5.980802 4.453184 3.536317 2.921717 4.935167 8.030032 9.698076 8.144001 5.234541 3.486930 3.066329 5.743781 10.114933 12.556439 10.211421 5.918967 3.375364 3.230345 6.144779 11.057591 13.825906 11.057591 6.144779 3.230345 3.375364 5.918967 10.211422 12.556437 10.114933 5.743781 3.066329 3.486930 5.234541 8.144001 9.698076 8.030032 4.935166 2.921717 3.536317 4.453183 5.980803 6.809870 5.895765 4.097639 2.816206,
 2.822896 3.181490 4.050229 5.204244 5.989483 5.873133 5.033207 3.043947 4.188045 6.378980 8.666339 9.358678 7.904455 5.625954 3.787894 6.179297 9.994060 13.006090 12.540743 9.117746 5.617537 4.848346 8.356763 12.911540 15.212723 12.911540 8.356762 4.848346 5.617537 9.117746 12.540743 13.006092 9.994059 6.179298 3.787894 5.625954 7.904455 9.358677 8.666339 6.378981 4.188045 3.043947 5.033208 5.873133 5.989482 5.204244 4.050229 3.181490 2.822896,

Pairwise cross-correlations of the modulus of all oriented sub-bands at the same scale (size QxQ)
 57.741211 52.862850 45.765820 52.363876,
 52.862850 59.085133 52.820477 49.530739,
 45.765820 52.820477 57.357376 52.166328,
 52.363876 49.530739 52.166328 58.184063,
 55.586349 52.138649 48.014107 51.246399,
 52.138649 57.660915 52.608070 49.350567,
 48.014107 52.608070 55.438679 50.975349,
 51.246399 49.350567 50.975349 55.055405,

Cross-correlations of the modulus of all oriented sub-bands with all oriented sub-bands at the coarser scale (size QxQ)
 51.631695 49.027309 44.670101 48.102184,
 49.259724 53.231010 49.339371 46.303123,
 44.146542 48.527149 50.919456 47.496872,
 48.606152 46.744087 48.711349 51.823589,
 22.904129 19.838768 19.741795 21.974258,
 21.995068 20.936598 21.024477 21.467678,
 20.790537 19.784819 21.368580 21.842249,
 21.890549 18.857733 20.809790 23.136217,

Cross-correlations of the real part of each oriented sub-band with both the real and imaginary part of all phase-doubled oriented sub-bands at the next coarser scale (Q matrices of size 1x2Q, which are computed and stored in a matrix of size Qx2Q)
 -22.985163 -10.233752 -0.748999 -10.021447 0.005919 0.005938 0.006142 0.014938,
 -9.936554 -23.972439 -9.867507 -0.759743 -0.004519 0.016498 0.025693 -0.002144,
 -0.768180 -10.265210 -22.432106 -9.808168 0.005406 0.017002 0.034647 0.007765,
 -9.865270 -0.759615 -9.496961 -23.083912 0.012560 0.001087 0.014105 0.032446,
 -12.072601 -5.154869 -0.546514 -5.724397 0.114729 -0.027548 -0.013478 0.071438,
 -5.175418 -10.868938 -4.499281 -0.520697 0.076018 -0.191850 -0.048464 -0.020321,
 -0.530774 -4.553742 -10.904757 -5.386998 -0.015945 -0.017657 -0.077309 -0.000307,
 -5.579874 -0.553121 -5.232450 -12.641198 -0.015095 0.033357 -0.029989 0.132629,
