Low-band skewness and kurtosis
 -11.459418 147.592773,
 -7.421070 65.818649,
 -4.560298 28.015953,
 0.404548 7.788430,

High-band variance
 17.306402,

Skewness, kurtosis, variance, mean, maximum and minimum of the reconstructed texture
 -11.546622 140.720154 324.799316 253.323959 255.000000 0.000000,

Auto-correlations of the low-frequency bands at each scale
 2.421100 0.849736 7.010034 17.027733 20.907240 18.186298 13.276039 -1.907368 13.353978 58.114300 90.389122 72.910500 32.956196 12.023300 2.785193 55.251034 163.593063 227.567474 172.905777 68.129089 12.765311 10.766012 85.094696 225.641876 302.767578 225.641846 85.094704 10.766012 12.765311 68.129089 172.905777 227.567474 163.593063 55.251038 2.785193 12.023300 32.956196 72.910500 90.389114 58.114300 13.353979 -1.907367 13.276039 18.186298 20.907240 17.027733 7.010033 0.849736 2.421099,
 17.061157 17.322420 8.170011 4.352102 6.654286 10.135814 12.136921 8.867375 -2.973320 2.134487 17.107553 9.530540 -0.483084 6.915896 1.935197 -2.060838 54.392738 105.923912 64.963921 4.828455 0.789415 0.005192 11.393869 103.316925 170.824005 103.316933 11.393869 0.005191 0.789415 4.828455 64.963921 105.923904 54.392746 -2.060837 1.935197 6.915897 -0.483084 9.530539 17.107553 2.134489 -2.973320 8.867375 12.136922 10.135814 6.654286 4.352103 8.170012 17.322424 17.061157,
 11.025546 10.271235 10.296637 10.013422 9.275675 10.642529 9.776124 9.755571 6.101221 8.647710 11.634271 6.289874 4.833542 9.668609 6.332360 4.586777 23.582001 39.287132 22.099112 3.875992 7.470980 5.549155 6.082373 36.507896 60.845840 36.507896 6.082372 5.549155 7.470980 3.875993 22.099113 39.287132 23.582001 4.586776 6.332360 9.668609 4.833542 6.289872 11.634270 8.647711 6.101220 9.755571 9.776124 10.642529 9.275675 10.013422 10.296637 10.271233 11.025545,
 0.820861 0.670864 0.445389 1.130656 1.905647 2.152289 2.404300 2.014579 0.895417 0.691471 2.116561 2.313126 2.294904 3.272652 2.583493 1.942070 3.720382 6.268519 4.378138 2.212316 2.753103 2.418998 2.465279 5.935529 9.139670 5.935529 2.465279 2.418998 2.753103 2.212316 4.378138 6.268519 3.720382 1.942070 2.583493 3.272652 2.294904 2.313126 2.116561 0.691471 0.895417 2.014579 2.404301 2.152288 1.905646 1.130656 0.445389 0.670864 0.820862,

Auto-correlations of the modulus of each oriented sub-band
 17.545177 19.157011 20.416933 21.084934 21.006870 20.204662 18.840340 26.321190 30.003586 32.707314 33.812447 33.038982 30.614561 27.117167 35.955765 42.199863 46.732063 48.399235 46.737518 42.258293 36.116734 40.218128 47.659851 53.130829 55.170563 53.130821 47.659855 40.218128 36.116734 42.258289 46.737522 48.399235 46.732063 42.199863 35.955765 27.117165 30.614561 33.038986 33.812447 32.707306 30.003592 26.321190 18.840340 20.204660 21.006874 21.084934 20.416933 19.157011 17.545177,
 31.793631 36.454994 36.970760 33.036102 26.611925 20.285061 15.570717 35.477043 43.501503 47.039551 44.169445 36.401810 27.320047 19.874863 35.631844 46.561127 54.075539 54.260834 46.998863 36.041908 25.770195 31.821301 43.610931 54.133991 58.468143 54.133991 43.610939 31.821301 25.770197 36.041904 46.998863 54.260834 54.075535 46.561131 35.631844 19.874865 27.320045 36.401810 44.169445 47.039551 43.501507 35.477039 15.570717 20.285059 26.611929 33.036102 36.970757 36.454994 31.793629,
 17.743685 26.241133 35.393570 39.366127 35.359829 26.465500 17.970421 18.641701 29.355654 41.186783 46.397846 41.114399 29.615376 19.029577 19.376228 31.655422 45.426224 51.623405 45.355324 31.816444 19.653837 19.761547 32.563675 46.970596 53.593227 46.970589 32.563675 19.761547 19.653841 31.816439 45.355324 51.623405 45.426224 31.655426 19.376225 19.029579 29.615370 41.114399 46.397854 41.186783 29.355654 18.641701 17.970425 26.465498 35.359837 39.366119 35.393570 26.241133 17.743685,
 12.938763 16.578270 22.272617 28.561123 32.746876 32.746658 28.737864 16.387175 22.991400 31.693039 39.462963 42.590584 39.539883 32.139584 21.857862 31.493010 42.123386 49.302624 49.284466 42.245213 31.938297 27.907291 39.115341 49.216438 53.384705 49.216438 39.115341 27.907291 31.938297 42.245220 49.284466 49.302616 42.123386 31.493013 21.857862 32.139587 39.539883 42.590591 39.462963 31.693039 22.991400 16.387175 28.737864 32.746655 32.746876 28.561123 22.272614 16.578270 12.938762,
 19.281933 20.764954 21.706942 21.789009 21.035246 19.775520 18.378483 22.742891 26.824423 30.245087 31.543245 30.123484 26.744011 22.814785 29.162880 37.386089 44.530823 47.456318 44.657696 37.650726 29.524725 32.909946 43.345406 52.458668 56.179890 52.458668 43.345406 32.909946 29.524725 37.650719 44.657696 47.456322 44.530827 37.386089 29.162880 22.814785 26.744009 30.123482 31.543245 30.245087 26.824429 22.742893 18.378483 19.775518 21.035246 21.789011 21.706944 20.764954 19.281935,
 27.255917 32.217445 33.328468 29.487383 23.741869 19.411909 17.157900 29.540661 38.708305 44.015240 40.980415 32.119110 23.621639 18.703945 29.450390 42.086945 53.082260 54.037758 44.038689 30.964870 21.867823 26.218748 38.841129 53.373402 60.174652 53.373413 38.841129 26.218748 21.867826 30.964870 44.038696 54.037758 53.082260 42.086952 29.450392 18.703945 23.621635 32.119110 40.980408 44.015240 38.708305 29.540661 17.157904 19.411909 23.741867 29.487381 33.328468 32.217442 27.255917,
 19.052092 24.624622 31.025953 33.464832 29.081758 21.728018 16.453316 19.277426 27.154697 37.610981 42.412991 36.147255 25.025455 17.363678 19.341475 29.274725 43.394753 50.466961 42.617859 28.173319 18.353298 19.072134 29.815931 45.537209 53.822956 45.537216 29.815931 19.072134 18.353296 28.173319 42.617855 50.466961 43.394753 29.274725 19.341476 17.363680 25.025459 36.147255 42.412991 37.610985 27.154697 19.277431 16.453314 21.728018 29.081758 33.464832 31.025955 24.624622 19.052092,
 15.841271 16.692720 18.652695 22.057205 24.828728 24.238302 20.576279 15.787354 18.687084 24.483858 31.474987 34.441669 30.490309 23.057308 17.148903 23.796101 34.239574 43.027897 42.643677 33.465775 22.965036 20.200838 30.351959 42.638496 48.647091 42.638496 30.351959 20.200840 22.965036 33.465771 42.643673 43.027897 34.239574 23.796101 17.148903 23.057312 30.490309 34.441669 31.474983 24.483856 18.687084 15.787354 20.576283 24.238300 24.828726 22.057205 18.652695 16.692724 15.841272,
 10.547040 11.002121 11.097745 10.723537 9.937447 8.955448 8.002622 10.902849 12.113075 12.940189 12.935406 12.017389 10.588895 9.180641 11.631847 14.026490 16.166443 16.922514 15.778986 13.402560 10.931825 12.008887 15.172192 18.220955 19.550547 18.220955 15.172192 12.008886 10.931825 13.402560 15.778986 16.922514 16.166445 14.026490 11.631846 9.180641 10.588895 12.017389 12.935405 12.940189 12.113075 10.902847 8.002623 8.955449 9.937448 10.723537 11.097743 11.002120 10.547040,
 9.847885 10.400830 10.253488 9.587329 8.849834 8.163867 7.386283 10.117814 11.781155 12.679465 11.976970 10.303325 8.771008 7.697566 9.840340 12.560808 15.196128 15.427071 12.952238 10.003642 8.092932 8.934119 11.731420 15.409775 17.306288 15.409775 11.731419 8.934119 8.092931 10.003642 12.952239 15.427071 15.196127 12.560805 9.840339 7.697565 8.771008 10.303323 11.976968 12.679465 11.781153 10.117813 7.386283 8.163867 8.849834 9.587329 10.253488 10.400829 9.847883,
 8.278694 8.946423 10.048589 10.744101 9.807180 8.072159 6.791360 8.412123 9.700165 11.865187 13.281347 11.733297 8.905070 7.134642 8.370472 10.234479 13.546355 15.727978 13.508007 9.739407 7.595749 8.071435 10.265250 14.250007 16.795218 14.250007 10.265250 8.071435 7.595750 9.739407 13.508007 15.727980 13.546355 10.234480 8.370472 7.134642 8.905069 11.733294 13.281347 11.865185 9.700166 8.412123 6.791360 8.072159 9.807180 10.744101 10.048590 8.946423 8.278694,
 9.492269 9.773508 10.124627 10.543732 10.637321 9.925907 8.591769 9.381321 10.163857 11.433130 12.822023 13.145274 11.731385 9.554399 9.267084 11.085222 13.828487 16.126076 15.801864 12.980689 9.941359 9.605723 12.496974 16.107447 17.944231 16.107447 12.496974 9.605723 9.941359 12.980690 15.801864 16.126076 13.828486 11.085221 9.267084 9.554399 11.731385 13.145274 12.822025 11.433130 10.163857 9.381320 8.591769 9.925908 10.637321 10.543732 10.124626 9.773507 9.492269,

Pairwise cross-correlations of the modulus of all oriented sub-bands at the same scale (size QxQ)
 55.170570 50.930698 43.663902 48.864483,
 50.930698 58.468140 50.093174 47.104759,
 43.663902 50.093174 53.593212 48.438648,
 48.864483 47.104759 48.438648 53.384712,
 56.179890 53.245388 46.644684 47.312950,
 53.245388 60.174644 52.093601 46.055252,
 46.644684 52.093601 53.822948 46.143078,
 47.312950 46.055252 46.143078 48.647095,

Cross-correlations of the modulus of all oriented sub-bands with all oriented sub-bands at the coarser scale (size QxQ)
 50.143162 48.530243 43.267868 43.601891,
 49.247494 53.915005 48.530285 42.579948,
 42.902924 47.057518 47.600140 42.239933,
 46.145554 44.984463 45.199051 45.294662,
 25.797798 23.531670 22.000156 24.368425,
 25.830769 25.113813 23.471903 24.288729,
 23.248419 22.341629 23.064674 23.558088,
 22.583620 20.476141 20.658434 22.843578,

Cross-correlations of the real part of each oriented sub-band with both the real and imaginary part of all phase-doubled oriented sub-bands at the next coarser scale (Q matrices of size 1x2Q, which are computed and stored in a matrix of size Qx2Q)
 -19.498199 -9.801435 -0.649176 -7.855729 -0.221689 0.088245 -0.015860 0.093929,
 -9.339209 -21.873650 -8.395158 -0.767896 0.040981 -0.123385 -0.290514 0.029260,
 -0.777217 -9.240509 -18.100891 -7.442426 0.034467 -0.122807 -0.427230 -0.016325,
 -7.901499 -0.814206 -7.311088 -17.331831 -0.092951 0.006992 -0.116585 0.000041,
 -11.035378 -4.935636 -0.439677 -4.570271 0.277424 0.006503 -0.045212 0.018584,
 -5.073204 -10.163136 -4.043926 -0.474866 0.311599 -0.276352 -0.409548 0.005656,
 -0.547359 -4.152390 -8.829192 -3.859401 -0.015292 -0.167895 -0.867619 -0.286524,
 -4.971656 -0.501359 -3.858705 -9.202556 -0.194895 -0.025866 -0.392270 -0.390642,
