Low-band skewness and kurtosis
 -11.413000 146.866150,
 -7.147412 61.614361,
 -4.170941 24.184469,
 -0.283670 7.866742,

High-band variance
 17.388710,

Skewness, kurtosis, variance, mean, maximum and minimum of the reconstructed texture
 -11.491517 139.542358 325.830536 253.310837 255.000000 0.000000,

Auto-correlations of the low-frequency bands at each scale
 5.373826 7.767760 13.799583 16.572329 12.012612 7.816802 7.218460 0.479813 18.777189 61.702957 85.574806 59.161556 17.227823 0.584599 1.120753 56.983166 165.811264 225.301025 163.930511 55.311783 0.346941 3.129164 80.554863 224.796112 303.655304 224.796097 80.554871 3.129165 0.346941 55.311783 163.930511 225.301025 165.811264 56.983166 1.120754 0.584599 17.227823 59.161568 85.574799 61.702957 18.777189 0.479813 7.218459 7.816802 12.012614 16.572329 13.799583 7.767760 5.373827,
 12.007446 2.648587 -4.494323 -3.391692 -0.547125 5.463872 9.397566 10.043253 -5.139396 1.474497 14.975632 2.880476 -6.250239 4.434359 1.124917 -2.276435 56.837238 104.896248 56.378311 -5.232791 -4.536593 -5.711723 3.366242 97.919876 167.785507 97.919891 3.366242 -5.711723 -4.536593 -5.232791 56.378307 104.896233 56.837246 -2.276435 1.124916 4.434359 -6.250238 2.880476 14.975632 1.474497 -5.139396 10.043251 9.397566 5.463873 -0.547125 -3.391691 -4.494323 2.648587 12.007446,
 6.671546 2.658474 -0.672307 -0.683032 1.764485 4.650331 5.177487 8.840359 1.073259 -0.648405 1.903558 -0.392452 -0.779263 3.729859 4.016474 2.159720 19.002895 33.381027 17.786272 -1.031432 -0.502825 -1.491171 2.888427 34.124451 57.373997 34.124451 2.888427 -1.491171 -0.502825 -1.031432 17.786270 33.381027 19.002893 2.159720 4.016474 3.729859 -0.779263 -0.392453 1.903558 -0.648404 1.073259 8.840358 5.177486 4.650330 1.764484 -0.683032 -0.672307 2.658474 6.671546,
 0.520363 0.730661 0.277275 0.332240 0.948339 1.233036 1.010975 0.810214 0.469576 0.060301 0.405072 0.502429 0.727166 1.365147 1.685930 1.546796 3.205995 4.974135 3.345536 1.469969 1.925101 2.337411 2.521371 5.887022 8.640715 5.887022 2.521371 2.337411 1.925101 1.469969 3.345536 4.974135 3.205995 1.546797 1.685929 1.365147 0.727166 0.502429 0.405072 0.060301 0.469576 0.810214 1.010975 1.233036 0.948339 0.332240 0.277275 0.730661 0.520363,

Auto-correlations of the modulus of each oriented sub-band
 17.350805 18.727261 19.628181 19.836901 19.254704 17.980639 16.236933 26.000586 29.634312 32.216648 33.074684 31.910280 29.010233 25.039862 35.450947 41.846119 46.509651 48.198586 46.358841 41.523209 34.922932 39.613625 47.395874 53.118378 55.255539 53.118374 47.395874 39.613621 34.922935 41.523205 46.358837 48.198578 46.509644 41.846127 35.450947 25.039858 29.010227 31.910284 33.074680 32.216644 29.634317 26.000582 16.236933 17.980639 19.254705 19.836901 19.628178 18.727261 17.350805,
 29.443558 33.593094 33.606236 29.128864 22.135601 15.421492 10.691323 33.602341 41.486420 44.741356 41.388279 32.895210 23.082344 15.252614 33.418571 44.609425 52.185566 52.187874 44.404163 32.688713 21.789413 28.761295 41.132080 52.116417 56.598106 52.116417 41.132080 28.761295 21.789413 32.688709 44.404163 52.187878 52.185562 44.609432 33.418571 15.252614 23.082344 32.895206 41.388275 44.741360 41.486427 33.602341 10.691323 15.421494 22.135601 29.128864 33.606236 33.593094 29.443558,
 15.567808 25.841404 36.683605 41.466209 36.798218 26.133362 15.971861 17.161545 29.850702 43.466923 49.514301 43.522530 29.992268 17.351101 18.214136 32.650555 48.302849 55.296257 48.323910 32.703293 18.280539 18.599884 33.676544 50.074928 57.419422 50.074928 33.676544 18.599882 18.280539 32.703289 48.323917 55.296249 48.302849 32.650558 18.214134 17.351101 29.992268 43.522530 49.514301 43.466923 29.850706 17.161545 15.971861 26.133362 36.798214 41.466209 36.683605 25.841408 15.567810,
 11.540805 16.232771 23.012640 30.141426 34.774654 34.746696 30.175251 15.879447 23.791050 33.777012 42.476391 45.980007 42.595924 34.148853 22.202990 33.402149 45.426922 53.439949 53.491585 45.631210 33.826241 29.102501 41.982933 53.334122 57.945557 53.334118 41.982933 29.102501 33.826241 45.631210 53.491589 53.439949 45.426922 33.402149 22.202990 34.148857 42.595924 45.980015 42.476391 33.777016 23.791056 15.879447 30.175253 34.746696 34.774666 30.141422 23.012640 16.232773 11.540806,
 14.763391 15.334896 15.867723 16.039419 15.565391 14.417501 12.804827 21.919733 25.940050 29.146019 30.183599 28.379997 24.319160 19.376249 30.218506 39.155991 46.443398 49.113140 45.771458 37.837631 28.346977 33.531185 45.157368 54.839939 58.695415 54.839939 45.157375 33.531185 28.346975 37.837631 45.771458 49.113140 46.443398 39.155991 30.218506 19.376249 24.319160 28.379995 30.183599 29.146023 25.940050 21.919733 12.804828 14.417500 15.565388 16.039419 15.867723 15.334899 14.763391,
 20.055210 23.041622 23.210894 19.766584 14.880342 11.141704 9.154821 24.768681 32.257893 36.109367 32.785622 24.384689 16.263485 11.398940 25.419178 37.126846 46.782890 47.192699 37.587376 24.890507 15.677621 21.410158 33.848385 47.535049 53.784477 47.535049 33.848385 21.410158 15.677621 24.890507 37.587372 47.192696 46.782890 37.126854 25.419178 11.398940 16.263485 24.384686 32.785622 36.109367 32.257893 24.768679 9.154821 11.141703 14.880342 19.766584 23.210896 23.041622 20.055210,
 11.058584 15.348640 22.202787 26.151011 22.764591 15.639268 10.553772 12.225131 19.151772 30.084497 36.101814 30.421661 19.162022 11.480171 12.892325 22.256626 36.896275 44.801170 37.001343 22.147760 12.342696 12.900517 23.408957 39.654160 48.372139 39.654160 23.408957 12.900517 12.342696 22.147758 37.001343 44.801170 36.896278 22.256626 12.892325 11.480171 19.162018 30.421656 36.101814 30.084501 19.151772 12.225131 10.553772 15.639267 22.764589 26.151009 22.202791 15.348640 11.058585,
 10.707095 12.250529 15.695449 20.712776 24.385536 23.846645 19.510590 12.792925 17.089993 24.905088 33.363182 36.634495 32.004410 23.033865 16.053406 24.833250 37.501808 47.248260 46.629505 36.117661 23.384783 20.289946 32.924316 47.106335 53.612312 47.106339 32.924316 20.289946 23.384783 36.117657 46.629501 47.248257 37.501812 24.833250 16.053408 23.033865 32.004410 36.634495 33.363182 24.905088 17.089994 12.792925 19.510590 23.846642 24.385540 20.712776 15.695447 12.250529 10.707095,
 5.799950 5.557846 5.335800 5.184555 5.082502 4.986155 4.851314 7.249537 7.795781 8.288102 8.354088 7.779719 6.822406 5.893589 8.930451 11.009994 13.022496 13.772185 12.577205 10.195950 7.877150 9.358801 12.409996 15.503129 16.900476 15.503129 12.409996 9.358801 7.877150 10.195951 12.577205 13.772183 13.022494 11.009994 8.930452 5.893588 6.822406 7.779719 8.354088 8.288101 7.795779 7.249538 4.851313 4.986155 5.082502 5.184555 5.335800 5.557845 5.799949,
 6.991914 7.436987 7.367825 6.557268 5.537079 4.889027 4.623680 8.226744 9.979424 11.019098 10.103876 7.820893 5.864894 4.930979 8.561382 11.684521 14.688975 14.888144 11.833408 8.168742 5.961958 7.506163 10.812777 15.129370 17.306290 15.129370 10.812777 7.506162 5.961958 8.168742 11.833408 14.888144 14.688975 11.684521 8.561382 4.930979 5.864893 7.820892 10.103876 11.019098 9.979424 8.226743 4.623680 4.889027 5.537079 6.557268 7.367826 7.436987 6.991912,
 5.918947 6.270758 7.895362 9.055854 8.331192 6.832495 5.815166 6.081819 7.185849 10.240358 12.214985 10.564730 7.550081 5.822744 6.182592 8.073085 12.450556 15.184663 12.617747 8.235636 5.967372 6.133431 8.484844 13.426437 16.455414 13.426437 8.484843 6.133431 5.967372 8.235638 12.617747 15.184663 12.450559 8.073084 6.182592 5.822744 7.550081 10.564730 12.214985 10.240357 7.185849 6.081819 5.815166 6.832493 8.331192 9.055855 7.895362 6.270759 5.918946,
 5.742637 5.619443 6.115535 7.106116 7.908288 7.800122 6.797472 6.454155 6.969459 8.590867 10.668316 11.475767 10.176698 7.959741 7.352479 9.098354 12.364598 15.217249 14.947872 11.843335 8.660503 8.299724 11.296696 15.401265 17.515165 15.401264 11.296696 8.299723 8.660503 11.843333 14.947875 15.217249 12.364600 9.098354 7.352480 7.959743 10.176698 11.475767 10.668316 8.590865 6.969459 6.454154 6.797473 7.800122 7.908288 7.106116 6.115535 5.619443 5.742637,

Pairwise cross-correlations of the modulus of all oriented sub-bands at the same scale (size QxQ)
 55.255550 50.528831 45.111103 50.989071,
 50.528831 56.598106 51.642216 48.819435,
 45.111103 51.642216 57.419388 52.225693,
 50.989071 48.819435 52.225693 57.945557,
 58.695423 51.269161 44.468460 51.173168,
 51.269161 53.784473 46.303665 45.651443,
 44.468460 46.303665 48.372135 46.497772,
 51.173168 45.651443 46.497772 53.612316,

Cross-correlations of the modulus of all oriented sub-bands with all oriented sub-bands at the coarser scale (size QxQ)
 51.466145 45.593163 39.502998 45.702751,
 49.146915 49.377373 43.843430 44.222267,
 46.053394 46.415428 46.354034 46.286396,
 49.777878 44.720932 44.250034 50.138840,
 24.771729 24.595821 23.127838 24.341694,
 22.315674 23.933813 22.424194 21.657064,
 19.623762 21.043219 21.936956 21.134312,
 22.482210 21.947340 22.641659 24.282820,

Cross-correlations of the real part of each oriented sub-band with both the real and imaginary part of all phase-doubled oriented sub-bands at the next coarser scale (Q matrices of size 1x2Q, which are computed and stored in a matrix of size Qx2Q)
 -21.403370 -9.542355 -0.768969 -9.585802 0.206611 -0.015691 0.014622 -0.167838,
 -9.308330 -20.618210 -8.200876 -0.756889 0.050613 -0.084708 0.079300 0.005181,
 -0.776629 -8.461836 -19.224833 -8.906027 -0.005574 -0.037162 0.094573 0.038066,
 -9.372916 -0.836905 -8.622822 -21.315405 0.086441 0.013127 0.010082 -0.191703,
 -12.289063 -5.269726 -0.509700 -4.937400 -0.029699 -0.028012 0.004510 -0.055857,
 -5.528495 -11.220776 -4.353812 -0.435599 -0.011772 -0.046824 0.117081 0.028447,
 -0.485190 -4.618188 -10.278680 -5.282168 0.056136 0.140442 0.301833 0.092852,
 -5.189194 -0.477816 -4.998613 -11.662252 0.116730 0.060087 0.128284 0.008256,
