Low-band skewness and kurtosis
 -11.393216 146.285477,
 -7.103703 60.178574,
 -4.327324 27.337332,
 -0.130282 7.510178,

High-band variance
 17.361057,

Skewness, kurtosis, variance, mean, maximum and minimum of the reconstructed texture
 -11.489308 139.496078 325.977356 253.309784 255.000000 0.000000,

Auto-correlations of the low-frequency bands at each scale
 1.375499 -0.166559 6.206120 14.035544 14.010065 10.655391 9.410144 -1.346217 13.299825 56.217529 84.501579 62.946102 23.410992 7.322610 2.013230 55.671577 163.958496 225.513290 167.206116 61.111446 7.344360 7.059063 83.016655 225.633377 303.892944 225.633377 83.016663 7.059064 7.344360 61.111439 167.206131 225.513290 163.958496 55.671585 2.013231 7.322609 23.410992 62.946095 84.501579 56.217529 13.299824 -1.346216 9.410145 10.655389 14.010067 14.035544 6.206120 -0.166559 1.375499,
 11.650189 3.167197 -3.185810 -0.626872 2.518553 5.474556 9.100636 6.034233 -8.750474 -0.845140 16.428247 6.539583 -6.387148 1.733677 -1.863307 -4.182223 54.540833 104.633713 60.080227 -2.989960 -6.491053 -6.767568 5.718126 99.785957 167.724197 99.785957 5.718128 -6.767568 -6.491053 -2.989959 60.080227 104.633713 54.540840 -4.182224 -1.863307 1.733677 -6.387146 6.539582 16.428247 -0.845139 -8.750475 6.034233 9.100636 5.474556 2.518552 -0.626872 -3.185810 3.167196 11.650189,
 6.364061 6.578863 4.095923 0.865227 1.291066 5.106658 6.211326 6.369183 2.821082 2.550550 3.396263 0.142927 0.720337 5.580616 2.178642 0.694928 18.962627 34.210384 18.411854 0.166669 2.612134 0.382240 1.916966 33.356056 57.571568 33.356056 1.916966 0.382240 2.612134 0.166669 18.411854 34.210377 18.962627 0.694928 2.178642 5.580616 0.720337 0.142927 3.396262 2.550550 2.821081 6.369182 6.211326 5.106659 1.291066 0.865227 4.095923 6.578862 6.364061,
 0.897819 0.159944 -0.889294 -0.867210 0.534465 2.141809 2.410916 0.422407 -0.395708 -0.328120 0.405688 0.782121 1.430104 1.741918 -0.239094 -0.150998 2.936509 5.436256 3.443860 0.842677 0.458342 -0.224211 0.670612 5.486813 8.963687 5.486813 0.670612 -0.224211 0.458342 0.842677 3.443860 5.436256 2.936509 -0.150998 -0.239094 1.741918 1.430104 0.782121 0.405688 -0.328120 -0.395708 0.422408 2.410916 2.141809 0.534465 -0.867210 -0.889294 0.159944 0.897819,

Auto-correlations of the modulus of each oriented sub-band
 16.416079 17.962679 19.096079 19.573608 19.255404 18.195433 16.590300 25.545525 29.327681 32.052891 33.088585 32.141907 29.445200 25.603415 35.467461 41.939980 46.614799 48.342155 46.628452 41.948090 35.443802 39.890266 47.638474 53.259396 55.335873 53.259396 47.638485 39.890263 35.443794 41.948082 46.628456 48.342155 46.614799 41.939983 35.467461 25.603415 29.445198 32.141911 33.088585 32.052891 29.327684 25.545525 16.590302 18.195429 19.255405 19.573612 19.096079 17.962679 16.416077,
 30.440159 34.998116 35.389782 31.204367 24.256439 17.194578 11.783556 34.539883 42.755527 46.260399 43.116451 34.720848 24.729853 16.387947 34.347820 45.852169 53.588432 53.683491 45.951569 34.123066 22.842752 29.720654 42.412785 53.517216 58.012745 53.517212 42.412788 29.720650 22.842752 34.123066 45.951569 53.683491 53.588425 45.852169 34.347813 16.387949 24.729853 34.720844 43.116459 46.260399 42.755527 34.539883 11.783556 17.194578 24.256439 31.204367 35.389774 34.998116 30.440159,
 15.627260 26.153772 37.275356 42.103603 37.263332 26.459270 16.147327 17.166937 30.011856 43.809055 49.862804 43.731922 30.178102 17.523294 18.252790 32.733368 48.462471 55.457985 48.387352 32.795441 18.429464 18.699745 33.736248 50.130672 57.519985 50.130669 33.736252 18.699743 18.429464 32.795441 48.387352 55.457977 48.462471 32.733368 18.252790 17.523294 30.178106 43.731930 49.862804 43.809063 30.011856 17.166935 16.147329 26.459267 37.263336 42.103603 37.275356 26.153776 15.627260,
 10.271467 15.445421 22.558800 29.742252 34.177277 33.908180 29.310251 14.683046 22.934759 33.046871 41.660976 44.998196 41.581322 33.324894 21.184795 32.520065 44.482830 52.356808 52.366611 44.657242 33.073181 28.284090 41.092609 52.270233 56.786213 52.270233 41.092609 28.284086 33.073181 44.657242 52.366611 52.356808 44.482822 32.520065 21.184795 33.324898 41.581322 44.998199 41.660976 33.046867 22.934759 14.683044 29.310253 33.908176 34.177277 29.742256 22.558800 15.445425 10.271465,
 15.185484 15.835454 16.273823 16.299816 15.819645 14.997473 14.125399 20.778530 24.803091 28.198320 29.497210 28.010323 24.450678 20.334673 28.453583 37.216061 44.703205 47.687977 44.647285 37.112724 28.335327 32.321583 43.484936 53.066418 56.933083 53.066418 43.484936 32.321579 28.335331 37.112724 44.647285 47.687973 44.703205 37.216061 28.453583 20.334673 24.450678 28.010317 29.497210 28.198320 24.803089 20.778530 14.125401 14.997473 15.819646 16.299816 16.273823 15.835454 15.185484,
 20.899763 24.885866 25.302834 21.469881 15.973473 11.866424 10.006933 24.458775 33.135300 37.676517 34.377747 25.516727 16.876760 11.921430 24.695681 37.612907 48.256313 48.892052 38.790394 25.286726 15.634957 20.829613 34.195499 48.989613 55.717018 48.989613 34.195499 20.829611 15.634960 25.286726 38.790394 48.892052 48.256317 37.612907 24.695675 11.921430 16.876760 25.516726 34.377747 37.676517 33.135300 24.458773 10.006933 11.866424 15.973470 21.469881 25.302835 24.885870 20.899763,
 11.889273 16.809275 24.184706 28.217007 24.558403 16.884775 11.269037 12.614548 20.320303 32.047535 38.374245 32.525475 20.605635 12.249999 13.117415 23.354166 38.936131 47.210056 39.264050 23.596891 12.971354 13.272649 24.675673 41.855480 50.825005 41.855480 24.675671 13.272649 12.971354 23.596891 39.264042 47.210056 38.936138 23.354170 13.117415 12.249997 20.605633 32.525471 38.374241 32.047535 20.320307 12.614548 11.269037 16.884775 24.558401 28.217003 24.184711 16.809275 11.889273,
 9.726783 10.268649 13.208676 18.140167 22.024090 22.046392 18.654352 10.726158 14.173428 21.572206 29.907709 33.422668 29.606722 21.925461 13.812719 21.708784 33.771629 43.291409 42.989311 33.461536 22.074972 18.512701 30.032280 43.364826 49.566727 43.364826 30.032280 18.512699 22.074970 33.461536 42.989307 43.291405 33.771633 21.708784 13.812719 21.925461 29.606726 33.422668 29.907705 21.572208 14.173428 10.726157 18.654356 22.046392 22.024084 18.140165 13.208678 10.268649 9.726783,
 5.462714 5.652348 5.748829 5.633051 5.285715 4.856539 4.573919 6.825768 7.854095 8.682685 8.871202 8.259784 7.186313 6.222693 8.674426 11.179886 13.484953 14.397593 13.328192 10.968522 8.582521 9.723672 13.058859 16.300974 17.709146 16.300972 13.058857 9.723672 8.582521 10.968522 13.328192 14.397592 13.484953 11.179886 8.674426 6.222694 7.186313 8.259784 8.871202 8.682685 7.854094 6.825767 4.573919 4.856539 5.285716 5.633050 5.748829 5.652348 5.462714,
 6.992453 7.868526 8.103232 7.290880 6.086398 5.331488 5.123277 8.285505 10.407154 11.782714 10.917077 8.488467 6.450670 5.679647 8.604290 11.866831 15.140246 15.455963 12.304879 8.589546 6.558819 7.777112 10.997978 15.419593 17.698318 15.419593 10.997978 7.777112 6.558819 8.589546 12.304882 15.455963 15.140246 11.866831 8.604290 5.679648 6.450671 8.488467 10.917077 11.782711 10.407153 8.285505 5.123277 5.331489 6.086400 7.290879 8.103232 7.868526 6.992452,
 5.096717 5.894317 7.492787 8.435636 7.258154 5.350232 4.365253 5.429700 6.869642 9.848409 11.654709 9.657626 6.411554 4.841355 5.584764 7.636306 11.947190 14.636427 11.847582 7.368517 5.243929 5.512827 7.847273 12.785534 15.908891 12.785534 7.847273 5.512828 5.243929 7.368517 11.847584 14.636427 11.947190 7.636304 5.584764 4.841355 6.411554 9.657626 11.654707 9.848408 6.869642 5.429700 4.365253 5.350232 7.258154 8.435636 7.492787 5.894315 5.096717,
 5.076369 5.383605 6.046248 7.017188 7.668006 7.276001 6.122910 5.721282 6.644519 8.493782 10.701816 11.510277 10.036860 7.627442 6.664640 8.751756 12.259421 15.275698 15.012377 11.720531 8.255374 7.719925 11.018108 15.328033 17.521852 15.328035 11.018107 7.719924 8.255374 11.720532 15.012375 15.275696 12.259421 8.751754 6.664640 7.627442 10.036860 11.510276 10.701815 8.493782 6.644518 5.721282 6.122910 7.276001 7.668006 7.017188 6.046249 5.383605 5.076368,

Pairwise cross-correlations of the modulus of all oriented sub-bands at the same scale (size QxQ)
 55.335865 51.070473 44.950733 50.207417,
 51.070473 58.012730 52.329632 48.716774,
 44.950733 52.329632 57.520000 51.687405,
 50.207417 48.716774 51.687405 56.786213,
 56.933083 51.495132 44.946934 48.216255,
 51.495132 55.717018 48.571152 45.059135,
 44.946934 48.571152 50.825016 46.093540,
 48.216255 45.059135 46.093540 49.566734,

Cross-correlations of the modulus of all oriented sub-bands with all oriented sub-bands at the coarser scale (size QxQ)
 51.122261 47.167110 41.260941 44.210186,
 48.931740 51.676388 46.213043 43.048225,
 44.491978 47.254589 47.826187 44.270218,
 47.989250 45.261017 45.311825 47.558704,
 25.006496 24.241964 21.609591 24.186966,
 23.786373 25.003597 22.774221 22.927454,
 21.182648 22.507919 22.164274 22.183424,
 21.911966 21.561096 21.069925 23.133579,

Cross-correlations of the real part of each oriented sub-band with both the real and imaginary part of all phase-doubled oriented sub-bands at the next coarser scale (Q matrices of size 1x2Q, which are computed and stored in a matrix of size Qx2Q)
 -21.824423 -10.233309 -0.688439 -8.955410 -0.161519 -0.053458 0.036197 -0.111703,
 -9.890728 -22.330881 -8.426521 -0.836169 -0.119834 -0.043866 0.213459 0.014406,
 -0.759077 -9.218673 -19.108345 -8.589821 0.006626 0.064995 -0.073307 -0.167928,
 -8.921401 -0.809348 -8.180714 -19.895308 0.021387 0.004889 -0.180228 -0.353960,
 -12.352222 -5.265386 -0.379424 -4.901776 0.033175 0.020106 0.007151 -0.076117,
 -5.534007 -11.470085 -4.530275 -0.451145 -0.120607 0.219768 -0.145573 -0.002254,
 -0.461436 -4.689174 -10.350214 -4.493995 -0.009745 0.143032 -0.311713 -0.182941,
 -5.311109 -0.440356 -4.489419 -10.559653 0.160127 -0.003665 -0.096640 -0.271041,
