Low-band skewness and kurtosis
 -11.468461 148.214325,
 -7.160195 61.970993,
 -4.118080 25.475857,
 -0.784879 6.717893,

High-band variance
 17.081280,

Skewness, kurtosis, variance, mean, maximum and minimum of the reconstructed texture
 -11.538668 140.689926 325.385406 253.317871 255.000000 0.000000,

Auto-correlations of the low-frequency bands at each scale
 1.240302 1.117355 4.618922 7.995041 5.777943 2.994940 3.529085 -1.470548 16.434229 58.602055 83.078094 58.016212 16.698460 0.861000 1.428726 57.578644 165.936508 225.494537 165.232834 57.637005 3.418047 5.481788 82.530273 225.609131 303.710175 225.609131 82.530281 5.481788 3.418047 57.637001 165.232834 225.494537 165.936508 57.578644 1.428726 0.861000 16.698458 58.016205 83.078110 58.602055 16.434231 -1.470548 3.529084 2.994940 5.777942 7.995041 4.618921 1.117355 1.240302,
 7.405712 2.532839 -3.656972 -3.869870 -0.469293 4.426468 6.825928 2.243142 -10.254117 -3.312456 9.652761 -1.004623 -10.671016 -1.428863 -4.042344 -5.152256 53.655045 101.396156 55.659138 -5.285035 -7.417544 -7.242529 5.390690 99.644791 167.912064 99.644798 5.390690 -7.242529 -7.417544 -5.285035 55.659134 101.396156 53.655045 -5.152256 -4.042344 -1.428863 -10.671016 -1.004623 9.652761 -3.312455 -10.254119 2.243141 6.825926 4.426468 -0.469294 -3.869870 -3.656972 2.532840 7.405712,
 7.185444 4.194488 -0.332567 -1.297087 0.207441 3.278690 5.343997 6.444806 0.372267 -1.582974 1.805014 0.102085 1.078612 7.196445 2.203458 -0.823789 15.986009 32.150635 16.631569 -0.300015 4.132948 0.605806 0.424068 30.340986 54.780861 30.340986 0.424068 0.605807 4.132948 -0.300015 16.631569 32.150635 15.986009 -0.823788 2.203458 7.196444 1.078612 0.102085 1.805014 -1.582974 0.372267 6.444806 5.343997 3.278690 0.207441 -1.297087 -0.332567 4.194488 7.185444,
 0.286086 0.585109 0.092399 -0.439487 0.149451 1.584912 2.083869 0.254815 0.065720 0.211500 0.398376 0.218852 0.724755 1.483681 -0.028931 -0.214666 2.193840 4.179178 2.326713 0.207753 0.562198 0.062812 0.145789 3.985606 6.940342 3.985606 0.145789 0.062812 0.562198 0.207753 2.326713 4.179178 2.193839 -0.214666 -0.028931 1.483681 0.724755 0.218852 0.398376 0.211500 0.065720 0.254815 2.083869 1.584912 0.149451 -0.439487 0.092399 0.585109 0.286086,

Auto-correlations of the modulus of each oriented sub-band
 14.509960 15.974063 17.037683 17.483625 17.184223 16.196325 14.708280 24.325588 28.092623 30.826519 31.892689 30.985956 28.322538 24.507042 34.736847 41.218388 45.925365 47.706284 46.040966 41.377872 34.859043 39.383121 47.133972 52.750557 54.825424 52.750557 47.133984 39.383121 34.859039 41.377869 46.040966 47.706291 45.925362 41.218388 34.736843 24.507044 28.322536 30.985958 31.892689 30.826517 28.092625 24.325588 14.708280 16.196325 17.184225 17.483625 17.037683 15.974063 14.509960,
 28.440660 32.838955 32.772823 28.091942 20.948381 14.132411 9.283628 32.678165 40.899410 44.212669 40.729671 32.084934 22.103954 14.048059 32.568146 44.106304 51.839207 51.816929 43.926579 32.026543 20.828102 27.936073 40.633041 51.795849 56.334400 51.795845 40.633045 27.936073 20.828106 32.026539 43.926582 51.816921 51.839199 44.106304 32.568146 14.048059 22.103951 32.084938 40.729668 44.212666 40.899410 32.678165 9.283628 14.132411 20.948381 28.091942 32.772823 32.838959 28.440660,
 14.338634 24.431025 35.128452 40.006435 35.644505 25.326197 15.304617 15.878943 28.368872 41.805302 47.900005 42.177345 28.989796 16.525017 16.987761 31.215607 46.654434 53.633400 46.853794 31.532522 17.309664 17.490698 32.358349 48.508358 55.758297 48.508350 32.358353 17.490698 17.309662 31.532516 46.853802 53.633400 46.654434 31.215609 16.987759 16.525019 28.989792 42.177349 47.900005 41.805298 28.368872 15.878943 15.304617 25.326195 35.644505 40.006435 35.128452 24.431025 14.338632,
 9.254036 14.438370 21.828302 29.480587 34.395592 34.389610 29.696123 14.203007 22.739550 33.268494 42.268925 45.835102 42.384373 33.851627 21.304440 33.031052 45.336098 53.392422 53.398254 45.512859 33.623928 28.744379 41.893703 53.283913 57.870701 53.283913 41.893703 28.744375 33.623928 45.512859 53.398251 53.392422 45.336094 33.031052 21.304440 33.851627 42.384373 45.835106 42.268921 33.268494 22.739552 14.203007 29.696123 34.389603 34.395596 29.480587 21.828299 14.438370 9.254036,
 11.362787 12.364120 13.349589 13.911012 13.794864 13.175543 12.481647 17.388952 21.697174 25.399164 26.903772 25.467829 21.904739 17.878439 26.101177 35.171368 42.905823 45.961689 42.791386 35.065521 26.175589 30.584509 42.046257 51.902611 55.881351 51.902622 42.046257 30.584511 26.175589 35.065521 42.791374 45.961689 42.905823 35.171368 26.101177 17.878439 21.904739 25.467825 26.903776 25.399170 21.697176 17.388954 12.481647 13.175543 13.794863 13.911012 13.349589 12.364120 11.362787,
 19.126913 22.537588 22.563423 18.708736 13.691710 10.363382 9.230848 23.182331 31.681498 35.924221 32.165554 23.048639 14.653739 10.306981 23.437452 36.432388 47.140278 47.516308 36.939552 23.215805 13.773071 19.265480 32.666183 47.723656 54.622860 47.723663 32.666187 19.265480 13.773074 23.215799 36.939552 47.516308 47.140285 36.432388 23.437450 10.306981 14.653739 23.048637 32.165554 35.924225 31.681498 23.182331 9.230848 10.363382 13.691709 18.708736 22.563423 22.537588 19.126915,
 10.724370 16.305790 24.878494 29.877903 26.291595 17.866453 11.546512 11.710311 20.516880 33.782978 41.002682 34.784794 21.614830 12.256918 12.491471 24.132822 41.437771 50.499065 41.922710 24.660807 12.728572 12.847147 25.723845 44.648979 54.329750 44.648987 25.723845 12.847147 12.728574 24.660807 41.922699 50.499065 41.437775 24.132822 12.491471 12.256918 21.614830 34.784790 41.002682 33.782982 20.516880 11.710310 11.546512 17.866453 26.291592 29.877903 24.878494 16.305792 10.724371,
 6.967271 8.669010 12.932231 18.857843 22.941021 22.389370 18.447922 8.795933 13.459218 22.353167 31.841211 35.361626 30.542192 21.957329 12.685372 21.928226 35.741215 46.424446 45.705441 34.687389 22.049911 18.079000 31.000786 46.101727 53.182491 46.101738 31.000790 18.079000 22.049910 34.687389 45.705441 46.424442 35.741215 21.928226 12.685372 21.957329 30.542187 35.361626 31.841215 22.353167 13.459220 8.795932 18.447924 22.389366 22.941019 18.857843 12.932231 8.669011 6.967271,
 5.720198 5.690351 5.558514 5.362731 5.174574 5.040534 4.911645 6.882184 7.675652 8.361115 8.642289 8.367410 7.651043 6.767812 8.609867 10.999024 13.263911 14.310135 13.512739 11.355448 8.914693 9.762550 13.109007 16.263819 17.616611 16.263819 13.109007 9.762550 8.914693 11.355448 13.512740 14.310136 13.263910 10.999024 8.609867 6.767811 7.651044 8.367410 8.642288 8.361115 7.675651 6.882184 4.911645 5.040534 5.174574 5.362731 5.558514 5.690351 5.720197,
 6.791576 7.876051 8.037846 6.963604 5.459878 4.493503 4.200413 7.845407 10.252282 11.662161 10.598179 7.922824 5.709506 4.815312 7.931396 11.457067 14.868173 15.101118 11.767657 7.880263 5.712909 6.967198 10.375281 14.968489 17.315199 14.968489 10.375281 6.967198 5.712909 7.880263 11.767657 15.101117 14.868171 11.457067 7.931395 4.815311 5.709505 7.922824 10.598179 11.662161 10.252281 7.845406 4.200412 4.493503 5.459878 6.963603 8.037844 7.876050 6.791576,
 5.269537 5.802729 7.073986 7.656254 6.375876 4.756229 4.003138 5.359125 6.628850 9.329670 10.808084 8.754663 5.814339 4.399364 5.291080 7.273326 11.395147 13.863382 11.055767 6.816808 4.766463 5.081531 7.384361 12.155346 15.200848 12.155346 7.384361 5.081530 4.766464 6.816808 11.055769 13.863380 11.395147 7.273325 5.291080 4.399364 5.814340 8.754663 10.808084 9.329669 6.628849 5.359124 4.003138 4.756229 6.375876 7.656254 7.073986 5.802728 5.269537,
 5.227672 5.035733 5.249278 5.986209 6.707858 6.697918 5.967556 5.372884 5.993508 7.678409 9.809055 10.718637 9.580563 7.458789 6.057963 8.143682 11.645308 14.575315 14.410578 11.364222 7.980244 7.227283 10.609412 14.847934 16.927160 14.847934 10.609412 7.227283 7.980244 11.364222 14.410580 14.575315 11.645308 8.143682 6.057963 7.458789 9.580563 10.718637 9.809054 7.678409 5.993508 5.372884 5.967556 6.697917 6.707858 5.986208 5.249278 5.035733 5.227671,

Pairwise cross-correlations of the modulus of all oriented sub-bands at the same scale (size QxQ)
 54.825439 49.847084 43.913910 50.878960,
 49.847084 56.334423 50.456795 47.437248,
 43.913910 50.456795 55.758278 51.003750,
 50.878960 47.437248 51.003750 57.870682,
 55.881340 51.119133 47.538822 50.209587,
 51.119133 54.622856 50.136200 46.669582,
 47.538822 50.136200 54.329746 49.760483,
 50.209587 46.669582 49.760483 53.182484,

Cross-correlations of the modulus of all oriented sub-bands with all oriented sub-bands at the coarser scale (size QxQ)
 50.327271 46.500198 43.026535 45.527618,
 47.880196 50.733459 47.024422 43.534714,
 44.104576 46.749073 49.474590 45.818340,
 48.747616 45.417950 48.184063 50.429928,
 24.816902 23.753645 21.090456 23.780104,
 23.132431 24.219698 21.901123 22.376753,
 21.591059 22.836496 22.360874 22.756071,
 22.814587 21.719135 21.190008 23.725897,

Cross-correlations of the real part of each oriented sub-band with both the real and imaginary part of all phase-doubled oriented sub-bands at the next coarser scale (Q matrices of size 1x2Q, which are computed and stored in a matrix of size Qx2Q)
 -21.279888 -9.642150 -0.689736 -9.506705 0.103940 0.364180 0.018916 0.135627,
 -9.362999 -21.954716 -8.979378 -0.742677 0.189838 0.472689 -0.081204 -0.010608,
 -0.725499 -9.335527 -20.854107 -9.495319 0.004585 0.020729 -0.346673 -0.028916,
 -9.038075 -0.733050 -8.986984 -22.183937 -0.093796 -0.001659 -0.155036 0.144532,
 -12.670743 -5.643875 -0.470378 -5.151779 -0.020770 0.008191 0.013065 0.136694,
 -5.680390 -12.117531 -5.116415 -0.461189 0.000391 -0.010873 -0.003670 0.018910,
 -0.508997 -5.109969 -11.444927 -4.787261 -0.019974 0.000635 -0.121501 0.019629,
 -5.445565 -0.511387 -4.968652 -11.243302 -0.065005 0.003648 -0.092447 0.170152,
