Low-band skewness and kurtosis
 -11.458714 147.808670,
 -7.212124 62.510929,
 -3.986869 21.488693,
 0.628375 9.421124,

High-band variance
 17.203798,

Skewness, kurtosis, variance, mean, maximum and minimum of the reconstructed texture
 -11.520757 140.112152 326.726715 253.314667 255.000000 0.000000,

Auto-correlations of the low-frequency bands at each scale
 5.548720 3.088253 4.347797 5.887543 3.062311 1.036852 2.674259 2.661530 18.255354 58.814766 83.319420 58.873913 17.546967 1.008809 5.260850 59.510746 166.708466 226.690018 167.074387 59.367058 4.536609 8.208696 84.425430 226.913712 304.913116 226.913712 84.425430 8.208696 4.536608 59.367050 167.074387 226.690018 166.708466 59.510746 5.260850 1.008809 17.546965 58.873917 83.319412 58.814762 18.255354 2.661529 2.674259 1.036852 3.062313 5.887544 4.347796 3.088253 5.548719,
 8.596858 5.218468 -0.128187 -2.612647 -2.066650 2.957983 6.369195 3.206820 -6.508401 -0.346746 8.649409 -3.480674 -10.606194 0.556293 -3.766234 -2.243014 56.211407 100.927322 54.689140 -3.925322 -4.189755 -4.742592 8.036336 101.589989 168.966614 101.590012 8.036336 -4.742592 -4.189754 -3.925322 54.689140 100.927322 56.211411 -2.243014 -3.766234 0.556293 -10.606194 -3.480674 8.649409 -0.346745 -6.508401 3.206820 6.369195 2.957984 -2.066650 -2.612646 -0.128187 5.218468 8.596858,
 7.762583 9.605406 7.295088 4.621959 5.134428 7.071199 7.788767 4.709208 1.300872 1.988689 4.605160 1.429800 0.851037 5.219651 3.399420 0.976677 17.503513 32.163502 16.650122 -0.315582 1.791676 2.842849 4.017869 32.380932 55.223152 32.380932 4.017869 2.842849 1.791676 -0.315582 16.650122 32.163502 17.503511 0.976676 3.399420 5.219650 0.851037 1.429801 4.605160 1.988689 1.300872 4.709209 7.788767 7.071200 5.134429 4.621959 7.295087 9.605406 7.762583,
 1.202304 1.620624 1.189575 0.438456 0.495695 1.378900 1.884382 1.069158 1.407558 1.681897 1.455300 0.916354 1.383892 2.426839 1.149966 1.609301 4.042745 5.556399 3.765447 2.310622 3.229882 2.507344 2.571028 5.897823 8.483262 5.897823 2.571028 2.507344 3.229882 2.310623 3.765448 5.556399 4.042745 1.609301 1.149966 2.426839 1.383892 0.916354 1.455300 1.681897 1.407558 1.069158 1.884382 1.378900 0.495695 0.438456 1.189575 1.620624 1.202304,

Auto-correlations of the modulus of each oriented sub-band
 15.944943 17.304977 18.168854 18.386343 17.907118 16.833735 15.351011 25.280262 28.952061 31.519842 32.406647 31.377922 28.713503 25.025030 35.353420 41.740017 46.357174 48.041393 46.300873 41.657703 35.298157 39.860954 47.501347 53.108616 55.198544 53.108616 47.501347 39.860954 35.298157 41.657703 46.300869 48.041401 46.357174 41.740017 35.353420 25.025034 28.713503 31.377926 32.406647 31.519838 28.952065 25.280262 15.351012 16.833735 17.907118 18.386343 18.168854 17.304979 15.944942,
 30.108820 34.596050 34.701988 30.122765 22.887106 15.880858 10.887425 34.135338 42.411793 45.888889 42.584118 33.938595 23.824480 15.636160 33.952335 45.496952 53.288525 53.413677 45.590508 33.649593 22.366697 29.373217 42.091663 53.242680 57.776066 53.242680 42.091663 29.373211 22.366699 33.649590 45.590508 53.413677 53.288525 45.496964 33.952335 15.636161 23.824478 33.938591 42.584122 45.888889 42.411797 34.135338 10.887428 15.880858 22.887106 30.122765 34.701988 34.596050 30.108820,
 16.299379 25.704830 35.493065 39.634529 35.052624 25.039984 15.518911 17.665293 29.417082 41.961742 47.403549 41.589672 28.869373 17.032507 18.531134 32.014481 46.649860 53.147774 46.442642 31.711708 18.178617 18.721087 32.865383 48.322838 55.306263 48.322838 32.865383 18.721087 18.178617 31.711708 46.442646 53.147774 46.649860 32.014484 18.531134 17.032505 28.869370 41.589672 47.403549 41.961742 29.417082 17.665293 15.518911 25.039984 35.052624 39.634529 35.493061 25.704830 16.299381,
 11.920535 16.436573 22.882017 29.637070 33.932415 33.762699 29.376356 16.333780 23.972948 33.533695 41.813374 45.031231 41.708511 33.713829 22.750532 33.493942 44.966000 52.564568 52.511616 45.006054 33.848263 29.521566 41.771370 52.553955 56.945278 52.553955 41.771374 29.521566 33.848263 45.006046 52.511616 52.564568 44.966000 33.493942 22.750530 33.713829 41.708504 45.031231 41.813374 33.533695 23.972948 16.333780 29.376358 33.762699 33.932419 29.637070 22.882019 16.436575 11.920533,
 14.073179 15.402228 16.379608 16.556936 15.791491 14.419127 12.988955 19.556520 23.645761 27.115782 28.371141 26.654102 22.806475 18.466639 27.414490 35.864471 43.242058 46.236038 43.150902 35.644360 27.031754 31.472485 42.269688 51.726494 55.615856 51.726501 42.269688 31.472479 27.031754 35.644356 43.150902 46.236042 43.242062 35.864471 27.414490 18.466642 22.806475 26.654100 28.371141 27.115784 23.645763 19.556520 12.988955 14.419127 15.791489 16.556934 16.379610 15.402229 14.073181,
 19.239326 23.487047 24.480059 21.412296 16.624992 12.958831 11.228728 22.968592 31.657267 36.381310 33.266544 24.773483 16.745331 12.381842 23.768827 36.316788 46.957710 47.587307 37.551807 24.564425 15.767426 20.571199 33.167801 47.687588 54.414974 47.687588 33.167805 20.571199 15.767424 24.564428 37.551800 47.587307 46.957706 36.316788 23.768827 12.381844 16.745331 24.773483 33.266544 36.381313 31.657270 22.968592 11.228730 12.958831 16.624990 21.412296 24.480064 23.487047 19.239326,
 14.471550 19.969299 28.091234 32.342098 28.033890 19.360804 13.424378 15.191864 23.592859 36.234291 42.922440 36.371174 23.290226 14.516707 15.935627 26.896420 43.553802 52.380547 43.712650 26.793333 15.594196 16.151403 28.242085 46.639416 56.304321 46.639416 28.242086 16.151402 15.594196 26.793331 43.712646 52.380547 43.553806 26.896423 15.935628 14.516707 23.290222 36.371174 42.922440 36.234291 23.592861 15.191866 13.424378 19.360802 28.033890 32.342094 28.091234 19.969303 14.471549,
 11.590433 13.487253 17.312979 22.138620 25.155104 24.101109 19.934372 13.277989 17.810459 25.921972 34.368698 37.295444 32.398842 23.706873 16.918535 25.800205 38.776600 48.734356 47.953606 37.195210 24.626669 21.615282 34.225117 48.762589 55.524178 48.762589 34.225117 21.615282 24.626673 37.195210 47.953602 48.734352 38.776604 25.800205 16.918533 23.706875 32.398842 37.295441 34.368698 25.921976 17.810459 13.277989 19.934376 24.101107 25.155100 22.138620 17.312981 13.487253 11.590432,
 7.933529 7.894208 7.929999 7.920682 7.743890 7.466049 7.207083 7.751307 8.561464 9.532296 10.083594 9.797297 8.863850 7.800043 8.778700 11.054223 13.446017 14.622516 13.711034 11.332597 8.843594 9.610524 12.846024 16.117208 17.590446 16.117210 12.846024 9.610524 8.843596 11.332597 13.711034 14.622516 13.446017 11.054222 8.778700 7.800043 8.863850 9.797297 10.083592 9.532296 8.561464 7.751307 7.207083 7.466049 7.743890 7.920681 7.929998 7.894207 7.933528,
 8.298909 9.188515 9.370089 8.316197 6.867725 5.908359 5.598168 8.504105 10.488866 11.848413 10.890286 8.449109 6.512432 5.738676 8.152992 11.132366 14.303473 14.537445 11.400422 7.949665 6.162262 7.137077 10.014101 14.238833 16.506670 14.238832 10.014101 7.137077 6.162262 7.949666 11.400423 14.537445 14.303473 11.132366 8.152993 5.738675 6.512432 8.449110 10.890286 11.848412 10.488863 8.504107 5.598167 5.908359 6.867725 8.316197 9.370089 9.188515 8.298909,
 7.789741 8.979943 10.680902 11.137051 9.516850 7.383843 6.390472 7.644242 9.525206 12.585435 13.951057 11.780601 8.490937 6.764237 7.547970 10.062435 14.439471 16.747662 14.032582 9.579504 7.156518 7.422185 10.173566 15.137980 17.996212 15.137980 10.173566 7.422184 7.156519 9.579504 14.032582 16.747662 14.439471 10.062435 7.547970 6.764237 8.490937 11.780601 13.951056 12.585435 9.525205 7.644241 6.390472 7.383843 9.516850 11.137051 10.680902 8.979942 7.789740,
 6.997701 6.897610 7.059983 7.590899 8.119114 8.039795 7.373381 6.501832 6.968998 8.371319 10.357656 11.288539 10.160193 8.128268 6.497690 8.118282 11.366817 14.470634 14.385208 11.214263 8.004918 7.162342 10.107979 14.404187 16.715015 14.404187 10.107979 7.162342 8.004918 11.214264 14.385208 14.470634 11.366817 8.118282 6.497690 8.128266 10.160193 11.288539 10.357656 8.371319 6.968997 6.501832 7.373381 8.039795 8.119113 7.590899 7.059983 6.897609 6.997701,

Pairwise cross-correlations of the modulus of all oriented sub-bands at the same scale (size QxQ)
 55.198540 50.665226 43.716896 50.313549,
 50.665226 57.776066 50.930729 48.165173,
 43.716896 50.930729 55.306252 50.701874,
 50.313549 48.165173 50.701874 56.945267,
 55.615849 50.670662 48.518078 51.210007,
 50.670662 54.414982 50.891640 47.476723,
 48.518078 50.891640 56.304329 51.345150,
 51.210007 47.476723 51.345150 55.524174,

Cross-correlations of the modulus of all oriented sub-bands with all oriented sub-bands at the coarser scale (size QxQ)
 49.761383 46.093746 43.845963 46.667259,
 48.492283 50.877117 48.515156 45.626400,
 43.291462 45.901695 50.170101 46.927929,
 48.087284 44.602749 48.541222 51.393078,
 24.730892 22.946331 22.652128 23.274431,
 23.143274 23.721445 23.501583 21.835485,
 22.426073 23.228579 24.710497 23.045181,
 23.704645 22.141088 23.948578 24.537161,

Cross-correlations of the real part of each oriented sub-band with both the real and imaginary part of all phase-doubled oriented sub-bands at the next coarser scale (Q matrices of size 1x2Q, which are computed and stored in a matrix of size Qx2Q)
 -20.786461 -9.200511 -0.739525 -9.375877 0.042437 0.033345 0.010788 -0.013392,
 -8.973355 -21.289776 -9.013954 -0.774337 0.021002 0.086717 0.092518 0.004995,
 -0.744720 -9.253292 -20.972458 -9.399059 -0.011149 0.044234 0.181182 0.022445,
 -9.153858 -0.773839 -9.130500 -21.710413 0.005400 -0.002293 0.070902 0.021098,
 -12.002886 -4.902506 -0.403004 -5.264876 0.143938 0.023338 0.020686 -0.061717,
 -5.155200 -10.618298 -5.061922 -0.572388 -0.025162 0.137741 0.104205 -0.062555,
 -0.437685 -4.862299 -11.799292 -5.222127 -0.019129 0.114295 0.314883 0.044342,
 -5.217323 -0.586767 -5.176253 -11.643126 0.076359 -0.007959 0.191248 0.189518,
