Low-band skewness and kurtosis
 -11.323779 144.599350,
 -6.974811 58.067654,
 -4.135568 24.185013,
 0.397242 9.553820,

High-band variance
 17.551294,

Skewness, kurtosis, variance, mean, maximum and minimum of the reconstructed texture
 -11.418662 137.834763 329.483154 253.289581 255.000000 0.000000,

Auto-correlations of the low-frequency bands at each scale
 4.434317 0.410478 5.354266 12.264925 10.270210 4.774748 4.163677 0.681040 13.572910 57.055828 85.651825 61.445244 17.891600 0.970039 0.627041 53.554100 164.655319 228.163574 167.363708 56.546211 1.429940 2.636265 79.250015 226.290802 307.101685 226.290802 79.250023 2.636265 1.429940 56.546200 167.363708 228.163574 164.655319 53.554100 0.627041 0.970039 17.891598 61.445244 85.651825 57.055824 13.572912 0.681040 4.163677 4.774746 10.270210 12.264924 5.354266 0.410479 4.434317,
 10.589286 5.877585 -1.429814 -2.415339 0.470643 7.282971 10.604384 6.457244 -4.743371 -0.507996 10.874856 1.075520 -4.596894 5.852820 -1.395693 -0.766090 55.359501 101.530098 56.168285 -1.664223 -3.054595 -5.507143 7.565825 99.368866 166.963089 99.368889 7.565825 -5.507143 -3.054595 -1.664222 56.168278 101.530098 55.359505 -0.766091 -1.395693 5.852820 -4.596893 1.075520 10.874856 -0.507997 -4.743372 6.457243 10.604385 7.282972 0.470644 -2.415339 -1.429814 5.877585 10.589287,
 8.060833 5.061510 2.827892 2.962232 2.610532 4.372158 6.076287 5.790973 0.632114 1.484683 5.202046 0.583489 -1.559092 3.577902 2.899983 0.122366 18.268024 34.585827 17.769056 -1.853138 0.944886 1.168518 1.684737 32.646481 57.158779 32.646481 1.684737 1.168519 0.944886 -1.853138 17.769056 34.585827 18.268024 0.122366 2.899983 3.577902 -1.559092 0.583489 5.202045 1.484683 0.632114 5.790972 6.076287 4.372159 2.610531 2.962232 2.827893 5.061510 8.060834,
 0.572382 0.902242 0.737623 0.560783 0.514832 0.910996 2.138398 0.741475 0.653734 1.032666 1.370590 0.510033 0.264131 1.712097 0.818537 1.281979 4.164621 6.235896 3.571087 0.549064 0.884549 0.752267 1.635717 6.435001 9.932323 6.435001 1.635717 0.752267 0.884548 0.549064 3.571087 6.235896 4.164621 1.281979 0.818537 1.712097 0.264131 0.510033 1.370590 1.032666 0.653734 0.741475 2.138399 0.910996 0.514832 0.560783 0.737623 0.902242 0.572382,

Auto-correlations of the modulus of each oriented sub-band
 17.591949 19.261261 20.383890 20.757132 20.292658 19.083893 17.340294 27.611248 31.700342 34.558285 35.539204 34.378941 31.364120 27.156330 38.002396 44.943584 49.897511 51.666790 49.757957 44.686520 37.663467 42.446735 50.735416 56.718029 58.920361 56.718029 50.735416 42.446735 37.663471 44.686516 49.757957 51.666782 49.897511 44.943588 38.002396 27.156330 31.364115 34.378941 35.539204 34.558285 31.700344 27.611244 17.340292 19.083893 20.292660 20.757132 20.383894 19.261265 17.591949,
 31.025875 35.183296 34.959183 30.256298 23.155775 16.375267 11.520390 35.711700 43.797619 46.898346 43.268898 34.528069 24.455698 16.291407 35.764793 47.411324 55.043869 54.876328 46.845184 34.759380 23.314306 30.845507 43.821110 55.101063 59.652012 55.101063 43.821110 30.845503 23.314306 34.759373 46.845184 54.876324 55.043869 47.411324 35.764793 16.291407 24.455698 34.528069 43.268898 46.898346 43.797619 35.711700 11.520391 16.375267 23.155775 30.256300 34.959183 35.183296 31.025873,
 15.833800 25.321630 35.836971 40.723431 36.209885 25.717646 15.908937 17.246704 29.151522 42.483063 48.611229 42.708874 29.391878 17.268139 18.197943 31.883078 47.304852 54.358868 47.391518 31.980661 18.193514 18.531376 32.901649 49.098545 56.489735 49.098545 32.901649 18.531378 18.193516 31.980656 47.391529 54.358868 47.304852 31.883083 18.197943 17.268139 29.391878 42.708874 48.611229 42.483059 29.151522 17.246708 15.908940 25.717646 36.209885 40.723431 35.836967 25.321634 15.833798,
 10.646480 15.250325 22.003309 29.168709 33.796238 33.805004 29.532352 15.325580 23.152817 33.065331 41.703663 45.146614 41.879471 33.850037 22.036465 33.091312 44.965836 52.868439 52.895840 45.242008 33.833210 29.177053 41.796833 52.936172 57.473255 52.936172 41.796841 29.177048 33.833214 45.242008 52.895844 52.868439 44.965836 33.091312 22.036465 33.850040 41.879471 45.146622 41.703655 33.065331 23.152817 15.325580 29.532351 33.805004 33.796238 29.168709 22.003309 15.250326 10.646480,
 12.767146 14.085752 15.209685 15.718259 15.320007 14.089336 12.392768 18.011620 22.280386 26.022087 27.669806 26.343662 22.601315 17.925665 25.636904 34.516560 42.269608 45.536648 42.579727 34.838135 25.636274 29.557642 41.003181 50.911007 54.929199 50.911011 41.003185 29.557642 25.636274 34.838135 42.579723 45.536652 42.269611 34.516567 25.636904 17.925665 22.601311 26.343657 27.669804 26.022089 22.280388 18.011621 12.392768 14.089334 15.320005 15.718260 15.209687 14.085754 12.767146,
 19.820824 24.071095 24.769136 21.195810 15.879601 11.711951 9.382498 23.321405 32.281921 37.033657 33.724621 24.762642 16.098179 11.008069 23.522291 36.542744 47.397736 48.074772 37.798973 24.248636 14.649688 19.760181 33.018208 47.891144 54.730408 47.891151 33.018208 19.760181 14.649686 24.248636 37.798969 48.074772 47.397739 36.542751 23.522291 11.008069 16.098175 24.762636 33.724617 37.033669 32.281921 23.321409 9.382498 11.711951 15.879599 21.195810 24.769138 24.071095 19.820824,
 11.569775 17.533531 25.469158 29.212914 24.822058 16.741844 11.001417 12.466805 21.152472 33.364143 39.503014 33.042240 20.723301 12.056176 13.178338 24.305395 40.307774 48.554691 40.216732 24.157900 12.967860 13.397213 25.572969 43.153416 52.279869 43.153416 25.572969 13.397213 12.967860 24.157900 40.216728 48.554684 40.307774 24.305395 13.178336 12.056178 20.723301 33.042233 39.503014 33.364143 21.152472 12.466803 11.001417 16.741848 24.822056 29.212914 25.469158 17.533531 11.569776,
 10.363349 12.072090 15.669468 20.538568 23.943289 23.275805 19.075811 11.584738 16.079857 24.252831 32.929382 36.236671 31.591936 22.695642 14.671182 23.723000 36.790627 46.824024 46.236385 35.651546 22.869221 19.304960 32.138046 46.556755 53.188240 46.556759 32.138046 19.304960 22.869221 35.651539 46.236385 46.824024 36.790627 23.723005 14.671181 22.695644 31.591936 36.236671 32.929382 24.252834 16.079857 11.584738 19.075811 23.275806 23.943287 20.538565 15.669468 12.072092 10.363347,
 7.235734 7.775637 8.027882 7.869360 7.355906 6.694576 6.102103 7.719510 9.006255 10.058971 10.349623 9.708167 8.490275 7.260401 9.150453 11.777780 14.157279 15.083962 14.008098 11.603720 9.094549 10.104145 13.478416 16.678591 18.043453 16.678591 13.478415 10.104145 9.094550 11.603721 14.008098 15.083962 14.157279 11.777778 9.150451 7.260400 8.490275 9.708167 10.349623 10.058971 9.006253 7.719509 6.102103 6.694576 7.355906 7.869360 8.027882 7.775636 7.235734,
 7.038084 8.105731 8.501214 7.724826 6.444068 5.571347 5.300428 7.616137 9.823905 11.368377 10.658405 8.372290 6.421931 5.670691 7.757119 10.999352 14.339500 14.746326 11.756722 8.211227 6.326176 7.171241 10.276563 14.654004 16.913439 14.654006 10.276563 7.171240 6.326177 8.211227 11.756721 14.746326 14.339500 10.999352 7.757117 5.670690 6.421931 8.372289 10.658404 11.368377 9.823904 7.616137 5.300428 5.571347 6.444068 7.724826 8.501214 8.105731 7.038084,
 6.054156 7.158340 8.768007 9.387945 8.147887 6.458836 5.562645 6.122665 7.818188 10.672032 12.147828 10.292391 7.325636 5.727580 6.070094 8.360410 12.513214 14.892566 12.356715 8.120194 5.862755 5.973485 8.517260 13.278732 16.113802 13.278732 8.517260 5.973485 5.862755 8.120196 12.356715 14.892566 12.513214 8.360409 6.070094 5.727580 7.325637 10.292391 12.147828 10.672033 7.818187 6.122665 5.562645 6.458838 8.147887 9.387945 8.768007 7.158340 6.054157,
 6.095774 6.603673 7.213147 7.886556 8.211986 7.709344 6.606379 6.055177 7.065268 8.774751 10.644360 11.209693 9.800478 7.566056 6.354435 8.392115 11.739262 14.551652 14.251108 11.079998 7.785132 7.116852 10.279184 14.505049 16.667486 14.505048 10.279184 7.116851 7.785132 11.079998 14.251108 14.551652 11.739262 8.392116 6.354434 7.566057 9.800478 11.209695 10.644359 8.774750 7.065267 6.055176 6.606379 7.709344 8.211985 7.886555 7.213146 6.603673 6.095774,

Pairwise cross-correlations of the modulus of all oriented sub-bands at the same scale (size QxQ)
 58.920380 53.939583 46.332222 52.546650,
 53.939583 59.651993 52.314671 49.650417,
 46.332222 52.314671 56.489761 51.541668,
 52.546650 49.650417 51.541668 57.473263,
 54.929211 50.114693 45.268478 49.387299,
 50.114693 54.730396 48.973240 46.187813,
 45.268478 48.973240 52.279877 48.508804,
 49.387299 46.187813 48.508804 53.188244,

Cross-correlations of the modulus of all oriented sub-bands with all oriented sub-bands at the coarser scale (size QxQ)
 51.814201 47.879234 43.332306 47.175789,
 48.963135 51.865494 47.700390 45.516991,
 43.779816 46.672066 48.479034 45.803738,
 47.596832 44.710213 46.277443 49.663845,
 25.147539 23.725538 21.674795 22.690931,
 23.868933 23.941042 22.680092 21.885128,
 21.917835 22.296457 22.794113 22.021448,
 23.656538 22.149464 22.249273 23.247078,

Cross-correlations of the real part of each oriented sub-band with both the real and imaginary part of all phase-doubled oriented sub-bands at the next coarser scale (Q matrices of size 1x2Q, which are computed and stored in a matrix of size Qx2Q)
 -21.208755 -9.817462 -0.771284 -9.132547 0.079305 -0.051286 -0.002196 -0.049052,
 -9.469879 -22.066685 -8.974072 -0.811076 0.009331 -0.021837 0.133022 0.015728,
 -0.758482 -9.365349 -20.370787 -9.038130 0.010171 -0.001277 0.259991 0.071244,
 -8.950556 -0.820404 -8.909016 -20.726034 0.056793 -0.036978 0.069640 -0.005044,
 -11.848698 -5.007929 -0.461139 -5.091360 -0.724372 -0.070480 -0.009215 0.222631,
 -5.239630 -10.935858 -4.643266 -0.501933 -0.376254 -0.043456 -0.144300 0.017838,
 -0.465834 -4.653577 -10.656461 -4.880707 -0.011722 -0.010079 -0.283723 0.045416,
 -5.122139 -0.486209 -4.795109 -11.209041 -0.196442 -0.034161 -0.080822 0.176977,
