Low-band skewness and kurtosis
 -11.349415 145.214294,
 -6.954175 58.308582,
 -3.716894 19.189280,
 -0.292653 5.639425,

High-band variance
 17.431967,

Skewness, kurtosis, variance, mean, maximum and minimum of the reconstructed texture
 -11.430767 138.068359 329.321167 253.293060 255.000000 0.000000,

Auto-correlations of the low-frequency bands at each scale
 0.866904 -0.833199 1.808728 3.664960 -0.261008 -2.802546 -0.084125 -0.076234 15.268021 56.619778 80.509720 53.783688 11.554094 -3.158347 4.059860 57.823647 166.573425 226.784805 164.611191 54.962616 1.440914 6.783712 82.453842 227.372864 307.137360 227.372849 82.453842 6.783712 1.440914 54.962616 164.611206 226.784805 166.573425 57.823647 4.059859 -3.158347 11.554094 53.783684 80.509720 56.619778 15.268021 -0.076235 -0.084124 -2.802546 -0.261008 3.664961 1.808729 -0.833200 0.866904,
 9.474544 3.055184 -6.042793 -9.290102 -6.000229 0.864027 4.289390 4.776163 -9.466003 -5.576945 4.685630 -5.045116 -11.346135 -1.217523 -1.804661 -2.626393 53.879414 98.842613 53.000488 -5.679749 -7.413216 -6.370916 7.223320 99.982727 167.272354 99.982727 7.223321 -6.370917 -7.413217 -5.679749 53.000484 98.842598 53.879417 -2.626394 -1.804661 -1.217524 -11.346133 -5.045116 4.685630 -5.576945 -9.466003 4.776162 4.289390 0.864027 -6.000228 -9.290104 -6.042794 3.055184 9.474544,
 3.335711 5.031550 1.591845 -2.490860 -1.479999 1.848639 1.579073 4.100926 0.760584 -1.631868 -1.986064 -3.841630 -2.090931 1.947748 3.639041 1.092151 16.238543 29.173378 13.852385 -2.478497 0.200177 1.332813 1.755218 30.582590 53.552635 30.582590 1.755218 1.332813 0.200177 -2.478497 13.852385 29.173378 16.238544 1.092151 3.639040 1.947748 -2.090931 -3.841630 -1.986064 -1.631868 0.760584 4.100926 1.579073 1.848639 -1.479999 -2.490860 1.591846 5.031550 3.335711,
 1.026851 1.329544 1.194408 0.461439 0.250402 0.882146 1.208939 0.516746 0.013044 0.171625 0.377220 0.279641 0.659772 1.068153 0.744731 0.372301 2.446614 4.303928 2.906760 1.033491 0.879075 1.063250 1.463661 4.945973 7.538383 4.945973 1.463661 1.063250 0.879075 1.033491 2.906760 4.303928 2.446614 0.372301 0.744731 1.068153 0.659772 0.279641 0.377220 0.171625 0.013044 0.516746 1.208939 0.882145 0.250402 0.461439 1.194409 1.329544 1.026851,

Auto-correlations of the modulus of each oriented sub-band
 14.823179 16.256123 17.228554 17.526773 17.044065 15.856971 14.162580 25.170500 29.071424 31.849512 32.852928 31.774078 28.851244 24.714298 36.095627 42.873554 47.777000 49.605206 47.808651 42.848450 35.911850 40.892044 49.057800 54.968735 57.151230 54.968735 49.057800 40.892044 35.911858 42.848442 47.808651 49.605206 47.777004 42.873550 36.095627 24.714294 28.851242 31.774078 32.852928 31.849512 29.071428 25.170498 14.162582 15.856968 17.044067 17.526773 17.228554 16.256124 14.823179,
 29.304998 33.575844 33.376026 28.388063 20.795374 13.587114 8.480888 33.743633 41.907055 45.207607 41.559544 32.537254 22.181595 13.864249 33.692928 45.242058 53.035156 52.992405 44.862953 32.674561 21.262699 28.843178 41.654076 52.972328 57.599663 52.972328 41.654076 28.843178 21.262701 32.674561 44.862953 52.992405 53.035156 45.242065 33.692924 13.864250 22.181595 32.537258 41.559540 45.207607 41.907055 33.743629 8.480889 13.587114 20.795376 28.388063 33.376022 33.575848 29.304995,
 15.092626 25.257845 36.067360 40.954174 36.295746 25.441545 14.933171 16.715744 29.457220 43.162651 49.355606 43.361847 29.628958 16.639015 17.833246 32.452988 48.266968 55.393074 48.383011 32.555149 17.804552 18.230368 33.583385 50.180729 57.613338 50.180721 33.583385 18.230366 17.804554 32.555149 48.383011 55.393074 48.266968 32.452991 17.833244 16.639017 29.628956 43.361843 49.355618 43.162643 29.457220 16.715744 14.933172 25.441545 36.295742 40.954174 36.067352 25.257845 15.092624,
 9.060091 14.111228 21.380674 29.043879 34.053684 34.073761 29.293331 14.332204 22.817600 33.369164 42.509274 46.168388 42.614960 33.846920 21.622108 33.409634 45.903591 54.170464 54.178413 46.044819 33.861824 29.094524 42.450760 54.137600 58.875149 54.137600 42.450771 29.094522 33.861824 46.044819 54.178413 54.170464 45.903587 33.409637 21.622107 33.846924 42.614960 46.168388 42.509274 33.369160 22.817602 14.332204 29.293331 34.073757 34.053677 29.043879 21.380674 14.111229 9.060093,
 11.452981 11.681133 11.516988 10.933948 9.994051 8.948385 8.068758 17.442455 21.096548 24.000669 24.748123 22.753738 18.879721 14.717853 25.421745 34.133671 41.537552 44.279610 40.812599 32.866295 23.890388 28.987434 40.371353 50.261585 54.278652 50.261585 40.371357 28.987431 23.890392 32.866291 40.812599 44.279610 41.537556 34.133671 25.421741 14.717853 18.879721 22.753735 24.748119 24.000673 21.096550 17.442455 8.068758 8.948383 9.994050 10.933949 11.516988 11.681133 11.452981,
 18.848478 22.428694 21.996717 17.075472 10.795505 6.521513 5.021124 22.852974 31.503839 35.671162 31.437992 21.513256 12.288050 7.399197 22.952402 36.026043 46.786171 47.114151 36.235161 22.032022 12.136760 18.423561 32.041138 47.247463 54.199116 47.247478 32.041138 18.423561 12.136762 22.032022 36.235157 47.114143 46.786171 36.026043 22.952402 7.399197 12.288049 21.513254 31.437994 35.671162 31.503841 22.852972 5.021124 6.521513 10.795504 17.075474 21.996723 22.428694 18.848478,
 12.325486 17.660368 25.125078 28.460159 23.408203 14.426792 8.192103 12.989655 21.761229 34.450172 40.627293 33.246052 19.402222 9.831262 13.205300 25.034273 42.296902 51.000717 41.674595 23.783686 11.476565 12.707099 25.932215 45.236820 55.169880 45.236824 25.932215 12.707099 11.476565 23.783686 41.674595 51.000713 42.296902 25.034275 13.205300 9.831260 19.402222 33.246052 40.627293 34.450176 21.761229 12.989655 8.192103 14.426790 23.408205 28.460159 25.125080 17.660368 12.325488,
 9.309096 9.478779 11.985677 16.785101 20.658566 20.279133 16.189787 10.625070 14.173926 22.101530 31.198786 34.809681 29.957502 20.872784 13.941443 22.805069 36.416336 47.091522 46.418018 35.141861 21.962069 18.737940 31.893791 47.196701 54.324646 47.196701 31.893795 18.737940 21.962069 35.141861 46.418011 47.091522 36.416344 22.805069 13.941442 20.872784 29.957500 34.809677 31.198790 22.101530 14.173926 10.625069 16.189787 20.279133 20.658562 16.785101 11.985678 9.478781 9.309096,
 4.073278 4.159167 4.160908 3.998409 3.710374 3.431650 3.292600 5.071039 5.801970 6.361698 6.460627 6.015906 5.251156 4.542726 7.036009 9.178307 11.109522 11.873418 10.952968 8.886207 6.733138 8.060362 11.099939 14.002978 15.266692 14.002981 11.099937 8.060362 6.733138 8.886207 10.952968 11.873418 11.109522 9.178307 7.036009 4.542726 5.251156 6.015906 6.460627 6.361697 5.801969 5.071039 3.292600 3.431650 3.710374 3.998409 4.160908 4.159167 4.073278,
 5.992671 7.013670 7.174551 6.135841 4.625703 3.542881 3.120404 6.782290 9.124264 10.509293 9.432755 6.734948 4.501587 3.499848 6.837224 10.262347 13.590651 13.798214 10.456303 6.640923 4.490387 5.866466 9.178363 13.658216 15.979068 13.658216 9.178363 5.866464 4.490387 6.640923 10.456303 13.798214 13.590651 10.262347 6.837224 3.499848 4.501587 6.734948 9.432755 10.509292 9.124262 6.782289 3.120404 3.542882 4.625703 6.135841 7.174551 7.013671 5.992671,
 4.938894 6.528090 8.408041 8.944227 7.142057 4.709770 3.540065 5.220856 7.492465 10.752975 12.271728 9.785033 6.009371 4.050665 5.409030 8.282564 12.927614 15.502056 12.411325 7.441113 4.729596 5.259253 8.335860 13.697560 16.909023 13.697560 8.335860 5.259253 4.729596 7.441113 12.411325 15.502056 12.927614 8.282564 5.409030 4.050665 6.009370 9.785033 12.271728 10.752973 7.492465 5.220856 3.540065 4.709771 7.142057 8.944228 8.408040 6.528090 4.938894,
 4.550875 5.230895 5.892129 6.501517 6.742885 6.206990 5.205443 5.072957 6.198864 8.002827 10.009317 10.573439 8.936715 6.614821 5.869299 8.028196 11.633498 14.702930 14.258947 10.692520 7.250695 6.796872 10.097915 14.684413 17.076340 14.684411 10.097915 6.796871 7.250695 10.692521 14.258947 14.702930 11.633498 8.028195 5.869298 6.614821 8.936715 10.573439 10.009317 8.002827 6.198863 5.072956 5.205443 6.206992 6.742885 6.501517 5.892128 5.230894 4.550875,

Pairwise cross-correlations of the modulus of all oriented sub-bands at the same scale (size QxQ)
 57.151226 51.910252 45.463943 52.096596,
 51.910252 57.599640 51.814487 49.010906,
 45.463943 51.814487 57.613327 52.511330,
 52.096596 49.010906 52.511330 58.875149,
 54.278645 50.085339 46.673309 50.177532,
 50.085339 54.199116 50.440334 47.283798,
 46.673309 50.440334 55.169872 50.406223,
 50.177532 47.283798 50.406223 54.324650,

Cross-correlations of the modulus of all oriented sub-bands with all oriented sub-bands at the coarser scale (size QxQ)
 50.349884 47.004616 43.931400 46.832851,
 48.133766 50.997467 47.927223 44.966671,
 43.769829 47.046310 50.985161 47.136456,
 48.385094 45.498390 48.578739 51.642738,
 22.694332 21.835539 21.512144 23.143761,
 21.624136 22.781368 22.659569 22.028196,
 20.716278 22.394991 24.558134 23.767681,
 21.871044 21.058619 22.988909 24.546375,

Cross-correlations of the real part of each oriented sub-band with both the real and imaginary part of all phase-doubled oriented sub-bands at the next coarser scale (Q matrices of size 1x2Q, which are computed and stored in a matrix of size Qx2Q)
 -21.470352 -9.629641 -0.712227 -9.795025 0.063979 0.076312 -0.008635 -0.023408,
 -9.265029 -22.179543 -9.295356 -0.794926 0.035775 0.157344 0.001011 0.006270,
 -0.710886 -9.574358 -21.947052 -9.986326 0.008061 0.035275 0.011811 0.000968,
 -9.284687 -0.793657 -9.569366 -22.851160 0.029064 -0.001592 0.001151 -0.063745,
 -11.812256 -4.966418 -0.507651 -5.494503 -0.147628 -0.100150 -0.018968 0.111993,
 -5.022529 -11.730511 -5.481312 -0.484487 -0.060823 -0.273452 -0.055443 -0.016073,
 -0.441909 -5.201221 -13.020777 -5.833454 -0.037974 -0.109196 -0.232132 -0.144168,
 -5.349730 -0.421772 -5.952354 -12.900191 -0.129014 -0.022629 -0.161733 0.027455,
