Low-band skewness and kurtosis
 -11.426435 147.291718,
 -6.915163 56.606133,
 -3.947851 20.946548,
 -0.490022 8.620328,

High-band variance
 17.055269,

Skewness, kurtosis, variance, mean, maximum and minimum of the reconstructed texture
 -11.511746 140.062119 323.744385 253.318512 255.000000 0.000000,

Auto-correlations of the low-frequency bands at each scale
 4.259118 0.342415 1.690814 3.944453 0.719515 0.662769 8.159739 1.412192 13.617820 53.019669 77.463959 52.537479 13.648912 3.332717 3.096522 54.320183 161.458176 222.109695 161.567947 54.501427 3.701993 5.780163 79.537125 222.799225 302.054901 222.799225 79.537132 5.780162 3.701993 54.501423 161.567947 222.109695 161.458176 54.320190 3.096521 3.332717 13.648910 52.537479 77.463959 53.019669 13.617821 1.412191 8.159739 0.662769 0.719516 3.944453 1.690814 0.342415 4.259117,
 5.094829 1.343446 -1.641953 -0.087829 1.377936 5.211277 8.719329 3.207236 -9.392207 -3.388195 8.709925 -0.484913 -5.301543 6.638051 -0.326872 -1.642844 52.454296 96.632210 53.845306 0.064214 0.400991 -1.803313 9.731339 97.334305 161.796097 97.334305 9.731339 -1.803314 0.400992 0.064214 53.845295 96.632225 52.454296 -1.642844 -0.326873 6.638051 -5.301543 -0.484914 8.709925 -3.388194 -9.392207 3.207235 8.719329 5.211276 1.377935 -0.087828 -1.641952 1.343446 5.094829,
 7.841877 6.815907 5.469629 4.321155 2.895701 3.937842 6.296114 5.868979 0.909058 1.774073 5.138585 1.461065 1.909153 9.134968 3.742294 0.370161 16.587084 32.166096 18.351938 3.759495 8.285222 5.248225 4.887787 31.687653 53.811794 31.687653 4.887786 5.248224 8.285223 3.759496 18.351938 32.166096 16.587084 0.370161 3.742294 9.134968 1.909153 1.461065 5.138585 1.774073 0.909058 5.868979 6.296114 3.937842 2.895702 4.321155 5.469628 6.815907 7.841876,
 2.035962 1.502095 0.410432 0.351686 1.494274 2.089215 1.237249 1.844219 0.942182 0.805137 1.694553 1.809905 1.204944 0.784122 0.963035 0.510749 2.969589 5.585246 3.771384 0.797272 0.361614 0.375653 0.725085 4.934497 8.166905 4.934497 0.725085 0.375653 0.361614 0.797272 3.771384 5.585246 2.969589 0.510749 0.963035 0.784122 1.204944 1.809905 1.694553 0.805137 0.942182 1.844219 1.237249 2.089215 1.494274 0.351686 0.410432 1.502095 2.035962,

Auto-correlations of the modulus of each oriented sub-band
 15.800234 17.440174 18.709333 19.382059 19.338530 18.636141 17.446405 25.638651 29.646603 32.621891 33.881302 33.110535 30.550873 26.836187 36.183960 43.005119 48.014427 49.958157 48.277283 43.472687 36.777889 41.031071 49.131840 55.046333 57.241394 55.046333 49.131844 41.031071 36.777897 43.472683 48.277283 49.958157 48.014427 43.005127 36.183956 26.836187 30.550869 33.110535 33.881302 32.621891 29.646606 25.638647 17.446407 18.636141 19.338531 19.382059 18.709333 17.440174 15.800232,
 30.265497 34.927288 35.199726 30.781279 23.820784 17.230904 12.719901 34.868076 43.290321 46.820690 43.439148 34.777191 24.846586 17.056356 34.989719 46.703522 54.616608 54.653423 46.654827 34.634960 23.512392 30.457136 43.248711 54.589195 59.208824 54.589195 43.248711 30.457134 23.512392 34.634956 46.654827 54.653427 54.616600 46.703529 34.989716 17.056356 24.846584 34.777191 43.439148 46.820690 43.290321 34.868073 12.719903 17.230904 23.820784 30.781279 35.199730 34.927296 30.265491,
 16.225100 26.291967 37.146240 41.953583 37.109821 26.532024 16.940788 17.823515 30.157434 43.760490 49.906410 43.794651 30.400801 18.392597 19.001307 32.967014 48.586258 55.721817 48.635502 33.125671 19.316154 19.537582 34.061367 50.400616 57.886040 50.400616 34.061367 19.537580 19.316154 33.125664 48.635502 55.721817 48.586246 32.967018 19.001301 18.392597 30.400797 43.794651 49.906410 43.760494 30.157434 17.823515 16.940786 26.532022 37.109821 41.953583 37.146240 26.291967 16.225100,
 11.801082 16.498734 23.262032 30.464779 35.280746 35.537247 31.421194 16.485435 24.424566 34.482616 43.348660 47.065113 43.941830 35.886585 23.351925 34.560112 46.638569 54.758289 54.923485 47.229774 35.679291 30.729263 43.508480 54.802013 59.401974 54.802013 43.508480 30.729263 35.679291 47.229767 54.923489 54.758289 46.638569 34.560112 23.351925 35.886585 43.941830 47.065117 43.348663 34.482616 24.424572 16.485432 31.421194 35.537247 35.280746 30.464779 23.262032 16.498735 11.801080,
 12.846601 14.007688 15.107083 15.716358 15.659114 15.193757 14.773820 18.641741 22.433125 25.787834 27.242573 26.191467 23.457502 20.497286 26.743750 34.660343 41.599117 44.384182 41.581188 34.921486 27.571327 30.894283 40.818165 49.717522 53.423340 49.717529 40.818169 30.894281 27.571323 34.921482 41.581184 44.384190 41.599121 34.660343 26.743750 20.497286 23.457500 26.191463 27.242573 25.787836 22.433126 18.641741 14.773820 15.193757 15.659114 15.716357 15.107086 14.007688 12.846601,
 18.804670 22.538790 23.576712 20.815416 16.432949 13.234320 12.068120 22.905031 30.585142 35.071747 32.393501 24.621164 17.305399 13.528992 24.122679 35.466908 45.447018 46.225040 36.858700 24.807934 16.762856 21.254255 32.812588 46.400379 52.854702 46.400379 32.812588 21.254255 16.762854 24.807934 36.858700 46.225040 45.447021 35.466908 24.122679 13.528991 17.305399 24.621161 32.393497 35.071754 30.585144 22.905031 12.068120 13.234321 16.432949 20.815420 23.576712 22.538790 18.804670,
 13.925986 19.313982 27.313192 31.476015 27.256329 19.267431 14.203074 14.735996 22.822529 35.181507 41.731621 35.364780 23.209417 15.420554 15.686353 26.079494 42.118961 50.670227 42.306728 26.439678 16.229498 16.312479 27.569492 45.017368 54.315628 45.017376 27.569494 16.312479 16.229498 26.439674 42.306725 50.670227 42.118958 26.079498 15.686353 15.420556 23.209415 35.364777 41.731613 35.181507 22.822531 14.735996 14.203075 19.267431 27.256325 31.476015 27.313198 19.313982 13.925985,
 10.740767 12.047949 15.337556 19.763718 22.592312 21.896086 18.991766 12.619606 16.358292 23.689257 31.614208 34.545467 30.530622 23.676891 16.459909 24.135881 36.044693 45.516266 44.974728 35.407730 24.782284 21.468199 32.414417 45.717567 52.100529 45.717567 32.414417 21.468201 24.782286 35.407730 44.974728 45.516266 36.044693 24.135881 16.459908 23.676891 30.530622 34.545460 31.614206 23.689257 16.358294 12.619606 18.991768 21.896084 22.592312 19.763720 15.337556 12.047949 10.740767,
 7.844191 8.003035 8.027208 7.905313 7.643766 7.333332 7.150527 8.512548 9.293387 9.974267 10.234559 9.862226 9.084231 8.376813 10.017876 12.018197 13.943450 14.795973 13.979463 12.077310 10.175332 11.019944 13.689512 16.340004 17.522093 16.340004 13.689512 11.019944 10.175332 12.077310 13.979462 14.795973 13.943450 12.018199 10.017875 8.376813 9.084231 9.862226 10.234558 9.974266 9.293386 8.512548 7.150527 7.333333 7.643765 7.905313 8.027208 8.003035 7.844190,
 8.141280 9.113668 9.631652 9.254881 8.535214 8.071422 7.757010 8.691902 10.622246 11.955513 11.438028 9.897324 8.842095 8.368290 8.964403 11.694290 14.587568 14.879659 12.389428 9.891235 8.724885 8.905475 11.212423 14.810851 16.815296 14.810851 11.212423 8.905475 8.724886 9.891235 12.389426 14.879660 14.587568 11.694290 8.964403 8.368291 8.842096 9.897324 11.438028 11.955513 10.622245 8.691900 7.757010 8.071423 8.535214 9.254881 9.631652 9.113668 8.141280,
 7.141328 7.992000 9.344303 10.092166 9.352561 8.105000 7.393189 7.240912 8.622283 11.129846 12.652165 11.280180 9.036476 7.834833 7.602536 9.442818 13.011480 15.275939 13.145875 9.782909 8.060498 7.968382 9.955859 13.902838 16.463898 13.902838 9.955859 7.968382 8.060500 9.782909 13.145874 15.275939 13.011480 9.442818 7.602537 7.834833 9.036476 11.280179 12.652165 11.129845 8.622283 7.240912 7.393189 8.105000 9.352561 10.092165 9.344303 7.991998 7.141328,
 6.534924 6.522354 6.586324 7.027257 7.504346 7.333988 6.715570 6.617206 6.931591 7.931827 9.509277 10.253808 9.290857 7.816540 7.040251 8.232031 10.721462 13.206101 13.106389 10.588048 8.278302 7.811095 9.984403 13.345314 15.227703 13.345314 9.984403 7.811095 8.278303 10.588048 13.106390 13.206101 10.721462 8.232030 7.040251 7.816540 9.290857 10.253807 9.509277 7.931825 6.931589 6.617206 6.715570 7.333989 7.504345 7.027258 6.586323 6.522354 6.534924,

Pairwise cross-correlations of the modulus of all oriented sub-bands at the same scale (size QxQ)
 57.241379 52.934311 46.235809 53.174561,
 52.934311 59.208805 53.104855 50.960793,
 46.235809 53.104855 57.886021 52.925400,
 53.174561 50.960793 52.925400 59.401962,
 53.423321 48.267296 46.147629 48.329285,
 48.267296 52.854679 49.059441 45.259407,
 46.147629 49.059441 54.315620 48.880623,
 48.329285 45.259407 48.880623 52.100529,

Cross-correlations of the modulus of all oriented sub-bands with all oriented sub-bands at the coarser scale (size QxQ)
 49.392368 46.144257 43.926186 46.353081,
 47.830349 50.306400 48.441574 45.234154,
 43.439899 46.137764 50.048443 46.047726,
 47.861546 45.150829 48.330994 50.206646,
 23.878294 22.197882 21.020487 21.110680,
 23.236477 23.485222 22.328899 20.506666,
 22.589239 22.971098 23.357691 21.487873,
 23.103704 21.611900 22.040318 21.957321,

Cross-correlations of the real part of each oriented sub-band with both the real and imaginary part of all phase-doubled oriented sub-bands at the next coarser scale (Q matrices of size 1x2Q, which are computed and stored in a matrix of size Qx2Q)
 -20.556274 -9.366029 -0.765073 -9.043788 0.066000 0.002405 -0.017539 0.002186,
 -8.910091 -21.904696 -9.298818 -0.777478 0.013371 -0.031375 -0.026137 -0.012328,
 -0.755594 -9.631052 -21.015295 -9.246618 -0.009060 -0.014956 0.068865 0.057052,
 -8.867720 -0.828852 -9.043059 -21.042639 0.022250 0.008494 0.051432 0.121153,
 -10.882197 -4.804784 -0.406709 -4.660112 0.001812 -0.012373 0.064632 -0.037519,
 -4.768377 -10.588157 -4.991594 -0.545224 0.033160 0.152978 0.226539 -0.032479,
 -0.394113 -4.981729 -10.974990 -4.216055 -0.019180 0.148788 0.145800 0.106945,
 -4.694615 -0.588013 -4.562276 -9.652250 -0.062754 0.007124 0.062375 0.205989,
