Low-band skewness and kurtosis
 -11.386321 146.186035,
 -6.941251 56.992214,
 -3.718046 19.165663,
 -0.186000 6.108433,

High-band variance
 17.206940,

Skewness, kurtosis, variance, mean, maximum and minimum of the reconstructed texture
 -11.480066 139.300583 326.060028 253.307816 255.000000 0.000000,

Auto-correlations of the low-frequency bands at each scale
 -1.096217 -4.734416 -1.925122 1.809647 -1.318212 -4.534616 -1.630479 -0.535714 11.870571 52.744968 78.554893 53.445133 11.564380 -2.454018 6.025880 56.400227 163.329926 224.134018 163.727158 55.900482 4.315666 10.246416 82.925262 225.349777 304.158264 225.349777 82.925262 10.246416 4.315666 55.900482 163.727173 224.134018 163.329926 56.400234 6.025878 -2.454018 11.564378 53.445145 78.554893 52.744961 11.870571 -0.535714 -1.630480 -4.534616 -1.318209 1.809648 -1.925125 -4.734416 -1.096217,
 7.580108 1.967931 -5.634734 -9.628782 -7.864774 -0.937686 3.010904 0.626371 -11.030988 -7.124995 1.878473 -8.042383 -12.664464 -0.030144 -3.341044 -2.250074 52.338367 95.851822 52.325699 -1.981215 -0.321459 -0.490932 11.729252 100.182800 164.957031 100.182816 11.729252 -0.490932 -0.321460 -1.981214 52.325699 95.851822 52.338367 -2.250072 -3.341044 -0.030144 -12.664463 -8.042383 1.878473 -7.124996 -11.030990 0.626371 3.010905 -0.937686 -7.864774 -9.628782 -5.634735 1.967931 7.580109,
 5.893752 5.404054 2.917491 2.155010 2.542020 3.486017 4.592531 6.098384 1.368796 -0.948750 -0.094445 -2.624040 -1.819182 3.449737 3.415110 0.853700 15.060515 28.159130 14.654551 -0.236030 1.864157 1.724166 3.648655 30.798729 52.192516 30.798729 3.648655 1.724166 1.864157 -0.236030 14.654551 28.159130 15.060515 0.853699 3.415110 3.449737 -1.819182 -2.624040 -0.094445 -0.948750 1.368796 6.098384 4.592531 3.486016 2.542020 2.155010 2.917491 5.404054 5.893752,
 0.476942 0.544751 0.312038 0.281661 0.482765 0.811533 1.143505 1.031964 0.563816 0.431498 0.617954 0.344220 0.287704 0.770720 0.891011 0.495992 2.275672 3.944189 2.375149 0.339254 0.353485 0.407596 0.586371 3.938303 6.505487 3.938303 0.586371 0.407596 0.353485 0.339254 2.375149 3.944189 2.275672 0.495992 0.891011 0.770720 0.287704 0.344220 0.617954 0.431498 0.563817 1.031964 1.143505 0.811533 0.482765 0.281661 0.312037 0.544751 0.476942,

Auto-correlations of the modulus of each oriented sub-band
 14.267947 15.686163 16.642668 16.955585 16.556675 15.557971 14.174635 25.137947 29.066980 31.849262 32.847576 31.808500 29.047939 25.234428 36.533268 43.250004 48.090668 49.866013 48.074184 43.265118 36.643448 41.577484 49.516590 55.284317 57.423462 55.284317 49.516590 41.577484 36.643448 43.265110 48.074184 49.866013 48.090668 43.250008 36.533268 25.234428 29.047935 31.808500 32.847576 31.849262 29.066980 25.137945 14.174638 15.557970 16.556675 16.955587 16.642668 15.686163 14.267947,
 28.777115 32.963718 32.677910 27.698545 20.297409 13.406221 8.681275 33.618618 41.730915 44.923801 41.200893 32.286068 22.185976 14.187053 33.872177 45.381680 53.091194 52.964436 44.876816 32.853104 21.657219 29.194172 41.900219 53.128586 57.716225 53.128586 41.900219 29.194172 21.657219 32.853100 44.876820 52.964436 53.091190 45.381680 33.872177 14.187053 22.185976 32.286068 41.200897 44.923801 41.730915 33.618618 8.681273 13.406221 20.297409 27.698542 32.677910 32.963722 28.777115,
 15.304507 25.214094 35.865810 40.673859 36.091850 25.522778 15.469382 17.114752 29.512831 43.011108 49.104244 43.198147 29.768377 17.258520 18.397579 32.606937 48.172367 55.188206 48.277607 32.749825 18.481606 18.893867 33.787766 50.105434 57.430569 50.105423 33.787766 18.893867 18.481606 32.749821 48.277607 55.188206 48.172367 32.606937 18.397577 17.258520 29.768375 43.198154 49.104244 43.011101 29.512831 17.114752 15.469382 25.522778 36.091850 40.673859 35.865807 25.214098 15.304507,
 9.174846 13.757124 20.466898 27.713467 32.590355 32.789059 28.466923 14.536770 22.317404 32.236446 41.025391 44.678268 41.440666 33.297455 21.802769 32.751633 44.634583 52.646988 52.742916 45.038662 33.621258 29.112534 41.618675 52.775139 57.345432 52.775146 41.618679 29.112532 33.621258 45.038662 52.742916 52.646984 44.634583 32.751633 21.802771 33.297455 41.440666 44.678268 41.025391 32.236443 22.317404 14.536768 28.466919 32.789062 32.590355 27.713467 20.466898 13.757124 9.174846,
 10.272918 10.390656 10.463292 10.250737 9.652688 8.839354 8.058209 15.355601 19.037508 22.268221 23.478273 21.999096 18.652935 14.915514 23.605442 32.248543 39.775429 42.835697 39.870857 32.576897 24.196939 28.396284 39.368130 48.896507 52.781857 48.896507 39.368130 28.396280 24.196941 32.576897 39.870857 42.835697 39.775433 32.248543 23.605442 14.915514 18.652937 21.999100 23.478275 22.268221 19.037508 15.355601 8.058208 8.839353 9.652688 10.250735 10.463293 10.390656 10.272918,
 17.735992 21.132198 21.006987 16.697636 11.255163 7.804043 6.667326 21.381680 29.897741 34.397217 30.514746 21.053663 12.601078 8.432652 21.575788 34.335224 45.392849 46.000511 35.175766 21.470921 12.458546 17.785110 30.704790 45.865437 53.055935 45.865437 30.704794 17.785110 12.458546 21.470919 35.175762 46.000507 45.392853 34.335224 21.575787 8.432652 12.601078 21.053663 30.514740 34.397217 29.897739 21.381680 6.667326 7.804043 11.255163 16.697636 21.006987 21.132198 17.735992,
 12.642280 17.930435 26.112757 30.509277 26.290722 17.612787 11.325742 13.809550 22.819656 36.015278 42.748360 35.862877 22.294647 12.781256 14.778526 26.987150 44.529720 53.392227 44.326332 26.591970 14.214829 14.997383 28.511497 47.861340 57.706566 47.861340 28.511497 14.997383 14.214829 26.591967 44.326332 53.392227 44.529724 26.987150 14.778526 12.781255 22.294647 35.862873 42.748360 36.015278 22.819656 13.809550 11.325744 17.612787 26.290722 30.509277 26.112764 17.930435 12.642280,
 8.197862 8.916266 12.182646 17.395409 21.293802 20.905819 17.176340 9.322348 13.587963 21.886770 30.970583 34.544235 30.069895 21.816423 13.524503 22.747839 36.069599 46.393543 45.830276 35.313370 23.031410 19.390776 32.157761 46.682884 53.450314 46.682888 32.157764 19.390776 23.031412 35.313370 45.830276 46.393543 36.069603 22.747843 13.524505 21.816422 30.069897 34.544228 30.970583 21.886770 13.587964 9.322349 17.176340 20.905819 21.293802 17.395409 12.182649 8.916265 8.197862,
 4.382523 4.630239 4.870366 5.001975 4.998989 4.902503 4.766695 5.226910 6.028841 6.821827 7.169172 6.834513 6.004813 5.092502 6.810174 8.869346 10.872455 11.753778 10.908018 8.805824 6.524898 7.598251 10.568478 13.411167 14.638616 13.411165 10.568477 7.598251 6.524898 8.805826 10.908020 11.753778 10.872455 8.869344 6.810175 5.092501 6.004813 6.834513 7.169171 6.821826 6.028841 5.226910 4.766694 4.902503 4.998989 5.001976 4.870367 4.630239 4.382523,
 5.973154 6.865422 7.013770 6.216225 5.303587 4.972743 5.163735 6.853761 8.991801 10.172749 9.140485 6.903351 5.251502 4.719018 6.849779 10.217815 13.387521 13.432757 10.258542 6.746486 4.817585 5.799114 9.082917 13.474481 15.732558 13.474481 9.082917 5.799114 4.817585 6.746486 10.258542 13.432755 13.387521 10.217815 6.849779 4.719017 5.251502 6.903351 9.140484 10.172748 8.991799 6.853761 5.163735 4.972743 5.303587 6.216225 7.013770 6.865420 5.973154,
 5.865058 6.742685 8.307987 9.431291 8.504314 6.785287 5.905708 6.101549 7.816853 10.910506 12.961851 11.081551 7.793338 6.044336 6.278450 8.833216 13.429955 16.364794 13.539104 8.806260 6.212074 6.319183 9.253796 14.543678 17.830647 14.543678 9.253796 6.319183 6.212075 8.806262 13.539104 16.364794 13.429955 8.833216 6.278450 6.044335 7.793337 11.081550 12.961851 10.910506 7.816854 6.101549 5.905708 6.785287 8.504314 9.431291 8.307987 6.742686 5.865058,
 4.396273 4.704940 5.381114 6.386592 7.113825 6.965709 6.228979 4.605430 5.517398 7.364726 9.534139 10.276099 8.873907 6.763579 5.103545 7.210863 10.787521 13.815335 13.408194 10.045341 6.715353 5.968203 9.260452 13.707071 16.014912 13.707071 9.260452 5.968203 6.715353 10.045341 13.408192 13.815335 10.787521 7.210862 5.103544 6.763579 8.873906 10.276099 9.534139 7.364725 5.517397 4.605430 6.228979 6.965709 7.113825 6.386591 5.381113 4.704940 4.396273,

Pairwise cross-correlations of the modulus of all oriented sub-bands at the same scale (size QxQ)
 57.423462 52.077423 45.536861 51.781982,
 52.077423 57.716217 51.847095 48.778927,
 45.536861 51.847095 57.430584 51.822311,
 51.781982 48.778927 51.822311 57.345440,
 52.781857 48.927322 47.102646 49.217678,
 48.927322 53.055927 50.952732 46.830734,
 47.102646 50.952732 57.706554 51.272816,
 49.217678 46.830734 51.272816 53.450310,

Cross-correlations of the modulus of all oriented sub-bands with all oriented sub-bands at the coarser scale (size QxQ)
 49.531250 46.403099 45.080788 46.650249,
 47.379940 50.604389 49.485928 45.137043,
 43.197292 47.037048 52.642490 47.337891,
 47.100506 44.605755 49.343498 50.568932,
 22.061281 21.773521 21.769838 22.019619,
 21.460243 22.974072 23.207964 21.459137,
 21.217325 23.339836 25.944130 23.580006,
 21.685703 21.265379 23.374134 23.592026,

Cross-correlations of the real part of each oriented sub-band with both the real and imaginary part of all phase-doubled oriented sub-bands at the next coarser scale (Q matrices of size 1x2Q, which are computed and stored in a matrix of size Qx2Q)
 -20.558594 -9.409554 -0.680991 -9.305674 -0.068620 0.007615 -0.005617 0.024652,
 -8.785130 -22.278414 -9.869990 -0.801785 -0.006066 -0.017696 0.013395 0.009909,
 -0.644681 -10.027009 -23.189169 -9.997933 0.003384 0.027558 0.016319 -0.001742,
 -8.825024 -0.840583 -9.858451 -22.180182 -0.036883 0.009307 -0.010864 -0.015178,
 -10.648156 -4.836364 -0.476453 -4.989246 -0.456687 -0.094656 -0.035325 0.070039,
 -4.681981 -11.611229 -5.988607 -0.544403 -0.144726 -0.211044 0.103609 0.021560,
 -0.458824 -5.565667 -14.115508 -5.872517 -0.014864 -0.021502 0.246257 -0.012408,
 -4.784238 -0.530025 -6.124572 -12.241213 -0.213111 0.026133 0.004507 0.004362,
