Low-band skewness and kurtosis
 -11.323300 144.767609,
 -6.831622 55.347023,
 -3.790010 20.244364,
 -0.492648 7.181380,

High-band variance
 17.633415,

Skewness, kurtosis, variance, mean, maximum and minimum of the reconstructed texture
 -11.402279 137.409302 330.214630 253.286118 255.000000 0.000000,

Auto-correlations of the low-frequency bands at each scale
 2.393949 1.091423 3.388751 4.001813 -0.787585 -2.886244 1.479759 -0.715683 14.299389 55.378056 78.538277 51.691910 10.734051 -1.958029 1.040151 55.668072 165.609314 226.046555 163.535110 53.736580 0.357385 3.555643 80.722931 227.343979 307.800049 227.343964 80.722931 3.555642 0.357385 53.736568 163.535110 226.046555 165.609314 55.668079 1.040151 -1.958029 10.734050 51.691910 78.538277 55.378056 14.299389 -0.715683 1.479759 -2.886243 -0.787585 4.001812 3.388750 1.091423 2.393949,
 5.543989 2.269889 -2.996194 -4.172205 -2.829834 2.830195 9.016885 3.636424 -7.545497 -2.511519 7.230665 -4.913823 -10.520082 5.172615 -1.226439 -0.797961 54.639439 98.468376 51.614849 -5.926178 -4.165845 -5.623721 7.003721 98.361465 165.277664 98.361465 7.003721 -5.623720 -4.165845 -5.926178 51.614849 98.468376 54.639439 -0.797962 -1.226439 5.172615 -10.520081 -4.913822 7.230665 -2.511520 -7.545497 3.636424 9.016886 2.830195 -2.829834 -4.172205 -2.996193 2.269889 5.543988,
 4.213920 3.935535 1.687607 0.055446 0.505992 3.847198 6.482275 3.663056 -2.029684 -1.861982 1.577146 -0.096808 0.595228 4.570735 2.326916 -1.306892 15.348211 30.916973 17.209949 0.890605 1.850185 1.633430 2.972543 31.379438 53.834801 31.379438 2.972543 1.633430 1.850185 0.890605 17.209949 30.916973 15.348210 -1.306892 2.326916 4.570735 0.595228 -0.096808 1.577146 -1.861983 -2.029684 3.663056 6.482275 3.847198 0.505992 0.055446 1.687607 3.935534 4.213920,
 0.864519 0.522915 0.128637 0.580197 1.098494 1.229090 1.364382 0.808833 0.080514 0.272476 1.405836 1.381650 0.868750 1.066752 0.673846 0.126525 2.260390 4.688674 3.191865 0.882297 0.839793 0.714595 0.740878 4.184286 6.985484 4.184286 0.740878 0.714595 0.839793 0.882297 3.191865 4.688674 2.260390 0.126525 0.673846 1.066752 0.868750 1.381650 1.405836 0.272476 0.080514 0.808833 1.364382 1.229090 1.098494 0.580197 0.128637 0.522915 0.864519,

Auto-correlations of the modulus of each oriented sub-band
 15.375946 16.671297 17.545847 17.839956 17.473122 16.529066 15.203985 25.784632 29.494934 32.136826 33.079418 32.020107 29.210197 25.302980 36.635990 43.280739 48.101471 49.876751 48.047646 43.101288 36.270679 41.291702 49.380283 55.276634 57.463177 55.276634 49.380295 41.291702 36.270687 43.101288 48.047649 49.876751 48.101471 43.280739 36.635983 25.302984 29.210196 32.020107 33.079414 32.136822 29.494934 25.784632 15.203986 16.529066 17.473122 17.839956 17.545847 16.671297 15.375946,
 30.007080 34.412193 34.276810 29.280052 21.622934 14.383533 9.402697 34.787010 43.133289 46.496521 42.771473 33.549328 22.957201 14.530432 34.785427 46.619926 54.582878 54.515930 46.175926 33.657913 21.956907 29.748039 42.903599 54.511189 59.249332 54.511189 42.903603 29.748039 21.956907 33.657913 46.175930 54.515930 54.582874 46.619926 34.785423 14.530434 22.957201 33.549328 42.771473 46.496521 43.133289 34.787010 9.402697 14.383531 21.622934 29.280052 34.276810 34.412193 30.007080,
 15.667887 26.338526 37.681835 42.623535 37.534531 26.208193 15.598154 17.269737 30.423475 44.671299 50.960560 44.531902 30.271389 17.148397 18.348167 33.293987 49.665512 56.971989 49.584068 33.200516 18.266315 18.706778 34.308311 51.468849 59.184860 51.468849 34.308315 18.706776 18.266317 33.200516 49.584068 56.971989 49.665504 33.293987 18.348167 17.148397 30.271389 44.531906 50.960560 44.671299 30.423475 17.269735 15.598154 26.208193 37.534531 42.623535 37.681835 26.338528 15.667887,
 10.912951 15.681538 22.621664 30.048262 34.981846 35.126114 30.649914 15.849526 23.985075 34.321358 43.411694 47.162991 43.816845 35.305473 22.902264 34.453457 46.875751 55.180984 55.299301 47.297997 35.261093 30.365709 43.594734 55.238773 59.960850 55.238773 43.594738 30.365709 35.261093 47.297989 55.299301 55.180984 46.875751 34.453457 22.902266 35.305473 43.816845 47.162991 43.411697 34.321350 23.985075 15.849525 30.649918 35.126114 34.981846 30.048262 22.621664 15.681540 10.912951,
 9.776467 10.988302 12.021501 12.479475 12.144258 11.178244 9.910328 16.372234 20.714550 24.412493 25.920330 24.517796 20.959902 16.732883 25.391672 34.308929 41.977821 45.066891 41.986385 34.415550 25.626026 29.921455 41.143124 50.874691 54.848072 50.874691 41.143124 29.921455 25.626028 34.415546 41.986385 45.066891 41.977821 34.308929 25.391672 16.732883 20.959900 24.517792 25.920334 24.412495 20.714550 16.372234 9.910327 11.178244 12.144256 12.479475 12.021502 10.988302 9.776467,
 17.280048 20.886501 21.199389 17.575262 12.653467 9.279182 7.876306 21.372471 29.595215 33.831352 30.335302 21.635881 13.718023 9.620494 21.965006 34.286610 44.570652 45.003471 34.879932 21.916636 13.168170 18.272369 30.857372 45.193493 51.826538 45.193493 30.857372 18.272369 13.168170 21.916636 34.879932 45.003475 44.570652 34.286610 21.965006 9.620494 13.718022 21.635881 30.335302 33.831356 29.595215 21.372475 7.876305 9.279182 12.653467 17.575262 21.199392 20.886501 17.280048,
 10.635545 16.366653 24.798159 29.289589 25.016241 16.543848 10.797779 11.884685 20.689409 33.699608 40.572754 33.874680 20.835180 12.094554 12.957416 24.354256 41.288029 50.204502 41.394966 24.431114 13.090996 13.431745 25.841715 44.371799 54.094990 44.371799 25.841715 13.431745 13.090995 24.431114 41.394962 50.204502 41.288029 24.354259 12.957414 12.094554 20.835180 33.874680 40.572754 33.699608 20.689409 11.884684 10.797781 16.543848 25.016241 29.289589 24.798159 16.366653 10.635543,
 7.281349 9.343529 13.568657 19.264746 23.299158 22.721502 18.423695 9.642076 14.736417 23.473297 32.797138 36.486355 31.771852 22.894466 14.201636 23.794876 37.393982 48.031013 47.564869 36.709122 23.838383 20.041937 33.208698 48.120899 55.099754 48.120911 33.208702 20.041935 23.838383 36.709122 47.564869 48.031013 37.393982 23.794878 14.201634 22.894464 31.771851 36.486351 32.797138 23.473297 14.736416 9.642076 18.423697 22.721502 23.299152 19.264746 13.568660 9.343529 7.281349,
 4.053955 4.484919 4.678425 4.649768 4.481487 4.250343 3.976937 5.169497 6.260101 7.117440 7.388627 6.947177 6.008967 4.945174 7.009845 9.463348 11.654187 12.482210 11.437663 9.126555 6.668776 7.826430 11.116158 14.222076 15.551087 14.222076 11.116156 7.826430 6.668777 9.126557 11.437663 12.482210 11.654187 9.463347 7.009845 4.945173 6.008969 6.947178 7.388627 7.117438 6.260101 5.169497 3.976937 4.250343 4.481488 4.649768 4.678425 4.484919 4.053955,
 5.677854 6.818780 6.883666 5.720113 4.385888 3.746839 3.724461 6.785226 9.197733 10.530924 9.475112 7.020384 5.050632 4.199746 7.038625 10.488168 13.686624 13.855616 10.777565 7.216615 5.070462 6.236181 9.553590 13.819919 15.974935 13.819919 9.553591 6.236181 5.070462 7.216615 10.777565 13.855617 13.686624 10.488168 7.038624 4.199746 5.050632 7.020383 9.475110 10.530924 9.197733 6.785226 3.724461 3.746839 4.385888 5.720112 6.883665 6.818780 5.677854,
 4.319650 5.598232 7.263698 7.822871 6.512210 4.847032 4.161788 4.648260 6.705362 9.815565 11.287013 9.259096 6.187782 4.555907 4.878369 7.607322 12.039842 14.439649 11.757258 7.362042 4.842956 4.960485 7.906802 12.879486 15.778625 12.879486 7.906802 4.960485 4.842956 7.362042 11.757257 14.439649 12.039842 7.607322 4.878369 4.555907 6.187782 9.259096 11.287013 9.815565 6.705361 4.648260 4.161788 4.847032 6.512210 7.822871 7.263697 5.598232 4.319650,
 3.350156 3.586290 3.955750 4.777531 5.624887 5.742639 5.143151 3.441252 4.184186 5.880702 8.111433 9.073528 7.851013 5.724902 3.885353 5.862766 9.428671 12.589035 12.325425 9.010915 5.631009 4.796618 8.064079 12.525701 14.870149 12.525701 8.064079 4.796619 5.631008 9.010915 12.325425 12.589033 9.428671 5.862765 3.885354 5.724902 7.851013 9.073528 8.111432 5.880702 4.184186 3.441252 5.143151 5.742639 5.624886 4.777531 3.955750 3.586290 3.350156,

Pairwise cross-correlations of the modulus of all oriented sub-bands at the same scale (size QxQ)
 57.463154 52.901505 46.251484 53.018604,
 52.901505 59.249344 53.426334 50.542439,
 46.251484 53.426334 59.184860 53.830624,
 53.018604 50.542439 53.830624 59.960827,
 54.848072 48.807766 46.685978 50.920166,
 48.807766 51.826534 48.956074 46.232521,
 46.685978 48.956074 54.094978 50.075474,
 50.920166 46.232521 50.075474 55.099743,

Cross-correlations of the modulus of all oriented sub-bands with all oriented sub-bands at the coarser scale (size QxQ)
 50.456173 46.026634 43.490200 47.155907,
 48.912632 50.340321 47.989193 45.967995,
 45.222076 46.683254 50.768566 48.073040,
 49.371113 45.149315 48.819977 52.385178,
 23.069273 22.088043 21.302340 21.596270,
 21.259930 22.561026 21.626940 19.737015,
 20.592812 21.828869 22.851906 21.059587,
 22.069250 21.189154 22.372179 22.630817,

Cross-correlations of the real part of each oriented sub-band with both the real and imaginary part of all phase-doubled oriented sub-bands at the next coarser scale (Q matrices of size 1x2Q, which are computed and stored in a matrix of size Qx2Q)
 -21.412571 -9.238308 -0.762165 -10.040429 -0.044834 -0.137538 0.009808 -0.143594,
 -8.961843 -21.449005 -9.306726 -0.804174 -0.077859 -0.007400 0.037302 -0.024545,
 -0.704888 -9.372808 -21.949282 -10.132661 0.005991 0.086124 0.106942 0.046610,
 -9.486995 -0.793443 -9.730240 -23.372625 0.073935 -0.010425 0.077934 -0.070909,
 -11.415007 -4.874877 -0.460912 -5.027031 -0.303627 -0.048073 0.022561 -0.223435,
 -5.070864 -11.132299 -4.963476 -0.466445 -0.182886 0.377986 0.311285 -0.002858,
 -0.468873 -5.008075 -11.173120 -5.190744 0.040995 0.233132 0.523419 0.005366,
 -4.914472 -0.482612 -4.975208 -11.664300 0.041653 -0.058500 0.168274 -0.244509,
