Low-band skewness and kurtosis
 -11.447493 148.059647,
 -6.796148 54.212948,
 -3.637882 18.363691,
 -0.338152 7.079608,

High-band variance
 17.452953,

Skewness, kurtosis, variance, mean, maximum and minimum of the reconstructed texture
 -11.532995 140.590057 322.830475 253.323807 255.000000 0.000000,

Auto-correlations of the low-frequency bands at each scale
 3.374071 1.430413 1.730651 1.099625 -3.557839 -4.804929 0.878216 -0.682954 12.969242 52.158363 75.127831 49.299927 9.088914 -3.091522 -0.040555 52.551624 160.247498 220.410873 159.143143 50.675552 -1.835452 1.246973 76.606270 221.094009 300.661743 221.094009 76.606277 1.246973 -1.835452 50.675545 159.143143 220.410889 160.247498 52.551636 -0.040555 -3.091522 9.088915 49.299927 75.127831 52.158363 12.969242 -0.682954 0.878216 -4.804928 -3.557837 1.099626 1.730650 1.430412 3.374072,
 5.189718 2.794975 -2.717278 -6.992402 -6.596807 2.254523 7.584184 2.252078 -8.097100 -1.905590 5.938686 -6.085137 -8.733863 3.952358 -3.970142 -4.087570 52.022305 94.955414 49.200218 -4.668151 -3.002615 -6.240310 4.559645 93.867958 159.782928 93.867958 4.559645 -6.240310 -3.002614 -4.668151 49.200218 94.955414 52.022305 -4.087571 -3.970142 3.952358 -8.733861 -6.085136 5.938686 -1.905590 -8.097101 2.252077 7.584185 2.254522 -6.596807 -6.992402 -2.717278 2.794975 5.189718,
 4.198322 2.391310 -0.643021 -1.793322 -0.966593 1.283182 3.189465 1.181336 -3.849856 -2.958124 0.067548 -2.573869 -2.876604 1.888664 -0.103884 -2.464347 14.900053 29.347595 14.380739 -2.943948 -1.137343 -1.418359 0.180450 29.355553 51.751461 29.355553 0.180450 -1.418359 -1.137343 -2.943949 14.380737 29.347595 14.900053 -2.464347 -0.103884 1.888664 -2.876603 -2.573869 0.067548 -2.958124 -3.849856 1.181336 3.189464 1.283182 -0.966594 -1.793322 -0.643021 2.391310 4.198322,
 0.322468 0.720134 0.772691 0.304607 0.097756 0.848924 1.479847 0.752803 0.726553 0.910498 0.495300 -0.412358 0.066106 1.265635 0.335462 0.553904 2.964710 4.264237 1.662472 -0.700076 -0.243788 -0.661059 -0.205913 4.034366 7.141718 4.034366 -0.205913 -0.661059 -0.243788 -0.700076 1.662471 4.264237 2.964710 0.553904 0.335462 1.265635 0.066106 -0.412358 0.495300 0.910498 0.726553 0.752803 1.479847 0.848924 0.097756 0.304606 0.772691 0.720134 0.322468,

Auto-correlations of the modulus of each oriented sub-band
 14.461135 15.953767 16.967567 17.329256 16.960327 15.940886 14.445075 24.403393 28.414278 31.270018 32.335018 31.332270 28.516739 24.515553 35.098057 42.079720 47.113121 48.987797 47.185844 42.200317 35.227295 39.937649 48.295902 54.328049 56.549606 54.328049 48.295902 39.937641 35.227295 42.200317 47.185844 48.987797 47.113121 42.079723 35.098053 24.515553 28.516737 31.332270 32.335018 31.270018 28.414278 24.403393 14.445075 15.940884 16.960329 17.329256 16.967567 15.953768 14.461135,
 29.723204 34.627213 34.683250 29.547586 21.524549 13.868627 8.599901 34.102077 43.023060 46.663300 42.927410 33.442047 22.419329 13.603304 33.794491 46.237701 54.521580 54.515522 46.023239 33.091763 20.873350 28.624197 42.376827 54.349857 59.175129 54.349857 42.376827 28.624195 20.873354 33.091763 46.023239 54.515522 54.521572 46.237701 33.794487 13.603304 22.419327 33.442047 42.927410 46.663296 43.023060 34.102085 8.599901 13.868625 21.524551 29.547588 34.683250 34.627213 29.723204,
 15.148560 25.864443 36.949310 41.573227 36.212120 24.793953 14.339485 16.589603 29.795509 43.859104 49.945045 43.334263 29.026144 16.013075 17.511890 32.492901 48.746040 55.954727 48.475227 32.091976 17.212196 17.743626 33.342522 50.445858 58.159977 50.445850 33.342525 17.743626 17.212196 32.091976 48.475235 55.954727 48.746040 32.492905 17.511890 16.013075 29.026144 43.334263 49.945045 43.859104 29.795511 16.589602 14.339486 24.793953 36.212120 41.573227 36.949306 25.864445 15.148560,
 9.541723 14.565494 21.664867 29.113697 34.014042 34.193504 29.789246 14.453524 22.933975 33.464863 42.572327 46.267097 42.905071 34.365349 21.555059 33.440872 46.021324 54.323208 54.385002 46.339203 34.178410 29.133017 42.601105 54.332699 59.066769 54.332706 42.601112 29.133017 34.178413 46.339195 54.385006 54.323208 46.021317 33.440872 21.555058 34.365349 42.905071 46.267105 42.572327 33.464863 22.933975 14.453523 29.789248 34.193504 34.014042 29.113695 21.664869 14.565495 9.541723,
 8.930295 9.968368 10.796984 11.074826 10.645108 9.676117 8.498240 15.558866 19.671530 23.099968 24.373344 22.822811 19.146154 14.807981 23.878601 32.753471 40.211823 43.092560 39.957035 32.308735 23.304001 27.782028 39.176682 48.833134 52.697529 48.833134 39.176682 27.782024 23.304001 32.308735 39.957024 43.092560 40.211823 32.753471 23.878601 14.807981 19.146156 22.822811 24.373348 23.099972 19.671530 15.558864 8.498241 9.676118 10.645108 11.074826 10.796984 9.968367 8.930295,
 16.091930 20.319111 20.815611 16.942549 11.539427 7.605171 5.647759 20.205006 29.031700 33.568596 30.028698 20.985987 12.412493 7.519053 20.712759 33.570457 44.142162 44.625404 34.400627 20.962299 11.451395 16.865334 30.047707 44.690674 51.350712 44.690678 30.047707 16.865334 11.451396 20.962299 34.400627 44.625404 44.142162 33.570461 20.712755 7.519053 12.412492 20.985985 30.028698 33.568600 29.031704 20.205004 5.647759 7.605172 11.539425 16.942551 20.815611 20.319111 16.091930,
 8.509949 14.803616 23.253876 27.346617 22.964651 14.601717 8.383097 9.593611 18.869745 31.876205 38.397816 31.660242 18.757107 9.586720 10.461016 22.229650 39.142365 47.825947 39.040485 22.179043 10.476720 10.801267 23.538418 42.010338 51.619621 42.010345 23.538418 10.801267 10.476720 22.179043 39.040485 47.825939 39.142372 22.229654 10.461016 9.586720 18.757105 31.660240 38.397816 31.876209 18.869745 9.593611 8.383097 14.601714 22.964651 27.346617 23.253878 14.803616 8.509949,
 5.221992 7.273662 11.588729 17.277721 21.274294 20.896332 16.689470 7.284852 12.642076 21.793613 31.233620 34.921680 30.288998 21.047298 11.555225 21.801878 35.968250 46.637234 46.136883 35.088730 21.466347 17.337868 31.355553 46.706406 53.660969 46.706406 31.355553 17.337868 21.466347 35.088730 46.136883 46.637234 35.968254 21.801878 11.555225 21.047298 30.288998 34.921680 31.233620 21.793613 12.642076 7.284852 16.689470 20.896332 21.274294 17.277719 11.588729 7.273662 5.221992,
 4.290204 4.497294 4.524458 4.248463 3.739995 3.241872 2.987478 5.264313 6.139496 6.899336 7.032093 6.352345 5.236932 4.253693 7.121750 9.420432 11.601482 12.458428 11.360763 9.004368 6.624846 8.055105 11.208893 14.264858 15.594538 14.264860 11.208891 8.055105 6.624846 9.004368 11.360763 12.458428 11.601482 9.420432 7.121750 4.253693 5.236932 6.352345 7.032093 6.899336 6.139495 5.264313 2.987478 3.241872 3.739995 4.248463 4.524457 4.497294 4.290204,
 5.794095 6.872580 7.031245 5.990314 4.529298 3.590640 3.344702 6.564265 8.759642 10.061841 9.138937 6.670927 4.545931 3.609642 6.784899 10.084182 13.244614 13.512213 10.463046 6.778377 4.566993 5.937010 9.267768 13.595014 15.770372 13.595013 9.267767 5.937010 4.566993 6.778377 10.463047 13.512211 13.244614 10.084182 6.784899 3.609642 4.545931 6.670926 9.138937 10.061841 8.759642 6.564265 3.344702 3.590640 4.529299 5.990314 7.031243 6.872579 5.794095,
 5.108799 6.100832 7.566975 8.136079 6.630477 4.453990 3.472181 5.012208 6.730575 9.733557 11.224732 8.947084 5.373819 3.626165 4.773978 7.225924 11.768275 14.268521 11.311579 6.461559 3.983213 4.410317 7.189554 12.489067 15.603033 12.489067 7.189554 4.410317 3.983213 6.461559 11.311579 14.268521 11.768275 7.225924 4.773977 3.626165 5.373819 8.947083 11.224731 9.733557 6.730575 5.012208 3.472181 4.453990 6.630478 8.136079 7.566975 6.100832 5.108799,
 4.226146 4.291377 4.651855 5.416739 5.879151 5.382102 4.353456 4.140671 4.758259 6.482213 8.659716 9.382948 7.862784 5.652040 4.543778 6.497856 10.077364 13.173476 12.855882 9.501220 6.166725 5.504850 8.753587 13.189083 15.471194 13.189083 8.753587 5.504850 6.166725 9.501221 12.855884 13.173478 10.077363 6.497856 4.543779 5.652040 7.862784 9.382947 8.659715 6.482213 4.758259 4.140671 4.353455 5.382102 5.879152 5.416739 4.651855 4.291378 4.226146,

Pairwise cross-correlations of the modulus of all oriented sub-bands at the same scale (size QxQ)
 56.549587 52.344845 45.800354 52.461800,
 52.344845 59.175129 53.359646 50.337246,
 45.800354 53.359646 58.159950 53.063984,
 52.461800 50.337246 53.063984 59.066772,
 52.697529 47.653568 44.827770 49.259377,
 47.653568 51.350723 47.659233 45.261364,
 44.827770 47.659233 51.619629 48.416752,
 49.259377 45.261364 48.416752 53.660950,

Cross-correlations of the modulus of all oriented sub-bands with all oriented sub-bands at the coarser scale (size QxQ)
 49.487812 45.295322 42.472069 46.728600,
 47.956013 49.652534 47.166862 45.639538,
 43.691505 45.690647 49.515434 47.209782,
 47.948921 44.056904 47.323322 51.525894,
 22.850838 21.540886 20.651321 21.791410,
 21.132267 22.522827 21.728506 20.032801,
 20.286476 21.794424 22.949310 21.294062,
 21.974987 21.073019 22.092442 23.095070,

Cross-correlations of the real part of each oriented sub-band with both the real and imaginary part of all phase-doubled oriented sub-bands at the next coarser scale (Q matrices of size 1x2Q, which are computed and stored in a matrix of size Qx2Q)
 -21.272200 -9.297121 -0.752324 -9.938006 -0.152513 -0.005825 -0.002664 0.032640,
 -8.973745 -21.806971 -9.101884 -0.733708 -0.011635 0.045452 0.002042 0.006739,
 -0.728068 -9.446862 -21.073992 -9.691278 0.000389 0.025342 0.004983 0.010630,
 -9.493157 -0.745198 -9.258839 -22.778513 -0.108841 -0.014625 0.003688 0.018650,
 -12.306183 -5.167619 -0.488394 -5.494764 -0.146652 -0.040251 -0.012622 0.149166,
 -5.226953 -11.893556 -5.176829 -0.466703 0.047167 0.002355 0.002745 0.005165,
 -0.500107 -5.236478 -11.653401 -5.205731 0.028150 -0.001725 0.122446 0.098748,
 -5.568446 -0.464245 -5.181394 -12.202060 -0.142297 -0.025760 0.046504 0.285467,
