Low-band skewness and kurtosis
 -11.384671 146.270142,
 -6.938808 57.238926,
 -3.859122 20.830479,
 -0.583085 7.696964,

High-band variance
 17.457773,

Skewness, kurtosis, variance, mean, maximum and minimum of the reconstructed texture
 -11.454213 138.655304 328.268738 253.298401 255.000000 0.000000,

Auto-correlations of the low-frequency bands at each scale
 4.587960 -0.567699 -1.749238 0.979895 2.475885 4.923144 8.419015 1.265217 14.634352 53.176685 77.709518 55.420975 17.691803 3.978079 2.874192 56.791538 164.569489 225.031586 164.942627 57.478924 4.038422 5.609827 82.156593 226.651733 306.037231 226.651764 82.156601 5.609827 4.038422 57.478924 164.942627 225.031601 164.569473 56.791538 2.874192 3.978078 17.691801 55.420979 77.709518 53.176678 14.634352 1.265217 8.419015 4.923144 2.475887 0.979896 -1.749239 -0.567699 4.587960,
 4.998831 3.518704 -1.591668 -2.623554 2.471022 8.448999 6.024378 3.089331 -8.573047 -4.252925 7.349359 2.114737 -2.820125 2.421288 -5.900642 -4.490223 52.501549 98.214188 56.053444 -1.694371 -6.752803 -10.764502 5.540365 99.224243 165.696106 99.224243 5.540365 -10.764502 -6.752803 -1.694371 56.053444 98.214188 52.501556 -4.490223 -5.900642 2.421288 -2.820125 2.114736 7.349359 -4.252925 -8.573048 3.089331 6.024379 8.448998 2.471023 -2.623554 -1.591668 3.518704 4.998831,
 2.772775 0.391154 -0.047157 0.848408 0.499637 1.436451 3.026797 2.563161 -3.094612 -1.037624 3.890859 -0.552970 -2.960877 2.643105 0.372176 -3.553526 15.811094 33.585060 16.424637 -3.581018 0.402152 -0.676469 -1.710618 30.119753 55.699429 30.119753 -1.710618 -0.676469 0.402152 -3.581018 16.424637 33.585060 15.811093 -3.553526 0.372176 2.643104 -2.960877 -0.552970 3.890859 -1.037624 -3.094612 2.563161 3.026797 1.436451 0.499637 0.848407 -0.047157 0.391154 2.772775,
 0.487512 0.296285 -0.149839 -0.122635 0.593258 1.157942 0.936677 0.557505 -0.060064 -0.172777 0.485159 0.690820 0.909691 1.332586 0.642264 0.208998 2.125708 4.301312 2.843365 1.020063 1.403679 1.048108 1.020004 4.357554 7.179020 4.357554 1.020004 1.048108 1.403679 1.020063 2.843366 4.301312 2.125709 0.208998 0.642264 1.332586 0.909691 0.690820 0.485159 -0.172777 -0.060064 0.557505 0.936677 1.157941 0.593257 -0.122635 -0.149839 0.296286 0.487512,

Auto-correlations of the modulus of each oriented sub-band
 14.352053 15.928741 17.074499 17.588537 17.352316 16.400978 14.870692 23.981503 27.954390 30.809351 31.922556 31.008833 28.288815 24.338211 34.438648 41.305393 46.259346 48.119202 46.372406 41.487762 34.624832 39.185268 47.419300 53.366108 55.558613 53.366108 47.419300 39.185268 34.624832 41.487762 46.372406 48.119205 46.259342 41.305401 34.438641 24.338205 28.288809 31.008833 31.922558 30.809347 27.954391 23.981501 14.870693 16.400976 17.352318 17.588537 17.074497 15.928743 14.352053,
 29.786062 34.564133 34.754929 30.146341 22.900364 15.921034 10.840207 34.229958 42.939911 46.540359 43.062046 34.137306 23.789314 15.368878 34.084549 46.219120 54.343918 54.398869 46.204144 33.806278 22.070105 29.277803 42.600838 54.246300 58.984238 54.246296 42.600838 29.277803 22.070105 33.806274 46.204144 54.398869 54.343918 46.219124 34.084549 15.368880 23.789314 34.137310 43.062038 46.540356 42.939919 34.229958 10.840209 15.921031 22.900368 30.146345 34.754929 34.564133 29.786062,
 15.573803 25.814817 36.485138 41.283482 36.848454 26.540220 16.441912 17.129866 29.852848 43.402969 49.494495 43.641388 30.373787 17.778969 18.266247 32.789799 48.448040 55.498623 48.556034 33.052185 18.607330 18.788774 33.947952 50.344761 57.735229 50.344761 33.947956 18.788771 18.607330 33.052185 48.556038 55.498623 48.448040 32.789803 18.266247 17.778971 30.373783 43.641388 49.494499 43.402966 29.852850 17.129862 16.441914 26.540216 36.848454 41.283485 36.485138 25.814823 15.573802,
 9.294291 14.852952 22.448566 30.233515 35.218571 35.189468 30.328844 14.368653 23.420383 34.311832 43.530807 47.141739 43.564297 34.692890 21.740387 34.093605 46.844307 55.104912 55.072056 46.911606 34.501549 29.473825 43.261662 55.063141 59.778507 55.063141 43.261665 29.473822 34.501553 46.911606 55.072063 55.104900 46.844307 34.093609 21.740385 34.692894 43.564293 47.141739 43.530807 34.311832 23.420387 14.368653 30.328844 35.189468 35.218571 30.233515 22.448565 14.852953 9.294291,
 8.243839 9.896262 11.209905 11.651104 11.022865 9.638678 8.090052 14.219909 18.619759 22.323971 23.736156 22.174576 18.420919 14.067834 22.488726 31.232376 38.670795 41.567413 38.468193 30.965115 22.249525 26.534140 37.598724 47.094746 50.927505 47.094749 37.598728 26.534140 22.249525 30.965109 38.468189 41.567413 38.670799 31.232378 22.488726 14.067832 18.420918 22.174574 23.736156 22.323975 18.619761 14.219909 8.090050 9.638675 11.022865 11.651104 11.209906 9.896262 8.243840,
 16.949293 22.085567 23.641867 20.304724 14.263264 8.764328 5.459589 21.348457 31.196648 36.693230 33.680828 24.214216 14.198505 7.696181 21.970022 36.093952 47.651077 48.540997 37.933174 23.238731 12.134615 17.945440 32.573742 48.328300 55.378105 48.328300 32.573746 17.945440 12.134615 23.238731 37.933174 48.540997 47.651077 36.093952 21.970020 7.696182 14.198502 24.214214 33.680828 36.693230 31.196650 21.348457 5.459590 8.764326 14.263264 20.304724 23.641867 22.085569 16.949293,
 7.816080 15.345563 24.996376 29.802528 25.207289 15.387521 7.631264 8.648035 19.277311 33.610733 40.849438 33.888584 19.469433 8.562726 9.319716 22.625864 40.989338 50.316113 41.177929 22.799564 9.313012 9.594742 24.032869 44.013527 54.134800 44.013527 24.032869 9.594743 9.313012 22.799564 41.177921 50.316113 40.989349 22.625864 9.319716 8.562726 19.469433 33.888580 40.849438 33.610733 19.277311 8.648035 7.631263 15.387521 25.207289 29.802528 24.996378 15.345563 7.816081,
 5.946786 8.467292 12.939343 18.358847 21.710768 20.542496 15.756521 7.421082 12.888384 22.079569 31.308586 34.504753 29.327894 19.762327 10.903641 21.095055 35.296913 45.869572 45.113762 33.781197 20.019552 16.078114 30.091770 45.579597 52.602016 45.579597 30.091770 16.078114 20.019556 33.781193 45.113754 45.869572 35.296913 21.095051 10.903641 19.762327 29.327894 34.504753 31.308584 22.079569 12.888384 7.421082 15.756521 20.542496 21.710768 18.358847 12.939342 8.467292 5.946786,
 4.801477 5.263625 5.695764 5.866096 5.674066 5.228824 4.745886 5.754089 7.138417 8.505348 9.166994 8.764845 7.579528 6.231349 8.026377 10.997365 13.829720 15.130773 14.155299 11.531173 8.598377 9.596074 13.426340 16.969223 18.457426 16.969223 13.426339 9.596074 8.598378 11.531173 14.155299 15.130773 13.829721 10.997365 8.026377 6.231349 7.579528 8.764845 9.166994 8.505348 7.138416 5.754088 4.745886 5.228824 5.674066 5.866096 5.695764 5.263624 4.801477,
 5.196205 6.219840 6.611159 5.930101 4.681437 3.649763 3.139170 6.039949 8.545769 10.129593 9.344511 6.814023 4.442673 3.281623 6.030732 9.920383 13.623057 13.992452 10.621490 6.428598 3.931478 5.060605 8.901949 13.907194 16.387238 13.907194 8.901949 5.060605 3.931478 6.428598 10.621490 13.992452 13.623057 9.920383 6.030732 3.281623 4.442673 6.814023 9.344513 10.129591 8.545769 6.039949 3.139170 3.649763 4.681437 5.930101 6.611159 6.219840 5.196205,
 3.202710 4.518565 6.813451 8.072685 6.816917 4.490414 3.024426 3.277181 5.279120 8.910323 10.907427 8.852250 5.177448 3.051713 3.322621 6.055927 11.052387 13.850951 10.992848 5.963708 3.163192 3.284627 6.361577 11.977768 15.190230 11.977768 6.361577 3.284627 3.163192 5.963708 10.992847 13.850951 11.052387 6.055927 3.322621 3.051713 5.177448 8.852250 10.907426 8.910322 5.279120 3.277181 3.024425 4.490413 6.816917 8.072685 6.813450 4.518565 3.202710,
 3.491658 3.869872 4.857705 6.086699 6.648128 5.994099 4.687145 3.165578 4.200583 6.502203 8.993910 9.750011 8.145384 5.656718 3.553160 5.999892 10.054192 13.302357 13.015853 9.567277 5.848160 4.813926 8.557062 13.277500 15.568989 13.277500 8.557062 4.813926 5.848160 9.567278 13.015853 13.302359 10.054193 5.999891 3.553160 5.656717 8.145384 9.750011 8.993910 6.502203 4.200583 3.165578 4.687145 5.994098 6.648127 6.086699 4.857705 3.869871 3.491658,

Pairwise cross-correlations of the modulus of all oriented sub-bands at the same scale (size QxQ)
 55.558613 51.685379 45.354046 51.987873,
 51.685379 58.984238 52.728931 50.298241,
 45.354046 52.728931 57.735222 53.491367,
 51.987873 50.298241 53.491367 59.778507,
 50.927490 48.752571 44.922249 46.866440,
 48.752571 55.378105 50.184296 45.363457,
 44.922249 50.184296 54.134804 48.892216,
 46.866440 45.363457 48.892216 52.602028,

Cross-correlations of the modulus of all oriented sub-bands with all oriented sub-bands at the coarser scale (size QxQ)
 47.862385 46.707485 42.904839 44.706429,
 46.791157 52.067707 48.023388 44.012264,
 42.462711 47.752434 50.241589 46.137115,
 46.594982 46.312248 48.258755 49.951206,
 24.777548 21.992456 19.394224 21.475639,
 24.648336 24.252939 21.538265 21.396519,
 22.998970 22.409145 22.089941 22.074417,
 23.493336 20.867027 20.521784 22.639402,

Cross-correlations of the real part of each oriented sub-band with both the real and imaginary part of all phase-doubled oriented sub-bands at the next coarser scale (Q matrices of size 1x2Q, which are computed and stored in a matrix of size Qx2Q)
 -20.481491 -9.653293 -0.837012 -9.017853 -0.023348 -0.082736 -0.041571 -0.002637,
 -9.301350 -22.508154 -9.316239 -0.756890 -0.002888 -0.318085 -0.037619 -0.001783,
 -0.847919 -9.615773 -21.032722 -9.391059 0.011981 -0.131585 0.027216 -0.041667,
 -8.806423 -0.705254 -9.102568 -21.451019 0.016526 0.000654 -0.031151 -0.051419,
 -13.035656 -6.020559 -0.428299 -5.529391 -0.380202 -0.202101 0.020362 -0.021376,
 -5.894980 -12.882274 -5.020214 -0.518262 -0.216527 -0.188804 -0.057902 -0.016094,
 -0.492078 -5.203981 -11.705082 -5.136070 0.040867 -0.068602 0.107158 0.185611,
 -5.517918 -0.469721 -5.182631 -11.974290 -0.004685 -0.040225 0.226015 0.227875,
