Low-band skewness and kurtosis
 -11.297118 144.058090,
 -6.825376 54.985947,
 -3.691424 19.080566,
 -0.509871 6.422209,

High-band variance
 17.649582,

Skewness, kurtosis, variance, mean, maximum and minimum of the reconstructed texture
 -11.391068 137.174316 330.443970 253.283096 255.000000 0.000000,

Auto-correlations of the low-frequency bands at each scale
 1.924576 -2.149903 -0.321959 3.576877 1.769626 -0.561958 1.430271 0.254156 13.751154 54.819405 80.594543 55.076160 12.231030 -3.447903 2.279278 55.726063 165.562195 227.234329 164.390747 52.458424 -2.662849 2.148868 79.154861 226.683899 307.941833 226.683868 79.154869 2.148869 -2.662849 52.458412 164.390747 227.234329 165.562195 55.726063 2.279278 -3.447903 12.231030 55.076160 80.594543 54.819405 13.751156 0.254156 1.430271 -0.561958 1.769625 3.576876 -0.321957 -2.149902 1.924576,
 10.580793 4.153909 -5.809095 -8.232586 -3.761405 2.603837 5.734169 6.688715 -6.598709 -4.516617 3.842139 -6.605458 -10.701651 3.667059 -3.138818 -3.526727 53.158504 98.195831 51.673935 -4.897015 -2.773557 -6.703260 5.378615 98.238403 166.650406 98.238411 5.378616 -6.703260 -2.773556 -4.897014 51.673935 98.195824 53.158504 -3.526727 -3.138818 3.667060 -10.701649 -6.605456 3.842139 -4.516618 -6.598710 6.688713 5.734169 2.603837 -3.761404 -8.232586 -5.809096 4.153909 10.580791,
 5.328311 4.895301 2.905016 2.661882 2.979715 3.767988 3.651184 3.208662 0.537566 0.109975 2.211738 -0.766792 -0.770461 4.192465 0.872419 0.509868 16.168699 29.674662 14.935829 -0.235480 3.268884 1.826342 3.180832 30.170748 52.019585 30.170748 3.180832 1.826342 3.268884 -0.235480 14.935829 29.674658 16.168699 0.509867 0.872419 4.192465 -0.770461 -0.766792 2.211738 0.109975 0.537566 3.208662 3.651183 3.767989 2.979715 2.661882 2.905016 4.895301 5.328312,
 0.690686 0.909389 1.282154 1.242213 1.057494 1.098972 0.715986 0.598948 0.382014 1.077170 1.580894 0.942753 0.427187 0.293095 0.413587 0.423301 2.691158 4.456765 2.651039 0.341767 -0.060137 0.157718 0.771985 4.238277 6.782347 4.238277 0.771985 0.157718 -0.060137 0.341767 2.651040 4.456765 2.691158 0.423301 0.413587 0.293095 0.427186 0.942753 1.580894 1.077170 0.382014 0.598948 0.715986 1.098972 1.057494 1.242213 1.282154 0.909389 0.690686,

Auto-correlations of the modulus of each oriented sub-band
 15.341851 16.737438 17.656454 17.905838 17.421225 16.318602 14.819603 25.471012 29.558147 32.448669 33.449333 32.298222 29.320255 25.222233 36.236248 43.362072 48.511517 50.384140 48.440540 43.257664 36.142555 40.974796 49.478878 55.683895 57.988144 55.683895 49.478886 40.974796 36.142555 43.257664 48.440540 50.384140 48.511513 43.362080 36.236240 25.222233 29.320253 32.298218 33.449329 32.448669 29.558151 25.471012 14.819603 16.318600 17.421225 17.905838 17.656458 16.737442 15.341851,
 29.662111 33.921661 33.706608 28.736572 21.177080 14.112820 9.384232 34.338524 42.652481 45.984085 42.327103 33.208298 22.727707 14.449918 34.361782 46.238419 54.180557 54.161968 45.915863 33.456299 21.784760 29.446362 42.649414 54.229691 58.932869 54.229691 42.649418 29.446362 21.784760 33.456299 45.915863 54.161968 54.180557 46.238419 34.361782 14.449918 22.727705 33.208302 42.327106 45.984093 42.652485 34.338524 9.384232 14.112818 21.177080 28.736576 33.706608 33.921661 29.662111,
 14.779971 24.939095 35.876446 40.771343 36.023514 25.190609 14.933496 16.263865 28.963556 42.815434 49.007336 42.840279 29.031065 16.272501 17.261446 31.800522 47.785934 54.961761 47.772358 31.799540 17.233854 17.603014 32.825184 49.596912 57.154011 49.596912 32.825184 17.603014 17.233854 31.799540 47.772350 54.961761 47.785927 31.800526 17.261446 16.272501 29.031061 42.840279 49.007336 42.815434 28.963562 16.263865 14.933496 25.190609 36.023514 40.771343 35.876446 24.939098 14.779972,
 9.588277 14.437755 21.608482 29.237514 34.254681 34.402561 29.925978 14.640390 22.976339 33.525311 42.735874 46.513260 43.167652 34.705971 21.991577 33.703053 46.250908 54.611546 54.730980 46.734501 34.734402 29.729315 43.012112 54.696091 59.434685 54.696091 43.012112 29.729311 34.734402 46.734489 54.730980 54.611549 46.250908 33.703056 21.991581 34.705971 43.167660 46.513260 42.735874 33.525311 22.976341 14.640389 29.925983 34.402557 34.254681 29.237516 21.608482 14.437756 9.588277,
 11.344353 12.303619 12.946485 13.095333 12.695903 11.928245 11.094882 17.043245 21.150295 24.557745 25.858591 24.433712 21.056070 17.259460 25.377047 34.314758 42.033794 45.162491 42.073689 34.452251 25.743555 29.823803 41.216702 51.167294 55.233368 51.167301 41.216702 29.823803 25.743559 34.452248 42.073685 45.162491 42.033794 34.314766 25.377045 17.259460 21.056072 24.433708 25.858591 24.557745 21.150295 17.043245 11.094881 11.928245 12.695903 13.095333 12.946485 12.303618 11.344352,
 18.691095 22.223021 22.308849 18.642202 14.048821 11.142601 10.054862 22.785851 31.554209 35.944447 32.113525 23.034258 15.042879 11.147571 23.129528 36.329372 47.385368 47.802822 36.952904 23.283760 14.281755 19.278858 32.564724 47.895573 55.067989 47.895576 32.564724 19.278858 14.281754 23.283760 36.952904 47.802822 47.385368 36.329372 23.129528 11.147571 15.042879 23.034254 32.113525 35.944450 31.554209 22.785852 10.054862 11.142600 14.048821 18.642202 22.308851 22.223024 18.691095,
 10.903304 16.082706 24.797972 30.131079 26.356161 17.730499 11.616749 12.005651 20.321451 33.620602 41.201351 34.798817 21.549450 12.603999 13.049373 24.153212 41.469727 50.925121 42.099560 24.803101 13.390260 13.594806 25.918703 44.865822 54.903152 44.865826 25.918703 13.594806 13.390259 24.803101 42.099552 50.925117 41.469727 24.153214 13.049374 12.603999 21.549448 34.798817 41.201347 33.620602 20.321451 12.005651 11.616748 17.730499 26.356159 30.131075 24.797972 16.082706 10.903304,
 10.332857 11.987923 15.902601 21.317089 24.825800 23.658281 19.056753 11.892325 16.551548 25.299454 34.499577 37.676914 32.468231 23.386450 15.527963 25.015766 38.907391 49.443546 48.558811 37.297047 24.233669 20.680639 33.993217 49.241871 56.289234 49.241882 33.993217 20.680639 24.233669 37.297047 48.558800 49.443546 38.907391 25.015766 15.527962 23.386450 32.468227 37.676914 34.499577 25.299459 16.551548 11.892325 19.056749 23.658281 24.825798 21.317091 15.902604 11.987924 10.332856,
 4.469124 4.914620 5.411821 5.779686 5.864950 5.652291 5.256501 5.292983 6.347816 7.427554 8.099063 8.039480 7.342272 6.390310 6.910786 9.185404 11.430052 12.598436 12.015141 10.097270 7.874420 8.259485 11.278394 14.160925 15.413192 14.160925 11.278394 8.259485 7.874419 10.097270 12.015139 12.598436 11.430051 9.185404 6.910785 6.390310 7.342272 8.039479 8.099063 7.427553 6.347816 5.292983 5.256501 5.652292 5.864950 5.779685 5.411821 4.914620 4.469124,
 5.524713 6.356839 6.774438 6.325220 5.465220 4.799304 4.411568 6.298354 8.318440 9.680216 8.980956 7.011674 5.479663 4.739032 6.432339 9.418770 12.556988 12.832227 9.920875 6.850155 5.240399 5.915623 8.626756 12.662698 14.897938 12.662698 8.626756 5.915623 5.240399 6.850155 9.920875 12.832227 12.556988 9.418770 6.432339 4.739032 5.479663 7.011675 8.980956 9.680215 8.318439 6.298354 4.411568 4.799304 5.465221 6.325219 6.774438 6.356839 5.524714,
 4.800369 6.018683 7.950111 9.233500 8.473648 6.718251 5.538599 5.293971 7.139410 10.199504 12.126393 10.556105 7.612651 5.848010 5.772933 8.215024 12.385019 14.946073 12.522296 8.413707 6.055890 6.050060 8.708491 13.346334 16.184130 13.346334 8.708491 6.050060 6.055891 8.413707 12.522296 14.946073 12.385019 8.215024 5.772933 5.848010 7.612650 10.556105 12.126393 10.199504 7.139409 5.293971 5.538599 6.718251 8.473646 9.233500 7.950112 6.018682 4.800369,
 4.281806 5.336887 6.440951 7.378494 7.805723 7.296146 6.092973 4.769047 6.203735 8.069275 9.949900 10.578315 9.183291 6.901488 5.513830 7.817846 11.074796 13.791287 13.549891 10.476562 7.169343 6.515325 9.793627 13.853412 15.925219 13.853412 9.793625 6.515325 7.169344 10.476562 13.549891 13.791287 11.074795 7.817847 5.513830 6.901488 9.183291 10.578316 9.949898 8.069274 6.203735 4.769047 6.092973 7.296147 7.805723 7.378494 6.440950 5.336887 4.281806,

Pairwise cross-correlations of the modulus of all oriented sub-bands at the same scale (size QxQ)
 57.988110 53.160828 46.026928 52.939007,
 53.160828 58.932877 52.417110 50.237667,
 46.026928 52.417110 57.154026 52.840878,
 52.939007 50.237667 52.840878 59.434711,
 55.233372 51.225540 47.619415 51.482777,
 51.225540 55.067982 50.121101 48.200733,
 47.619415 50.121101 54.903145 51.805840,
 51.482777 48.200733 51.805840 56.289246,

Cross-correlations of the modulus of all oriented sub-bands with all oriented sub-bands at the coarser scale (size QxQ)
 51.141163 47.799644 44.335823 48.042995,
 49.020401 51.840622 48.560062 46.488121,
 44.540394 47.481194 51.042389 48.232960,
 49.207317 46.364853 49.269077 52.679256,
 22.363573 21.487036 21.497505 21.803112,
 21.654352 22.513681 22.389534 20.796049,
 20.480782 21.665346 23.289696 21.443014,
 22.131182 20.867403 22.758526 23.218809,

Cross-correlations of the real part of each oriented sub-band with both the real and imaginary part of all phase-doubled oriented sub-bands at the next coarser scale (Q matrices of size 1x2Q, which are computed and stored in a matrix of size Qx2Q)
 -22.174751 -10.070145 -0.817601 -9.929783 0.093526 -0.010551 -0.001899 0.037362,
 -9.684503 -23.227108 -9.533186 -0.751709 0.018381 -0.048087 -0.004872 0.004826,
 -0.785039 -9.835754 -22.369307 -10.166859 -0.026385 -0.020820 -0.081549 -0.036558,
 -9.567895 -0.762384 -9.918692 -23.374762 -0.020928 0.006335 -0.090330 -0.022666,
 -11.180874 -4.969681 -0.486676 -5.039178 -0.077709 0.094113 0.014685 0.001333,
 -4.910785 -11.347564 -5.310416 -0.512478 0.004856 0.222192 -0.024774 0.007372,
 -0.492260 -5.270952 -11.916470 -5.298143 -0.001664 0.012816 -0.092281 0.073959,
 -5.002717 -0.517473 -5.228854 -11.821661 -0.039477 -0.019012 -0.017690 0.015964,
