Low-band skewness and kurtosis
 -11.333585 144.646469,
 -7.121180 60.993565,
 -4.043632 22.604122,
 0.342580 8.785360,

High-band variance
 17.507128,

Skewness, kurtosis, variance, mean, maximum and minimum of the reconstructed texture
 -11.429424 138.019913 329.535370 253.292496 255.000000 0.000000,

Auto-correlations of the low-frequency bands at each scale
 7.968915 5.161939 5.442071 7.034790 3.609985 0.004208 1.705480 6.637070 20.732903 60.162178 84.299088 58.707756 16.079374 0.197609 8.028254 60.514729 167.959854 228.371796 167.117477 57.541718 3.438755 8.143526 83.316414 227.695450 307.205627 227.695419 83.316414 8.143525 3.438755 57.541706 167.117477 228.371796 167.959839 60.514732 8.028254 0.197608 16.079372 58.707752 84.299080 60.162178 20.732904 6.637068 1.705480 0.004207 3.609987 7.034791 5.442070 5.161939 7.968913,
 11.664008 7.266940 -2.394180 -3.969419 1.246188 5.668244 5.274024 4.071207 -5.035316 -0.537434 8.096251 -3.319157 -10.015303 2.269620 0.442407 1.493475 58.224373 101.446365 53.647869 -3.431054 0.592072 1.842427 11.270486 102.454781 169.801544 102.454781 11.270487 1.842427 0.592073 -3.431054 53.647861 101.446365 58.224377 1.493476 0.442408 2.269620 -10.015302 -3.319156 8.096250 -0.537435 -5.035316 4.071208 5.274025 5.668244 1.246188 -3.969419 -2.394181 7.266939 11.664008,
 6.431028 4.822577 0.187782 -1.428260 1.966870 7.588659 8.741882 7.342286 1.272676 0.179313 1.903153 -1.337676 -0.499612 5.881186 4.759480 1.794261 19.216770 33.727329 17.580139 0.379717 3.994444 3.591383 4.735260 34.636536 57.960716 34.636536 4.735260 3.591383 3.994444 0.379717 17.580137 33.727329 19.216772 1.794262 4.759480 5.881186 -0.499613 -1.337676 1.903153 0.179313 1.272677 7.342286 8.741882 7.588659 1.966869 -1.428260 0.187782 4.822578 6.431027,
 0.454148 0.235410 0.121913 0.590747 2.099850 3.090870 2.332721 1.856076 0.758970 0.417443 0.985444 1.610773 1.914720 1.725795 1.815897 1.171247 3.165156 5.253437 3.548651 0.899277 0.467477 0.638066 1.102491 5.368481 8.545111 5.368481 1.102491 0.638066 0.467477 0.899277 3.548652 5.253437 3.165155 1.171247 1.815897 1.725794 1.914720 1.610773 0.985444 0.417443 0.758970 1.856076 2.332720 3.090870 2.099850 0.590747 0.121913 0.235410 0.454148,

Auto-correlations of the modulus of each oriented sub-band
 15.992348 17.502737 18.511497 18.833397 18.407707 17.351213 15.887262 25.785370 29.564957 32.268780 33.246624 32.237633 29.533434 25.789995 36.313732 42.786140 47.511360 49.262794 47.515411 42.798843 36.324894 41.007488 48.762062 54.453461 56.573246 54.453461 48.762062 41.007488 36.324894 42.798840 47.515411 49.262794 47.511360 42.786144 36.313728 25.789995 29.533430 32.237633 33.246624 32.268776 29.564964 25.785366 15.887262 17.351208 18.407711 18.833399 18.511499 17.502737 15.992348,
 30.623751 34.861465 34.643784 29.776047 22.470976 15.674541 11.087592 34.984966 43.086449 46.299595 42.689537 33.894978 23.877934 16.013411 35.000999 46.444416 54.113102 54.030960 46.056946 34.121227 23.049047 30.354286 42.962234 54.116451 58.663002 54.116440 42.962238 30.354284 23.049047 34.121223 46.056946 54.030960 54.113102 46.444416 35.000996 16.013414 23.877932 33.894978 42.689537 46.299595 43.086449 34.984966 11.087593 15.674541 22.470976 29.776047 34.643784 34.861465 30.623747,
 16.237740 25.469498 35.221619 39.497662 35.042229 25.141764 15.889788 17.637587 29.159542 41.732548 47.327847 41.515560 28.802622 17.287636 18.506716 31.691084 46.397701 53.062012 46.251781 31.465839 18.292501 18.733801 32.525826 48.057594 55.196800 48.057594 32.525829 18.733801 18.292501 31.465836 46.251781 53.062012 46.397701 31.691084 18.506716 17.287636 28.802622 41.515556 47.327847 41.732544 29.159544 17.637587 15.889789 25.141762 35.042229 39.497658 35.221619 25.469498 16.237741,
 12.209586 16.684959 23.114906 29.864428 34.177284 33.976433 29.470873 16.943951 24.481277 34.007290 42.274456 45.500214 42.118523 34.001865 23.508629 34.190918 45.699070 53.326427 53.273750 45.670898 34.402081 30.254036 42.545036 53.435791 57.862293 53.435791 42.545036 30.254030 34.402084 45.670895 53.273758 53.326427 45.699070 34.190918 23.508629 34.001865 42.118523 45.500210 42.274456 34.007290 24.481281 16.943947 29.470875 33.976429 34.177288 29.864431 23.114910 16.684959 12.209583,
 13.167534 14.178485 14.994831 15.218644 14.673801 13.602405 12.500084 18.647173 22.680847 26.009689 27.268055 25.887230 22.613323 18.888689 27.231262 35.541550 42.570686 45.375267 42.601177 35.750465 27.782576 32.073296 42.460598 51.369812 54.980991 51.369812 42.460598 32.073296 27.782578 35.750465 42.601177 45.375267 42.570690 35.541546 27.231262 18.888689 22.613321 25.887230 27.268053 26.009695 22.680849 18.647173 12.500084 13.602406 14.673800 15.218644 14.994832 14.178484 13.167536,
 18.588921 21.975191 22.141148 18.755838 14.421032 11.405801 9.916708 22.491053 30.493923 34.676579 31.276731 23.131882 15.926424 12.096910 23.227434 34.919617 45.107040 45.566257 35.751842 23.634489 15.729523 20.228098 31.775194 45.597614 52.214588 45.597618 31.775198 20.228098 15.729521 23.634493 35.751842 45.566257 45.107040 34.919617 23.227440 12.096910 15.926424 23.131882 31.276728 34.676582 30.493923 22.491051 9.916710 11.405801 14.421032 18.755838 22.141150 21.975191 18.588921,
 13.447969 18.781693 26.978947 31.589434 27.775112 19.439997 13.394100 15.228716 23.692562 36.280270 43.017151 36.740639 23.929476 14.971421 16.587740 27.659878 43.969017 52.549984 44.174519 27.693003 16.388620 17.035892 29.193441 47.052483 56.338291 47.052490 29.193441 17.035892 16.388620 27.693001 44.174519 52.549984 43.969017 27.659878 16.587740 14.971421 23.929476 36.740635 43.017151 36.280273 23.692564 15.228716 13.394101 19.439995 27.775112 31.589432 26.978947 18.781693 13.447969,
 11.385362 13.030064 16.900568 22.319386 25.981714 24.973789 20.585991 14.028271 18.433773 26.485744 35.209999 38.387611 33.468376 25.032955 18.433088 26.957098 39.532063 49.450935 48.729240 38.277752 26.466112 23.554464 35.417694 49.346344 55.976208 49.346344 35.417694 23.554464 26.466112 38.277744 48.729240 49.450935 39.532063 26.957100 18.433088 25.032959 33.468369 38.387608 35.209999 26.485744 18.433777 14.028270 20.585991 24.973789 25.981714 22.319384 16.900568 13.030066 11.385362,
 6.676059 6.731932 6.835341 6.999574 7.135965 7.135241 6.919774 7.925189 8.610420 9.258128 9.554811 9.300771 8.643127 7.883279 9.734480 11.673104 13.571973 14.400786 13.563828 11.621788 9.600925 10.624248 13.376935 16.104118 17.317440 16.104118 13.376933 10.624248 9.600925 11.621790 13.563828 14.400786 13.571973 11.673104 9.734481 7.883280 8.643128 9.300771 9.554811 9.258128 8.610418 7.925189 6.919775 7.135242 7.135965 6.999574 6.835340 6.731931 6.676059,
 7.839262 8.364676 8.292946 7.623663 7.030206 6.940960 7.000031 8.909888 10.599886 11.467684 10.440993 8.529989 7.351030 7.129439 9.053084 11.809443 14.534260 14.509559 11.637678 8.719074 7.405468 8.234233 10.792810 14.595801 16.642262 14.595801 10.792809 8.234233 7.405468 8.719076 11.637678 14.509559 14.534260 11.809443 9.053084 7.129439 7.351028 8.529989 10.440992 11.467684 10.599885 8.909888 7.000031 6.940959 7.030207 7.623663 8.292946 8.364675 7.839262,
 7.344272 7.956198 9.279502 10.152404 9.511343 8.045311 6.894077 7.689055 8.907660 11.523417 13.322568 12.037720 9.286733 7.514618 8.035401 9.912068 13.884705 16.519226 14.313078 10.238212 7.974737 8.167562 10.480186 15.104921 17.953709 15.104921 10.480184 8.167562 7.974737 10.238212 14.313078 16.519226 13.884705 9.912068 8.035402 7.514618 9.286733 12.037720 13.322570 11.523416 8.907659 7.689055 6.894077 8.045312 9.511344 10.152404 9.279504 7.956197 7.344273,
 7.256876 7.397636 7.766174 8.842815 9.883931 9.670060 8.366435 7.948121 8.408526 9.891318 12.123843 13.079865 11.587021 9.160024 8.594930 10.141877 13.315445 16.303810 16.013050 12.704775 9.474106 9.187203 12.037945 16.184566 18.414009 16.184566 12.037942 9.187203 9.474106 12.704777 16.013050 16.303810 13.315445 10.141876 8.594930 9.160023 11.587021 13.079865 12.123843 9.891318 8.408525 7.948120 8.366435 9.670060 9.883930 8.842815 7.766175 7.397635 7.256876,

Pairwise cross-correlations of the modulus of all oriented sub-bands at the same scale (size QxQ)
 56.573257 51.876713 44.823460 51.633732,
 51.876713 58.662998 51.298084 49.149395,
 44.823460 51.298084 55.196793 50.994915,
 51.633732 49.149395 50.994915 57.862293,
 54.981010 48.997368 47.296635 50.599670,
 48.997368 52.214600 49.488323 46.336140,
 47.296635 49.488323 56.338287 51.590096,
 50.599670 46.336140 51.590096 55.976200,

Cross-correlations of the modulus of all oriented sub-bands with all oriented sub-bands at the coarser scale (size QxQ)
 50.056305 46.096256 44.440739 47.307301,
 47.945343 50.067722 48.583439 45.869854,
 42.689182 45.017059 49.971451 46.679379,
 47.880577 44.041348 48.878918 51.642078,
 23.825548 22.522455 21.837154 23.088573,
 22.848246 23.225788 22.526936 21.857546,
 22.843731 23.553556 24.744213 23.896412,
 23.941828 22.245104 23.481440 25.159525,

Cross-correlations of the real part of each oriented sub-band with both the real and imaginary part of all phase-doubled oriented sub-bands at the next coarser scale (Q matrices of size 1x2Q, which are computed and stored in a matrix of size Qx2Q)
 -20.616224 -8.934811 -0.725977 -9.328938 0.048834 -0.120344 0.003469 0.051020,
 -8.849504 -20.409693 -8.567529 -0.790746 -0.032757 -0.125213 0.000766 -0.006911,
 -0.748026 -8.891837 -20.230465 -9.390394 -0.041036 -0.025135 -0.067120 0.075225,
 -9.055823 -0.788152 -9.017555 -21.555719 -0.027477 -0.020100 -0.056918 0.184688,
 -10.652718 -5.004231 -0.544366 -5.365428 0.293475 -0.128161 -0.064908 0.007111,
 -4.686311 -10.728265 -5.189362 -0.516122 0.055819 -0.068200 -0.115296 0.026317,
 -0.453166 -4.803097 -12.363914 -5.479215 -0.050472 -0.061522 -0.069993 0.192143,
 -4.802633 -0.550287 -5.545702 -12.407462 0.016890 -0.062050 -0.083594 0.267048,
