Low-band skewness and kurtosis
 -11.308906 144.325058,
 -6.836019 55.480244,
 -3.859922 21.073055,
 -0.390944 7.264307,

High-band variance
 17.672459,

Skewness, kurtosis, variance, mean, maximum and minimum of the reconstructed texture
 -11.391900 137.171326 330.511383 253.283554 255.000000 0.000000,

Auto-correlations of the low-frequency bands at each scale
 4.705188 3.308145 4.176235 4.880685 1.672642 -0.004032 1.946011 -2.454052 12.439364 53.737347 79.099731 55.356777 15.633473 0.829536 -0.483673 52.977551 163.480972 226.378738 166.523331 58.225224 4.617155 5.573567 81.367043 227.450287 307.967407 227.450287 81.367043 5.573567 4.617154 58.225212 166.523331 226.378738 163.480972 52.977554 -0.483673 0.829537 15.633471 55.356777 79.099731 53.737350 12.439365 -2.454052 1.946011 -0.004032 1.672641 4.880685 4.176236 3.308145 4.705187,
 9.045103 5.235872 -3.187226 -5.528715 -0.799427 4.904749 3.915199 3.786057 -6.574348 -1.101649 9.604461 -0.711934 -9.193510 -2.296508 -3.307709 -2.425145 54.444767 99.947922 54.538605 -4.366600 -7.150831 -6.384996 6.866301 98.482437 165.300156 98.482437 6.866301 -6.384996 -7.150831 -4.366600 54.538601 99.947922 54.444767 -2.425144 -3.307708 -2.296508 -9.193510 -0.711934 9.604461 -1.101648 -6.574348 3.786057 3.915199 4.904749 -0.799426 -5.528716 -3.187225 5.235872 9.045103,
 5.394825 3.959197 1.701838 2.214327 3.010208 3.161663 3.054563 5.098213 -0.280319 -0.153615 3.276600 -0.651774 -2.465005 2.323678 0.814432 -1.643362 16.540972 32.272572 15.289667 -3.312874 0.113144 -1.228094 -0.411168 30.688663 55.341766 30.688663 -0.411168 -1.228094 0.113144 -3.312874 15.289667 32.272572 16.540972 -1.643362 0.814432 2.323679 -2.465005 -0.651775 3.276600 -0.153615 -0.280319 5.098213 3.054563 3.161663 3.010208 2.214327 1.701838 3.959196 5.394824,
 1.059379 0.620204 0.025934 0.285958 0.467001 0.445554 0.928587 0.635485 0.127703 0.195990 0.989230 0.504308 0.174569 1.321986 0.359244 0.439205 3.026524 5.334929 2.949658 0.260440 0.883430 0.436485 0.732507 5.022190 8.432989 5.022190 0.732507 0.436485 0.883430 0.260440 2.949658 5.334929 3.026524 0.439205 0.359244 1.321986 0.174570 0.504308 0.989230 0.195990 0.127703 0.635485 0.928587 0.445554 0.467001 0.285958 0.025934 0.620204 1.059379,

Auto-correlations of the modulus of each oriented sub-band
 15.209337 16.837805 17.898088 18.185427 17.615194 16.287622 14.427009 24.963884 29.031534 31.891375 32.900543 31.795620 28.852812 24.720741 35.781563 42.729958 47.723476 49.547146 47.701511 42.715252 35.798416 40.713139 48.982964 54.979729 57.197884 54.979729 48.982964 40.713139 35.798416 42.715252 47.701511 49.547146 47.723473 42.729958 35.781563 24.720741 28.852806 31.795620 32.900539 31.891373 29.031540 24.963884 14.427010 16.287621 17.615194 18.185427 17.898088 16.837807 15.209337,
 31.426283 36.415936 36.502129 31.398533 23.398819 15.587131 9.855866 35.682232 44.764217 48.521168 44.847919 35.425323 24.379255 15.284043 35.408985 47.993156 56.430244 56.487858 47.997002 35.053768 22.734297 30.396158 44.219906 56.297802 61.184490 56.297802 44.219906 30.396158 22.734303 35.053768 47.997002 56.487858 56.430244 47.993160 35.408985 15.284044 24.379253 35.425323 44.847912 48.521168 44.764221 35.682232 9.855866 15.587130 23.398819 31.398531 36.502129 36.415936 31.426281,
 16.599236 27.439234 38.576077 43.332081 38.311028 27.107157 16.263981 18.056223 31.463179 45.566219 51.685097 45.291069 31.110706 17.720629 18.987188 34.221897 50.491596 57.667725 50.317844 33.999928 18.781574 19.243071 35.137600 52.222466 59.861183 52.222466 35.137604 19.243065 18.781572 33.999924 50.317844 57.667725 50.491596 34.221901 18.987185 17.720629 31.110703 45.291065 51.685089 45.566219 31.463179 18.056223 16.263983 27.107151 38.311028 43.332085 38.576077 27.439236 16.599236,
 10.306170 15.268211 22.251045 29.537201 34.132782 33.852417 28.969267 15.063143 23.265333 33.520844 42.404804 45.810135 42.125149 33.398472 21.811926 33.299587 45.609577 53.775322 53.671810 45.518311 33.468704 28.900045 42.033909 53.655396 58.406723 53.655396 42.033916 28.900047 33.468704 45.518311 53.671818 53.775322 45.609577 33.299587 21.811926 33.398479 42.125145 45.810135 42.404804 33.520844 23.265333 15.063143 28.969271 33.852413 34.132782 29.537197 22.251045 15.268214 10.306170,
 10.760116 11.814386 12.517006 12.517703 11.706329 10.336600 8.839256 16.448742 20.807291 24.298817 25.347075 23.359922 19.269047 14.750194 24.342319 33.415176 41.062580 43.914852 40.508064 32.594048 23.572912 28.227102 39.643757 49.487717 53.476055 49.487724 39.643757 28.227102 23.572914 32.594044 40.508060 43.914852 41.062580 33.415176 24.342318 14.750195 19.269047 23.359921 25.347073 24.298817 20.807291 16.448742 8.839256 10.336600 11.706326 12.517704 12.517009 11.814386 10.760116,
 17.978155 21.843561 22.011398 17.922174 12.395789 8.331182 6.324888 21.722662 30.587000 35.028435 31.242020 21.862398 12.951283 7.874020 21.727949 35.026936 45.895462 46.338200 35.689117 21.726845 11.807415 17.458887 31.195705 46.392860 53.341980 46.392872 31.195705 17.458887 11.807415 21.726843 35.689114 46.338207 45.895462 35.026936 21.727951 7.874019 12.951283 21.862398 31.242014 35.028439 30.587000 21.722660 6.324888 8.331182 12.395789 17.922174 22.011398 21.843559 17.978155,
 9.883564 15.610500 23.503189 27.768478 23.983618 15.324880 8.339697 10.716118 19.776011 32.391491 38.997757 32.748077 19.388102 9.310276 11.196811 23.273144 40.149372 48.849949 40.339382 22.977863 10.349936 11.081305 24.553654 43.356857 52.898773 43.356861 24.553654 11.081305 10.349937 22.977863 40.339378 48.849949 40.149372 23.273149 11.196811 9.310277 19.388102 32.748074 38.997757 32.391491 19.776011 10.716118 8.339697 15.324878 23.983614 27.768475 23.503189 15.610500 9.883563,
 7.732169 9.506159 13.406546 18.786690 22.361584 21.189522 16.252138 9.119480 14.001014 22.619884 31.623997 34.744183 29.358456 19.879721 12.559684 22.023272 35.562973 45.873947 44.955875 33.639847 20.501143 17.296572 30.432251 45.435017 52.406990 45.435024 30.432253 17.296572 20.501143 33.639851 44.955875 45.873947 35.562977 22.023272 12.559685 19.879719 29.358456 34.744179 31.623997 22.619884 14.001014 9.119480 16.252138 21.189522 22.361582 18.786690 13.406549 9.506160 7.732169,
 5.928636 6.039546 6.147413 6.027001 5.568654 4.878552 4.157739 7.015720 8.063166 9.009020 9.280180 8.592791 7.244427 5.779206 8.768572 11.288977 13.651536 14.616414 13.487410 10.926332 8.170246 9.578275 13.023349 16.293089 17.706392 16.293089 13.023347 9.578275 8.170246 10.926332 13.487410 14.616414 13.651536 11.288976 8.768570 5.779206 7.244427 8.592791 9.280180 9.009020 8.063164 7.015720 4.157739 4.878553 5.568654 6.027001 6.147413 6.039546 5.928635,
 6.037169 6.534466 6.285970 5.223606 4.174237 3.608991 3.276866 7.132635 9.017124 9.934237 8.657626 6.277573 4.568799 3.837214 7.200580 10.378356 13.367238 13.306754 10.075794 6.635951 4.786187 6.122178 9.221510 13.478342 15.706249 13.478342 9.221509 6.122178 4.786187 6.635952 10.075794 13.306753 13.367236 10.378355 7.200580 3.837214 4.568799 6.277573 8.657626 9.934237 9.017123 7.132635 3.276865 3.608991 4.174237 5.223606 6.285970 6.534466 6.037169,
 4.302866 5.097336 6.747774 7.762465 6.586170 4.634010 3.754369 4.597230 6.182915 9.286259 11.172866 9.142723 5.752446 4.128741 4.736799 7.035788 11.550859 14.316319 11.461604 6.772370 4.461833 4.686412 7.280612 12.454343 15.645241 12.454342 7.280612 4.686412 4.461833 6.772370 11.461606 14.316319 11.550860 7.035788 4.736799 4.128741 5.752446 9.142723 11.172865 9.286259 6.182915 4.597230 3.754369 4.634010 6.586170 7.762465 6.747773 5.097336 4.302866,
 4.638713 4.704566 5.141920 5.996993 6.563232 6.103276 4.936926 5.037224 5.773704 7.511734 9.651460 10.357962 8.831581 6.420910 5.639074 7.728147 11.316591 14.340620 14.021490 10.654088 7.059525 6.522171 9.995314 14.477121 16.711691 14.477121 9.995312 6.522171 7.059525 10.654090 14.021489 14.340620 11.316589 7.728147 5.639074 6.420911 8.831581 10.357962 9.651461 7.511734 5.773704 5.037223 4.936927 6.103276 6.563232 5.996993 5.141921 4.704566 4.638713,

Pairwise cross-correlations of the modulus of all oriented sub-bands at the same scale (size QxQ)
 57.197884 53.196857 46.856804 52.432961,
 53.196857 61.184479 55.047951 50.715244,
 46.856804 55.047951 59.861195 53.333668,
 52.432961 50.715244 53.333668 58.406712,
 53.476044 48.717316 45.393806 48.756248,
 48.717316 53.341984 48.876968 45.104053,
 45.393806 48.876968 52.898777 48.029846,
 48.756248 45.104053 48.029846 52.406990,

Cross-correlations of the modulus of all oriented sub-bands with all oriented sub-bands at the coarser scale (size QxQ)
 49.827763 45.865608 43.075104 46.014717,
 49.124821 51.373310 48.388866 45.711559,
 44.637161 47.053593 50.269913 47.043743,
 47.998890 44.290962 47.177570 50.420143,
 24.548092 22.181322 20.811354 22.731956,
 22.928988 22.968452 21.872591 21.299988,
 21.425182 21.839861 22.853418 22.185810,
 23.094456 20.626186 21.700838 23.805853,

Cross-correlations of the real part of each oriented sub-band with both the real and imaginary part of all phase-doubled oriented sub-bands at the next coarser scale (Q matrices of size 1x2Q, which are computed and stored in a matrix of size Qx2Q)
 -21.211166 -9.747258 -0.722536 -9.672335 0.034476 -0.011779 -0.003192 -0.025162,
 -9.240406 -22.489531 -9.305061 -0.771782 0.040807 -0.066726 0.004870 0.001717,
 -0.779247 -9.754929 -21.403776 -9.296218 -0.002388 -0.011644 0.005997 0.018601,
 -9.308164 -0.837307 -9.082795 -21.933384 0.003979 0.005127 0.012491 -0.024304,
 -12.559737 -5.524869 -0.464641 -5.683191 -0.195106 -0.121556 0.020167 0.098690,
 -5.509418 -11.784336 -4.907095 -0.526751 -0.053506 -0.479193 -0.133632 0.020517,
 -0.506656 -4.894533 -11.694369 -5.360225 0.017272 -0.256738 0.006221 0.067961,
 -5.611441 -0.495818 -5.296132 -12.555692 -0.041026 0.015217 0.164018 0.129845,
