Low-band skewness and kurtosis
 -11.428309 147.211243,
 -6.987628 58.324993,
 -3.686925 18.566946,
 -0.544201 7.519861,

High-band variance
 17.184612,

Skewness, kurtosis, variance, mean, maximum and minimum of the reconstructed texture
 -11.516177 140.127304 325.230408 253.315704 255.000000 0.000000,

Auto-correlations of the low-frequency bands at each scale
 0.386455 -4.211258 -3.030189 0.072811 -0.537843 -0.174430 3.227702 -3.707849 10.286882 51.508568 78.057159 55.945644 16.234493 -0.218609 -1.161956 53.248707 161.987762 223.819916 165.580063 57.881229 1.509538 2.949894 80.905586 224.901566 303.401428 224.901566 80.905586 2.949893 1.509539 57.881229 165.580093 223.819916 161.987762 53.248707 -1.161957 -0.218609 16.234493 55.945652 78.057159 51.508560 10.286883 -3.707849 3.227702 -0.174430 -0.537842 0.072811 -3.030188 -4.211259 0.386455,
 5.264597 2.668424 -5.568805 -6.961724 0.510585 8.487151 8.752964 4.268289 -8.150748 -6.583652 3.215960 -2.785602 -6.832393 2.016053 -3.767135 -4.669641 50.889591 96.474197 52.733479 -5.601442 -8.239116 -9.890925 3.594632 97.280655 164.977463 97.280670 3.594632 -9.890925 -8.239116 -5.601441 52.733471 96.474213 50.889595 -4.669641 -3.767135 2.016053 -6.832393 -2.785602 3.215959 -6.583652 -8.150748 4.268289 8.752964 8.487150 0.510586 -6.961724 -5.568806 2.668424 5.264597,
 5.730157 3.519020 -0.312920 0.628728 2.125659 2.986014 4.894945 5.691280 -0.235916 -1.642060 2.585148 0.410605 -0.712192 4.157942 2.345855 -1.331019 14.473978 30.407000 15.824959 -1.157593 1.761023 0.713854 0.568149 28.724312 51.792473 28.724312 0.568149 0.713853 1.761023 -1.157593 15.824959 30.407003 14.473978 -1.331020 2.345854 4.157942 -0.712191 0.410604 2.585148 -1.642059 -0.235917 5.691280 4.894945 2.986014 2.125659 0.628728 -0.312919 3.519020 5.730157,
 0.994234 1.027148 0.623220 0.544188 0.859260 1.462818 1.635385 1.179771 0.592364 0.437524 0.627104 0.248417 0.666725 1.454729 0.852340 0.219190 2.338733 4.329526 2.337381 0.512937 1.190216 0.914655 0.603203 4.204247 7.292572 4.204247 0.603203 0.914655 1.190216 0.512937 2.337381 4.329526 2.338733 0.219190 0.852340 1.454729 0.666725 0.248417 0.627104 0.437525 0.592364 1.179771 1.635385 1.462818 0.859260 0.544188 0.623220 1.027147 0.994234,

Auto-correlations of the modulus of each oriented sub-band
 14.479475 15.769559 16.648779 16.941664 16.540813 15.487893 13.934005 24.169657 27.952272 30.620678 31.557348 30.480480 27.622965 23.588041 34.518871 41.245708 46.069221 47.802105 45.943558 40.982304 34.105797 38.951332 47.085873 52.984901 55.163811 52.984901 47.085876 38.951324 34.105801 40.982300 45.943554 47.802113 46.069229 41.245716 34.518871 23.588041 27.622965 30.480484 31.557348 30.620678 27.952272 24.169657 13.934006 15.487892 16.540815 16.941666 16.648779 15.769559 14.479475,
 30.026175 34.552383 34.510036 29.620470 22.033791 14.791713 9.738084 34.571980 43.120636 46.618366 43.054966 33.918385 23.230133 14.567857 34.466377 46.557449 54.626469 54.682117 46.452419 33.839085 21.818197 29.483047 42.947472 54.632122 59.345188 54.632122 42.947479 29.483046 21.818197 33.839081 46.452419 54.682117 54.626457 46.557449 34.466377 14.567857 23.230129 33.918385 43.054966 46.618362 43.120644 34.571980 9.738084 14.791711 22.033794 29.620470 34.510036 34.552383 30.026173,
 15.134196 25.240442 35.828712 40.530575 36.050900 25.744417 15.738049 16.555351 29.186697 42.643322 48.587482 42.666798 29.389177 16.861689 17.518366 31.965445 47.524189 54.436443 47.480373 32.012180 17.636511 17.890661 32.975933 49.286602 56.599205 49.286602 32.975933 17.890659 17.636509 32.012177 47.480377 54.436443 47.524189 31.965450 17.518366 16.861689 29.389177 42.666801 48.587494 42.643322 29.186701 16.555351 15.738050 25.744413 36.050907 40.530571 35.828712 25.240442 15.134196,
 8.708508 13.428197 20.456518 28.025980 33.102524 33.424294 29.081137 13.252158 21.446957 31.804300 40.845230 44.564529 41.347385 33.018131 20.134439 31.697159 43.981964 52.106541 52.189468 44.392765 32.574585 27.563467 40.662716 52.063412 56.664738 52.063412 40.662724 27.563467 32.574585 44.392757 52.189468 52.106533 43.981964 31.697161 20.134439 33.018131 41.347374 44.564526 40.845230 31.804298 21.446957 13.252155 29.081144 33.424286 33.102524 28.025980 20.456516 13.428200 8.708508,
 10.361145 11.211357 12.198489 12.893935 12.892934 12.156730 11.038328 16.171349 19.973818 23.344170 24.780018 23.474689 20.056459 16.032751 24.317465 32.907837 40.320896 43.263855 40.149170 32.575611 23.865828 28.311073 39.524807 49.277546 53.254501 49.277546 39.524811 28.311069 23.865831 32.575611 40.149166 43.263859 40.320904 32.907833 24.317465 16.032751 20.056459 23.474684 24.780018 23.344175 19.973818 16.171349 11.038328 12.156728 12.892932 12.893935 12.198490 11.211357 10.361146,
 18.604656 22.549486 23.212116 19.862469 14.927673 11.085972 8.925921 23.185766 32.214771 36.997601 33.569134 24.401636 15.552541 10.435749 23.839931 37.405781 48.661663 49.263584 38.478958 24.225554 14.172831 19.772495 33.759972 49.395535 56.524361 49.395535 33.759972 19.772493 14.172831 24.225548 38.478954 49.263584 48.661667 37.405781 23.839926 10.435749 15.552539 24.401634 33.569134 36.997601 32.214771 23.185764 8.925922 11.085970 14.927672 19.862469 23.212116 22.549484 18.604656,
 9.586674 15.436600 24.835211 30.432026 26.807404 17.920092 10.815479 10.617820 19.727547 33.831387 41.714211 35.340343 21.584387 11.469482 11.497590 23.509678 41.644199 51.392601 42.463413 24.501900 11.925584 11.976730 25.343695 45.048332 55.296291 45.048332 25.343695 11.976730 11.925582 24.501904 42.463409 51.392601 41.644199 23.509678 11.497590 11.469484 21.584387 35.340343 41.714211 33.831387 19.727547 10.617820 10.815479 17.920092 26.807404 30.432026 24.835211 15.436602 9.586674,
 7.306699 9.079582 13.650166 19.889709 24.141262 23.295872 18.295599 9.009305 13.960106 23.376833 33.308781 37.007030 31.692741 21.819563 12.641048 22.535065 37.068329 48.127907 47.410908 35.681366 21.778334 17.805161 31.741711 47.601105 54.866280 47.601112 31.741711 17.805161 21.778334 35.681366 47.410912 48.127907 37.068329 22.535065 12.641050 21.819565 31.692739 37.007027 33.308781 23.376837 13.960109 9.009304 18.295599 23.295868 24.141258 19.889709 13.650168 9.079584 7.306699,
 5.129749 5.430549 5.816975 6.077346 6.054986 5.761349 5.359422 6.391675 7.395555 8.428692 8.942076 8.580428 7.542093 6.380285 8.264212 10.648640 12.954759 13.978909 13.020757 10.681497 8.192448 9.228962 12.436093 15.538250 16.890989 15.538252 12.436091 9.228962 8.192449 10.681496 13.020756 13.978911 12.954756 10.648640 8.264211 6.380284 7.542093 8.580428 8.942075 8.428692 7.395556 6.391675 5.359422 5.761349 6.054986 6.077345 5.816974 5.430548 5.129748,
 5.778299 6.675486 6.960560 6.475957 5.696927 5.025974 4.545934 6.810879 8.976847 10.289418 9.514854 7.487108 5.769354 4.883257 7.043658 10.319500 13.506254 13.722027 10.756736 7.382774 5.427329 6.331259 9.466866 13.709629 15.903224 13.709629 9.466866 6.331258 5.427329 7.382774 10.756736 13.722027 13.506251 10.319499 7.043658 4.883257 5.769355 7.487108 9.514853 10.289418 8.976847 6.810879 4.545934 5.025975 5.696927 6.475957 6.960560 6.675486 5.778298,
 4.200342 4.794537 6.459872 7.831950 7.161856 5.428114 4.369653 4.577983 5.849952 8.698714 10.649214 9.154191 6.232352 4.578382 4.819203 6.800512 10.845584 13.393035 11.036346 6.943368 4.751329 4.858976 7.212726 11.803667 14.595570 11.803667 7.212726 4.858975 4.751329 6.943368 11.036346 13.393035 10.845584 6.800511 4.819203 4.578382 6.232352 9.154190 10.649213 8.698714 5.849952 4.577983 4.369652 5.428114 7.161856 7.831951 6.459871 4.794537 4.200342,
 4.309363 4.425662 5.140016 6.223763 6.904277 6.646655 5.791971 4.790511 5.459803 7.203558 9.251678 9.936934 8.661514 6.682180 5.401803 7.199121 10.457569 13.230560 12.953889 9.991818 6.987570 6.329813 9.257285 13.261485 15.319426 13.261485 9.257284 6.329813 6.987571 9.991818 12.953889 13.230561 10.457569 7.199121 5.401803 6.682180 8.661513 9.936934 9.251678 7.203557 5.459803 4.790511 5.791972 6.646655 6.904277 6.223762 5.140016 4.425662 4.309363,

Pairwise cross-correlations of the modulus of all oriented sub-bands at the same scale (size QxQ)
 55.163811 51.593456 44.582962 50.367298,
 51.593456 59.345177 52.358215 48.403763,
 44.582962 52.358215 56.599213 51.069389,
 50.367298 48.403763 51.069389 56.664726,
 53.254505 50.900360 47.528046 49.946995,
 50.900360 56.524357 51.693878 48.641335,
 47.528046 51.693878 55.296284 51.353268,
 49.946995 48.641335 51.353268 54.866283,

Cross-correlations of the modulus of all oriented sub-bands with all oriented sub-bands at the coarser scale (size QxQ)
 49.220165 47.210690 43.377808 46.508068,
 48.639313 53.217438 49.268211 46.185551,
 43.633709 48.151329 50.919567 47.751972,
 47.003956 45.252945 47.838276 50.985828,
 23.687689 22.060862 20.058689 21.073565,
 23.611494 23.705786 21.787098 20.872631,
 22.374977 22.304825 22.286036 21.493288,
 23.031391 21.170013 21.220135 22.350555,

Cross-correlations of the real part of each oriented sub-band with both the real and imaginary part of all phase-doubled oriented sub-bands at the next coarser scale (Q matrices of size 1x2Q, which are computed and stored in a matrix of size Qx2Q)
 -21.264233 -9.914386 -0.730490 -9.142808 -0.044510 0.025009 0.000492 0.084068,
 -9.480979 -23.320086 -9.511557 -0.658619 0.008153 0.030649 0.036563 0.005936,
 -0.759420 -9.889122 -21.907953 -9.506186 0.001555 0.011664 0.028894 0.060820,
 -9.029339 -0.675397 -9.407169 -21.813244 -0.043343 0.005434 -0.004235 0.160098,
 -12.044333 -5.782865 -0.514431 -5.000925 0.095992 -0.149642 -0.008955 -0.101486,
 -5.703762 -12.286983 -4.890550 -0.505730 -0.021125 -0.065895 0.078269 -0.013897,
 -0.493705 -5.015146 -11.051550 -5.077856 0.003191 -0.012823 0.322066 0.125028,
 -4.985014 -0.479629 -5.052281 -11.368699 0.132821 -0.036423 0.153291 0.171361,
