Low-band skewness and kurtosis
 -11.323421 144.530563,
 -6.956081 57.798340,
 -3.675700 18.730137,
 -0.494429 5.210998,

High-band variance
 17.527719,

Skewness, kurtosis, variance, mean, maximum and minimum of the reconstructed texture
 -11.410010 137.551697 330.346252 253.287506 255.000000 0.000000,

Auto-correlations of the low-frequency bands at each scale
 -0.539741 -2.804569 0.534489 5.010458 3.411380 1.485245 3.827528 -3.251910 12.184471 55.462799 83.067513 59.199917 17.626675 2.211770 -0.698726 53.809708 165.139328 228.503998 167.682037 57.441196 2.854998 3.303966 80.113396 227.109207 308.020752 227.109207 80.113396 3.303965 2.854998 57.441185 167.682053 228.503983 165.139328 53.809711 -0.698726 2.211770 17.626673 59.199917 83.067513 55.462799 12.184471 -3.251910 3.827527 1.485245 3.411381 5.010459 0.534488 -2.804570 -0.539741,
 8.320523 2.299610 -3.714282 -3.497119 -1.186713 3.498744 6.739463 0.203409 -12.272324 -5.718228 7.363833 -2.358186 -9.904865 0.360800 -9.147128 -7.873050 51.654762 99.828682 55.429718 -3.374679 -4.945323 -9.219929 5.360358 99.909286 168.117584 99.909286 5.360358 -9.219929 -4.945323 -3.374679 55.429710 99.828690 51.654762 -7.873052 -9.147128 0.360801 -9.904865 -2.358185 7.363833 -5.718230 -12.272324 0.203408 6.739463 3.498744 -1.186713 -3.497119 -3.714281 2.299610 8.320523,
 6.199640 4.205533 -0.365672 0.104781 2.706413 3.674938 3.044433 4.449298 -0.593611 -1.748234 1.841551 -0.375796 -1.439923 2.849796 0.175534 -3.235801 14.432678 31.349489 16.208427 -1.987320 1.037475 -0.776903 -1.022995 29.641396 54.149212 29.641399 -1.022995 -0.776903 1.037475 -1.987321 16.208427 31.349489 14.432678 -3.235800 0.175534 2.849796 -1.439923 -0.375796 1.841551 -1.748234 -0.593611 4.449297 3.044433 3.674938 2.706412 0.104781 -0.365671 4.205533 6.199640,
 0.966603 0.517691 0.323428 0.624768 1.038031 1.254349 0.926863 1.088028 0.324899 0.391256 1.229322 1.222969 0.911264 0.832132 1.244215 0.844884 2.738062 4.742993 3.093682 0.747964 0.544929 0.899595 1.145549 4.607901 7.328633 4.607901 1.145549 0.899594 0.544929 0.747964 3.093682 4.742993 2.738062 0.844884 1.244215 0.832132 0.911264 1.222969 1.229322 0.391256 0.324899 1.088028 0.926863 1.254349 1.038031 0.624768 0.323428 0.517691 0.966603,

Auto-correlations of the modulus of each oriented sub-band
 14.406313 16.182079 17.469755 18.064373 17.867062 16.957129 15.523872 24.716311 29.024244 32.122086 33.371098 32.515705 29.830790 25.943676 35.816849 42.980148 48.138752 50.090729 48.363239 43.476479 36.613358 41.005177 49.366318 55.395824 57.616161 55.395824 49.366322 41.005177 36.613361 43.476475 48.363243 50.090729 48.138744 42.980152 35.816853 25.943676 29.830784 32.515713 33.371101 32.122086 29.024248 24.716311 15.523875 16.957129 17.867062 18.064375 17.469755 16.182081 14.406313,
 29.831032 34.588230 34.715519 29.992931 22.567207 15.322643 10.037394 34.270618 43.027138 46.605385 43.102051 34.132137 23.603739 14.943605 34.168015 46.420692 54.526054 54.558117 46.399666 33.913357 21.952301 29.329744 42.835522 54.503094 59.190605 54.503094 42.835529 29.329744 21.952303 33.913349 46.399670 54.558113 54.526054 46.420696 34.168015 14.943605 23.603737 34.132137 43.102051 46.605385 43.027138 34.270618 10.037394 15.322640 22.567209 29.992928 34.715519 34.588238 29.831034,
 13.845085 23.987722 34.717113 39.525459 34.946239 24.496141 14.574954 15.370227 27.892839 41.420105 47.470524 41.478733 28.167912 15.878040 16.463367 30.682093 46.276218 53.303719 46.252930 30.786545 16.721392 16.941767 31.725729 48.046455 55.478523 48.046455 31.725729 16.941765 16.721394 30.786539 46.252934 53.303707 46.276207 30.682093 16.463367 15.878040 28.167908 41.478733 47.470516 41.420105 27.892836 15.370227 14.574954 24.496141 34.946239 39.525459 34.717113 23.987726 13.845083,
 8.280093 13.700172 21.171724 28.860754 33.823692 33.948647 29.505642 13.472548 22.195141 32.832806 41.951385 45.625614 42.324032 33.982990 20.973612 32.849586 45.294430 53.492638 53.578094 45.746094 33.896252 28.844084 42.089977 53.574963 58.210678 53.574963 42.089977 28.844084 33.896252 45.746094 53.578094 53.492638 45.294434 32.849590 20.973612 33.982994 42.324028 45.625610 41.951385 32.832802 22.195143 13.472546 29.505644 33.948647 33.823696 28.860754 21.171724 13.700173 8.280092,
 10.015900 11.342952 12.469835 12.987516 12.665279 11.665718 10.315790 15.572621 20.305849 24.398390 26.140818 24.739773 21.007603 16.525869 24.094923 33.630688 41.862125 45.233238 42.112679 34.241249 25.029348 28.948055 40.782860 50.991695 55.133701 50.991699 40.782864 28.948055 25.029348 34.241245 42.112671 45.233238 41.862125 33.630688 24.094919 16.525869 21.007603 24.739769 26.140818 24.398390 20.305849 15.572621 10.315790 11.665718 12.665279 12.987516 12.469836 11.342953 10.015900,
 18.221375 22.485405 22.881681 18.830067 13.061232 8.857018 7.096810 21.737247 31.492865 36.470543 32.814774 23.171848 13.858500 8.669725 21.585791 35.994183 47.763252 48.422222 37.354080 22.654949 12.273190 17.477898 32.079937 48.280972 55.650860 48.280972 32.079937 17.477898 12.273190 22.654949 37.354080 48.422211 47.763252 35.994183 21.585789 8.669726 13.858499 23.171843 32.814774 36.470547 31.492865 21.737246 7.096810 8.857019 13.061231 18.830067 22.881681 22.485405 18.221371,
 8.600441 15.254480 24.968872 30.332092 26.145380 17.031218 10.249858 9.597122 19.720823 34.214180 41.863605 35.059689 21.012365 10.883842 10.513070 23.525782 42.017368 51.548649 42.466309 24.217400 11.233493 11.121481 25.262928 45.271088 55.417355 45.271091 25.262928 11.121483 11.233494 24.217400 42.466305 51.548649 42.017372 23.525782 10.513071 10.883842 21.012363 35.059681 41.863609 34.214180 19.720823 9.597124 10.249858 17.031218 26.145378 30.332092 24.968872 15.254480 8.600441,
 5.658141 7.443391 11.679730 17.521826 21.670187 21.410061 17.457483 6.990366 12.169789 21.424551 31.041523 34.779213 30.282030 21.405344 10.959359 21.126455 35.409744 46.165020 45.685104 34.801949 21.482706 16.954918 30.843979 46.178471 53.153072 46.178471 30.843979 16.954918 21.482708 34.801949 45.685104 46.165020 35.409744 21.126455 10.959357 21.405344 30.282024 34.779213 31.041523 21.424555 12.169790 6.990366 17.457483 21.410057 21.670181 17.521826 11.679733 7.443392 5.658140,
 4.282956 4.598068 4.868575 4.923711 4.649393 4.088311 3.405531 5.482536 6.718013 7.799181 8.191054 7.655279 6.461922 5.105955 7.558831 10.271651 12.760917 13.779806 12.718233 10.246303 7.557458 8.781875 12.315521 15.641572 17.067602 15.641572 12.315521 8.781875 7.557458 10.246303 12.718233 13.779804 12.760917 10.271651 7.558831 5.105956 6.461922 7.655279 8.191053 7.799181 6.718013 5.482537 3.405531 4.088311 4.649394 4.923711 4.868574 4.598068 4.282956,
 5.909849 6.888100 6.946668 6.046472 4.890272 3.994970 3.354473 6.653508 9.258236 10.691165 9.712257 7.274831 5.154027 3.992972 6.699094 10.614075 14.216966 14.475171 11.189791 7.267649 4.875820 5.937709 9.674043 14.490301 16.874710 14.490300 9.674043 5.937709 4.875820 7.267649 11.189791 14.475171 14.216966 10.614075 6.699094 3.992972 5.154027 7.274832 9.712257 10.691164 9.258236 6.653508 3.354473 3.994969 4.890272 6.046472 6.946667 6.888099 5.909849,
 3.360055 4.467590 6.395020 7.614038 6.747040 4.761928 3.341809 3.468970 5.302369 8.649028 10.703231 8.983588 5.665550 3.622574 3.671174 6.181740 10.823639 13.684232 11.033969 6.426023 3.820929 3.835226 6.654252 11.828081 14.989443 11.828081 6.654252 3.835226 3.820929 6.426023 11.033970 13.684232 10.823639 6.181740 3.671174 3.622574 5.665550 8.983588 10.703231 8.649028 5.302368 3.468970 3.341809 4.761928 6.747040 7.614037 6.395021 4.467590 3.360055,
 3.305139 3.506699 4.437461 5.847790 6.652704 6.057858 4.617246 3.481559 4.458200 6.674856 9.192161 9.955746 8.229100 5.602931 4.205783 6.470973 10.285192 13.425159 13.037629 9.561633 5.942228 5.285556 8.758422 13.259943 15.516528 13.259943 8.758422 5.285556 5.942228 9.561634 13.037626 13.425159 10.285192 6.470973 4.205782 5.602931 8.229099 9.955745 9.192159 6.674856 4.458200 3.481559 4.617246 6.057858 6.652705 5.847790 4.437461 3.506699 3.305139,

Pairwise cross-correlations of the modulus of all oriented sub-bands at the same scale (size QxQ)
 57.616161 52.558327 44.778561 51.906712,
 52.558327 59.190571 51.621628 49.162579,
 44.778561 51.621628 55.478539 51.127754,
 51.906712 49.162579 51.127754 58.210663,
 55.133694 50.878563 47.507732 49.955040,
 50.878563 55.650848 51.046700 46.734505,
 47.507732 51.046700 55.417351 49.963600,
 49.955040 46.734505 49.963600 53.153069,

Cross-correlations of the modulus of all oriented sub-bands with all oriented sub-bands at the coarser scale (size QxQ)
 50.800159 47.954384 44.466251 46.627590,
 48.973766 52.860687 49.526810 45.140244,
 42.971893 46.720757 50.328476 45.629063,
 47.613785 45.254635 48.403362 50.303524,
 24.523455 23.291702 20.270111 21.912710,
 23.583008 24.583384 21.751591 21.070875,
 22.299358 23.263578 22.422659 21.888128,
 22.660267 21.552059 21.020584 22.483755,

Cross-correlations of the real part of each oriented sub-band with both the real and imaginary part of all phase-doubled oriented sub-bands at the next coarser scale (Q matrices of size 1x2Q, which are computed and stored in a matrix of size Qx2Q)
 -22.192583 -10.090121 -0.736706 -9.422441 -0.046725 0.006718 -0.002496 0.065654,
 -9.760736 -23.426825 -9.360289 -0.741514 -0.004952 0.078983 0.004808 0.005056,
 -0.767635 -10.046361 -21.022680 -9.303478 0.000397 0.042217 0.004204 -0.006994,
 -9.406433 -0.763110 -8.894806 -21.724731 -0.039543 -0.001207 -0.011324 0.057345,
 -13.043438 -5.833092 -0.456608 -5.407800 -0.079869 -0.030956 -0.034962 0.083531,
 -5.941351 -12.928518 -5.518369 -0.470991 -0.003519 0.107746 -0.047360 0.041042,
 -0.526032 -5.520490 -12.082096 -4.843077 0.022085 0.019339 -0.084169 -0.100586,
 -5.546915 -0.508512 -5.023062 -11.799322 0.015891 -0.039302 -0.073100 -0.123668,
