Low-band skewness and kurtosis
 -11.382500 146.274414,
 -6.832259 55.587475,
 -3.453104 16.315794,
 -0.343686 5.456242,

High-band variance
 17.437468,

Skewness, kurtosis, variance, mean, maximum and minimum of the reconstructed texture
 -11.454213 138.655304 328.268738 253.298401 255.000000 0.000000,

Auto-correlations of the low-frequency bands at each scale
 0.355268 -4.764714 -3.587627 0.447709 -0.827902 -3.050031 -1.352041 -3.591568 9.438989 50.722122 77.537338 54.041130 12.796839 -3.021988 -0.947893 52.514328 162.441055 225.064743 164.954376 55.606449 0.626484 3.256312 80.133820 226.015182 306.136261 226.015182 80.133820 3.256312 0.626484 55.606449 164.954376 225.064758 162.441055 52.514328 -0.947893 -3.021988 12.796838 54.041130 77.537338 50.722130 9.438989 -3.591567 -1.352041 -3.050031 -0.827903 0.447710 -3.587625 -4.764715 0.355268,
 8.008961 1.564097 -6.974896 -8.918954 -6.458635 0.036920 6.000101 0.640421 -11.174795 -6.440940 4.000084 -6.577229 -12.819822 0.744108 -8.178151 -6.629472 51.154949 96.853233 51.299091 -7.241564 -6.898588 -10.444634 3.548954 97.221779 164.810074 97.221779 3.548954 -10.444635 -6.898588 -7.241563 51.299084 96.853233 51.154961 -6.629473 -8.178151 0.744108 -12.819822 -6.577227 4.000084 -6.440942 -11.174795 0.640422 6.000101 0.036920 -6.458635 -8.918953 -6.974897 1.564097 8.008961,
 2.634006 2.977055 1.579376 -0.079094 0.076553 1.238454 0.947842 1.190058 -2.308744 -1.501484 0.252366 -2.303246 -1.026489 3.623935 -1.061867 -3.586821 13.396276 27.952036 13.836948 -0.607779 3.084203 -0.118445 -0.214773 27.623312 50.176594 27.623312 -0.214773 -0.118445 3.084203 -0.607779 13.836950 27.952034 13.396276 -3.586821 -1.061866 3.623935 -1.026489 -2.303246 0.252366 -1.501484 -2.308744 1.190058 0.947842 1.238454 0.076553 -0.079094 1.579376 2.977055 2.634006,
 0.924026 0.985710 0.596237 0.553930 1.074109 1.726215 2.149529 1.190879 0.674841 0.598853 1.046060 0.896652 1.083895 1.913221 1.259814 0.829591 2.771163 4.648373 2.746771 0.785902 1.417593 1.263851 1.032154 4.406923 7.282114 4.406923 1.032154 1.263851 1.417593 0.785902 2.746770 4.648374 2.771163 0.829591 1.259815 1.913221 1.083895 0.896652 1.046060 0.598854 0.674841 1.190879 2.149529 1.726215 1.074109 0.553930 0.596237 0.985710 0.924026,

Auto-correlations of the modulus of each oriented sub-band
 13.764960 15.323274 16.351328 16.680841 16.254864 15.193102 13.712729 24.241573 28.376753 31.246469 32.236732 31.126406 28.231649 24.211876 35.317524 42.379761 47.392963 49.176628 47.282749 42.257492 35.299221 40.194439 48.542572 54.553524 56.765373 54.553516 48.542580 40.194435 35.299221 42.257492 47.282749 49.176628 47.392956 42.379765 35.317524 24.211876 28.231647 31.126406 32.236729 31.246469 28.376757 24.241570 13.712730 15.193100 16.254864 16.680845 16.351324 15.323274 13.764958,
 30.289000 34.932873 34.658310 29.288744 21.111631 13.215585 7.563363 34.777843 43.650795 47.074928 43.133202 33.519203 22.304119 13.099602 34.413933 46.996433 55.220051 55.092983 46.513016 33.446789 20.900269 29.029873 43.031639 55.069622 59.894852 55.069618 43.031643 29.029867 20.900272 33.446785 46.513012 55.092983 55.220043 46.996433 34.413925 13.099602 22.304119 33.519203 43.133198 47.074928 43.650803 34.777836 7.563364 13.215585 21.111633 29.288742 34.658306 34.932877 30.289000,
 14.283907 24.997753 36.279652 41.288902 36.321739 24.902651 13.864449 15.859783 29.222803 43.453243 49.792313 43.500866 29.167261 15.547546 16.920494 32.225296 48.614136 55.922901 48.648750 32.204048 16.754391 17.249544 33.319183 50.525005 58.181099 50.525005 33.319187 17.249540 16.754391 32.204044 48.648758 55.922901 48.614136 32.225300 16.920494 15.547546 29.167259 43.500866 49.792313 43.453243 29.222803 15.859783 13.864449 24.902647 36.321739 41.288902 36.279652 24.997761 14.283907,
 7.685497 12.922982 20.383944 28.181210 33.205143 33.269829 28.708050 12.810168 21.487122 32.269444 41.555988 45.222980 41.729977 33.161736 20.176554 32.133495 44.803341 53.146038 53.135422 45.042862 32.966846 27.905590 41.313179 53.045288 57.802238 53.045296 41.313179 27.905590 32.966843 45.042854 53.135429 53.146034 44.803341 32.133495 20.176554 33.161736 41.729977 45.222973 41.555988 32.269444 21.487125 12.810168 28.708050 33.269829 33.205143 28.181210 20.383944 12.922983 7.685497,
 8.516687 9.592227 10.282084 10.445683 10.174913 9.759360 9.422205 14.244757 18.725359 22.546246 24.129889 22.857613 19.587234 15.877870 22.989090 32.435310 40.659199 44.097729 41.101532 33.356041 24.347425 28.038645 39.899715 50.178432 54.344551 50.178440 39.899715 28.038645 24.347422 33.356037 41.101524 44.097729 40.659199 32.435310 22.989094 15.877870 19.587234 22.857611 24.129889 22.546247 18.725359 14.244757 9.422205 9.759360 10.174911 10.445682 10.282084 9.592226 8.516688,
 16.924122 21.430344 21.500866 16.828093 10.883519 7.386022 6.937654 20.450222 30.392353 35.314785 31.167437 20.991081 11.846583 7.790689 20.419968 34.903770 46.818821 47.378750 35.888020 20.903189 10.996028 16.260565 30.824520 47.300297 54.810574 47.300301 30.824520 16.260565 10.996028 20.903189 35.888016 47.378750 46.818829 34.903770 20.419968 7.790689 11.846583 20.991077 31.167437 35.314789 30.392351 20.450220 6.937654 7.386022 10.883519 16.828093 21.500868 21.430346 16.924122,
 8.648105 15.023357 23.787769 28.323648 23.740631 14.578408 8.412095 9.291948 19.130848 33.134163 40.357803 33.230186 19.040411 9.503146 10.009273 22.801432 41.322704 50.823444 41.417088 22.834261 10.262802 10.436127 24.327101 44.684780 55.081867 44.684784 24.327103 10.436127 10.262801 22.834261 41.417080 50.823441 41.322704 22.801434 10.009273 9.503147 19.040409 33.230183 40.357803 33.134163 19.130848 9.291949 8.412096 14.578408 23.740631 28.323645 23.787773 15.023357 8.648105,
 5.730383 7.351181 11.276321 16.789139 20.727247 20.399128 16.570049 7.084822 12.202446 21.486475 31.148567 34.868015 30.245451 21.362610 11.350537 21.696417 36.319080 47.277256 46.699356 35.489380 21.988199 17.580143 31.747250 47.492199 54.631245 47.492199 31.747253 17.580143 21.988199 35.489380 46.699352 47.277256 36.319088 21.696417 11.350538 21.362608 30.245451 34.868015 31.148567 21.486479 12.202447 7.084822 16.570049 20.399128 20.727247 16.789139 11.276321 7.351179 5.730383,
 3.418014 3.769882 4.041304 4.143743 4.076397 3.926676 3.804632 4.590716 5.571242 6.444981 6.834660 6.574539 5.896268 5.177953 6.704941 8.998475 11.162340 12.122675 11.326864 9.345479 7.233217 8.078847 11.149909 14.110777 15.404034 14.110777 11.149908 8.078847 7.233217 9.345479 11.326864 12.122675 11.162338 8.998475 6.704941 5.177953 5.896269 6.574538 6.834660 6.444981 5.571241 4.590716 3.804632 3.926676 4.076398 4.143743 4.041303 3.769881 3.418014,
 4.715422 5.870553 6.166552 5.376790 4.294864 3.557971 3.248390 5.629076 8.006182 9.492807 8.632812 6.378299 4.580829 3.811374 6.026972 9.346176 12.712270 12.994857 9.908168 6.469357 4.683911 5.584647 8.599328 12.952954 15.236313 12.952954 8.599328 5.584647 4.683911 6.469357 9.908168 12.994857 12.712268 9.346175 6.026972 3.811373 4.580829 6.378299 8.632814 9.492805 8.006182 5.629076 3.248391 3.557971 4.294865 5.376790 6.166552 5.870552 4.715422,
 3.928135 4.919614 6.626029 7.573467 6.366779 4.365327 3.310890 4.141248 5.860360 8.988732 10.771455 8.719610 5.417450 3.772650 4.379147 6.702996 11.158526 13.822496 10.980366 6.448756 4.206717 4.436645 6.971982 12.009185 15.143392 12.009185 6.971982 4.436645 4.206717 6.448757 10.980366 13.822496 11.158525 6.702995 4.379147 3.772650 5.417450 8.719610 10.771455 8.988730 5.860360 4.141248 3.310890 4.365327 6.366780 7.573467 6.626029 4.919613 3.928134,
 3.219554 3.490369 4.248599 5.367569 6.041684 5.681066 4.862628 3.631830 4.516818 6.378002 8.624971 9.434778 8.101111 6.143628 4.595464 6.576956 10.027696 13.071444 12.834608 9.722070 6.629807 5.871574 8.949003 13.173121 15.385103 13.173121 8.949003 5.871574 6.629808 9.722070 12.834608 13.071444 10.027696 6.576956 4.595464 6.143628 8.101110 9.434778 8.624971 6.378001 4.516818 3.631830 4.862629 5.681066 6.041684 5.367569 4.248599 3.490370 3.219553,

Pairwise cross-correlations of the modulus of all oriented sub-bands at the same scale (size QxQ)
 56.765366 52.520695 45.572842 51.663128,
 52.520695 59.894829 53.423439 49.337734,
 45.572842 53.423439 58.181122 52.321602,
 51.663128 49.337734 52.321602 57.802223,
 54.344555 50.712467 47.330372 50.512516,
 50.712467 54.810562 50.835373 47.884060,
 47.330372 50.835373 55.081867 50.958229,
 50.512516 47.884060 50.958229 54.631245,

Cross-correlations of the modulus of all oriented sub-bands with all oriented sub-bands at the coarser scale (size QxQ)
 50.102467 47.037479 43.922955 47.095516,
 48.905243 52.711300 49.555195 46.496387,
 44.288033 48.000355 51.439091 47.765045,
 47.992245 45.284370 48.201740 51.353268,
 22.891335 22.150301 20.683952 22.203211,
 22.044298 23.296223 22.068377 21.343731,
 20.989109 22.432583 23.075823 22.218712,
 22.014730 21.129866 22.037224 23.208733,

Cross-correlations of the real part of each oriented sub-band with both the real and imaginary part of all phase-doubled oriented sub-bands at the next coarser scale (Q matrices of size 1x2Q, which are computed and stored in a matrix of size Qx2Q)
 -22.410477 -10.129169 -0.736935 -9.945633 0.001928 0.008397 -0.006708 -0.002412,
 -9.702142 -23.715092 -9.848859 -0.749658 0.009962 0.016627 0.002844 -0.007713,
 -0.719498 -10.206504 -22.777706 -10.034863 -0.002480 0.007773 -0.006881 0.009178,
 -9.556746 -0.755432 -9.741560 -23.382549 -0.012089 0.006240 -0.014443 0.029152,
 -12.490371 -5.232032 -0.462998 -5.429857 -0.054229 0.022563 0.005491 -0.061631,
 -5.387558 -12.307070 -5.730243 -0.437278 0.013139 -0.039999 0.083973 0.001898,
 -0.495507 -5.633978 -12.523053 -5.223470 0.038691 -0.056622 0.224676 0.165608,
 -5.556397 -0.477178 -5.242469 -12.308693 0.046747 -0.004408 0.127243 0.126663,
