Low-band skewness and kurtosis
 -11.322452 144.570404,
 -7.000742 58.329330,
 -3.988418 22.221436,
 -0.084378 8.102391,

High-band variance
 17.664473,

Skewness, kurtosis, variance, mean, maximum and minimum of the reconstructed texture
 -11.419495 137.831650 329.550568 253.290039 255.000000 0.000000,

Auto-correlations of the low-frequency bands at each scale
 10.329329 7.627768 6.610487 6.530814 4.401366 2.895372 3.587032 2.091775 18.018755 58.210629 82.151123 58.447369 18.150900 1.008162 0.286578 55.777035 165.495560 227.071075 167.470383 58.972240 2.973000 3.759410 81.790764 227.385620 307.013794 227.385620 81.790771 3.759409 2.973000 58.972229 167.470383 227.071091 165.495560 55.777035 0.286578 1.008163 18.150898 58.447369 82.151123 58.210625 18.018755 2.091775 3.587033 2.895372 4.401367 6.530814 6.610487 7.627769 10.329328,
 6.165131 4.250405 -1.993494 -2.764809 1.071337 8.084368 11.409041 6.298943 -2.906756 0.594981 8.905478 -0.701903 -4.933961 4.998293 -2.098794 -0.497272 57.094940 101.333290 54.315056 -5.144543 -7.020239 -9.519408 3.951380 99.514725 168.324783 99.514725 3.951380 -9.519410 -7.020239 -5.144542 54.315056 101.333298 57.094952 -0.497272 -2.098793 4.998293 -4.933960 -0.701904 8.905478 0.594982 -2.906756 6.298943 11.409041 8.084368 1.071336 -2.764809 -1.993493 4.250404 6.165131,
 3.233396 4.170723 4.688095 4.055051 3.119763 3.323139 2.609738 1.517120 -1.966755 2.197518 6.725015 2.008850 -1.699377 -0.259466 0.639001 -2.643980 17.140903 34.200169 17.829546 -2.205674 -1.814681 -0.071397 0.451347 31.525280 55.887878 31.525280 0.451347 -0.071397 -1.814681 -2.205673 17.829546 34.200169 17.140900 -2.643980 0.639001 -0.259466 -1.699377 2.008851 6.725015 2.197517 -1.966755 1.517120 2.609738 3.323138 3.119763 4.055051 4.688094 4.170723 3.233396,
 1.230428 1.011723 0.602280 0.003877 -0.267148 0.229876 0.725059 0.864342 0.410980 1.027046 1.374921 0.137825 -0.188063 0.803152 0.085984 0.030926 3.523292 6.134994 2.975550 -0.276119 0.169029 -0.286434 -0.045467 5.199423 9.337632 5.199423 -0.045467 -0.286434 0.169029 -0.276119 2.975550 6.134994 3.523293 0.030926 0.085984 0.803152 -0.188063 0.137825 1.374921 1.027046 0.410981 0.864342 0.725059 0.229876 -0.267148 0.003877 0.602280 1.011723 1.230428,

Auto-correlations of the modulus of each oriented sub-band
 15.808721 17.314495 18.263559 18.508448 17.998785 16.834274 15.195866 25.013494 28.824934 31.461676 32.336430 31.218513 28.381390 24.431551 34.985229 41.641052 46.399841 48.094391 46.256088 41.391178 34.667412 39.395691 47.425213 53.249657 55.399929 53.249657 47.425217 39.395691 34.667412 41.391178 46.256084 48.094391 46.399837 41.641060 34.985229 24.431551 28.381386 31.218517 32.336433 31.461672 28.824930 25.013494 15.195868 16.834276 17.998785 18.508448 18.263559 17.314499 15.808721,
 30.591131 35.331676 35.337524 30.396200 22.742493 15.355524 10.086404 34.915981 43.726452 47.299656 43.661377 34.456760 23.707901 14.940038 34.615437 46.979351 55.195290 55.210262 46.863834 34.145924 22.035477 29.578695 43.227089 55.089211 59.884029 55.089211 43.227093 29.578695 22.035477 34.145924 46.863834 55.210262 55.195286 46.979355 34.615437 14.940038 23.707895 34.456760 43.661377 47.299656 43.726463 34.915981 10.086404 15.355522 22.742493 30.396200 35.337517 35.331680 30.591131,
 16.405426 26.121744 36.223766 40.631874 36.047398 25.701330 15.828551 17.749325 29.924791 42.917416 48.667282 42.738609 29.516617 17.196808 18.555050 32.559299 47.741871 54.541584 47.625683 32.303585 18.216240 18.711283 33.421814 49.475880 56.721313 49.475880 33.421814 18.711283 18.216240 32.303581 47.625683 54.541584 47.741871 32.559303 18.555050 17.196808 29.516617 42.738613 48.667282 42.917416 29.924795 17.749325 15.828553 25.701324 36.047398 40.631874 36.223766 26.121748 16.405426,
 10.478495 15.506959 22.468836 29.627226 34.092812 33.831848 29.208790 15.044063 23.314762 33.452385 42.085510 45.311947 41.690216 33.240829 21.595465 33.046326 45.103874 52.974556 52.783779 44.833096 33.069717 28.514351 41.457310 52.772797 57.377224 52.772797 41.457314 28.514351 33.069717 44.833088 52.783783 52.974556 45.103874 33.046326 21.595465 33.240833 41.690216 45.311947 42.085510 33.452385 23.314764 15.044063 29.208790 33.831844 34.092812 29.627226 22.468836 15.506961 10.478496,
 9.322868 11.125592 12.694144 13.529181 13.321609 12.162531 10.371347 15.530981 20.182875 24.281906 26.145662 24.862362 21.054331 16.233944 24.414576 33.387451 41.180107 44.449760 41.499359 33.795151 24.591663 28.875832 40.248333 50.024250 53.970844 50.024250 40.248337 28.875832 24.591667 33.795147 41.499359 44.449764 41.180107 33.387451 24.414572 16.233946 21.054331 24.862362 26.145662 24.281906 20.182875 15.530981 10.371348 12.162531 13.321609 13.529181 12.694146 11.125592 9.322867,
 16.826921 21.933849 23.150896 19.846481 14.605790 10.299636 7.658894 20.749817 30.550606 35.789589 32.739544 23.886511 15.081453 9.690130 21.647089 35.484734 46.764793 47.576923 37.354614 23.533518 13.468668 18.417271 32.381485 47.644527 54.514145 47.644535 32.381485 18.417269 13.468668 23.533514 37.354614 47.576923 46.764793 35.484734 21.647089 9.690130 15.081451 23.886511 32.739544 35.789589 30.550610 20.749817 7.658895 10.299635 14.605792 19.846483 23.150896 21.933851 16.826921,
 9.391460 15.739300 24.207031 28.816280 24.843346 16.485758 10.185750 9.978317 19.242273 32.376244 39.562302 33.272346 20.300224 10.942359 10.657938 22.497217 39.622280 48.857861 40.274197 23.253403 11.311087 11.191041 24.119814 42.817081 52.641254 42.817081 24.119814 11.191041 11.311087 23.253401 40.274197 48.857857 39.622272 22.497217 10.657938 10.942360 20.300224 33.272346 39.562302 32.376244 19.242273 9.978317 10.185749 16.485758 24.843342 28.816280 24.207033 15.739302 9.391462,
 7.798834 10.818566 15.795277 21.646080 25.250731 24.056015 18.786671 9.781763 15.925222 25.572086 34.974552 38.128307 32.668961 22.439337 13.898614 24.746536 39.246082 49.765427 48.832695 37.202053 22.817062 19.182596 33.801212 49.515095 56.540436 49.515095 33.801212 19.182598 22.817062 37.202053 48.832691 49.765427 39.246082 24.746536 13.898613 22.439337 32.668957 38.128304 34.974552 25.572086 15.925223 9.781764 18.786671 24.056009 25.250731 21.646082 15.795278 10.818566 7.798833,
 5.020863 5.744216 6.171106 6.181533 5.815593 5.241912 4.631010 6.446518 7.923856 9.025783 9.252069 8.488212 7.123420 5.707750 8.514534 11.334107 13.742689 14.543560 13.256059 10.614391 7.823184 9.393343 13.009321 16.335791 17.747787 16.335791 13.009319 9.393343 7.823184 10.614393 13.256059 14.543560 13.742687 11.334108 8.514534 5.707750 7.123420 8.488212 9.252069 9.025782 7.923857 6.446517 4.631010 5.241912 5.815593 6.181533 6.171106 5.744216 5.020863,
 4.928353 6.205074 6.582595 5.664393 4.263139 3.269982 2.834719 6.017241 8.403682 9.896109 8.994127 6.536572 4.389837 3.308608 6.438065 9.804930 13.078864 13.338941 10.255579 6.601899 4.395869 5.743784 9.022062 13.361496 15.567796 13.361496 9.022062 5.743784 4.395868 6.601899 10.255579 13.338941 13.078862 9.804928 6.438065 3.308608 4.389836 6.536572 8.994126 9.896109 8.403682 6.017241 2.834719 3.269982 4.263139 5.664393 6.582595 6.205074 4.928353,
 3.250293 4.821190 6.744788 7.415299 6.090577 4.293055 3.294343 3.643163 5.831985 9.084302 10.600152 8.604645 5.440567 3.560568 4.002500 6.779484 11.269801 13.632285 10.996877 6.549294 3.891781 4.098137 7.103441 12.109332 14.951468 12.109332 7.103441 4.098137 3.891781 6.549294 10.996877 13.632285 11.269800 6.779484 4.002500 3.560568 5.440567 8.604645 10.600152 9.084302 5.831985 3.643163 3.294343 4.293055 6.090576 7.415298 6.744788 4.821190 3.250293,
 3.452272 3.889707 4.464082 5.257080 5.814775 5.474928 4.364580 3.760934 4.566295 6.236529 8.333366 9.107372 7.559405 5.131034 4.275117 6.121243 9.561802 12.676445 12.346071 8.864115 5.444398 4.995736 8.112662 12.594376 14.991019 12.594376 8.112662 4.995735 5.444398 8.864115 12.346069 12.676445 9.561802 6.121244 4.275117 5.131034 7.559405 9.107372 8.333366 6.236528 4.566295 3.760934 4.364580 5.474928 5.814775 5.257080 4.464083 3.889706 3.452271,

Pairwise cross-correlations of the modulus of all oriented sub-bands at the same scale (size QxQ)
 55.399918 51.805168 44.985447 50.989349,
 51.805168 59.884048 52.798473 49.601845,
 44.985447 52.798473 56.721306 51.455673,
 50.989349 49.601845 51.455673 57.377190,
 53.970856 49.191288 45.853718 50.514240,
 49.191288 54.514149 49.198112 47.206440,
 45.853718 49.198112 52.641251 50.106800,
 50.514240 47.206440 50.106800 56.540443,

Cross-correlations of the modulus of all oriented sub-bands with all oriented sub-bands at the coarser scale (size QxQ)
 49.859795 46.098896 42.579754 47.282459,
 48.873981 51.663296 48.031590 46.878628,
 43.767010 46.995907 49.503651 47.948635,
 48.028427 44.142487 46.630344 51.468845,
 24.872292 22.105785 20.716267 21.776899,
 23.330761 22.635725 21.573694 20.382095,
 21.725847 21.099670 21.899725 20.837570,
 23.822660 20.714861 21.494421 22.854786,

Cross-correlations of the real part of each oriented sub-band with both the real and imaginary part of all phase-doubled oriented sub-bands at the next coarser scale (Q matrices of size 1x2Q, which are computed and stored in a matrix of size Qx2Q)
 -21.031307 -9.450528 -0.870189 -9.664751 -0.107465 -0.190411 -0.013634 0.015393,
 -9.144299 -21.852797 -9.223710 -0.696894 -0.111081 -0.509459 -0.007142 -0.017183,
 -0.787831 -9.272540 -20.796644 -9.295911 -0.017932 -0.166183 -0.013911 -0.033691,
 -9.312473 -0.766479 -9.022706 -22.243763 -0.023098 0.015851 -0.023052 0.026936,
 -12.434265 -5.472031 -0.439259 -5.454122 0.000398 -0.055234 0.049507 -0.029186,
 -5.546480 -11.941760 -4.700559 -0.486067 -0.036585 0.168376 0.084690 -0.050511,
 -0.512502 -5.040387 -10.864629 -5.092051 0.032998 0.160944 0.105259 0.263396,
 -5.415709 -0.533139 -4.824893 -12.019323 0.161509 -0.014210 0.127948 0.507037,
