Low-band skewness and kurtosis
 -11.370757 145.753036,
 -7.036609 58.978439,
 -4.319150 26.598743,
 0.390795 9.069296,

High-band variance
 17.536047,

Skewness, kurtosis, variance, mean, maximum and minimum of the reconstructed texture
 -11.439358 138.219009 329.135101 253.295868 255.000000 0.000000,

Auto-correlations of the low-frequency bands at each scale
 4.359693 2.425848 4.967221 10.380245 11.612396 11.409719 14.188989 1.425897 15.899605 57.410774 84.411652 61.826160 21.976673 8.050817 3.004617 56.121990 165.571198 227.773254 167.435532 58.661034 5.499525 5.701630 81.208679 226.676849 306.842804 226.676819 81.208687 5.701630 5.499525 58.661030 167.435532 227.773254 165.571167 56.121994 3.004617 8.050817 21.976671 61.826160 84.411652 57.410774 15.899605 1.425896 14.188989 11.409716 11.612396 10.380245 4.967222 2.425850 4.359692,
 8.794266 3.978293 -1.262354 0.561676 5.208819 9.134046 7.816435 0.813826 -9.554152 -0.974113 14.734780 8.875537 2.686032 8.111625 -7.448703 -4.983009 54.376835 102.860542 61.692719 5.057494 -0.448243 -8.168588 8.113485 100.439537 166.630966 100.439560 8.113486 -8.168588 -0.448243 5.057494 61.692711 102.860558 54.376846 -4.983009 -7.448703 8.111625 2.686032 8.875536 14.734782 -0.974113 -9.554153 0.813825 7.816435 9.134046 5.208819 0.561676 -1.262355 3.978294 8.794266,
 8.060508 7.692169 4.151717 2.201640 2.791862 3.946042 3.767967 7.329580 1.960527 1.274850 5.476668 3.001184 0.118130 3.190779 3.001711 -2.260306 16.666641 36.296864 20.765968 -0.702535 1.128823 0.588838 -0.424951 32.983181 59.547089 32.983181 -0.424951 0.588838 1.128823 -0.702535 20.765968 36.296860 16.666641 -2.260307 3.001711 3.190779 0.118129 3.001184 5.476668 1.274850 1.960527 7.329580 3.767968 3.946043 2.791861 2.201640 4.151717 7.692169 8.060508,
 1.270180 0.923280 0.261899 0.221584 0.714681 1.290542 1.232001 1.151767 0.135607 -0.193249 0.668832 0.972796 0.842022 0.817452 1.312789 1.077693 3.419861 5.907838 4.222889 1.433312 0.885236 1.392103 2.269412 6.726417 9.998123 6.726417 2.269412 1.392103 0.885236 1.433312 4.222889 5.907838 3.419860 1.077693 1.312789 0.817452 0.842022 0.972796 0.668832 -0.193249 0.135607 1.151767 1.232001 1.290542 0.714681 0.221584 0.261899 0.923280 1.270179,

Auto-correlations of the modulus of each oriented sub-band
 15.578740 17.585474 19.154684 20.066185 20.196402 19.571251 18.311823 25.297646 29.606308 32.778957 34.182091 33.545300 31.100187 27.408573 36.072075 43.112930 48.200855 50.163383 48.522156 43.778221 37.071316 41.186829 49.433224 55.374893 57.563934 55.374893 49.433228 41.186825 37.071316 43.778214 48.522163 50.163383 48.200851 43.112938 36.072071 27.408573 31.100183 33.545300 34.182087 32.778957 29.606306 25.297647 18.311827 19.571249 20.196404 20.066185 19.154684 17.585476 15.578737,
 30.515297 35.208508 35.448673 31.151489 24.488905 18.204927 13.783597 34.915043 43.417706 46.856678 43.497761 35.078148 25.439758 17.743580 34.954525 46.792152 54.629749 54.595425 46.715782 34.895424 23.804056 30.498854 43.357113 54.613693 59.178745 54.613689 43.357113 30.498854 23.804056 34.895420 46.715782 54.595425 54.629745 46.792156 34.954521 17.743580 25.439756 35.078152 43.497761 46.856686 43.417706 34.915035 13.783599 18.204924 24.488911 31.151495 35.448673 35.208511 30.515301,
 15.506321 25.492336 36.335693 41.441082 37.266174 27.421986 18.137606 17.180723 29.424990 42.972008 49.282238 43.632141 30.880476 19.235655 18.590744 32.392197 47.840343 55.007557 48.181068 33.178410 19.723557 19.499311 33.749969 49.748863 57.133461 49.748863 33.749973 19.499311 19.723557 33.178410 48.181072 55.007557 47.840343 32.392197 18.590740 19.235655 30.880470 43.632133 49.282238 42.972008 29.424986 17.180723 18.137606 27.421986 37.266174 41.441086 36.335693 25.492336 15.506318,
 10.536103 16.152813 23.661314 31.246212 36.094345 36.198399 31.783875 15.469995 24.285868 34.906349 43.937069 47.549889 44.228058 35.873260 22.600012 34.502785 46.942867 55.120796 55.167755 47.274372 35.383331 30.211748 43.475872 55.004173 59.674858 55.004173 43.475872 30.211748 35.383331 47.274372 55.167755 55.120796 46.942871 34.502785 22.600012 35.873260 44.228050 47.549885 43.937077 34.906349 24.285868 15.469995 31.783873 36.198399 36.094341 31.246212 23.661312 16.152811 10.536104,
 14.071003 15.225396 16.157276 16.445332 15.783055 14.271749 12.348427 17.998833 22.353157 26.136684 27.769484 26.438168 22.758562 18.236641 24.621178 33.498817 41.195377 44.364365 41.446323 34.022335 25.340734 28.453272 39.503788 49.129299 53.055332 49.129299 39.503792 28.453272 25.340736 34.022331 41.446327 44.364365 41.195381 33.498817 24.621176 18.236641 22.758556 26.438168 27.769484 26.136684 22.353157 17.998833 12.348430 14.271748 15.783055 16.445332 16.157280 15.225399 14.071000,
 20.460901 24.543608 25.604158 22.795641 18.094862 13.767962 10.537906 23.503069 32.280365 37.371048 34.941166 26.945192 18.560585 12.716549 23.749823 36.526245 47.361206 48.529007 39.064011 26.085014 16.204784 20.619205 33.762138 48.212856 54.859234 48.212856 33.762142 20.619207 16.204784 26.085014 39.064011 48.529007 47.361210 36.526249 23.749823 12.716549 18.560585 26.945189 34.941162 37.371048 32.280365 23.503069 10.537907 13.767962 18.094860 22.795641 25.604162 24.543613 20.460899,
 11.498622 17.053118 24.886953 28.816521 25.089848 17.375013 11.021934 11.766146 20.398748 32.689030 38.735989 32.503094 20.603497 11.778785 12.037784 23.186098 39.298809 47.430050 39.001835 23.248896 12.194217 12.240671 24.291508 41.787743 51.000805 41.787746 24.291512 12.240671 12.194217 23.248892 39.001835 47.430050 39.298813 23.186098 12.037782 11.778785 20.603497 32.503094 38.735989 32.689030 20.398750 11.766148 11.021935 17.375013 25.089846 28.816517 24.886955 17.053118 11.498622,
 8.845780 10.187448 13.845542 18.884111 22.230423 21.312138 16.997198 9.110120 13.622909 21.830442 30.394180 33.601032 29.159050 20.698528 11.990449 21.211336 34.167267 43.992535 43.538017 33.449760 21.056868 17.135298 29.960440 44.063816 50.494812 44.063816 29.960440 17.135298 21.056868 33.449760 43.538010 43.992531 34.167267 21.211336 11.990450 20.698528 29.159050 33.601028 30.394180 21.830442 13.622910 9.110119 16.997198 21.312134 22.230423 18.884113 13.845542 10.187449 8.845780,
 6.776448 7.300714 7.534020 7.368724 6.868956 6.310447 5.996083 7.971489 9.378487 10.491894 10.778541 10.073016 8.837403 7.736335 10.047239 12.825697 15.367311 16.406288 15.310102 12.806153 10.200914 11.413932 14.947841 18.308760 19.757713 18.308760 14.947841 11.413932 10.200914 12.806153 15.310102 16.406290 15.367311 12.825695 10.047239 7.736335 8.837402 10.073016 10.778541 10.491893 9.378487 7.971489 5.996083 6.310447 6.868956 7.368724 7.534020 7.300713 6.776448,
 8.292729 9.497376 9.667332 8.493553 6.854910 5.722743 5.320523 9.679417 12.401910 13.892188 12.726525 9.861094 7.422349 6.325690 10.034819 14.053068 17.632248 17.782129 14.259825 10.076469 7.558817 9.052173 12.978778 17.873178 20.298206 17.873180 12.978778 9.052173 7.558816 10.076469 14.259824 17.782129 17.632248 14.053068 10.034819 6.325689 7.422348 9.861094 12.726523 13.892188 12.401911 9.679417 5.320523 5.722742 6.854910 8.493551 9.667332 9.497376 8.292729,
 5.480981 6.410199 7.835113 8.575258 7.357650 5.299119 4.277267 5.873251 7.336763 9.924628 11.460616 9.567024 6.346728 4.821324 5.991554 7.921587 11.721222 14.087542 11.540067 7.328483 5.363327 5.799020 7.931987 12.406906 15.201156 12.406906 7.931987 5.799020 5.363327 7.328483 11.540067 14.087541 11.721224 7.921587 5.991554 4.821323 6.346728 9.567024 11.460616 9.924627 7.336763 5.873251 4.277267 5.299119 7.357650 8.575258 7.835114 6.410199 5.480981,
 5.672744 6.109257 6.391730 6.764219 7.013516 6.562856 5.481530 6.406263 7.092814 8.327497 9.866834 10.336878 8.901267 6.720865 6.892592 8.448716 11.319499 13.852557 13.490352 10.418546 7.391847 7.293264 9.998341 13.881105 15.907506 13.881105 9.998341 7.293264 7.391847 10.418546 13.490353 13.852557 11.319499 8.448716 6.892592 6.720865 8.901267 10.336878 9.866832 8.327497 7.092814 6.406263 5.481530 6.562857 7.013516 6.764219 6.391731 6.109257 5.672744,

Pairwise cross-correlations of the modulus of all oriented sub-bands at the same scale (size QxQ)
 57.563923 52.335548 45.888351 53.067909,
 52.335548 59.178738 52.226379 50.470882,
 45.888351 52.226379 57.133465 52.964001,
 53.067909 50.470882 52.964001 59.674843,
 53.055332 49.583740 44.271790 47.048439,
 49.583740 54.859226 48.024960 44.351315,
 44.271790 48.024960 51.000801 46.118362,
 47.048439 44.351315 46.118362 50.494804,

Cross-correlations of the modulus of all oriented sub-bands with all oriented sub-bands at the coarser scale (size QxQ)
 49.333733 46.729313 42.618046 45.189835,
 47.596111 51.227428 47.196278 43.679615,
 43.130852 46.654366 48.124809 44.599884,
 47.577995 45.711460 46.781689 48.870922,
 26.104322 25.037283 20.698507 22.090994,
 25.211962 26.627388 22.125074 20.879057,
 22.620296 23.724545 22.048288 20.995150,
 23.258633 22.378569 20.880306 21.997904,

Cross-correlations of the real part of each oriented sub-band with both the real and imaginary part of all phase-doubled oriented sub-bands at the next coarser scale (Q matrices of size 1x2Q, which are computed and stored in a matrix of size Qx2Q)
 -20.319752 -9.889722 -0.738973 -8.555034 0.313013 -0.055270 -0.038113 0.085554,
 -9.350964 -22.422199 -8.795935 -0.662026 0.125707 -0.081509 0.055100 -0.054480,
 -0.789139 -9.552950 -19.518244 -8.498535 -0.042214 0.063876 0.034555 -0.009927,
 -8.535144 -0.775442 -8.272331 -19.867310 0.027960 0.020999 -0.079350 0.211534,
 -12.796756 -6.030940 -0.480566 -4.796974 0.023434 -0.175167 0.017225 0.292214,
 -6.073001 -12.716023 -4.490204 -0.440131 -0.057962 -0.169762 0.210813 0.009231,
 -0.536211 -5.089105 -9.227406 -4.200244 -0.036985 0.051544 0.456564 0.226328,
 -5.227089 -0.480502 -3.985748 -10.178427 0.007199 0.007650 0.145001 0.696918,
