Low-band skewness and kurtosis
 -11.518073 149.312439,
 -7.412556 65.909546,
 -4.786653 30.597847,
 0.904087 8.598755,

High-band variance
 16.954348,

Skewness, kurtosis, variance, mean, maximum and minimum of the reconstructed texture
 -11.583761 141.748154 323.526154 253.330383 255.000000 0.000000,

Auto-correlations of the low-frequency bands at each scale
 15.748518 7.896064 8.322769 12.833901 12.576607 11.441749 13.161331 12.960569 21.644629 59.935585 86.488876 64.705399 24.916824 9.700600 12.988437 60.773010 164.986908 225.478317 167.814316 62.200489 10.380974 13.496427 84.958275 224.801468 301.959320 224.801468 84.958282 13.496427 10.380974 62.200485 167.814331 225.478317 164.986877 60.773018 12.988435 9.700600 24.916824 64.705399 86.488876 59.935585 21.644629 12.960569 13.161332 11.441745 12.576607 12.833904 8.322772 7.896064 15.748518,
 21.250563 20.359449 10.971725 4.256071 5.001046 10.337419 14.786953 17.677595 7.440446 7.027053 13.609896 3.953870 -2.813805 7.030083 10.115191 11.390895 60.413506 101.683693 60.880180 7.466525 5.234869 7.509331 21.363649 105.145180 166.697922 105.145180 21.363649 7.509331 5.234869 7.466525 60.880180 101.683693 60.413506 11.390897 10.115190 7.030083 -2.813805 3.953870 13.609896 7.027052 7.440445 17.677595 14.786953 10.337419 5.001046 4.256071 10.971727 20.359446 21.250561,
 17.376358 15.605935 11.019333 8.936316 7.935626 9.006486 9.816025 18.145657 13.376003 11.165186 12.062366 8.096472 7.838073 11.675753 13.918377 12.163977 27.269184 40.006897 24.593212 8.691153 10.113940 9.602913 11.705914 39.304047 61.181835 39.304047 11.705914 9.602911 10.113942 8.691153 24.593208 40.006897 27.269180 12.163975 13.918374 11.675753 7.838073 8.096473 12.062366 11.165183 13.376001 18.145653 9.816026 9.006488 7.935627 8.936314 11.019333 15.605933 17.376358,
 0.487864 1.051268 1.743847 2.261517 2.517883 3.035815 3.802675 2.142328 2.420857 3.024328 3.470150 3.319525 3.672508 4.736222 2.908129 4.004440 6.570243 8.189980 6.601888 4.588549 4.595158 3.665931 5.095846 9.102057 11.677916 9.102057 5.095846 3.665931 4.595158 4.588549 6.601889 8.189981 6.570243 4.004440 2.908129 4.736222 3.672508 3.319524 3.470150 3.024328 2.420857 2.142328 3.802674 3.035815 2.517883 2.261517 1.743848 1.051268 0.487864,

Auto-correlations of the modulus of each oriented sub-band
 20.568886 21.628592 22.246391 22.276880 21.675371 20.551767 19.103004 29.014450 32.394054 34.752495 35.499996 34.412277 31.791059 28.267632 38.292465 44.369576 48.786339 50.371521 48.635456 44.132366 38.054115 42.435352 49.750874 55.160007 57.189629 55.160007 49.750874 42.435352 38.054115 44.132366 48.635460 50.371521 48.786339 44.369579 38.292458 28.267632 31.791056 34.412277 35.499996 34.752495 32.394054 29.014450 19.103004 20.551764 21.675369 22.276880 22.246391 21.628593 20.568886,
 33.545891 36.943760 36.564785 32.301983 26.112095 20.434484 16.526312 37.646236 44.606407 47.305416 44.013794 36.284668 27.642044 20.886433 37.730534 47.863068 54.720295 54.604584 47.393158 36.785271 27.062889 33.544834 44.761894 54.824535 58.979584 54.824528 44.761894 33.544827 27.062893 36.785271 47.393150 54.604580 54.720291 47.863068 37.730534 20.886433 27.642044 36.284668 44.013798 47.305405 44.606419 37.646240 16.526314 20.434484 26.112101 32.301983 36.564785 36.943764 33.545891,
 19.958771 27.118267 35.574062 39.572556 35.602211 26.748594 18.829548 20.985073 30.312529 41.440887 46.709629 41.486458 30.077303 20.172993 21.621634 32.628830 45.821548 52.073772 45.852474 32.517277 21.201431 21.715164 33.453682 47.481361 54.112656 47.481361 33.453682 21.715164 21.201431 32.517273 45.852474 52.073772 45.821548 32.628830 21.621635 20.172989 30.077297 41.486462 46.709629 41.440880 30.312531 20.985073 18.829548 26.748594 35.602215 39.572559 35.574062 27.118267 19.958767,
 16.818138 20.024752 25.127470 30.927898 34.972557 35.185646 31.552193 20.315594 26.425783 34.620243 42.125515 45.358780 42.620625 35.590298 25.810261 35.002174 45.310928 52.433838 52.587685 45.791153 35.787746 31.853359 42.721767 52.627132 56.743034 52.627132 42.721767 31.853359 35.787750 45.791149 52.587685 52.433834 45.310928 35.002182 25.810261 35.590298 42.620625 45.358780 42.125507 34.620243 26.425783 20.315592 31.552195 35.185646 34.972557 30.927900 25.127472 20.024754 16.818138,
 21.271488 21.349892 21.280334 20.845743 19.977764 18.898191 17.952032 23.918089 26.290792 28.370079 29.006054 27.631447 24.836908 21.818659 28.363813 34.735374 40.569332 43.029140 40.575199 34.532215 27.772036 30.917177 39.655495 47.653027 51.037312 47.653027 39.655495 30.917173 27.772034 34.532215 40.575199 43.029140 40.569336 34.735374 28.363813 21.818661 24.836906 27.631447 29.006054 28.370079 26.290792 23.918083 17.952034 18.898191 19.977762 20.845743 21.280336 21.349892 21.271488,
 27.114367 29.886272 29.871799 26.032612 21.085808 17.679417 16.102097 29.353542 35.957935 39.593788 36.151546 28.029364 20.973742 17.291679 28.446928 38.474796 47.557083 47.941845 38.558937 27.347340 20.081432 24.509539 34.766392 47.299927 53.573872 47.299927 34.766392 24.509539 20.081434 27.347340 38.558929 47.941845 47.557083 38.474796 28.446922 17.291679 20.973740 28.029362 36.151546 39.593788 35.957943 29.353542 16.102100 17.679417 21.085808 26.032612 29.871799 29.886276 27.114367,
 21.676779 26.193903 32.314541 35.385368 32.118832 25.531839 20.646820 22.922754 29.654228 39.319019 44.404129 39.187263 29.015619 21.941061 23.602087 32.430935 45.457260 52.471523 45.415844 32.057194 23.010963 23.623947 33.408054 47.968994 55.834896 47.968994 33.408054 23.623945 23.010963 32.057194 45.415833 52.471516 45.457264 32.430935 23.602087 21.941063 29.015619 39.187260 44.404129 39.319023 29.654228 22.922754 20.646822 25.531839 32.118828 35.385368 32.314548 26.193903 21.676777,
 18.656197 20.238237 22.619783 25.593376 27.637062 26.924309 24.246281 19.802998 23.356533 29.025839 35.071163 37.076698 33.210838 27.018911 22.035011 28.912823 38.812660 46.642029 45.666916 36.969559 27.525229 25.222580 34.916313 46.516140 52.236927 46.516140 34.916313 25.222580 27.525230 36.969559 45.666916 46.642033 38.812664 28.912819 22.035013 27.018911 33.210835 37.076691 35.071163 29.025843 23.356537 19.802994 24.246281 26.924309 27.637062 25.593376 22.619783 20.238237 18.656197,
 9.246667 9.457163 9.552991 9.418790 8.969283 8.246641 7.386203 9.940697 10.578109 11.153707 11.294071 10.768167 9.759025 8.634677 10.798582 12.474475 14.113559 14.768176 13.881789 12.001962 10.074353 11.023911 13.455599 15.911761 17.016062 15.911761 13.455599 11.023911 10.074353 12.001963 13.881787 14.768175 14.113557 12.474475 10.798582 8.634677 9.759024 10.768164 11.294071 11.153706 10.578109 9.940696 7.386203 8.246641 8.969283 9.418790 9.552990 9.457162 9.246665,
 9.826524 10.433698 10.347134 9.396396 8.129807 7.062646 6.263295 10.296488 11.924769 12.713625 11.778438 9.770075 7.965183 6.835458 10.027443 12.637591 14.937317 14.904660 12.407044 9.554255 7.700853 8.919229 11.567225 14.888993 16.592169 14.888993 11.567225 8.919230 7.700853 9.554255 12.407046 14.904661 14.937317 12.637591 10.027444 6.835458 7.965183 9.770074 11.778439 12.713624 11.924768 10.296487 6.263295 7.062646 8.129807 9.396398 10.347134 10.433697 9.826524,
 8.953548 9.315392 10.105190 10.522191 9.757435 8.115259 6.648949 8.996445 9.838117 11.732953 12.825803 11.365097 8.914458 7.319574 8.847197 10.206105 13.279762 15.247385 13.055141 9.718911 7.967072 8.498178 10.212498 13.886751 16.374704 13.886751 10.212498 8.498178 7.967072 9.718912 13.055141 15.247385 13.279762 10.206105 8.847197 7.319574 8.914460 11.365097 12.825802 11.732953 9.838116 8.996443 6.648949 8.115260 9.757436 10.522191 10.105189 9.315392 8.953548,
 10.528727 10.959365 11.114448 11.149875 10.883421 9.986433 8.713141 11.006136 11.846907 12.773276 13.633867 13.514468 11.914936 9.847842 11.005778 12.668727 15.070800 16.990900 16.355139 13.406818 10.525659 10.784037 13.450105 16.963367 18.814816 16.963366 13.450105 10.784037 10.525659 13.406818 16.355139 16.990900 15.070799 12.668725 11.005778 9.847841 11.914936 13.514467 13.633867 12.773276 11.846906 11.006134 8.713141 9.986435 10.883420 11.149873 11.114448 10.959364 10.528725,

Pairwise cross-correlations of the modulus of all oriented sub-bands at the same scale (size QxQ)
 57.189602 52.889172 45.172081 51.493690,
 52.889172 58.979572 51.014057 49.533394,
 45.172081 51.014057 54.112659 49.940033,
 51.493690 49.533394 49.940033 56.743038,
 51.037304 47.035160 44.987385 46.537773,
 47.035160 53.573872 48.563927 43.916191,
 44.987385 48.563927 55.834896 49.074245,
 46.537773 43.916191 49.074245 52.236927,

Cross-correlations of the modulus of all oriented sub-bands with all oriented sub-bands at the coarser scale (size QxQ)
 47.582527 45.265560 44.158642 45.103870,
 46.288765 49.057240 48.312607 44.982227,
 40.860294 44.078045 48.191643 44.570477,
 44.757908 42.980335 47.065376 48.081001,
 23.695137 21.657949 20.640442 23.211533,
 23.409569 21.997387 21.058899 23.426573,
 23.279152 22.302633 22.739206 24.252386,
 23.223795 21.385519 21.996639 24.682722,

Cross-correlations of the real part of each oriented sub-band with both the real and imaginary part of all phase-doubled oriented sub-bands at the next coarser scale (Q matrices of size 1x2Q, which are computed and stored in a matrix of size Qx2Q)
 -17.911251 -8.567410 -0.806099 -8.103385 -0.101123 0.033005 0.032895 -0.103700,
 -8.031362 -19.597956 -8.098990 -0.795724 -0.119258 0.233153 -0.072201 -0.018434,
 -0.815538 -8.487613 -18.606108 -8.627432 0.029859 0.006407 -0.138142 -0.026215,
 -7.864587 -0.849945 -8.363138 -18.930361 0.072454 -0.043044 0.058066 -0.150626,
 -8.293668 -3.569185 -0.430811 -3.993056 0.116519 -0.076926 0.101713 0.139820,
 -3.502352 -6.876578 -3.345279 -0.461399 0.050331 -0.062057 -0.141734 -0.014486,
 -0.463275 -2.800562 -8.645209 -4.142795 0.005286 -0.094650 0.141923 0.288624,
 -4.042349 -0.448869 -4.354765 -9.112634 0.095883 -0.039934 0.443099 0.580630,
