Low-band skewness and kurtosis
 -11.302106 144.264175,
 -6.741669 53.641590,
 -3.524418 16.883833,
 -0.352534 6.517585,

High-band variance
 17.601610,

Skewness, kurtosis, variance, mean, maximum and minimum of the reconstructed texture
 -11.391068 137.174316 330.443970 253.283096 255.000000 0.000000,

Auto-correlations of the low-frequency bands at each scale
 5.662831 0.405124 -0.133260 0.223908 -4.003562 -6.072686 -1.322456 1.830234 14.484962 54.490433 78.178543 51.018482 8.373716 -5.405602 0.486559 54.103546 164.849686 226.600952 163.045258 50.558922 -4.300883 -0.393819 77.215637 226.113892 308.047882 226.113892 77.215637 -0.393819 -4.300883 50.558918 163.045258 226.600952 164.849686 54.103546 0.486559 -5.405603 8.373716 51.018482 78.178543 54.490433 14.484962 1.830233 -1.322456 -6.072685 -4.003562 0.223909 -0.133260 0.405123 5.662831,
 10.825546 5.270218 -4.191501 -7.419888 -2.538287 7.336477 10.829200 6.914973 -5.138609 -3.042876 3.968955 -5.940683 -8.439524 4.041406 -4.232171 -2.160825 54.049328 96.209854 48.763172 -8.093383 -7.389067 -10.830122 3.311516 96.644135 164.278717 96.644135 3.311516 -10.830122 -7.389068 -8.093384 48.763161 96.209854 54.049335 -2.160825 -4.232171 4.041406 -8.439524 -5.940683 3.968955 -3.042875 -5.138608 6.914972 10.829200 7.336477 -2.538286 -7.419888 -4.191502 5.270217 10.825543,
 2.292687 2.107975 -0.712304 -0.972839 2.200485 4.813567 4.337225 1.647686 -0.589902 -0.762566 0.852394 -1.150152 -0.891975 3.356837 -0.468182 -0.540289 16.350866 29.568258 14.216057 -2.699098 -0.379343 -2.023387 0.115088 29.331387 51.787251 29.331381 0.115088 -2.023387 -0.379343 -2.699098 14.216056 29.568262 16.350866 -0.540289 -0.468183 3.356837 -0.891975 -1.150152 0.852394 -0.762566 -0.589902 1.647686 4.337225 4.813567 2.200485 -0.972839 -0.712304 2.107975 2.292687,
 1.398668 0.530542 -0.432835 0.098725 0.947134 1.034068 1.033022 1.426555 0.349244 -0.265394 0.323462 0.186319 -0.113331 0.653983 1.058322 0.673240 2.452088 4.296186 2.276567 -0.211063 0.179708 0.470611 0.671461 4.373250 7.286206 4.373250 0.671460 0.470611 0.179708 -0.211063 2.276567 4.296186 2.452087 0.673240 1.058322 0.653983 -0.113331 0.186320 0.323462 -0.265394 0.349244 1.426555 1.033022 1.034068 0.947134 0.098725 -0.432835 0.530542 1.398668,

Auto-correlations of the modulus of each oriented sub-band
 15.987343 17.298473 18.060532 18.134905 17.480482 16.212051 14.528502 26.162487 30.200361 32.948563 33.790424 32.480583 29.315105 24.961622 36.903759 44.108326 49.205410 50.994644 48.979713 43.670074 36.291805 41.502949 50.213024 56.457016 58.745480 56.457005 50.213024 41.502941 36.291801 43.670067 48.979717 50.994644 49.205410 44.108334 36.903755 24.961622 29.315104 32.480587 33.790424 32.948563 30.200365 26.162483 14.528504 16.212049 17.480482 18.134905 18.060532 17.298477 15.987342,
 30.914558 35.159489 34.694946 29.329901 21.303352 13.734901 8.553187 35.477299 44.005741 47.235123 43.234097 33.614887 22.496819 13.565171 35.092644 47.462589 55.557228 55.385967 46.769394 33.684689 21.235334 29.543531 43.468201 55.484711 60.307640 55.484711 43.468201 29.543528 21.235334 33.684685 46.769402 55.385967 55.557228 47.462593 35.092640 13.565174 22.496819 33.614887 43.234093 47.235123 44.005745 35.477299 8.553188 13.734903 21.303352 29.329901 34.694946 35.159496 30.914557,
 15.156446 25.053782 35.864174 40.701965 35.671368 24.530245 14.343600 16.518526 29.067017 42.932755 49.197384 42.794144 28.628468 15.810518 17.336514 31.856258 48.011833 55.355766 47.943157 31.605497 16.923822 17.477793 32.784649 49.857216 57.629208 49.857216 32.784649 17.477795 16.923824 31.605492 47.943161 55.355762 48.011829 31.856264 17.336514 15.810517 28.628468 42.794144 49.197388 42.932755 29.067020 16.518524 14.343600 24.530241 35.671368 40.701965 35.864174 25.053783 15.156446,
 10.025987 15.081578 22.380375 30.069523 35.087593 35.169674 30.498930 14.844377 23.498041 34.272381 43.560432 47.274757 43.745159 34.915844 21.956907 34.122528 46.958084 55.386150 55.407677 47.157127 34.684486 29.596804 43.390697 55.357128 60.168060 55.357128 43.390697 29.596804 34.684486 47.157127 55.407677 55.386139 46.958084 34.122532 21.956903 34.915852 43.745152 47.274757 43.560429 34.272381 23.498045 14.844376 30.498928 35.169674 35.087593 30.069523 22.380375 15.081579 10.025986,
 10.209947 11.383850 12.172881 12.382781 11.935348 10.994300 9.848513 16.000195 20.255854 23.707241 24.965120 23.396570 19.732838 15.476860 23.630987 32.734913 40.464077 43.521557 40.320671 32.447426 23.317486 27.396627 39.110950 49.233677 53.334377 49.233677 39.110950 27.396626 23.317486 32.447430 40.320671 43.521557 40.464077 32.734913 23.630987 15.476861 19.732836 23.396566 24.965122 23.707239 20.255856 16.000195 9.848512 10.994300 11.935346 12.382781 12.172882 11.383851 10.209947,
 17.629333 21.518831 21.611225 17.549889 12.124639 8.292939 6.563372 21.625217 30.676119 35.070637 31.223970 21.803049 12.968016 8.068534 21.528896 35.146820 46.139713 46.533562 35.717056 21.578623 11.639694 17.108049 31.088375 46.546566 53.582096 46.546566 31.088375 17.108049 11.639695 21.578623 35.717056 46.533562 46.139721 35.146824 21.528896 8.068535 12.968014 21.803047 31.223970 35.070641 30.676123 21.625217 6.563372 8.292937 12.124638 17.549889 21.611225 21.518833 17.629333,
 9.411208 15.333344 23.713680 28.093279 24.016232 15.816635 9.747312 10.443756 19.604067 32.841026 39.765327 33.007202 19.770943 10.463555 11.135560 23.070694 40.489376 49.667751 40.581116 23.088522 11.065292 11.345507 24.414511 43.554096 53.634033 43.554096 24.414515 11.345506 11.065292 23.088522 40.581108 49.667751 40.489380 23.070694 11.135558 10.463557 19.770939 33.007198 39.765331 32.841026 19.604069 10.443756 9.747312 15.816635 24.016232 28.093279 23.713684 15.333344 9.411208,
 8.309859 10.201685 14.124933 19.737822 23.946142 23.657572 19.195906 10.280148 15.475935 24.613976 34.248341 38.030117 33.116730 23.287304 14.148526 24.593178 39.198303 50.170906 49.576317 37.980953 23.625065 19.597652 34.219322 50.222012 57.416306 50.222012 34.219322 19.597652 23.625067 37.980949 49.576313 50.170906 39.198307 24.593178 14.148526 23.287306 33.116730 38.030113 34.248341 24.613977 15.475933 10.280146 19.195908 23.657570 23.946142 19.737822 14.124935 10.201686 8.309857,
 3.354294 3.639523 3.981325 4.250308 4.377719 4.345284 4.143435 4.597008 5.558501 6.541549 7.048978 6.822923 6.058361 5.139101 6.450226 8.704410 10.947823 11.980144 11.152979 9.054962 6.803273 7.570287 10.639867 13.650084 14.969543 13.650084 10.639866 7.570287 6.803273 9.054962 11.152979 11.980145 10.947822 8.704410 6.450225 5.139101 6.058361 6.822922 7.048978 6.541549 5.558501 4.597008 4.143435 4.345283 4.377718 4.250308 3.981324 3.639523 3.354294,
 4.505444 5.566787 5.862463 5.266512 4.456213 4.007009 3.838686 5.300864 7.584962 9.020559 8.349091 6.323232 4.662601 3.958119 5.643767 8.931917 12.137788 12.499391 9.668849 6.327986 4.426328 5.180798 8.313526 12.503108 14.649286 12.503108 8.313526 5.180799 4.426328 6.327986 9.668848 12.499391 12.137788 8.931917 5.643767 3.958118 4.662601 6.323231 8.349091 9.020559 7.584962 5.300865 3.838686 4.007009 4.456213 5.266512 5.862461 5.566786 4.505444,
 2.861892 3.996950 5.922770 7.058096 6.158697 4.541589 3.881567 3.152891 5.073799 8.339766 10.244460 8.552606 5.438093 3.793625 3.435297 6.055089 10.568932 13.193117 10.704924 6.248926 3.740718 3.639095 6.523011 11.552407 14.448574 11.552407 6.523011 3.639095 3.740718 6.248926 10.704924 13.193117 10.568930 6.055089 3.435297 3.793625 5.438093 8.552606 10.244460 8.339766 5.073799 3.152891 3.881567 4.541589 6.158697 7.058096 5.922770 3.996950 2.861892,
 2.641619 3.303946 4.475263 5.907516 6.795711 6.584988 5.766346 3.373651 4.870427 7.343788 9.829075 10.490839 8.893058 6.632670 4.611982 7.334992 11.365742 14.451028 13.907221 10.397869 6.858190 6.020846 9.722102 14.355907 16.658180 14.355907 9.722102 6.020846 6.858190 10.397869 13.907221 14.451030 11.365744 7.334992 4.611982 6.632670 8.893058 10.490839 9.829075 7.343788 4.870427 3.373650 5.766346 6.584988 6.795712 5.907516 4.475263 3.303946 2.641619,

Pairwise cross-correlations of the modulus of all oriented sub-bands at the same scale (size QxQ)
 58.745487 53.898613 46.564602 53.955360,
 53.898613 60.307644 53.450237 51.026043,
 46.564602 53.450237 57.629211 53.249123,
 53.955360 51.026043 53.249123 60.168056,
 53.334377 49.485279 46.668171 51.104946,
 49.485279 53.582088 49.426041 48.016838,
 46.668171 49.426041 53.634029 51.371655,
 51.104946 48.016838 51.371655 57.416290,

Cross-correlations of the modulus of all oriented sub-bands with all oriented sub-bands at the coarser scale (size QxQ)
 50.797188 47.362129 44.624298 49.392406,
 48.350685 51.064682 48.677567 47.482422,
 43.775307 46.732857 50.365501 48.589478,
 48.904007 45.681557 49.210907 53.931801,
 22.605848 21.075573 19.853867 22.316442,
 21.342207 21.791870 20.593554 21.075174,
 20.543367 21.048822 21.794012 22.289845,
 22.300768 20.756311 21.840349 24.478783,

Cross-correlations of the real part of each oriented sub-band with both the real and imaginary part of all phase-doubled oriented sub-bands at the next coarser scale (Q matrices of size 1x2Q, which are computed and stored in a matrix of size Qx2Q)
 -22.142595 -9.672540 -0.788661 -10.191625 0.029256 0.041888 -0.004678 0.013147,
 -9.460418 -22.608055 -9.168861 -0.708218 0.024980 0.088748 0.010988 -0.000176,
 -0.793027 -9.597456 -21.682619 -10.379248 0.002605 0.021424 0.014935 -0.013783,
 -9.762284 -0.695649 -9.789035 -24.139408 0.005453 -0.003364 -0.011174 -0.001011,
 -11.674021 -4.979955 -0.629732 -5.551620 0.149600 -0.002113 -0.049338 -0.102194,
 -5.116767 -11.230145 -4.798957 -0.471391 0.027973 0.063177 0.066980 -0.004021,
 -0.625228 -4.790220 -11.070770 -5.527069 -0.018581 0.021746 0.236270 -0.079375,
 -5.507136 -0.437821 -5.395435 -12.784411 0.045899 -0.018073 0.028802 -0.233328,
