Low-band skewness and kurtosis
 -11.350085 145.361542,
 -6.921354 57.034237,
 -3.711959 19.090149,
 -0.075115 5.645572,

High-band variance
 17.600077,

Skewness, kurtosis, variance, mean, maximum and minimum of the reconstructed texture
 -11.445902 138.459320 328.418762 253.296890 255.000000 0.000000,

Auto-correlations of the low-frequency bands at each scale
 3.602254 -0.613700 0.782548 5.078676 4.552398 2.297268 2.719430 -0.606542 13.231551 54.925499 82.244637 59.181717 17.165033 -0.207579 -1.326067 52.925800 163.738464 226.876099 166.394089 55.494766 -0.856867 0.022186 77.885338 225.284424 306.048126 225.284424 77.885345 0.022186 -0.856867 55.494774 166.394089 226.876099 163.738449 52.925800 -1.326067 -0.207580 17.165030 59.181717 82.244637 54.925499 13.231554 -0.606542 2.719429 2.297268 4.552400 5.078676 0.782547 -0.613701 3.602254,
 5.404145 0.704169 -4.126990 -4.231788 -2.614773 1.338797 5.424652 0.460887 -11.334833 -4.305429 7.796499 -2.980953 -9.408583 4.092100 -6.906497 -6.212354 52.793568 99.604691 53.578613 -4.811253 -3.986571 -9.183209 3.786329 97.950745 166.387299 97.950745 3.786329 -9.183209 -3.986570 -4.811252 53.578602 99.604691 52.793568 -6.212356 -6.906497 4.092100 -9.408583 -2.980953 7.796499 -4.305430 -11.334835 0.460888 5.424653 1.338797 -2.614774 -4.231787 -4.126990 0.704169 5.404145,
 3.922847 4.257100 2.225739 1.518414 1.030206 2.020479 4.173009 1.500202 -2.759952 -1.768062 2.733207 0.266454 -0.295267 4.328351 -1.118297 -3.676698 14.277053 30.943945 16.338316 -0.652965 1.432522 -1.147526 -0.046265 29.501108 53.085239 29.501108 -0.046266 -1.147526 1.432522 -0.652964 16.338314 30.943945 14.277053 -3.676698 -1.118297 4.328350 -0.295267 0.266455 2.733207 -1.768062 -2.759952 1.500202 4.173009 2.020479 1.030206 1.518414 2.225739 4.257100 3.922847,
 1.875159 1.258508 0.440585 0.111166 0.038756 0.261362 0.696277 1.691764 0.898210 0.887883 1.143471 0.222644 -0.029417 0.998987 0.785296 0.421595 2.950136 5.025345 2.482915 -0.013948 0.716016 0.411080 0.284980 4.355328 7.695395 4.355328 0.284980 0.411080 0.716016 -0.013948 2.482915 5.025345 2.950136 0.421595 0.785296 0.998986 -0.029418 0.222644 1.143471 0.887883 0.898210 1.691764 0.696277 0.261362 0.038757 0.111166 0.440585 1.258508 1.875159,

Auto-correlations of the modulus of each oriented sub-band
 14.965436 16.637260 17.764517 18.175333 17.811052 16.790287 15.332708 25.202705 29.316475 32.193119 33.220291 32.158985 29.307436 25.319090 35.953358 42.945282 47.921234 49.712189 47.847782 42.848091 35.908310 40.652458 48.971619 54.961708 57.164257 54.961708 48.971619 40.652458 35.908310 42.848083 47.847782 49.712196 47.921238 42.945282 35.953354 25.319096 29.307436 32.158985 33.220291 32.193119 29.316475 25.202703 15.332710 16.790287 17.811052 18.175337 17.764517 16.637260 14.965435,
 30.591694 35.313759 35.302666 30.380173 22.713266 15.247702 9.856531 35.245823 44.014706 47.488033 43.819096 34.619373 23.802877 14.885180 35.112457 47.466290 55.539135 55.485947 47.200939 34.488007 22.225863 30.002758 43.733242 55.485161 60.176250 55.485161 43.733242 30.002752 22.225863 34.488007 47.200939 55.485950 55.539135 47.466293 35.112457 14.885180 23.802877 34.619370 43.819096 47.488033 44.014702 35.245819 9.856531 15.247699 22.713270 30.380173 35.302662 35.313759 30.591694,
 13.920174 24.063910 34.807987 39.607246 34.933102 24.272783 14.133956 15.333525 27.867317 41.428822 47.490166 41.433929 27.947739 15.476587 16.320044 30.573061 46.209263 53.246651 46.173477 30.585526 16.390959 16.699608 31.559223 47.950039 55.383556 47.950035 31.559225 16.699608 16.390959 30.585526 46.173477 53.246655 46.209263 30.573061 16.320042 15.476587 27.947739 41.433929 47.490166 41.428818 27.867317 15.333523 14.133956 24.272783 34.933102 39.607246 34.807983 24.063910 13.920174,
 9.033692 14.401048 21.773832 29.286478 34.000179 33.876377 29.271214 14.003014 22.658905 33.212090 42.169067 45.639797 42.162090 33.707180 21.120413 32.962036 45.357132 53.437607 53.404171 45.480816 33.568016 28.633362 41.886719 53.370823 57.989639 53.370823 41.886719 28.633362 33.568016 45.480812 53.404171 53.437599 45.357132 32.962036 21.120417 33.707184 42.162090 45.639801 42.169067 33.212090 22.658907 14.003014 29.271217 33.876377 34.000183 29.286480 21.773832 14.401048 9.033692,
 9.614543 11.261531 12.730497 13.510083 13.353291 12.509559 11.448118 15.552339 20.430580 24.673012 26.597595 25.408472 21.882608 17.631567 24.286230 33.935482 42.230721 45.749306 42.853294 35.088341 25.818251 29.315105 41.303543 51.504993 55.592041 51.504993 41.303547 29.315105 25.818251 35.088341 42.853294 45.749306 42.230721 33.935490 24.286230 17.631569 21.882608 25.408472 26.597595 24.673012 20.430584 15.552338 11.448118 12.509560 13.353291 13.510083 12.730497 11.261531 9.614542,
 17.036551 21.418461 22.238111 18.835852 13.829774 10.184896 8.519377 20.900663 30.350208 35.368130 32.045723 22.894217 14.185734 9.485348 21.197510 35.077785 46.539955 47.273834 36.521477 22.326164 12.486049 17.375320 31.428217 47.166767 54.360012 47.166771 31.428223 17.375320 12.486049 22.326164 36.521477 47.273834 46.539955 35.077785 21.197510 9.485348 14.185732 22.894217 32.045727 35.368130 30.350208 20.900667 8.519377 10.184896 13.829772 18.835854 22.238113 21.418465 17.036551,
 8.474714 15.110500 24.573036 29.591280 25.084114 15.793067 9.339121 9.425937 19.225508 33.272663 40.511673 33.477058 19.660353 10.336004 10.395410 22.762613 40.701641 49.902390 40.715046 22.943539 10.963167 10.994861 24.216887 43.657658 53.701778 43.657658 24.216887 10.994861 10.963167 22.943539 40.715046 49.902390 40.701649 22.762615 10.395410 10.336004 19.660351 33.477055 40.511669 33.272663 19.225508 9.425937 9.339121 15.793065 25.084112 29.591280 24.573040 15.110501 8.474715,
 5.193487 7.819079 12.659292 18.560471 22.284159 21.472389 17.360113 7.074935 12.849113 22.423538 32.004196 35.461868 30.653463 21.834217 11.519080 22.037674 36.522461 47.296371 46.652245 35.550167 22.251583 17.753813 31.792353 47.302574 54.359596 47.302574 31.792356 17.753813 22.251587 35.550167 46.652245 47.296371 36.522465 22.037674 11.519080 21.834217 30.653461 35.461868 32.004196 22.423544 12.849114 7.074935 17.360113 21.472389 22.284155 18.560471 12.659294 7.819081 5.193486,
 4.734864 5.034240 5.302493 5.369994 5.126503 4.597946 3.946538 5.437751 6.535584 7.686070 8.324821 8.036563 6.905545 5.424575 7.028627 9.638629 12.188857 13.424531 12.589538 10.165083 7.327559 8.112782 11.664799 14.978583 16.393734 14.978583 11.664799 8.112782 7.327559 10.165084 12.589539 13.424531 12.188857 9.638629 7.028626 5.424575 6.905546 8.036563 8.324821 7.686069 6.535583 5.437751 3.946538 4.597946 5.126503 5.369993 5.302492 5.034240 4.734864,
 5.722067 7.132987 7.690070 6.810144 5.188989 3.737179 2.842657 6.511150 9.125321 10.866780 10.057989 7.528517 5.162078 3.724055 6.762972 10.396691 14.026752 14.390504 11.147470 7.297903 4.893915 6.080166 9.555481 14.230557 16.633171 14.230558 9.555481 6.080167 4.893915 7.297904 11.147470 14.390503 14.026752 10.396691 6.762972 3.724055 5.162079 7.528517 10.057989 10.866779 9.125321 6.511151 2.842657 3.737180 5.188989 6.810144 7.690070 7.132987 5.722067,
 3.842973 4.982599 6.929840 7.901967 6.500265 4.081780 2.419056 3.822496 5.720726 9.120200 11.001412 8.921989 5.249816 2.874442 3.801800 6.476385 11.245737 13.982198 11.173096 6.298560 3.356092 3.680083 6.765013 12.136345 15.272746 12.136346 6.765013 3.680083 3.356092 6.298560 11.173096 13.982198 11.245737 6.476386 3.801800 2.874442 5.249815 8.921989 11.001411 9.120201 5.720725 3.822495 2.419056 4.081780 6.500264 7.901967 6.929840 4.982599 3.842973,
 3.944934 4.142779 4.679850 5.450605 5.901108 5.498352 4.454917 3.730554 4.503275 6.286381 8.372335 9.085526 7.681235 5.341156 3.920460 6.001931 9.537982 12.494290 12.239552 9.015954 5.490099 4.725842 8.140138 12.490210 14.646235 12.490210 8.140138 4.725842 5.490099 9.015954 12.239552 12.494289 9.537981 6.001931 3.920460 5.341156 7.681235 9.085526 8.372334 6.286381 4.503275 3.730554 4.454917 5.498352 5.901109 5.450605 4.679850 4.142779 3.944934,

Pairwise cross-correlations of the modulus of all oriented sub-bands at the same scale (size QxQ)
 57.164257 53.040646 44.903980 52.088760,
 53.040646 60.176250 52.130699 50.040051,
 44.903980 52.130699 55.383545 51.309921,
 52.088760 50.040051 51.309921 57.989616,
 55.592037 50.884918 47.440071 50.467716,
 50.884918 54.360023 49.666782 46.550949,
 47.440071 49.666782 53.701767 49.863571,
 50.467716 46.550949 49.863571 54.359596,

Cross-correlations of the modulus of all oriented sub-bands with all oriented sub-bands at the coarser scale (size QxQ)
 51.318489 47.123184 43.842655 47.396439,
 49.748859 52.393810 49.054710 46.216496,
 43.731743 46.208549 49.519104 46.437702,
 48.653004 44.952335 48.028465 51.259068,
 24.287611 23.422878 21.186646 21.413717,
 22.692362 24.217014 22.085157 19.911711,
 21.482264 22.660334 22.608543 20.769670,
 22.597813 21.689598 22.037981 22.068098,

Cross-correlations of the real part of each oriented sub-band with both the real and imaginary part of all phase-doubled oriented sub-bands at the next coarser scale (Q matrices of size 1x2Q, which are computed and stored in a matrix of size Qx2Q)
 -22.185204 -10.045046 -0.796529 -9.573722 -0.090836 0.002132 -0.008097 0.149803,
 -9.778193 -22.964069 -9.051109 -0.723609 -0.038960 0.011809 0.074483 0.006998,
 -0.779970 -9.634382 -20.747095 -9.412666 -0.010138 0.032768 0.243510 0.095679,
 -9.435331 -0.749697 -9.099468 -22.217546 -0.060990 0.002353 0.085610 0.316823,
 -12.519500 -5.499663 -0.459011 -5.239177 -0.400817 -0.168050 0.036506 -0.106923,
 -5.513072 -12.429946 -5.425140 -0.509904 -0.320297 0.158219 0.257750 -0.054379,
 -0.494492 -5.477110 -11.682520 -4.994405 -0.019701 0.162453 0.210667 0.061613,
 -5.449169 -0.472287 -4.929091 -11.523183 -0.095547 -0.042971 0.039129 0.085162,
