Low-band skewness and kurtosis
 -11.318247 144.587753,
 -6.780105 54.624126,
 -3.499451 16.773340,
 -0.659305 5.169903,

High-band variance
 17.465645,

Skewness, kurtosis, variance, mean, maximum and minimum of the reconstructed texture
 -11.400122 137.364471 330.361389 253.285065 255.000000 0.000000,

Auto-correlations of the low-frequency bands at each scale
 -2.008717 -5.664166 -2.807034 1.339362 0.046784 -0.993910 1.448509 -4.192677 8.685769 50.913189 77.666016 53.757580 13.286989 -1.522889 -0.417206 52.213299 163.103851 226.234711 165.588852 56.059444 1.689302 4.211484 80.501411 227.331650 308.186768 227.331650 80.501427 4.211484 1.689301 56.059433 165.588852 226.234695 163.103851 52.213299 -0.417206 -1.522890 13.286989 53.757572 77.666031 50.913189 8.685769 -4.192677 1.448508 -0.993910 0.046786 1.339363 -2.807034 -5.664167 -2.008717,
 5.652578 -2.066198 -8.478174 -8.852883 -6.623296 -0.073963 6.199610 2.942158 -12.815838 -8.068263 5.014819 -3.856765 -9.550436 2.326717 -4.604599 -6.280047 50.558083 97.802193 53.457790 -4.931076 -6.362291 -8.828757 4.574001 97.652145 165.260941 97.652153 4.574001 -8.828757 -6.362291 -4.931074 53.457783 97.802177 50.558090 -6.280046 -4.604598 2.326717 -9.550435 -3.856765 5.014819 -8.068264 -12.815838 2.942159 6.199609 -0.073963 -6.623297 -8.852883 -8.478174 -2.066198 5.652578,
 2.251264 1.122057 0.198156 1.915180 3.306414 4.117904 3.318445 2.979095 -2.708188 -3.221962 0.986284 -0.665229 -0.524877 3.856671 1.935493 -2.267029 13.277366 28.553562 14.101664 -1.557330 2.409748 1.405780 0.522890 28.427603 51.440727 28.427607 0.522890 1.405780 2.409748 -1.557330 14.101663 28.553562 13.277366 -2.267029 1.935492 3.856671 -0.524877 -0.665229 0.986284 -3.221963 -2.708187 2.979095 3.318445 4.117904 3.306415 1.915180 0.198155 1.122057 2.251263,
 0.968434 0.634343 0.330780 0.621009 1.070050 1.231459 1.097295 0.811767 0.078394 0.015099 0.876457 1.054449 0.828283 0.989559 0.407765 -0.144641 1.525701 3.555849 2.333695 0.421368 0.533743 0.308832 0.244877 3.235640 5.679383 3.235640 0.244877 0.308832 0.533743 0.421368 2.333695 3.555849 1.525701 -0.144641 0.407765 0.989559 0.828283 1.054449 0.876457 0.015099 0.078393 0.811767 1.097295 1.231459 1.070050 0.621009 0.330780 0.634343 0.968434,

Auto-correlations of the modulus of each oriented sub-band
 14.252028 15.721003 16.743917 17.122305 16.756855 15.719739 14.194576 25.040068 29.060575 31.843437 32.772987 31.614979 28.661587 24.554466 36.273003 43.274426 48.219238 49.926739 47.956341 42.851521 35.810417 41.018757 49.391949 55.425030 57.645233 55.425030 49.391949 41.018757 35.810421 42.851513 47.956333 49.926739 48.219234 43.274429 36.273003 24.554470 28.661583 31.614981 32.772987 31.843433 29.060575 25.040068 14.194578 15.719736 16.756857 17.122305 16.743916 15.721004 14.252028,
 29.728981 34.302101 34.258423 29.325426 21.695280 14.313815 8.970855 34.885967 43.497108 46.928005 43.195343 33.947571 23.186924 14.381607 35.059795 47.280956 55.359936 55.272400 46.889416 34.168285 22.042324 29.995399 43.595131 55.390656 60.138680 55.390656 43.595131 29.995396 22.042326 34.168285 46.889416 55.272400 55.359940 47.280960 35.059795 14.381607 23.186920 33.947567 43.195343 46.928005 43.497108 34.885967 8.970857 14.313815 21.695280 29.325428 34.258423 34.302101 29.728977,
 13.734050 25.010847 36.983513 42.532112 37.837727 26.423773 15.210771 15.693660 29.508684 44.323044 51.097588 44.979309 30.581825 16.784964 17.172503 32.823154 49.656322 57.254566 50.019672 33.409798 17.756115 17.907358 34.237198 51.739746 59.517715 51.739746 34.237202 17.907358 17.756119 33.409798 50.019672 57.254566 49.656319 32.823162 17.172503 16.784964 30.581825 44.979309 51.097588 44.323044 29.508684 15.693660 15.210771 26.423767 37.837727 42.532112 36.983513 25.010853 13.734050,
 7.832644 13.180585 20.878807 28.953400 34.115597 34.112259 29.334791 13.051218 21.837315 32.868793 42.432907 46.180470 42.518288 33.646938 20.396988 32.513119 45.476994 54.081863 54.046852 45.678986 33.272034 28.110441 41.778908 53.835423 58.759983 53.835419 41.778908 28.110439 33.272038 45.678986 54.046852 54.081863 45.476994 32.513123 20.396988 33.646938 42.518280 46.180473 42.432907 32.868793 21.837320 13.051218 29.334795 34.112259 34.115597 28.953400 20.878807 13.180588 7.832643,
 8.607842 9.248172 9.965027 10.401867 10.327284 9.895779 9.456504 15.516668 19.504234 23.066532 24.569103 23.196869 19.720337 15.794989 24.384197 33.401371 41.246311 44.418278 41.233532 33.373806 24.362782 28.681581 40.261414 50.317333 54.397163 50.317333 40.261414 28.681581 24.362782 33.373802 41.233528 44.418274 41.246319 33.401371 24.384201 15.794989 19.720337 23.196869 24.569105 23.066532 19.504234 15.516668 9.456504 9.895777 10.327284 10.401868 9.965028 9.248172 8.607843,
 16.351645 20.263247 21.063971 17.725466 12.622255 8.897616 7.572438 21.410177 30.401007 35.317871 31.963392 22.561699 13.471525 8.616659 22.201452 35.826084 47.221222 48.003250 37.115635 22.569336 12.375206 18.094931 32.276520 48.079739 55.290524 48.079739 32.276520 18.094931 12.375207 22.569336 37.115635 48.003250 47.221222 35.826084 22.201452 8.616659 13.471523 22.561699 31.963392 35.317879 30.401007 21.410177 7.572438 8.897614 12.622257 17.725466 21.063971 20.263250 16.351646,
 7.822156 13.867991 23.200211 28.304628 24.223417 15.609512 9.502963 9.230514 18.570635 32.608727 39.885033 32.983055 19.393208 10.078050 10.354090 22.703726 40.962288 50.302166 40.981182 22.948402 10.658480 10.854725 24.411114 44.346828 54.624096 44.346828 24.411114 10.854725 10.658480 22.948400 40.981178 50.302166 40.962296 22.703726 10.354090 10.078050 19.393206 32.983051 39.885036 32.608727 18.570639 9.230514 9.502965 15.609512 24.223417 28.304628 23.200211 13.867993 7.822156,
 5.737540 7.114919 11.018489 16.588408 20.595320 20.374210 16.794502 7.365716 11.845525 20.656340 30.145350 33.993465 29.673014 21.178875 11.399392 20.920622 34.952190 45.739338 45.358944 34.562489 21.561951 17.253963 30.723106 45.972988 52.943073 45.972992 30.723108 17.253963 21.561951 34.562485 45.358940 45.739338 34.952194 20.920622 11.399392 21.178875 29.673018 33.993458 30.145350 20.656340 11.845525 7.365715 16.794498 20.374208 20.595320 16.588408 11.018490 7.114919 5.737540,
 3.709813 4.074128 4.552176 4.906726 4.991094 4.839995 4.585035 4.898299 5.974020 7.103546 7.727130 7.511884 6.673197 5.718377 7.229422 9.559891 11.851839 12.931853 12.107440 9.955457 7.656287 8.670767 11.747442 14.736921 16.046053 14.736921 11.747442 8.670768 7.656287 9.955456 12.107440 12.931853 11.851837 9.559888 7.229422 5.718377 6.673197 7.511885 7.727129 7.103545 5.974020 4.898299 4.585035 4.839995 4.991094 4.906726 4.552176 4.074128 3.709813,
 4.617743 5.389266 5.783762 5.486794 4.855044 4.260788 3.850264 5.954447 7.889223 9.154943 8.440428 6.559164 5.059948 4.327797 6.492210 9.591553 12.742492 12.909717 9.878770 6.659762 4.978255 5.888314 8.798699 13.056521 15.357642 13.056521 8.798699 5.888314 4.978255 6.659761 9.878770 12.909717 12.742492 9.591553 6.492210 4.327796 5.059948 6.559164 8.440428 9.154943 7.889222 5.954447 3.850264 4.260787 4.855044 5.486794 5.783762 5.389266 4.617743,
 3.081304 4.156693 6.834977 8.734237 7.779305 5.572661 4.151385 3.627679 5.382847 9.260130 11.829839 10.006984 6.554657 4.591117 4.290982 6.660685 11.605034 14.768206 12.011989 7.311707 4.844115 4.756717 7.410089 12.727743 16.035208 12.727743 7.410089 4.756717 4.844115 7.311707 12.011989 14.768206 11.605032 6.660684 4.290982 4.591116 6.554657 10.006984 11.829841 9.260129 5.382847 3.627679 4.151385 5.572661 7.779305 8.734237 6.834977 4.156692 3.081304,
 2.720927 3.271443 4.309127 5.640532 6.576346 6.400426 5.406890 3.295070 4.348461 6.392565 8.826717 9.886248 8.665275 6.452522 4.304200 6.339592 9.920542 13.104167 13.043488 9.901959 6.580777 5.603197 8.787152 13.124349 15.355165 13.124349 8.787152 5.603197 6.580777 9.901959 13.043489 13.104167 9.920542 6.339592 4.304200 6.452522 8.665275 9.886248 8.826716 6.392565 4.348461 3.295070 5.406890 6.400427 6.576346 5.640532 4.309127 3.271443 2.720927,

Pairwise cross-correlations of the modulus of all oriented sub-bands at the same scale (size QxQ)
 57.645229 53.090000 46.479725 52.480328,
 53.090000 60.138687 54.134438 50.065018,
 46.479725 54.134438 59.517704 53.447311,
 52.480328 50.065018 53.447311 58.759991,
 54.397148 50.907776 46.731022 49.806961,
 50.907776 55.290516 50.768604 47.462490,
 46.731022 50.768604 54.624100 49.711750,
 49.806961 47.462490 49.711750 52.943073,

Cross-correlations of the modulus of all oriented sub-bands with all oriented sub-bands at the coarser scale (size QxQ)
 50.435139 47.249565 43.874493 46.626293,
 49.218410 52.864971 49.498932 45.873329,
 44.855125 48.481838 51.641544 47.477222,
 48.198528 45.664780 48.100807 50.780079,
 23.028292 21.958658 21.449089 21.913113,
 22.431202 23.367399 23.003361 21.293583,
 20.850288 21.861383 23.883152 22.200474,
 21.615049 20.560280 22.457148 22.694206,

Cross-correlations of the real part of each oriented sub-band with both the real and imaginary part of all phase-doubled oriented sub-bands at the next coarser scale (Q matrices of size 1x2Q, which are computed and stored in a matrix of size Qx2Q)
 -22.102558 -10.329165 -0.731637 -9.611188 -0.011310 0.009261 0.002108 -0.002546,
 -9.746745 -24.025673 -9.952396 -0.793987 -0.000909 0.018943 -0.004117 0.005346,
 -0.722728 -10.331380 -22.910406 -9.873592 0.000389 -0.004390 0.001996 0.012437,
 -9.310943 -0.795698 -9.722307 -22.485584 -0.006614 -0.009679 0.000413 -0.007869,
 -12.578382 -5.695187 -0.485802 -5.102766 0.036148 0.060403 -0.020260 -0.053852,
 -5.616960 -12.915296 -5.447566 -0.498877 -0.005952 0.096823 0.047018 0.015417,
 -0.452739 -5.617249 -12.549111 -5.411423 -0.021007 0.009671 0.225588 0.009845,
 -5.253702 -0.499948 -5.629471 -11.870594 -0.006290 -0.007194 0.081729 -0.104579,
