Low-band skewness and kurtosis
 -11.341505 144.878662,
 -7.073547 59.860668,
 -3.797059 19.561937,
 0.158440 7.512269,

High-band variance
 17.389463,

Skewness, kurtosis, variance, mean, maximum and minimum of the reconstructed texture
 -11.426935 137.926102 329.609100 253.293198 255.000000 0.000000,

Auto-correlations of the low-frequency bands at each scale
 2.613357 -0.794425 3.398663 8.489964 5.037090 0.249936 1.931448 0.294186 14.551245 58.126019 85.663857 59.939022 16.107826 0.251389 3.245219 56.440590 166.485687 228.893173 167.718277 57.872345 4.108626 7.133563 82.520393 227.515640 307.463226 227.515640 82.520409 7.133563 4.108626 57.872345 167.718277 228.893173 166.485672 56.440590 3.245219 0.251389 16.107824 59.939022 85.663864 58.126019 14.551245 0.294186 1.931449 0.249937 5.037089 8.489965 3.398665 -0.794425 2.613357,
 4.658969 1.342348 -5.024454 -8.742414 -5.708203 3.879958 6.967199 1.917859 -9.998151 -4.575745 5.282003 -4.119897 -7.447509 2.990778 -1.757296 -2.160049 55.142319 100.684135 55.181644 -2.058562 -3.355061 -4.153934 8.738571 101.643654 169.493347 101.643669 8.738572 -4.153933 -3.355061 -2.058562 55.181641 100.684120 55.142323 -2.160049 -1.757296 2.990778 -7.447508 -4.119897 5.282003 -4.575745 -9.998151 1.917858 6.967199 3.879957 -5.708202 -8.742414 -5.024454 1.342348 4.658969,
 5.930655 5.884213 1.300149 -1.588485 -0.126454 4.582822 9.494892 5.445113 1.459880 -0.992413 -0.807268 -4.211537 -2.926742 6.504754 1.794606 0.161413 17.091776 31.463951 14.855976 -4.110902 -0.266209 -1.665117 0.468852 32.359779 56.657444 32.359779 0.468852 -1.665116 -0.266209 -4.110903 14.855976 31.463951 17.091776 0.161413 1.794606 6.504755 -2.926742 -4.211538 -0.807269 -0.992413 1.459880 5.445112 9.494892 4.582822 -0.126454 -1.588485 1.300149 5.884212 5.930655,
 0.866026 0.966569 0.992326 1.028733 1.475106 2.238184 2.136101 0.557283 0.129471 0.590545 0.845615 0.200707 0.579955 1.608302 1.025167 0.535241 2.825613 4.505301 2.119896 0.286302 1.354325 1.671498 1.238240 4.727335 7.733891 4.727335 1.238239 1.671498 1.354325 0.286302 2.119896 4.505302 2.825613 0.535241 1.025167 1.608303 0.579955 0.200707 0.845615 0.590545 0.129471 0.557283 2.136101 2.238184 1.475106 1.028732 0.992326 0.966569 0.866026,

Auto-correlations of the modulus of each oriented sub-band
 15.851917 17.373579 18.422232 18.801222 18.412443 17.327971 15.722594 26.352148 30.360094 33.207176 34.231365 33.148575 30.231958 26.130295 37.101540 43.973953 48.930840 50.742832 48.879955 43.871643 36.941456 41.742699 49.948769 55.907383 58.116123 55.907383 49.948772 41.742699 36.941456 43.871643 48.879955 50.742828 48.930840 43.973953 37.101540 26.130295 30.231956 33.148575 34.231365 33.207172 30.360098 26.352148 15.722594 17.327971 18.412445 18.801222 18.422232 17.373583 15.851917,
 29.658672 33.905613 33.718246 28.905426 21.644007 14.798088 10.042586 34.230732 42.300262 45.469006 41.856640 33.117332 23.133751 15.174949 34.290611 45.729237 53.339306 53.220024 45.266766 33.375702 22.257797 29.581726 42.211262 53.319389 57.835480 53.319393 42.211266 29.581722 22.257797 33.375702 45.266773 53.220016 53.339306 45.729240 34.290611 15.174951 23.133749 33.117332 41.856632 45.469002 42.300262 34.230728 10.042588 14.798086 21.644009 28.905426 33.718243 33.905613 29.658672,
 15.327686 24.704992 34.782623 39.249035 34.678555 24.603348 15.384480 16.932383 28.675661 41.545818 47.339485 41.519447 28.667213 17.019596 18.056969 31.531019 46.470520 53.253017 46.476532 31.549847 18.116894 18.486834 32.593758 48.305038 55.455719 48.305046 32.593761 18.486834 18.116892 31.549845 46.476532 53.253010 46.470520 31.531019 18.056969 17.019596 28.667212 41.519447 47.339485 41.545818 28.675667 16.932383 15.384480 24.603344 34.678555 39.249039 34.782623 24.704998 15.327685,
 9.821929 14.359275 20.937826 27.987186 32.722412 32.978947 28.883369 14.777314 22.520075 32.265373 40.822811 44.359432 41.249733 33.334026 21.690012 32.593452 44.272110 52.082745 52.171669 44.666977 33.423489 28.852833 41.267635 52.208050 56.665096 52.208050 41.267647 28.852831 33.423489 44.666965 52.171669 52.082745 44.272110 32.593456 21.690014 33.334026 41.249729 44.359432 40.822819 32.265373 22.520079 14.777312 28.883368 32.978943 32.722408 27.987186 20.937826 14.359277 9.821929,
 11.263918 11.885654 12.257976 12.175395 11.504795 10.399716 9.227198 17.139250 21.020615 24.152372 25.221897 23.591448 19.903244 15.584310 25.656492 34.364071 41.595417 44.345314 41.205666 33.604225 24.642731 29.631720 40.928822 50.483913 54.310688 50.483917 40.928822 29.631720 24.642729 33.604221 41.205666 44.345310 41.595417 34.364071 25.656488 15.584310 19.903244 23.591444 25.221897 24.152376 21.020620 17.139250 9.227198 10.399716 11.504795 12.175396 12.257977 11.885653 11.263918,
 18.993690 22.983540 23.355650 19.247835 13.322948 8.611300 5.892658 22.863899 31.677650 36.508724 33.139805 23.815048 14.507760 8.600639 23.340609 36.410137 47.470802 48.354534 37.938610 23.908865 13.497713 19.428820 33.144321 48.273602 55.260628 48.273602 33.144321 19.428820 13.497714 23.908865 37.938606 48.354534 47.470802 36.410137 23.340611 8.600639 14.507761 23.815048 33.139809 36.508724 31.677650 22.863899 5.892658 8.611300 13.322945 19.247835 23.355650 22.983540 18.993690,
 12.357603 18.242691 26.245098 30.018536 25.354006 16.658594 10.186001 13.010262 22.291771 35.196407 41.589321 34.603230 21.276266 11.573590 13.547985 25.703001 42.738995 51.404846 42.456341 25.231348 12.863250 13.578561 26.935425 45.663143 55.335102 45.663147 26.935425 13.578561 12.863249 25.231348 42.456341 51.404846 42.738995 25.702997 13.547985 11.573590 21.276266 34.603230 41.589317 35.196407 22.291771 13.010264 10.186001 16.658592 25.354006 30.018539 26.245100 18.242687 12.357603,
 9.004896 10.078185 13.288935 18.456989 22.568268 22.377237 18.360079 10.051481 14.435726 22.703241 31.958759 35.911762 31.444775 22.480934 13.643799 22.960413 36.412460 47.020027 46.724060 35.937355 22.878172 18.988077 32.183838 47.019390 53.887577 47.019394 32.183838 18.988077 22.878172 35.937355 46.724056 47.020027 36.412468 22.960413 13.643799 22.480932 31.444775 35.911758 31.958761 22.703245 14.435723 10.051482 18.360077 22.377237 22.568268 18.456991 13.288937 10.078186 9.004896,
 5.605134 5.815776 5.893535 5.885969 5.895868 5.967167 6.018767 6.391442 7.268790 8.022779 8.380845 8.199843 7.617146 6.892436 8.040577 10.305676 12.457788 13.477360 12.750439 10.718995 8.423503 9.196841 12.368928 15.353574 16.633734 15.353574 12.368928 9.196841 8.423502 10.718995 12.750441 13.477360 12.457788 10.305676 8.040577 6.892436 7.617146 8.199842 8.380845 8.022779 7.268790 6.391442 6.018769 5.967167 5.895868 5.885969 5.893534 5.815776 5.605134,
 7.565781 8.473192 8.373303 7.210043 5.988124 5.510781 5.533971 8.293039 10.693030 11.923153 10.638526 7.930904 5.987043 5.446703 8.046234 11.770317 15.228108 15.321700 11.768364 7.800781 5.738355 6.822257 10.425123 15.244814 17.708681 15.244814 10.425123 6.822257 5.738354 7.800781 11.768363 15.321702 15.228107 11.770317 8.046235 5.446703 5.987043 7.930904 10.638527 11.923152 10.693029 8.293039 5.533970 5.510782 5.988124 7.210043 8.373303 8.473192 7.565781,
 5.756599 7.077392 8.893141 9.928502 8.853099 6.963205 6.084314 6.097738 8.135468 11.338423 13.284372 11.389900 7.991820 6.183742 6.375018 9.084021 13.770913 16.669283 13.862256 8.993947 6.333263 6.450911 9.456121 14.890652 18.190989 14.890652 9.456121 6.450910 6.333264 8.993947 13.862259 16.669283 13.770913 9.084019 6.375018 6.183742 7.991820 11.389900 13.284372 11.338420 8.135467 6.097738 6.084314 6.963206 8.853097 9.928502 8.893139 7.077391 5.756599,
 6.345170 7.029602 7.823742 8.777532 9.429759 9.152281 8.030051 6.673287 7.859385 9.794741 11.969797 12.766845 11.322900 8.813848 7.267722 9.615791 13.273656 16.294451 15.988296 12.578132 8.853179 8.129766 11.734403 16.248016 18.473642 16.248016 11.734402 8.129766 8.853179 12.578132 15.988296 16.294451 13.273656 9.615791 7.267722 8.813848 11.322900 12.766843 11.969797 9.794740 7.859384 6.673287 8.030051 9.152281 9.429759 8.777533 7.823742 7.029601 6.345171,

Pairwise cross-correlations of the modulus of all oriented sub-bands at the same scale (size QxQ)
 58.116138 52.239189 44.338444 51.738091,
 52.239189 57.835457 50.916767 48.855572,
 44.338444 50.916767 55.455723 50.354782,
 51.738091 48.855572 50.354782 56.665062,
 54.310688 50.565212 46.303654 49.229027,
 50.565212 55.260632 50.848316 46.965637,
 46.303654 50.848316 55.335098 49.828243,
 49.229027 46.965637 49.828243 53.887573,

Cross-correlations of the modulus of all oriented sub-bands with all oriented sub-bands at the coarser scale (size QxQ)
 50.837337 47.676517 44.124866 47.108467,
 47.492638 51.142387 48.360222 44.775471,
 41.934006 46.474380 50.223251 45.696648,
 47.089954 45.129543 47.689255 50.099937,
 23.733990 23.018988 22.241903 23.437902,
 22.879299 24.744011 23.748367 22.562532,
 21.738670 23.637571 24.998955 23.922256,
 22.768612 22.018322 23.474411 24.729706,

Cross-correlations of the real part of each oriented sub-band with both the real and imaginary part of all phase-doubled oriented sub-bands at the next coarser scale (Q matrices of size 1x2Q, which are computed and stored in a matrix of size Qx2Q)
 -20.880009 -9.610097 -0.743050 -9.104700 0.007889 0.002555 -0.003466 -0.000346,
 -9.131200 -22.157125 -9.190910 -0.792548 0.007837 0.033531 0.022267 0.003897,
 -0.740152 -9.582450 -20.947477 -9.210843 -0.000410 0.021999 0.040301 -0.005822,
 -8.907569 -0.764900 -8.973184 -21.023247 -0.008278 0.004666 -0.000508 -0.007138,
 -11.894292 -5.351115 -0.585775 -5.642474 -0.206763 -0.101008 -0.015909 0.104589,
 -5.190330 -12.639000 -5.824744 -0.582222 0.003869 -0.017017 -0.033910 -0.023519,
 -0.534340 -5.678881 -13.295767 -5.925244 -0.013708 0.054452 -0.005316 0.012825,
 -5.479875 -0.521078 -5.967242 -12.917276 -0.185765 -0.030334 0.037833 0.177375,
