Low-band skewness and kurtosis
 -11.380175 146.248199,
 -6.827917 54.782364,
 -3.779237 19.864748,
 -0.285614 6.186727,

High-band variance
 17.500214,

Skewness, kurtosis, variance, mean, maximum and minimum of the reconstructed texture
 -11.458815 138.790161 327.665649 253.300659 255.000000 0.000000,

Auto-correlations of the low-frequency bands at each scale
 2.696175 0.461547 2.055329 4.258670 0.990443 -1.371035 2.785559 -1.969787 12.161073 53.975666 79.899979 54.608955 12.934995 -0.353311 -0.249190 52.245934 162.647598 225.335358 163.808807 53.674274 0.887712 3.011821 77.937164 224.481400 305.440491 224.481384 77.937164 3.011820 0.887713 53.674267 163.808807 225.335358 162.647598 52.245934 -0.249190 -0.353311 12.934993 54.608963 79.899986 53.975666 12.161074 -1.969787 2.785559 -1.371035 0.990443 4.258671 2.055329 0.461547 2.696174,
 11.195547 3.213903 -4.422221 -6.244983 -4.135766 2.837185 8.113649 2.577463 -10.084119 -4.100298 6.778835 -3.679898 -8.025414 4.767766 -4.705558 -4.441055 52.459595 97.695824 53.054661 -1.891356 -1.261297 -4.358661 7.694847 97.515999 163.708801 97.515999 7.694849 -4.358661 -1.261297 -1.891355 53.054657 97.695824 52.459595 -4.441055 -4.705558 4.767767 -8.025413 -3.679897 6.778835 -4.100298 -10.084118 2.577463 8.113649 2.837185 -4.135764 -6.244983 -4.422222 3.213903 11.195547,
 5.404122 5.437398 2.723690 0.146498 0.118144 2.432265 4.094318 4.370052 1.647601 1.236787 2.073000 -1.204810 -1.490502 2.692934 1.953066 -0.068861 16.557083 30.816523 15.999287 -1.430336 0.478601 0.271992 0.934264 30.228886 53.010761 30.228886 0.934264 0.271993 0.478601 -1.430336 15.999287 30.816523 16.557083 -0.068861 1.953066 2.692934 -1.490501 -1.204810 2.073000 1.236787 1.647600 4.370051 4.094318 2.432265 0.118144 0.146498 2.723690 5.437398 5.404121,
 1.630804 1.673650 1.229043 1.017706 1.100828 1.450177 1.613013 2.019486 1.464226 0.993919 0.970123 0.772892 1.110340 1.687015 1.642406 1.581357 3.420324 4.908335 3.096062 1.001911 0.982998 0.974787 1.602777 5.335781 8.055088 5.335781 1.602777 0.974787 0.982998 1.001911 3.096062 4.908335 3.420324 1.581357 1.642406 1.687015 1.110340 0.772892 0.970123 0.993919 1.464226 2.019485 1.613013 1.450177 1.100828 1.017706 1.229042 1.673649 1.630804,

Auto-correlations of the modulus of each oriented sub-band
 15.125054 16.818083 18.015272 18.503180 18.188894 17.170437 15.649873 25.530100 29.767414 32.814743 33.994778 33.017906 30.170902 26.116842 36.758438 43.870419 49.011761 50.945171 49.140579 44.122585 37.115807 41.864693 50.260883 56.330322 58.571102 56.330318 50.260891 41.864689 37.115807 44.122589 49.140579 50.945171 49.011761 43.870419 36.758438 26.116842 30.170900 33.017906 33.994778 32.814743 29.767418 25.530098 15.649874 17.170437 18.188894 18.503180 18.015272 16.818085 15.125051,
 30.762354 35.316463 35.157055 30.098625 22.440784 15.203897 10.160107 35.267536 43.872398 47.270813 43.513832 34.313065 23.734356 15.255843 35.152634 47.269390 55.293251 55.203899 46.892910 34.353466 22.532536 30.169891 43.546238 55.211235 59.919052 55.211235 43.546242 30.169891 22.532539 34.353466 46.892910 55.203907 55.293243 47.269394 35.152634 15.255843 23.734350 34.313065 43.513832 47.270813 43.872398 35.267536 10.160107 15.203897 22.440784 30.098625 35.157055 35.316471 30.762354,
 15.376003 25.538744 36.385033 41.197224 36.357937 25.529701 15.476035 16.878855 29.507730 43.221184 49.336899 43.137657 29.432926 16.938627 17.917912 32.298298 48.111523 55.221680 48.040855 32.232838 17.943998 18.300789 33.286640 49.874825 57.390949 49.874825 33.286640 18.300787 17.944000 32.232838 48.040867 55.221672 48.111523 32.298302 17.917912 16.938627 29.432922 43.137657 49.336899 43.221180 29.507730 16.878855 15.476036 25.529701 36.357937 41.197224 36.385033 25.538748 15.376001,
 9.757148 14.822296 21.990788 29.507423 34.418747 34.527885 30.077328 14.870596 23.237118 33.655132 42.711407 46.397087 43.056755 34.672401 22.117733 33.718353 46.071941 54.288319 54.368023 46.464306 34.617443 29.693237 42.800621 54.302433 58.971695 54.302433 42.800621 29.693233 34.617447 46.464302 54.368027 54.288319 46.071941 33.718353 22.117733 34.672409 43.056755 46.397079 42.711407 33.655132 23.237118 14.870596 30.077328 34.527882 34.418747 29.507423 21.990786 14.822296 9.757147,
 11.407825 12.184271 12.802903 12.987037 12.549628 11.579106 10.291589 16.330858 20.516500 24.127203 25.583141 24.157133 20.567173 16.303780 24.103354 33.168346 41.010471 44.178852 41.093685 33.390129 24.443476 28.384989 39.852493 49.793507 53.819221 49.793510 39.852493 28.384989 24.443476 33.390129 41.093681 44.178852 41.010475 33.168346 24.103354 16.303778 20.567171 24.157131 25.583139 24.127205 20.516500 16.330860 10.291589 11.579106 12.549628 12.987038 12.802904 12.184271 11.407824,
 19.018393 22.952608 23.181837 19.211069 13.780835 9.781681 7.752325 21.944601 30.986639 35.626373 32.004452 22.728998 13.910295 8.900565 21.416458 34.887108 46.043976 46.663399 35.974716 21.946936 12.056829 17.155127 30.961037 46.385056 53.489922 46.385063 30.961037 17.155128 12.056829 21.946936 35.974716 46.663399 46.043976 34.887108 21.416458 8.900565 13.910294 22.728992 32.004452 35.626373 30.986637 21.944599 7.752325 9.781681 13.780836 19.211073 23.181837 22.952608 19.018393,
 11.662641 17.272535 25.269600 29.466087 25.301931 16.706774 10.069998 12.166389 21.113058 33.887547 40.500137 33.950275 20.751179 11.065326 12.508555 24.432808 41.406059 50.136311 41.450108 24.240408 11.936370 12.466476 25.710850 44.470909 54.071705 44.470913 25.710850 12.466475 11.936370 24.240408 41.450108 50.136311 41.406059 24.432808 12.508554 11.065326 20.751179 33.950272 40.500137 33.887550 21.113056 12.166389 10.069998 16.706774 25.301928 29.466089 25.269604 17.272535 11.662642,
 8.501399 9.621996 13.284186 18.715160 22.497257 21.749910 17.321888 9.174356 13.655424 22.317650 31.596445 35.112236 30.293453 21.141073 12.223463 21.801559 35.607605 46.162815 45.571163 34.595043 21.295256 17.308847 30.851814 45.950745 52.868275 45.950752 30.851820 17.308847 21.295254 34.595043 45.571152 46.162815 35.607613 21.801556 12.223463 21.141073 30.293453 35.112228 31.596445 22.317652 13.655424 9.174356 17.321884 21.749910 22.497255 18.715160 13.284187 9.621998 8.501399,
 4.991134 5.216358 5.343832 5.336208 5.124127 4.686265 4.099471 5.551682 6.608695 7.475912 7.762079 7.276493 6.218286 5.014877 7.086190 9.449713 11.620551 12.512839 11.576635 9.375929 6.998138 8.171667 11.271615 14.201372 15.454668 14.201372 11.271612 8.171666 6.998139 9.375929 11.576635 12.512839 11.620549 9.449713 7.086190 5.014877 6.218286 7.276493 7.762079 7.475911 6.608695 5.551681 4.099471 4.686265 5.124127 5.336208 5.343832 5.216357 4.991133,
 6.480076 7.158307 7.188466 6.440406 5.323774 4.241160 3.287472 7.309418 9.434110 10.630099 9.784519 7.574230 5.501924 4.169629 7.373292 10.754315 13.888476 14.138038 11.201487 7.604485 5.300781 6.535733 9.903101 14.198341 16.329123 14.198341 9.903101 6.535733 5.300781 7.604486 11.201487 14.138038 13.888478 10.754314 7.373292 4.169629 5.501925 7.574229 9.784519 10.630099 9.434109 7.309418 3.287472 4.241161 5.323773 6.440406 7.188466 7.158307 6.480075,
 4.758113 5.646511 7.374019 8.359853 7.058890 4.768582 3.504857 4.815535 6.370527 9.386197 11.260445 9.300149 5.786072 3.905113 4.748920 6.982065 11.353978 14.122343 11.388111 6.708104 4.277608 4.569071 7.158631 12.239096 15.389373 12.239096 7.158630 4.569070 4.277608 6.708104 11.388110 14.122343 11.353978 6.982064 4.748920 3.905113 5.786072 9.300149 11.260443 9.386197 6.370526 4.815535 3.504857 4.768582 7.058890 8.359852 7.374019 5.646510 4.758113,
 4.502079 4.818974 5.573415 6.537437 6.978642 6.380551 5.167987 4.575934 5.599078 7.510510 9.563780 10.094665 8.534841 6.241529 5.221560 7.378261 10.810808 13.588108 13.179297 10.002206 6.724182 6.205265 9.424996 13.571043 15.656736 13.571043 9.424995 6.205264 6.724182 10.002206 13.179297 13.588108 10.810808 7.378260 5.221559 6.241529 8.534840 10.094665 9.563780 7.510510 5.599078 4.575933 5.167987 6.380551 6.978642 6.537437 5.573414 4.818973 4.502079,

Pairwise cross-correlations of the modulus of all oriented sub-bands at the same scale (size QxQ)
 58.571079 53.669518 46.491467 53.294666,
 53.669518 59.919033 53.197929 50.396378,
 46.491467 53.197929 57.390957 52.635399,
 53.294666 50.396378 52.635399 58.971741,
 53.819218 49.202805 46.219471 49.297707,
 49.202805 53.489918 49.741856 46.111660,
 46.219471 49.741856 54.071712 49.152317,
 49.297707 46.111660 49.152317 52.868267,

Cross-correlations of the modulus of all oriented sub-bands with all oriented sub-bands at the coarser scale (size QxQ)
 50.214745 46.970367 44.328461 46.893776,
 48.474838 51.481415 48.711967 45.642414,
 43.422401 46.628155 50.216263 46.677952,
 47.883789 45.116833 48.151043 50.722649,
 22.893099 23.077435 20.493330 22.095434,
 21.801331 23.798471 21.243984 21.092127,
 20.767979 23.068956 22.563408 22.088701,
 21.772314 21.921280 21.489389 22.916124,

Cross-correlations of the real part of each oriented sub-band with both the real and imaginary part of all phase-doubled oriented sub-bands at the next coarser scale (Q matrices of size 1x2Q, which are computed and stored in a matrix of size Qx2Q)
 -21.588789 -9.875978 -0.734042 -9.510084 0.001989 -0.047599 0.026642 -0.027917,
 -9.390825 -22.900463 -9.440650 -0.746297 -0.013994 -0.029042 0.017488 0.002574,
 -0.716829 -9.955007 -21.468119 -9.349771 0.004902 -0.020178 -0.031284 -0.015681,
 -9.241670 -0.823880 -9.087039 -21.904024 0.024778 -0.010695 0.007982 -0.067221,
 -11.774532 -5.023597 -0.466542 -4.935943 -0.125758 -0.022893 0.046772 -0.024218,
 -5.218745 -11.236712 -5.185620 -0.480033 -0.148175 0.233033 0.019466 -0.018965,
 -0.479512 -4.939850 -11.391174 -4.881662 -0.022661 0.175639 -0.352249 -0.145541,
 -5.180089 -0.446602 -4.831795 -11.106387 -0.042161 -0.000822 -0.146665 -0.197843,
