Low-band skewness and kurtosis
 -11.360771 145.549759,
 -6.995280 58.380356,
 -3.709822 19.238998,
 -0.435435 8.090144,

High-band variance
 17.460129,

Skewness, kurtosis, variance, mean, maximum and minimum of the reconstructed texture
 -11.456273 138.699554 328.063660 253.299576 255.000000 0.000000,

Auto-correlations of the low-frequency bands at each scale
 -2.132754 -4.244934 -1.246858 2.259917 0.210634 -0.849166 3.353464 -4.416003 11.521058 53.868011 79.689835 55.754368 16.689245 4.154804 -0.378174 54.858307 164.410751 225.754562 165.932907 59.200062 6.718505 6.187115 82.704216 226.730804 305.855499 226.730804 82.704216 6.187115 6.718506 59.200062 165.932907 225.754562 164.410736 54.858311 -0.378175 4.154805 16.689241 55.754372 79.689835 53.868011 11.521059 -4.416002 3.353464 -0.849166 0.210635 2.259917 -1.246858 -4.244933 -2.132754,
 5.703406 1.996931 -4.426500 -6.284868 -3.228628 3.186540 6.370239 -0.793343 -13.517412 -8.088325 3.611715 -4.133421 -7.205308 5.513168 -8.726437 -8.385386 50.488567 97.998390 54.760586 -1.561043 -2.358059 -8.887179 5.855309 100.017624 167.837631 100.017632 5.855308 -8.887178 -2.358059 -1.561043 54.760578 97.998390 50.488571 -8.385386 -8.726437 5.513168 -7.205308 -4.133422 3.611715 -8.088324 -13.517412 -0.793343 6.370240 3.186540 -3.228628 -6.284867 -4.426500 1.996931 5.703405,
 7.015952 5.212883 2.418278 0.652968 0.257453 2.891863 3.893167 6.390861 -1.290134 -2.221165 1.104306 -1.790115 -1.840513 3.057718 1.278748 -4.283850 12.991579 30.339422 15.831820 -1.605001 1.242952 -0.364030 -0.774136 29.472244 53.775822 29.472244 -0.774136 -0.364030 1.242952 -1.605001 15.831820 30.339422 12.991579 -4.283850 1.278748 3.057718 -1.840513 -1.790115 1.104306 -2.221165 -1.290134 6.390861 3.893168 2.891863 0.257453 0.652968 2.418278 5.212883 7.015952,
 1.014576 1.317131 0.733887 -0.146483 -0.176694 0.496532 0.900762 1.256873 0.623362 0.086359 -0.125163 -0.238404 0.339720 1.098530 0.588994 0.042179 2.247699 4.322420 2.549126 0.469304 0.686720 0.233905 0.364966 4.464853 7.689775 4.464853 0.364966 0.233905 0.686720 0.469304 2.549126 4.322420 2.247699 0.042179 0.588994 1.098530 0.339720 -0.238403 -0.125163 0.086359 0.623362 1.256873 0.900762 0.496532 -0.176694 -0.146483 0.733887 1.317131 1.014576,

Auto-correlations of the modulus of each oriented sub-band
 12.879781 14.625867 15.965113 16.673140 16.627193 15.877687 14.585974 23.360733 27.562967 30.649437 31.952736 31.167480 28.543016 24.702869 34.441776 41.442513 46.528996 48.487579 46.788380 41.943085 35.145763 39.513222 47.728291 53.672424 55.870613 53.672424 47.728302 39.513222 35.145767 41.943081 46.788380 48.487579 46.528996 41.442509 34.441776 24.702869 28.543015 31.167480 31.952734 30.649433 27.562967 23.360731 14.585974 15.877684 16.627193 16.673138 15.965113 14.625868 12.879781,
 28.674006 33.301655 33.332863 28.592722 21.270079 14.275224 9.344089 33.197720 41.739166 45.179241 41.660702 32.820824 22.564367 14.263899 33.216957 45.166496 53.073616 53.064129 45.037899 32.831066 21.238773 28.516481 41.667007 53.077217 57.667439 53.077217 41.667015 28.516481 21.238775 32.831062 45.037899 53.064129 53.073616 45.166504 33.216957 14.263899 22.564367 32.820824 41.660702 45.179241 41.739166 33.197720 9.344089 14.275225 21.270079 28.592726 33.332863 33.301655 28.674004,
 13.937150 24.341425 35.163860 39.910389 35.253540 24.771923 14.857785 15.536673 28.376131 42.065590 48.159039 42.180824 28.770693 16.303259 16.761475 31.323162 47.077549 54.147724 47.154861 31.556492 17.196278 17.363310 32.488956 48.953434 56.362724 48.953430 32.488960 17.363312 17.196278 31.556490 47.154861 54.147724 47.077549 31.323168 16.761475 16.303259 28.770689 42.180824 48.159039 42.065582 28.376131 15.536673 14.857786 24.771923 35.253544 39.910389 35.163857 24.341425 13.937150,
 7.414693 12.810399 20.318518 28.094919 33.153908 33.378605 29.116953 12.769810 21.541380 32.241611 41.413940 45.136066 41.918449 33.743935 20.470274 32.386112 44.832451 53.009678 53.116791 45.376118 33.656387 28.491787 41.688801 53.093105 57.681969 53.093105 41.688801 28.491787 33.656387 45.376118 53.116791 53.009674 44.832451 32.386116 20.470274 33.743935 41.918446 45.136066 41.413940 32.241611 21.541380 12.769810 29.116957 33.378605 33.153908 28.094923 20.318518 12.810399 7.414692,
 8.419687 9.574169 10.663122 11.226046 11.001808 10.108207 8.885098 14.013866 18.405991 22.310184 24.113506 23.000175 19.566124 15.273653 22.942915 32.073425 39.944687 43.244099 40.397758 32.858677 23.852697 27.879814 39.399830 49.216312 53.145184 49.216316 39.399837 27.879814 23.852697 32.858681 40.397755 43.244099 39.944687 32.073425 22.942915 15.273653 19.566120 23.000175 24.113506 22.310186 18.405993 14.013868 8.885098 10.108207 11.001808 11.226046 10.663123 9.574171 8.419687,
 17.903320 22.470470 23.250118 19.246723 13.236651 8.624637 6.447432 21.799999 31.536732 36.746880 33.181652 23.400503 13.874717 8.475354 22.098331 36.290043 48.062122 48.801189 37.766197 23.012798 12.545757 18.084352 32.580788 48.668205 55.965958 48.668213 32.580788 18.084352 12.545757 23.012794 37.766193 48.801189 48.062130 36.290043 22.098333 8.475355 13.874719 23.400503 33.181652 36.746880 31.536728 21.799999 6.447433 8.624637 13.236653 19.246723 23.250118 22.470470 17.903320,
 8.558743 15.703855 25.449186 30.158737 25.266422 15.883307 9.169811 9.331540 19.964151 34.771282 42.162975 34.869198 20.524992 10.265155 10.251105 23.797047 42.772144 52.340343 42.918148 24.264509 10.934812 10.912345 25.543629 46.047493 56.412605 46.047497 25.543631 10.912344 10.934812 24.264511 42.918144 52.340343 42.772144 23.797047 10.251105 10.265156 20.524992 34.869198 42.162975 34.771282 19.964151 9.331540 9.169812 15.883307 25.266422 30.158733 25.449186 15.703855 8.558742,
 5.353170 7.108127 11.266551 16.998009 21.134050 20.903091 16.833527 6.431022 11.485807 20.828093 30.701969 34.750084 30.249817 20.887312 10.093388 20.381592 35.020905 46.165394 45.897015 34.705032 20.710182 15.971368 30.354717 46.130581 53.254379 46.130581 30.354717 15.971368 20.710182 34.705025 45.897015 46.165386 35.020905 20.381596 10.093389 20.887312 30.249811 34.750076 30.701969 20.828096 11.485809 6.431022 16.833527 20.903091 21.134047 16.998009 11.266554 7.108128 5.353170,
 4.331877 4.664296 5.021645 5.191986 5.066530 4.700433 4.243868 5.655431 6.707000 7.691962 8.070748 7.585709 6.492971 5.290331 7.693009 10.285044 12.650384 13.577018 12.485750 10.012558 7.334657 8.682009 12.217005 15.484185 16.866673 15.484185 12.217005 8.682009 7.334657 10.012557 12.485748 13.577018 12.650382 10.285044 7.693010 5.290331 6.492971 7.585709 8.070748 7.691963 6.706999 5.655431 4.243868 4.700434 5.066530 5.191986 5.021645 4.664295 4.331876,
 6.231765 7.490574 7.663331 6.555847 5.141496 4.270273 3.942203 7.298481 9.922982 11.377465 10.263883 7.559549 5.255226 4.135523 7.372323 11.275817 14.839954 15.024325 11.567317 7.415132 4.885661 6.238595 10.099460 15.006747 17.419405 15.006747 10.099460 6.238595 4.885661 7.415132 11.567318 15.024325 14.839954 11.275815 7.372324 4.135523 5.255226 7.559549 10.263883 11.377467 9.922980 7.298481 3.942203 4.270273 5.141496 6.555847 7.663331 7.490574 6.231765,
 4.085243 5.260446 7.163385 8.212761 7.054728 5.099155 3.815707 4.244011 6.162137 9.513105 11.452435 9.500298 6.111776 4.071100 4.389781 6.993197 11.702583 14.473465 11.714220 6.976164 4.279496 4.406476 7.330631 12.625942 15.761716 12.625942 7.330631 4.406476 4.279496 6.976164 11.714220 14.473465 11.702582 6.993197 4.389781 4.071100 6.111776 9.500298 11.452435 9.513103 6.162136 4.244011 3.815706 5.099155 7.054728 8.212761 7.163385 5.260446 4.085243,
 3.783733 3.808897 4.294796 5.419919 6.354042 6.070810 4.734054 3.683851 4.296690 6.115607 8.539776 9.530907 8.004500 5.400076 3.940104 5.883390 9.535863 12.774439 12.549918 9.074735 5.437883 4.715823 8.070842 12.636385 14.969615 12.636385 8.070842 4.715823 5.437884 9.074735 12.549918 12.774439 9.535861 5.883389 3.940104 5.400076 8.004500 9.530907 8.539776 6.115607 4.296690 3.683850 4.734053 6.070810 6.354042 5.419918 4.294796 3.808897 3.783733,

Pairwise cross-correlations of the modulus of all oriented sub-bands at the same scale (size QxQ)
 55.870609 51.179501 44.379696 51.481804,
 51.179501 57.667439 51.610844 48.765804,
 44.379696 51.610844 56.362717 51.350105,
 51.481804 48.765804 51.350105 57.681976,
 53.145172 50.014854 46.956860 49.256222,
 50.014854 55.965946 52.268635 46.967663,
 46.956860 52.268635 56.412590 50.422104,
 49.256222 46.967663 50.422104 53.254368,

Cross-correlations of the modulus of all oriented sub-bands with all oriented sub-bands at the coarser scale (size QxQ)
 49.514244 47.133972 43.949039 45.945976,
 47.279804 52.217678 49.057457 44.356609,
 42.737007 47.827660 51.292629 46.050732,
 47.565060 45.988129 48.906174 50.589821,
 24.010605 22.952820 20.277699 21.196417,
 23.668814 24.987400 22.393631 20.928022,
 22.421684 23.651735 23.082703 21.764915,
 22.700748 21.699039 21.099901 21.963499,

Cross-correlations of the real part of each oriented sub-band with both the real and imaginary part of all phase-doubled oriented sub-bands at the next coarser scale (Q matrices of size 1x2Q, which are computed and stored in a matrix of size Qx2Q)
 -20.922613 -9.700795 -0.748866 -9.257459 0.167481 0.076687 0.005825 -0.049386,
 -9.157461 -23.380270 -9.998488 -0.753380 0.069556 0.131597 0.032878 -0.012679,
 -0.744498 -10.421597 -22.161785 -9.353517 0.016713 0.024582 0.049370 -0.051035,
 -8.995614 -0.733259 -9.218073 -21.607100 0.069432 0.007298 0.015546 -0.115247,
 -13.280931 -5.983732 -0.497665 -5.527270 -0.080471 -0.045096 0.006184 0.082164,
 -5.941352 -13.714413 -5.827145 -0.503767 -0.055054 0.276601 0.055783 -0.029724,
 -0.458020 -6.000643 -12.480577 -4.980610 -0.000960 0.252549 0.189189 0.090442,
 -5.634392 -0.508734 -5.078031 -11.884198 -0.017075 0.008379 0.152285 0.271667,
