Low-band skewness and kurtosis
 -11.394955 146.149994,
 -7.135417 61.286900,
 -4.311254 24.870819,
 0.180423 5.813156,

High-band variance
 17.056343,

Skewness, kurtosis, variance, mean, maximum and minimum of the reconstructed texture
 -11.480490 139.206131 326.840546 253.307724 255.000000 0.000000,

Auto-correlations of the low-frequency bands at each scale
 17.221048 8.221621 7.977422 8.433355 1.724614 -0.121638 9.284864 14.662759 24.981100 63.173962 84.467331 54.620483 12.735156 3.271358 11.210917 62.595097 169.188965 227.148819 162.639832 52.906406 2.143890 6.977003 81.211533 225.466354 305.199341 225.466354 81.211540 6.977002 2.143890 52.906406 162.639862 227.148804 169.188965 62.595097 11.210917 3.271357 12.735154 54.620491 84.467323 63.173958 24.981104 14.662756 9.284865 -0.121638 1.724615 8.433355 7.977420 8.221622 17.221048,
 13.486326 7.700114 -1.033891 -3.936877 -1.150262 7.029625 12.209035 16.152798 4.506805 4.678145 9.890174 -0.869892 -3.619708 9.717458 7.907413 9.343751 61.667652 100.778702 54.378227 -0.588759 0.984927 -0.968659 11.538876 101.113068 166.123611 101.113068 11.538877 -0.968659 0.984927 -0.588760 54.378212 100.778702 61.667656 9.343752 7.907413 9.717458 -3.619707 -0.869893 9.890175 4.678146 4.506807 16.152796 12.209035 7.029624 -1.150262 -3.936877 -1.033890 7.700114 13.486326,
 7.419732 6.214323 4.352958 5.125723 7.295110 8.414923 8.515236 6.945311 3.398955 3.348008 4.996455 2.704526 3.599271 9.495394 5.683034 5.727232 22.450584 34.597740 19.230585 4.286390 9.152113 7.018092 8.511047 36.715244 58.491600 36.715244 8.511047 7.018091 9.152114 4.286389 19.230585 34.597740 22.450581 5.727231 5.683034 9.495394 3.599271 2.704525 4.996455 3.348008 3.398955 6.945311 8.515236 8.414923 7.295108 5.125724 4.352958 6.214324 7.419732,
 1.474777 1.402122 0.767173 0.945894 1.544642 1.909346 2.342750 1.605995 0.626555 0.223660 1.453215 2.292054 2.570613 2.891519 1.193067 0.523842 2.239277 4.917401 4.268551 2.592205 2.344817 1.421902 1.755668 4.946425 7.570023 4.946424 1.755668 1.421902 2.344817 2.592205 4.268551 4.917401 2.239277 0.523842 1.193067 2.891519 2.570613 2.292054 1.453215 0.223660 0.626555 1.605995 2.342750 1.909346 1.544642 0.945894 0.767173 1.402122 1.474777,

Auto-correlations of the modulus of each oriented sub-band
 20.953495 21.804123 22.175833 22.010239 21.297329 20.129162 18.643892 29.735569 33.155109 35.465538 36.121834 34.886047 32.005066 28.069555 38.768482 45.246929 49.897972 51.554039 49.693756 44.780396 38.002094 42.567577 50.562073 56.381454 58.535217 56.381454 50.562073 42.567566 38.002094 44.780396 49.693756 51.554050 49.897972 45.246929 38.768482 28.069555 32.005062 34.886047 36.121830 35.465530 33.155109 29.735569 18.643894 20.129162 21.297329 22.010239 22.175833 21.804123 20.953491,
 32.030354 35.082584 34.316196 29.606972 22.884926 16.794210 12.763964 36.152534 43.082119 45.544327 41.861248 33.496033 24.174528 16.978748 35.704418 46.199467 53.126263 52.839340 45.154026 33.844269 23.448347 30.684765 42.553413 53.064213 57.367645 53.064213 42.553413 30.684761 23.448345 33.844265 45.154022 52.839333 53.126255 46.199467 35.704414 16.978746 24.174528 33.496033 41.861248 45.544327 43.082119 36.152534 12.763964 16.794210 22.884926 29.606976 34.316196 35.082588 32.030354,
 18.625719 26.395908 35.659748 40.046719 35.558289 25.811911 17.354900 19.983181 30.051550 42.053665 47.761852 42.002445 29.569826 18.929365 20.743536 32.591682 46.721790 53.452457 46.711052 32.321033 20.145355 20.797216 33.425674 48.455093 55.580700 48.455093 33.425674 20.797216 20.145355 32.321030 46.711056 53.452457 46.721779 32.591682 20.743538 18.929365 29.569820 42.002449 47.761856 42.053658 30.051550 19.983181 17.354900 25.811903 35.558289 40.046711 35.659748 26.395912 18.625719,
 16.320898 20.230536 26.207087 32.723351 37.115532 37.264999 33.153587 20.424736 27.639303 36.971504 45.251980 48.705338 45.600849 37.612255 26.459158 37.116497 48.658943 56.414783 56.522617 48.980488 37.593922 33.098743 45.548824 56.525845 60.988396 56.525845 45.548824 33.098740 37.593925 48.980484 56.522617 56.414783 48.658939 37.116501 26.459152 37.612255 45.600845 48.705338 45.251980 36.971504 27.639305 20.424732 33.153587 37.264999 37.115536 32.723351 26.207083 20.230536 16.320896,
 17.072323 17.282330 17.188520 16.787672 16.120201 15.307982 14.482678 22.089310 24.918850 27.002922 27.443922 25.913692 23.036640 19.886560 28.342920 35.382893 41.375652 43.601467 40.752930 34.295082 27.125889 31.085154 40.476944 48.924355 52.445641 48.924355 40.476940 31.085154 27.125887 34.295082 40.752922 43.601467 41.375656 35.382885 28.342920 19.886557 23.036644 25.913687 27.443926 27.002926 24.918854 22.089308 14.482679 15.307981 16.120199 16.787672 17.188520 17.282330 17.072323,
 22.792095 25.217003 24.704697 21.285812 17.351336 14.927262 14.048348 26.380384 33.057674 36.035553 32.509613 24.930098 18.303291 14.989305 26.437981 37.052177 45.697666 45.713837 36.674038 25.398941 17.923513 22.633648 33.575607 46.122814 51.987846 46.122818 33.575607 22.633648 17.923513 25.398941 36.674038 45.713837 45.697670 37.052174 26.437981 14.989307 18.303293 24.930096 32.509613 36.035561 33.057671 26.380384 14.048348 14.927261 17.351334 21.285810 24.704702 25.217003 22.792095,
 17.712505 21.173464 26.943686 30.537670 27.250139 20.496935 15.828307 18.739574 24.496647 34.163605 39.829102 34.067078 23.450417 16.775732 19.197588 27.085545 40.444523 48.201374 40.269157 26.327669 17.932589 18.884903 27.814228 42.910233 51.668663 42.910233 27.814228 18.884903 17.932589 26.327669 40.269157 48.201374 40.444523 27.085545 19.197588 16.775730 23.450417 34.067078 39.829102 34.163605 24.496645 18.739576 15.828306 20.496935 27.250139 30.537670 26.943691 21.173464 17.712503,
 17.150318 18.356083 21.081188 24.959654 27.631159 26.939604 23.494448 19.318956 23.068172 29.905703 37.148609 39.649742 35.351612 27.755136 22.748888 30.667103 42.252430 51.090851 50.227673 40.470333 29.214106 26.842512 38.230515 51.429260 57.582684 51.429260 38.230518 26.842512 29.214106 40.470329 50.227669 51.090843 42.252438 30.667103 22.748884 27.755138 35.351608 39.649738 37.148613 29.905708 23.068176 19.318956 23.494448 26.939598 27.631159 24.959654 21.081190 18.356087 17.150318,
 8.104860 8.053323 7.992090 7.853049 7.586194 7.231165 6.875728 8.694616 9.240538 9.768398 9.937629 9.542286 8.738993 7.865132 9.642620 11.404895 13.141882 13.923969 13.224612 11.449007 9.499077 10.314221 12.877721 15.355302 16.430326 15.355303 12.877721 10.314221 9.499077 11.449008 13.224612 13.923968 13.141882 11.404895 9.642620 7.865131 8.738993 9.542286 9.937627 9.768398 9.240537 8.694616 6.875727 7.231165 7.586195 7.853049 7.992090 8.053323 8.104861,
 8.086434 8.512926 8.587360 8.248218 7.856525 7.387994 6.786149 8.853189 10.226439 11.123975 10.466825 9.046193 7.980049 7.274313 8.949700 11.211231 13.695302 13.870738 11.481964 9.060478 7.718437 8.365662 10.540446 13.836193 15.723711 13.836193 10.540446 8.365661 7.718438 9.060478 11.481964 13.870738 13.695302 11.211231 8.949699 7.274314 7.980049 9.046192 10.466825 11.123974 10.226439 8.853189 6.786150 7.387994 7.856526 8.248218 8.587360 8.512924 8.086434,
 9.355966 9.951781 11.369714 12.093451 10.959545 9.451642 9.035015 9.702969 10.831948 13.488325 14.991622 13.182034 10.543558 9.621611 9.952069 11.541789 15.387097 17.751692 15.217749 11.413836 9.974069 10.071351 11.794453 16.135778 18.969284 16.135778 11.794453 10.071352 9.974069 11.413836 15.217748 17.751692 15.387096 11.541789 9.952069 9.621611 10.543558 13.182034 14.991621 13.488325 10.831946 9.702969 9.035015 9.451642 10.959545 12.093451 11.369713 9.951781 9.355967,
 8.866846 8.926291 9.301771 9.800579 9.924365 9.459197 8.733170 9.066653 9.735867 11.142004 12.749649 13.169315 11.990833 10.341631 9.748844 11.475492 14.332873 16.804361 16.479609 13.811903 11.169334 10.746100 13.425328 17.002960 18.922119 17.002956 13.425326 10.746100 11.169334 13.811903 16.479607 16.804361 14.332872 11.475492 9.748844 10.341629 11.990833 13.169315 12.749650 11.142003 9.735866 9.066652 8.733170 9.459197 9.924365 9.800578 9.301772 8.926290 8.866847,

Pairwise cross-correlations of the modulus of all oriented sub-bands at the same scale (size QxQ)
 58.535221 52.549129 45.980675 54.084000,
 52.549129 57.367626 51.056950 50.226528,
 45.980675 51.056950 55.580704 52.450111,
 54.084000 50.226528 52.450111 60.988373,
 52.445629 47.310577 44.291740 49.995205,
 47.310577 51.987843 46.730911 47.336193,
 44.291740 46.730911 51.668667 50.175755,
 49.995205 47.336193 50.175755 57.582676,

Cross-correlations of the modulus of all oriented sub-bands with all oriented sub-bands at the coarser scale (size QxQ)
 48.561226 46.806702 43.460098 48.744644,
 44.969002 48.586071 45.954102 45.614498,
 41.319962 44.999874 48.125439 47.113926,
 47.284393 45.704071 48.370140 53.513027,
 22.523497 21.687660 23.085388 23.384583,
 21.614759 22.282213 23.683430 22.700672,
 21.043903 21.591110 24.974001 23.971294,
 23.138908 22.097378 25.959206 26.521828,

Cross-correlations of the real part of each oriented sub-band with both the real and imaginary part of all phase-doubled oriented sub-bands at the next coarser scale (Q matrices of size 1x2Q, which are computed and stored in a matrix of size Qx2Q)
 -19.873592 -8.007415 -0.844421 -9.285060 0.106181 0.059413 0.002515 -0.045073,
 -8.305979 -18.321291 -7.930149 -0.727249 0.054416 0.104192 0.054955 0.009098,
 -0.735508 -7.801594 -19.131916 -9.903270 0.003932 0.043286 0.060191 0.025226,
 -8.880636 -0.672540 -9.194273 -22.353725 0.058203 0.000677 -0.012084 -0.052421,
 -9.080022 -3.741993 -0.576238 -4.347714 0.053720 -0.259977 0.020159 0.180821,
 -3.987172 -8.391886 -4.217703 -0.457925 -0.101549 -0.446831 -0.112324 -0.025070,
 -0.398835 -3.826398 -10.299954 -5.293898 -0.058536 -0.081013 -0.177134 0.395795,
 -3.984717 -0.398543 -5.279355 -10.885391 -0.084268 0.000910 0.010336 0.794745,
