Low-band skewness and kurtosis
 -11.318554 144.608383,
 -6.792780 54.971256,
 -3.461263 16.341061,
 -1.332551 7.822971,

High-band variance
 17.534924,

Skewness, kurtosis, variance, mean, maximum and minimum of the reconstructed texture
 -11.402279 137.409302 330.214630 253.286118 255.000000 0.000000,

Auto-correlations of the low-frequency bands at each scale
 0.191828 -4.266477 -3.276294 -0.365938 -2.388643 -3.682088 0.115965 -4.811687 9.637767 51.613411 78.017159 53.411690 11.857965 -2.620104 -2.325396 52.322369 163.587524 226.471512 164.974106 54.281994 -0.136848 2.013187 79.239822 226.781174 307.915253 226.781158 79.239822 2.013187 -0.136847 54.281994 164.974106 226.471512 163.587524 52.322372 -2.325396 -2.620104 11.857965 53.411701 78.017174 51.613407 9.637767 -4.811687 0.115965 -3.682087 -2.388640 -0.365937 -3.276295 -4.266478 0.191828,
 10.205014 5.067120 -4.964562 -10.028472 -8.857947 -2.443559 1.575717 4.860403 -7.279979 -5.498912 2.247825 -7.626048 -11.486574 0.647135 -7.252153 -6.597531 50.537186 96.260490 51.684246 -4.889037 -4.521125 -9.836315 3.299644 96.998100 165.067673 96.998100 3.299643 -9.836317 -4.521125 -4.889037 51.684238 96.260490 50.537186 -6.597531 -7.252153 0.647136 -11.486573 -7.626047 2.247825 -5.498912 -7.279979 4.860403 1.575717 -2.443558 -8.857946 -10.028472 -4.964562 5.067120 10.205014,
 2.534760 2.461739 -1.555599 -3.940068 -0.307106 6.070251 7.523769 2.887452 -0.453407 -2.343479 -2.337008 -3.895589 -0.448051 4.780951 1.903959 0.121304 15.331601 27.709059 12.114954 -3.290624 -0.154657 -0.116876 0.606792 28.600044 51.072575 28.600044 0.606792 -0.116876 -0.154657 -3.290625 12.114954 27.709055 15.331603 0.121304 1.903958 4.780951 -0.448051 -3.895589 -2.337008 -2.343478 -0.453407 2.887451 7.523769 6.070251 -0.307106 -3.940067 -1.555599 2.461739 2.534760,
 0.809382 0.514335 -0.244575 0.078622 1.230873 1.499955 0.946905 0.893643 0.448745 -0.060858 0.107700 0.392881 0.651570 0.916805 0.387528 0.280307 2.223539 3.834807 2.115993 0.153290 0.418357 0.038044 0.285628 4.041684 6.900414 4.041684 0.285628 0.038044 0.418357 0.153290 2.115993 3.834807 2.223539 0.280307 0.387528 0.916805 0.651571 0.392881 0.107700 -0.060858 0.448744 0.893643 0.946905 1.499955 1.230873 0.078622 -0.244575 0.514335 0.809382,

Auto-correlations of the modulus of each oriented sub-band
 14.292470 15.748878 16.712812 16.999598 16.535347 15.423190 13.868995 24.582731 28.796051 31.796303 32.903343 31.839203 28.906816 24.796625 35.824223 43.036449 48.238991 50.172852 48.315777 43.211834 36.120007 40.968102 49.472805 55.625668 57.896183 55.625660 49.472805 40.968094 36.120007 43.211830 48.315777 50.172844 48.238991 43.036449 35.824219 24.796625 28.906816 31.839207 32.903343 31.796303 28.796051 24.582727 13.868996 15.423190 16.535349 16.999598 16.712812 15.748878 14.292470,
 30.043261 34.598568 34.322681 29.000990 20.923508 13.227119 7.834675 34.404991 43.208927 46.700939 42.843781 33.311928 22.267437 13.363732 34.097740 46.554516 54.839340 54.804867 46.263523 33.292572 21.012072 28.916037 42.720608 54.747734 59.609283 54.747734 42.720615 28.916037 21.012072 33.292568 46.263523 54.804867 54.839344 46.554523 34.097740 13.363732 22.267433 33.311935 42.843781 46.700939 43.208935 34.404984 7.834676 13.227119 20.923508 29.000992 34.322685 34.598568 30.043261,
 14.629623 25.054518 36.089706 40.873615 35.815868 24.501261 13.696615 16.120127 29.263983 43.360058 49.553833 43.183922 28.921669 15.518760 17.091988 32.226574 48.575390 55.828217 48.490639 32.071423 16.805744 17.354984 33.263874 50.465595 58.142990 50.465584 33.263878 17.354984 16.805744 32.071419 48.490627 55.828217 48.575382 32.226574 17.091988 15.518760 28.921669 43.183918 49.553829 43.360058 29.263983 16.120125 13.696617 24.501259 35.815868 40.873615 36.089706 25.054520 14.629623,
 8.316791 13.242890 20.512711 28.242477 33.307518 33.401043 28.754705 13.385336 21.981186 32.765312 42.101852 45.856274 42.364445 33.631943 20.845922 32.918697 45.701797 54.115700 54.164024 46.006607 33.700310 28.689604 42.324066 54.180668 58.949329 54.180668 42.324066 28.689604 33.700310 46.006607 54.164024 54.115700 45.701801 32.918701 20.845922 33.631943 42.364441 45.856274 42.101849 32.765308 21.981186 13.385335 28.754700 33.401043 33.307522 28.242477 20.512711 13.242892 8.316792,
 9.214407 9.790752 10.000036 9.658623 8.820322 7.849179 7.096014 15.620120 19.534773 22.775185 23.767048 21.842886 17.921413 13.643082 24.020256 32.999371 40.808540 43.896015 40.533207 32.488461 23.285658 28.187708 39.855507 50.065918 54.249596 50.065918 39.855515 28.187708 23.285658 32.488461 40.533203 43.896015 40.808540 32.999371 24.020258 13.643082 17.921410 21.842886 23.767048 22.775185 19.534773 15.620120 7.096014 7.849179 8.820322 9.658623 10.000035 9.790754 9.214406,
 17.954109 21.850803 21.467487 16.287539 9.695243 5.397628 4.234958 22.414505 31.834356 36.418274 31.896746 21.229704 11.380114 6.338149 22.636568 36.710968 48.370754 48.741295 37.031296 21.787960 11.361659 17.965700 32.453018 48.819012 56.306995 48.819012 32.453018 17.965700 11.361660 21.787960 37.031292 48.741295 48.370762 36.710968 22.636568 6.338150 11.380112 21.229704 31.896746 36.418285 31.834356 22.414505 4.234958 5.397627 9.695243 16.287539 21.467491 21.850803 17.954109,
 9.473365 15.113572 23.371243 27.518009 22.761539 13.908812 8.345810 10.606326 19.665428 33.054192 39.850243 32.392849 18.299986 9.177625 11.229387 23.228643 41.127979 50.364513 40.713253 22.340376 10.257239 11.092990 24.309673 44.197300 54.588757 44.197308 24.309673 11.092991 10.257239 22.340374 40.713253 50.364506 41.127979 23.228643 11.229388 9.177625 18.299986 32.392845 39.850243 33.054199 19.665428 10.606326 8.345810 13.908812 22.761536 27.518009 23.371244 15.113572 9.473365,
 6.777333 7.982883 11.422178 16.596779 20.460716 20.191523 16.460123 8.821842 13.151407 21.561077 30.683258 34.209843 29.510443 20.643301 12.742743 22.160963 35.969078 46.573841 45.932411 34.810177 21.558880 18.035852 31.532505 46.841122 53.881561 46.841122 31.532505 18.035852 21.558880 34.810177 45.932407 46.573841 35.969078 22.160965 12.742742 20.643301 29.510443 34.209835 30.683262 21.561083 13.151407 8.821842 16.460123 20.191523 20.460714 16.596779 11.422181 7.982883 6.777334,
 3.593263 3.613454 3.682929 3.806541 3.933783 4.001125 3.973596 4.533457 5.318866 6.067597 6.407805 6.123808 5.371904 4.527551 6.241034 8.518435 10.641906 11.533333 10.618134 8.414266 6.037972 7.137406 10.384768 13.446709 14.755046 13.446709 10.384767 7.137406 6.037973 8.414266 10.618134 11.533334 10.641906 8.518435 6.241034 4.527551 5.371904 6.123808 6.407804 6.067597 5.318865 4.533456 3.973597 4.001125 3.933783 3.806541 3.682930 3.613454 3.593263,
 5.194575 5.850451 5.729479 4.836276 4.013128 3.687151 3.616700 6.097471 8.064068 9.159869 8.157262 5.979413 4.348941 3.630711 6.116879 9.287398 12.357676 12.544343 9.519609 6.091008 4.094960 5.159493 8.335862 12.563939 14.749576 12.563937 8.335862 5.159493 4.094960 6.091008 9.519609 12.544345 12.357674 9.287397 6.116879 3.630711 4.348942 5.979413 8.157262 9.159869 8.064068 6.097470 3.616700 3.687151 4.013129 4.836276 5.729479 5.850451 5.194574,
 4.398775 5.058672 6.471834 7.491083 6.838395 5.432736 4.636772 4.659549 6.197004 9.054134 10.849728 9.293187 6.348618 4.573885 4.779188 7.209343 11.526777 14.115286 11.633269 7.212842 4.595840 4.715193 7.602577 12.607982 15.536317 12.607982 7.602576 4.715193 4.595840 7.212842 11.633270 14.115286 11.526777 7.209343 4.779189 4.573884 6.348618 9.293187 10.849727 9.054134 6.197004 4.659549 4.636771 5.432735 6.838395 7.491083 6.471834 5.058671 4.398776,
 3.420381 3.619210 4.488434 5.912932 7.118730 7.162804 6.125931 3.833561 4.810199 7.023431 9.774954 11.025563 9.588405 6.817691 4.596401 6.994645 11.076192 14.637256 14.462787 10.684081 6.617166 5.662930 9.496927 14.489082 17.033836 14.489082 9.496925 5.662930 6.617166 10.684083 14.462788 14.637256 11.076192 6.994645 4.596401 6.817691 9.588405 11.025562 9.774954 7.023431 4.810199 3.833560 6.125931 7.162804 7.118731 5.912932 4.488434 3.619209 3.420380,

Pairwise cross-correlations of the modulus of all oriented sub-bands at the same scale (size QxQ)
 57.896183 53.155251 46.004921 52.780933,
 53.155251 59.609272 53.168182 50.138504,
 46.004921 53.168182 58.142979 53.072346,
 52.780933 50.138504 53.072346 58.949345,
 54.249599 51.139729 47.308384 50.209606,
 51.139729 56.306988 51.447224 48.135788,
 47.308384 51.447224 54.588768 49.841934,
 50.209606 48.135788 49.841934 53.881554,

Cross-correlations of the modulus of all oriented sub-bands with all oriented sub-bands at the coarser scale (size QxQ)
 50.691093 48.385113 44.222828 47.157711,
 48.999687 52.996632 49.120335 45.841888,
 44.140804 48.520306 51.288689 47.401134,
 48.366001 46.489285 48.730694 51.464767,
 22.381283 20.820187 21.049364 22.821623,
 21.872662 22.301846 22.581341 22.331810,
 20.661152 21.253355 23.498867 23.161066,
 21.539785 19.770716 22.201183 24.113701,

Cross-correlations of the real part of each oriented sub-band with both the real and imaginary part of all phase-doubled oriented sub-bands at the next coarser scale (Q matrices of size 1x2Q, which are computed and stored in a matrix of size Qx2Q)
 -22.478174 -10.070753 -0.735983 -9.920400 0.004036 -0.000762 -0.002312 0.002491,
 -9.723648 -23.879347 -9.932914 -0.750662 -0.006216 0.003898 0.007244 0.000815,
 -0.756678 -10.278852 -22.627447 -9.795660 0.000752 -0.000631 0.022627 0.011700,
 -9.665421 -0.716724 -9.494267 -23.062298 0.012124 -0.001636 0.002798 0.008601,
 -11.817751 -5.109406 -0.574751 -5.693705 -0.062964 -0.042397 -0.018250 0.015333,
 -5.097522 -11.913472 -5.480340 -0.467877 -0.024096 -0.102669 -0.008281 0.013855,
 -0.540032 -5.367956 -12.760658 -6.043379 -0.006890 0.003323 -0.004935 -0.039142,
 -5.415120 -0.469248 -5.941214 -13.639168 -0.040536 0.008743 -0.045161 -0.057755,
