Low-band skewness and kurtosis
 -11.517461 149.693771,
 -7.069843 59.412167,
 -4.564538 28.937796,
 -0.026408 7.668059,

High-band variance
 17.406918,

Skewness, kurtosis, variance, mean, maximum and minimum of the reconstructed texture
 -11.566357 141.270660 323.365448 253.329254 255.000000 0.000000,

Auto-correlations of the low-frequency bands at each scale
 21.551304 7.822834 4.886014 5.763251 1.077574 -0.183757 7.103867 17.498508 21.092258 57.194901 80.968384 54.981449 14.829729 3.374744 14.158454 58.895435 163.245544 223.292496 162.555756 55.633938 5.020409 10.746278 81.173912 222.567886 301.335876 222.567917 81.173920 10.746277 5.020409 55.633934 162.555756 223.292496 163.245529 58.895435 14.158453 3.374744 14.829729 54.981457 80.968399 57.194901 21.092262 17.498508 7.103868 -0.183757 1.077575 5.763251 4.886012 7.822835 21.551304,
 16.033632 10.702113 1.521119 -3.140750 -2.298177 4.106868 8.245481 21.065975 10.263330 6.636880 7.929393 -2.989431 -5.190393 6.657218 15.262621 17.068813 62.585484 96.742287 53.032925 1.406697 0.759378 4.299398 18.183004 101.343422 161.660965 101.343422 18.183006 4.299398 0.759378 1.406697 53.032917 96.742271 62.585484 17.068811 15.262621 6.657218 -5.190393 -2.989430 7.929393 6.636880 10.263331 21.065975 8.245482 4.106867 -2.298177 -3.140750 1.521119 10.702114 16.033632,
 7.459629 5.787741 2.008468 0.821840 3.828223 8.207699 10.475711 10.785295 6.389783 3.850015 2.593355 -0.644380 1.257167 8.032478 10.566290 10.938907 25.838930 34.965359 17.920038 1.327860 3.858473 6.251709 10.194424 38.839722 59.874966 38.839722 10.194423 6.251709 3.858473 1.327861 17.920036 34.965363 25.838930 10.938907 10.566288 8.032478 1.257167 -0.644380 2.593356 3.850015 6.389782 10.785295 10.475711 8.207701 3.828223 0.821840 2.008468 5.787740 7.459629,
 1.063369 0.819987 0.411289 -0.081654 0.447779 1.855109 2.347605 1.584139 0.610471 0.236323 0.603672 1.194967 2.247208 2.474529 1.081241 0.399922 2.316297 4.730777 3.950964 2.396525 1.845561 1.071199 1.567839 5.061270 7.779338 5.061270 1.567839 1.071198 1.845561 2.396525 3.950964 4.730777 2.316297 0.399922 1.081241 2.474529 2.247208 1.194967 0.603672 0.236323 0.610472 1.584139 2.347605 1.855109 0.447779 -0.081654 0.411289 0.819988 1.063369,

Auto-correlations of the modulus of each oriented sub-band
 21.824501 22.460810 22.518776 21.950998 20.807377 19.264393 17.530607 31.087746 34.257839 36.212738 36.410854 34.693115 31.434181 27.322590 40.354519 46.565376 50.906685 52.202862 49.993057 44.873398 38.104614 43.662224 51.462543 57.185566 59.317329 57.185566 51.462543 43.662220 38.104618 44.873394 49.993057 52.202862 50.906677 46.565376 40.354515 27.322586 31.434177 34.693115 36.410858 36.212738 34.257839 31.087742 17.530607 19.264393 20.807379 21.950996 22.518780 22.460812 21.824501,
 34.011616 37.118813 36.092838 30.900211 23.701759 17.184074 12.811470 38.655777 45.690849 48.121445 44.190998 35.539257 25.905567 18.375025 38.673126 49.193138 56.146240 55.798550 48.026424 36.587360 26.009527 33.770370 45.667110 56.197910 60.503014 56.197910 45.667118 33.770370 26.009531 36.587360 48.026424 55.798557 56.146240 49.193146 38.673130 18.375027 25.905563 35.539249 44.190998 48.121445 45.690857 38.655773 12.811470 17.184074 23.701756 30.900211 36.092838 37.118813 34.011616,
 19.259550 26.885939 35.910191 39.981495 35.255676 25.495008 17.057646 20.701309 30.591352 42.376335 47.840206 41.891415 29.500576 18.961727 21.452530 33.092461 47.019646 53.596230 46.772129 32.500530 20.497982 21.387497 33.806236 48.659801 55.739685 48.659801 33.806240 21.387497 20.497980 32.500526 46.772129 53.596230 47.019646 33.092468 21.452532 18.961725 29.500576 41.891415 47.840206 42.376335 30.591352 20.701307 17.057646 25.495008 35.255676 39.981495 35.910191 26.885939 19.259550,
 16.940355 19.831312 24.688997 30.444895 34.485352 34.501072 30.421373 20.543764 26.490225 34.759541 42.508217 45.789955 42.665745 34.912933 25.741547 35.109482 45.838730 53.343021 53.402569 45.997231 35.212646 31.437744 42.855827 53.385860 57.806534 53.385860 42.855827 31.437742 35.212646 45.997227 53.402569 53.343021 45.838730 35.109482 25.741547 34.912933 42.665737 45.789959 42.508217 34.759541 26.490225 20.543764 30.421375 34.501072 34.485355 30.444895 24.688997 19.831316 16.940355,
 14.812554 14.999330 14.791338 14.192321 13.357260 12.566684 12.043436 20.303255 22.663771 24.415483 24.681000 23.072115 20.197922 17.225866 26.441158 32.619034 38.083996 40.211353 37.509285 31.295628 24.488585 28.774645 37.367126 45.238052 48.567421 45.238052 37.367126 28.774641 24.488586 31.295622 37.509285 40.211349 38.083996 32.619038 26.441156 17.225866 20.197922 23.072113 24.681000 24.415487 22.663774 20.303255 12.043438 12.566684 13.357260 14.192323 14.791339 14.999330 14.812551,
 20.962681 22.956596 22.467154 19.045345 14.919319 12.288781 11.229871 25.026739 30.868250 33.740082 30.411671 23.017168 16.596497 13.315284 25.673712 35.041203 43.198872 43.380173 34.738735 24.155348 17.247623 22.281473 32.069477 43.762741 49.418182 43.762741 32.069481 22.281473 17.247625 24.155348 34.738735 43.380165 43.198875 35.041206 25.673712 13.315284 16.596497 23.017166 30.411671 33.740086 30.868250 25.026739 11.229871 12.288781 14.919317 19.045349 22.467154 22.956596 20.962681,
 17.495857 21.083279 26.783257 29.910797 26.215708 19.572172 15.552855 19.076355 25.096087 34.716866 40.030880 34.141594 23.582415 17.209782 19.990192 28.169018 41.409740 48.823883 41.048618 27.205387 18.826757 19.893772 29.011864 43.965042 52.409657 43.965042 29.011864 19.893772 18.826757 27.205387 41.048611 48.823883 41.409744 28.169018 19.990192 17.209778 23.582415 34.141594 40.030880 34.716873 25.096087 19.076353 15.552855 19.572172 26.215704 29.910797 26.783257 21.083279 17.495859,
 16.706505 17.623041 20.125004 23.719734 26.094807 25.196922 21.812595 19.531536 22.763081 28.806637 35.416290 37.674114 33.408268 26.154440 23.045153 29.979391 40.395977 48.654633 47.793224 38.487774 28.014603 26.483822 36.740643 48.971973 54.853436 48.971973 36.740646 26.483822 28.014606 38.487774 47.793217 48.654633 40.395977 29.979395 23.045149 26.154442 33.408268 37.674114 35.416290 28.806643 22.763083 19.531532 21.812595 25.196922 26.094801 23.719734 20.125006 17.623043 16.706501,
 6.367072 6.359860 6.302686 6.199818 6.071490 5.953325 5.842786 7.339472 7.864631 8.305519 8.464421 8.233345 7.712039 7.110363 8.966807 10.491876 11.928810 12.571335 11.963190 10.445371 8.768690 9.787089 12.026771 14.175178 15.115729 14.175178 12.026771 9.787089 8.768692 10.445372 11.963190 12.571334 11.928810 10.491875 8.966807 7.110363 7.712039 8.233344 8.464421 8.305519 7.864631 7.339472 5.842785 5.953326 6.071490 6.199818 6.302686 6.359860 6.367072,
 7.755445 7.836705 7.503611 6.823676 6.309297 6.155569 6.106193 8.535922 9.638294 10.049626 9.123309 7.683213 6.841949 6.621832 8.552002 10.645043 12.614472 12.503139 10.284662 8.136706 7.119423 7.853162 9.840834 12.720399 14.311708 12.720399 9.840834 7.853161 7.119423 8.136706 10.284664 12.503139 12.614472 10.645041 8.552002 6.621831 6.841948 7.683214 9.123309 10.049625 9.638292 8.535922 6.106193 6.155570 6.309298 6.823675 7.503611 7.836705 7.755445,
 10.267341 10.380117 11.062807 11.623320 10.787286 9.173334 8.116252 10.471715 11.282155 13.288450 14.671968 13.224684 10.551707 8.954041 10.427829 12.018041 15.379081 17.583994 15.419756 11.694430 9.639235 10.138810 12.229171 16.297676 18.849211 16.297676 12.229170 10.138810 9.639236 11.694430 15.419756 17.583994 15.379082 12.018041 10.427829 8.954041 10.551705 13.224682 14.671969 13.288448 11.282156 10.471715 8.116252 9.173334 10.787286 11.623319 11.062807 10.380117 10.267341,
 9.758139 9.691130 9.816390 10.429493 11.076678 10.867167 9.761374 10.238056 10.737596 12.096698 14.012346 14.792896 13.363131 11.012502 10.771260 12.460492 15.555231 18.363224 18.040483 14.809687 11.566736 11.344087 14.288911 18.351995 20.520702 18.351995 14.288911 11.344086 11.566735 14.809688 18.040483 18.363224 15.555229 12.460490 10.771258 11.012502 13.363131 14.792896 14.012346 12.096696 10.737595 10.238055 9.761374 10.867169 11.076678 10.429493 9.816389 9.691128 9.758138,

Pairwise cross-correlations of the modulus of all oriented sub-bands at the same scale (size QxQ)
 59.317329 54.846050 46.223606 53.023243,
 54.846050 60.503006 52.305984 50.769054,
 46.223606 52.305984 55.739677 51.041328,
 53.023243 50.769054 51.041328 57.806511,
 48.567417 44.936943 42.989460 46.748356,
 44.936943 49.418190 46.036026 44.807205,
 42.989460 46.036026 52.409657 48.757061,
 46.748356 44.807205 48.757061 54.853443,

Cross-correlations of the modulus of all oriented sub-bands with all oriented sub-bands at the coarser scale (size QxQ)
 47.272095 45.414139 43.896019 48.260529,
 45.544361 48.376926 47.406334 46.478638,
 40.404308 43.959694 48.479523 46.295189,
 44.988209 43.281502 46.863518 50.678707,
 20.916559 19.637394 21.423018 23.079973,
 20.580124 20.774446 22.416231 22.465763,
 20.624208 21.134098 25.261152 25.076061,
 22.146255 20.393246 24.849464 26.998264,

Cross-correlations of the real part of each oriented sub-band with both the real and imaginary part of all phase-doubled oriented sub-bands at the next coarser scale (Q matrices of size 1x2Q, which are computed and stored in a matrix of size Qx2Q)
 -18.490631 -7.757849 -0.866467 -8.658086 -0.267192 -0.103804 0.011640 0.102600,
 -7.683775 -18.627098 -8.271514 -0.793038 -0.119809 -0.137966 0.038663 -0.002211,
 -0.698402 -8.302522 -19.820913 -9.539598 -0.009468 0.033637 0.025471 -0.045819,
 -8.371834 -0.681986 -9.298644 -20.915373 -0.113930 0.032305 -0.015928 0.090796,
 -7.239113 -2.976745 -0.526669 -4.472145 0.323985 -0.354519 0.053733 -0.200872,
 -2.983930 -7.187916 -4.074837 -0.440321 -0.033012 -0.906780 -0.158596 -0.033877,
 -0.465982 -3.664461 -11.066860 -6.230896 0.071840 -0.334573 0.618835 0.389961,
 -3.613850 -0.443204 -5.923439 -12.321710 0.414763 -0.014311 0.840947 0.291656,
