Low-band skewness and kurtosis
 -11.490688 148.275116,
 -7.539323 68.714035,
 -5.058913 34.030998,
 2.480501 19.585779,

High-band variance
 17.088730,

Skewness, kurtosis, variance, mean, maximum and minimum of the reconstructed texture
 -11.550677 140.772003 325.902710 253.323074 255.000000 0.000000,

Auto-correlations of the low-frequency bands at each scale
 18.023432 16.736143 17.099844 14.980759 8.710647 8.327657 15.722439 13.418813 29.193239 67.479836 87.839241 61.913891 25.189959 16.196598 14.720770 67.655159 171.360916 227.620377 168.222992 65.534370 16.903675 17.502575 90.164803 228.311050 304.187622 228.311050 90.164803 17.502575 16.903673 65.534370 168.222961 227.620361 171.360916 67.655159 14.720771 16.196600 25.189957 61.913891 87.839226 67.479836 29.193239 13.418813 15.722439 8.327655 8.710650 14.980759 17.099838 16.736145 18.023434,
 18.162987 21.587543 20.061132 13.239551 5.132836 5.326749 10.979206 8.383623 6.461691 17.284994 22.722378 6.276590 -0.213599 13.862083 3.747510 9.618378 66.560623 106.554657 62.960979 12.055164 14.834920 9.298417 21.633291 107.086815 168.694061 107.086815 21.633291 9.298414 14.834921 12.055162 62.960972 106.554657 66.560623 9.618378 3.747508 13.862086 -0.213598 6.276591 22.722376 17.284994 6.461691 8.383622 10.979208 5.326749 5.132835 13.239552 20.061132 21.587545 18.162985,
 17.856276 19.049303 18.038654 13.779610 9.595063 10.409330 11.443322 20.462950 18.247868 19.280262 18.122536 10.546559 9.145707 12.972109 15.708013 14.405504 31.380041 43.998199 27.329800 10.201461 11.071857 11.158642 13.439360 42.017479 64.162460 42.017479 13.439360 11.158641 11.071857 10.201461 27.329798 43.998199 31.380045 14.405501 15.708012 12.972107 9.145705 10.546559 18.122536 19.280262 18.247864 20.462950 11.443321 10.409330 9.595063 13.779610 18.038652 19.049299 17.856276,
 -0.475272 -0.207078 0.210185 0.371876 1.714683 3.688990 3.374444 1.867259 1.272437 2.382474 3.553903 3.923516 4.797414 5.091889 5.449564 4.748986 7.792921 10.508946 8.522466 6.339144 6.797987 7.522820 7.159370 11.365416 14.842947 11.365416 7.159369 7.522820 6.797987 6.339144 8.522467 10.508946 7.792921 4.748986 5.449565 5.091889 4.797413 3.923516 3.553903 2.382473 1.272437 1.867259 3.374444 3.688990 1.714683 0.371876 0.210185 -0.207078 -0.475272,

Auto-correlations of the modulus of each oriented sub-band
 21.247643 22.466627 23.227690 23.422047 23.038816 22.167162 20.940350 28.736303 31.959045 34.252754 35.105282 34.326160 32.151752 29.083370 37.432465 43.127834 47.312099 48.894424 47.414536 43.350212 37.786339 41.549923 48.390163 53.468708 55.374500 53.468708 48.390167 41.549923 37.786339 43.350204 47.414528 48.894417 47.312096 43.127842 37.432461 29.083370 32.151752 34.326160 35.105278 34.252758 31.959045 28.736303 20.940353 22.167162 23.038816 23.422047 23.227690 22.466631 21.247643,
 33.436241 37.576950 37.937721 34.179325 28.158367 22.452663 18.489769 36.335030 43.720669 46.990147 44.236092 36.810867 28.330091 21.761051 36.018055 46.231815 53.346058 53.569313 46.603783 36.179562 26.715805 32.243996 43.302147 53.337032 57.507168 53.337032 43.302155 32.243992 26.715803 36.179565 46.603790 53.569317 53.346058 46.231815 36.018063 21.761051 28.330091 36.810867 44.236092 46.990139 43.720673 36.335030 18.489769 22.452663 28.158369 34.179321 37.937721 37.576950 33.436241,
 22.591726 30.706537 39.292709 42.600632 37.741123 28.356689 20.344095 23.141983 33.186321 44.386539 49.163151 43.343090 31.607658 21.674347 23.429239 34.899834 48.145279 54.157833 47.627419 34.104637 22.702387 23.303654 35.284302 49.402767 56.066601 49.402767 35.284309 23.303654 22.702389 34.104630 47.627419 54.157833 48.145279 34.899837 23.429235 21.674347 31.607658 43.343090 49.163151 44.386539 33.186321 23.141983 20.344099 28.356686 37.741123 42.600632 39.292713 30.706537 22.591724,
 19.431387 22.973024 28.082338 33.519535 36.998943 36.828453 33.270515 22.508261 28.938278 37.192142 44.500919 47.435627 44.606617 37.741814 27.796228 37.248356 47.618984 54.661312 54.714306 47.927361 37.974346 33.886410 44.873699 54.794628 58.914188 54.794628 44.873707 33.886410 37.974346 47.927361 54.714302 54.661312 47.618988 37.248356 27.796228 37.741821 44.606617 47.435627 44.500919 37.192146 28.938278 22.508259 33.270515 36.828453 36.998947 33.519535 28.082335 22.973026 19.431381,
 25.599709 26.221916 26.248934 25.444098 24.052170 22.654942 21.623209 27.337164 29.914389 32.205196 32.955387 31.605642 28.881561 25.963934 31.751410 37.727489 43.435055 46.010399 43.816441 38.202812 31.957861 34.666203 42.711937 50.277512 53.519474 50.277512 42.711941 34.666203 31.957861 38.202808 43.816444 46.010399 43.435055 37.727489 31.751410 25.963934 28.881561 31.605639 32.955383 32.205196 29.914389 27.337164 21.623209 22.654942 24.052172 25.444098 26.248934 26.221920 25.599709,
 27.031994 29.956581 30.415108 27.212601 22.706865 19.710430 18.827856 27.873880 33.814003 37.548897 34.998913 28.255026 22.538837 20.141129 27.490368 36.157410 44.640652 45.283154 37.114941 27.518162 22.116606 25.041653 33.493721 44.885769 50.686989 44.885777 33.493725 25.041651 22.116606 27.518162 37.114933 45.283154 44.640652 36.157410 27.490368 20.141130 22.538841 28.255028 34.998913 37.548901 33.814003 27.873880 18.827858 19.710432 22.706863 27.212603 30.415108 29.956581 27.031992,
 25.133511 29.538969 35.086586 36.302715 31.406044 25.240414 22.653612 25.518356 31.778061 41.004162 44.802773 38.478382 28.828861 24.008848 25.781515 33.481705 46.076794 52.487766 44.865440 32.031876 25.116762 25.720369 33.737183 47.816429 55.709251 47.816429 33.737183 25.720369 25.116764 32.031872 44.865440 52.487766 46.076797 33.481705 25.781515 24.008850 28.828859 38.478382 44.802765 41.004162 31.778065 25.518353 22.653612 25.240414 31.406042 36.302715 35.086594 29.538969 25.133511,
 24.394672 24.709148 25.535376 26.802805 27.411154 26.283636 24.130970 23.809536 25.788172 30.023386 34.891224 36.426651 33.042580 27.812647 24.954287 30.335564 39.083927 46.360443 45.678883 37.827744 29.443962 27.758858 36.224724 46.951035 52.338501 46.951035 36.224724 27.758858 29.443964 37.827740 45.678883 46.360443 39.083927 30.335567 24.954283 27.812647 33.042580 36.426651 34.891224 30.023386 25.788177 23.809534 24.130976 26.283636 27.411148 26.802805 25.535378 24.709148 24.394670,
 11.228391 11.476703 11.436123 10.988130 10.104479 8.953106 7.722743 11.615158 12.592010 13.258268 13.226789 12.334590 10.877989 9.282103 12.104012 14.132060 15.958435 16.568354 15.463177 13.306146 11.044234 12.202559 14.867307 17.486341 18.661991 17.486345 14.867307 12.202557 11.044235 13.306146 15.463177 16.568354 15.958436 14.132058 12.104012 9.282103 10.877989 12.334589 13.226788 13.258266 12.592010 11.615157 7.722743 8.953106 10.104479 10.988130 11.436125 11.476703 11.228391,
 10.865366 11.109744 10.874833 9.996723 8.725537 7.540112 6.563165 11.290108 12.442339 12.861441 12.024063 10.332392 8.683232 7.467525 10.879698 13.029009 14.803951 14.672373 12.610970 10.225825 8.497360 9.749468 12.032625 14.769310 16.160509 14.769308 12.032625 9.749466 8.497360 10.225825 12.610970 14.672373 14.803950 13.029009 10.879698 7.467525 8.683232 10.332392 12.024061 12.861441 12.442338 11.290108 6.563165 7.540112 8.725537 9.996723 10.874831 11.109744 10.865366,
 9.197978 9.393663 9.765182 9.877691 8.953504 7.559800 6.510011 9.047145 9.824902 11.276021 12.221092 10.936846 8.810130 7.508841 8.876558 10.213519 12.801302 14.575353 12.752103 9.825294 8.245076 8.661967 10.300590 13.495781 15.638828 13.495781 10.300590 8.661967 8.245077 9.825294 12.752105 14.575353 12.801300 10.213517 8.876557 7.508842 8.810129 10.936848 12.221092 11.276019 9.824900 9.047143 6.510012 7.559800 8.953504 9.877692 9.765182 9.393663 9.197976,
 9.484816 9.812742 10.392024 10.737328 10.414097 9.348378 7.832443 9.788926 10.684312 11.938488 13.040414 13.070496 11.504287 9.190734 10.020910 11.606766 14.013942 16.116455 15.709664 12.866689 9.926406 10.074898 12.585311 15.977631 17.826544 15.977631 12.585310 10.074898 9.926408 12.866689 15.709664 16.116457 14.013944 11.606765 10.020910 9.190734 11.504288 13.070496 13.040416 11.938488 10.684312 9.788925 7.832442 9.348378 10.414097 10.737327 10.392024 9.812742 9.484814,

Pairwise cross-correlations of the modulus of all oriented sub-bands at the same scale (size QxQ)
 55.374485 50.581360 44.820385 51.694378,
 50.581360 57.507156 51.397957 49.386883,
 44.820385 51.397957 56.066578 51.434589,
 51.694378 49.386883 51.434589 58.914177,
 53.519466 46.917076 47.777618 48.801960,
 46.917076 50.686989 48.967812 44.578587,
 47.777618 48.967812 55.709263 48.875099,
 48.801960 44.578587 48.875099 52.338493,

Cross-correlations of the modulus of all oriented sub-bands with all oriented sub-bands at the coarser scale (size QxQ)
 47.924500 44.231991 44.334118 44.930504,
 46.098988 47.424290 47.565296 43.386822,
 43.130329 44.442131 49.218334 44.685951,
 47.889755 44.391582 49.036900 49.348045,
 24.504223 22.469877 21.296585 22.774809,
 22.728231 21.979267 20.932236 21.418915,
 23.381809 23.065849 23.329062 23.347481,
 23.358019 21.657528 21.753557 23.438576,

Cross-correlations of the real part of each oriented sub-band with both the real and imaginary part of all phase-doubled oriented sub-bands at the next coarser scale (Q matrices of size 1x2Q, which are computed and stored in a matrix of size Qx2Q)
 -16.801315 -7.304925 -0.680620 -8.281602 0.227264 -0.052344 -0.059362 -0.405086,
 -7.047741 -17.709314 -7.792558 -0.722678 0.172273 0.106613 0.033223 0.047569,
 -0.761527 -8.028845 -17.496637 -7.977767 0.070372 0.115943 0.066019 -0.099681,
 -7.932843 -0.674587 -7.526583 -18.616272 0.193039 -0.045339 -0.010706 -0.862220,
 -8.292762 -3.024651 -0.317539 -4.328598 -0.373570 -0.073715 -0.022056 0.134954,
 -3.367812 -6.507806 -3.251832 -0.451905 -0.029588 -0.469506 0.430908 0.070812,
 -0.387862 -3.264529 -7.402182 -3.292142 0.040963 -0.103921 0.864896 -0.066865,
 -4.171360 -0.426401 -3.249101 -8.264734 -0.145869 0.061841 0.161297 -0.213407,
