Low-band skewness and kurtosis
 -11.328341 144.679672,
 -7.035719 58.976223,
 -4.308510 25.351400,
 0.537407 9.162606,

High-band variance
 17.730310,

Skewness, kurtosis, variance, mean, maximum and minimum of the reconstructed texture
 -11.420328 137.828583 329.617981 253.290512 255.000000 0.000000,

Auto-correlations of the low-frequency bands at each scale
 11.476187 7.067071 6.718418 7.194458 3.353164 2.016373 7.842476 13.106071 24.031769 59.228691 80.692604 55.575500 15.986845 3.803464 14.498024 64.702614 168.278320 226.485336 165.792175 58.188084 5.900827 12.235925 86.271927 228.579407 307.061462 228.579453 86.271935 12.235924 5.900827 58.188084 165.792175 226.485336 168.278320 64.702614 14.498022 3.803465 15.986845 55.575500 80.692604 59.228691 24.031769 13.106071 7.842476 2.016373 3.353163 7.194458 6.718418 7.067071 11.476187,
 14.697020 8.005244 -0.039646 -2.567343 1.495737 12.465594 16.657991 11.313296 -0.494772 2.555453 9.766964 0.344076 0.217696 12.825248 1.701705 5.622281 60.746929 101.414925 56.932480 4.022691 2.718163 -2.603366 14.186260 103.790337 167.949661 103.790344 14.186261 -2.603366 2.718163 4.022690 56.932480 101.414925 60.746929 5.622283 1.701704 12.825248 0.217695 0.344077 9.766965 2.555452 -0.494771 11.313296 16.657993 12.465593 1.495738 -2.567342 -0.039647 8.005246 14.697019,
 11.879772 13.349051 8.734171 4.116590 5.147359 9.018804 9.793453 10.761847 9.178979 7.005271 6.604922 4.034518 3.778890 8.154565 5.953986 5.326474 22.037067 36.424320 21.951931 3.295329 4.746513 3.221427 5.445384 36.199505 59.233467 36.199505 5.445382 3.221427 4.746514 3.295329 21.951929 36.424320 22.037067 5.326474 5.953986 8.154565 3.778891 4.034518 6.604922 7.005271 9.178979 10.761846 9.793452 9.018805 5.147360 4.116590 8.734171 13.349049 11.879771,
 1.085601 0.866689 0.728638 0.906046 1.602165 2.610326 2.883210 1.905266 0.644020 0.647035 1.595079 1.793404 2.110479 2.615822 2.837814 1.669821 3.578610 5.983503 4.347543 2.125124 2.232996 2.701795 2.557681 6.185213 9.226325 6.185213 2.557681 2.701795 2.232996 2.125124 4.347543 5.983503 3.578610 1.669821 2.837813 2.615822 2.110479 1.793404 1.595079 0.647036 0.644020 1.905266 2.883210 2.610326 1.602165 0.906046 0.728638 0.866689 1.085601,

Auto-correlations of the modulus of each oriented sub-band
 18.414625 19.592834 20.339264 20.509972 20.051739 19.053736 17.681620 27.173462 30.747419 33.229820 34.060379 33.016445 30.357815 26.665390 36.735054 43.177216 47.811813 49.497295 47.759113 43.078999 36.594452 41.043201 48.840599 54.511074 56.610744 54.511074 48.840607 41.043201 36.594452 43.078991 47.759117 49.497295 47.811813 43.177216 36.735046 26.665390 30.357815 33.016449 34.060379 33.229820 30.747423 27.173464 17.681620 19.053736 20.051743 20.509972 20.339264 19.592834 18.414625,
 31.327766 35.168304 35.156181 30.889669 24.294493 18.154465 14.074753 35.792007 43.359268 46.509171 43.243488 34.976944 25.546904 18.219530 35.872841 46.804638 54.257252 54.284584 46.604034 35.104439 24.525940 31.372692 43.505955 54.348133 58.806080 54.348133 43.505955 31.372692 24.525942 35.104435 46.604038 54.284584 54.257244 46.804638 35.872837 18.219530 25.546904 34.976944 43.243488 46.509163 43.359268 35.792007 14.074755 18.154461 24.294495 30.889669 35.156181 35.168304 31.327761,
 19.084484 28.077148 38.223164 42.919060 38.283485 28.008959 18.980837 20.521627 31.803410 44.696522 50.692123 44.724876 31.699997 20.373966 21.473461 34.411896 49.331661 56.298355 49.339951 34.338680 21.370693 21.773308 35.330910 51.029278 58.361450 51.029274 35.330910 21.773304 21.370697 34.338676 49.339962 56.298355 49.331657 34.411896 21.473461 20.373968 31.699995 44.724880 50.692123 44.696518 31.803411 20.521627 18.980837 28.008953 38.283489 42.919060 38.223160 28.077148 19.084482,
 14.641900 19.144722 25.426598 31.980976 36.242668 36.299889 32.346565 19.036844 26.606354 36.004314 44.179115 47.463139 44.326077 36.624237 25.384781 36.046047 47.473568 55.117901 55.130486 47.659389 36.627438 32.160622 44.342865 55.172928 59.620602 55.172928 44.342865 32.160614 36.627438 47.659386 55.130486 55.117893 47.473568 36.046047 25.384781 36.624237 44.326073 47.463139 44.179115 36.004314 26.606356 19.036844 32.346565 36.299885 36.242676 31.980976 25.426598 19.144722 14.641900,
 18.267149 18.772150 18.937943 18.689781 17.980602 16.849197 15.472165 21.823526 25.007875 27.495378 28.266281 26.773880 23.514662 19.741163 27.236120 34.594578 40.882507 43.309231 40.413349 33.639366 26.035387 29.701260 39.339798 47.922028 51.489288 47.922028 39.339806 29.701260 26.035387 33.639362 40.413349 43.309238 40.882507 34.594582 27.236120 19.741165 23.514656 26.773880 28.266281 27.495380 25.007877 21.823526 15.472165 16.849195 17.980602 18.689781 18.937943 18.772154 18.267149,
 22.977945 25.618229 25.828089 22.870766 18.669891 15.372176 13.268212 26.076473 32.789467 36.391308 33.521492 26.106232 19.098463 14.805079 26.082920 36.688389 45.804752 46.277847 37.310665 25.887375 17.891972 22.451227 33.539860 46.333191 52.420967 46.333191 33.539860 22.451227 17.891970 25.887375 37.310661 46.277847 45.804752 36.688389 26.082916 14.805080 19.098461 26.106232 33.521492 36.391312 32.789467 26.076473 13.268214 15.372175 18.669888 22.870766 25.828094 25.618229 22.977947,
 17.373892 21.671968 28.409342 32.106060 28.927299 22.337126 16.783602 17.901201 25.192863 36.299107 42.301884 36.820503 26.096277 18.019373 18.500360 28.444712 43.250519 51.243595 43.561253 29.036228 18.739483 18.866623 29.983528 46.190411 54.926277 46.190418 29.983528 18.866623 18.739479 29.036228 43.561241 51.243595 43.250519 28.444712 18.500360 18.019373 26.096277 36.820496 42.301880 36.299110 25.192867 17.901199 16.783600 22.337126 28.927296 32.106056 28.409348 21.671968 17.373892,
 16.453047 17.451942 20.575689 25.258547 28.711720 28.421307 24.876417 17.161451 21.245594 28.829140 37.003246 40.273808 36.272518 28.316336 19.848820 28.465694 40.769344 50.287991 49.891090 40.139774 28.233578 24.419847 36.620613 50.231346 56.508804 50.231346 36.620613 24.419847 28.233582 40.139771 49.891083 50.287991 40.769344 28.465693 19.848818 28.316339 36.272514 40.273804 37.003246 28.829142 21.245594 17.161449 24.876419 28.421307 28.711718 25.258551 20.575691 17.451942 16.453047,
 9.666285 9.621444 9.388435 8.976923 8.432926 7.837027 7.247246 9.873116 10.423582 10.712391 10.557665 9.943273 9.070707 8.221535 10.447491 12.116952 13.700875 14.322816 13.504107 11.714800 9.888568 10.849762 13.280690 15.765254 16.889414 15.765256 13.280690 10.849761 9.888568 11.714802 13.504110 14.322816 13.700873 12.116950 10.447489 8.221535 9.070708 9.943274 10.557664 10.712391 10.423582 9.873115 7.247247 7.837027 8.432926 8.976922 9.388435 9.621444 9.666282,
 10.864231 11.509131 11.636512 10.856997 9.661070 8.712189 8.036425 11.271302 13.092422 14.260771 13.468424 11.276256 9.382751 8.347829 11.077328 13.951832 16.861595 17.113329 14.241600 10.960749 9.053064 10.143567 12.983617 16.937948 19.040903 16.937948 12.983617 10.143567 9.053064 10.960750 14.241600 17.113327 16.861595 13.951834 11.077328 8.347829 9.382749 11.276256 13.468422 14.260771 13.092421 11.271302 8.036425 8.712189 9.661072 10.856996 11.636513 11.509131 10.864231,
 8.224568 8.901786 10.141219 10.824181 10.023429 8.525843 7.352622 8.315243 9.590923 11.936687 13.293624 11.763917 9.195771 7.697320 8.313719 10.116310 13.651855 15.834488 13.487157 9.808835 7.960015 8.179606 10.191912 14.318443 16.992702 14.318443 10.191912 8.179606 7.960015 9.808836 13.487157 15.834488 13.651855 10.116310 8.313720 7.697319 9.195772 11.763915 13.293624 11.936687 9.590921 8.315243 7.352622 8.525843 10.023429 10.824180 10.141219 8.901784 8.224568,
 10.275571 10.356888 10.386615 10.367661 10.243184 9.789525 8.991705 10.411487 10.952614 11.803315 12.744592 12.864300 11.670919 10.055682 10.652430 11.982581 14.286600 16.250704 15.791658 13.203794 10.832217 10.923027 13.154645 16.427431 18.181715 16.427433 13.154645 10.923025 10.832217 13.203794 15.791658 16.250706 14.286600 11.982581 10.652428 10.055682 11.670918 12.864300 12.744592 11.803315 10.952614 10.411487 8.991705 9.789523 10.243184 10.367661 10.386615 10.356887 10.275572,

Pairwise cross-correlations of the modulus of all oriented sub-bands at the same scale (size QxQ)
 56.610760 52.255901 46.754513 52.595531,
 52.255901 58.806076 52.955788 50.498440,
 46.754513 52.955788 58.361462 53.327007,
 52.595531 50.498440 53.327007 59.620617,
 51.489277 47.231140 44.797359 48.118633,
 47.231140 52.420967 48.074806 45.341457,
 44.797359 48.074806 54.926289 50.815632,
 48.118633 45.341457 50.815632 56.508801,

Cross-correlations of the modulus of all oriented sub-bands with all oriented sub-bands at the coarser scale (size QxQ)
 47.932293 44.940918 43.861729 47.054050,
 46.329376 49.260033 48.286293 45.565689,
 43.421211 45.778568 50.350544 48.083874,
 47.031521 44.026192 49.013428 52.208954,
 23.200394 23.286766 21.180168 22.738428,
 22.406311 24.318300 22.473377 21.589334,
 22.528267 24.921431 24.255186 23.510120,
 23.066866 24.056545 23.267498 24.491283,

Cross-correlations of the real part of each oriented sub-band with both the real and imaginary part of all phase-doubled oriented sub-bands at the next coarser scale (Q matrices of size 1x2Q, which are computed and stored in a matrix of size Qx2Q)
 -19.076206 -8.943684 -0.848938 -9.017957 -0.105486 0.026788 0.032583 0.040549,
 -8.362232 -20.658886 -8.741363 -0.823942 -0.094280 -0.070366 0.017539 0.031535,
 -0.892804 -9.116779 -20.473001 -9.715584 0.011746 -0.075810 0.059826 -0.046797,
 -8.541235 -0.888364 -9.358303 -21.547453 0.054393 0.001332 0.048065 -0.019926,
 -9.782900 -4.359051 -0.577837 -4.510377 -0.040176 -0.261672 -0.054915 -0.181885,
 -4.414160 -10.176855 -4.483856 -0.402189 -0.036636 -0.070192 0.107418 -0.006222,
 -0.575014 -4.477981 -9.626992 -4.222901 0.064414 0.135952 0.071016 -0.154603,
 -4.614948 -0.380291 -4.450204 -9.975897 0.125785 -0.062541 -0.191888 -0.443331,
