Low-band skewness and kurtosis
 -11.300460 144.083511,
 -6.863789 55.663689,
 -3.805171 20.133421,
 -0.221676 5.567309,

High-band variance
 17.582220,

Skewness, kurtosis, variance, mean, maximum and minimum of the reconstructed texture
 -11.391068 137.174316 330.443970 253.283096 255.000000 0.000000,

Auto-correlations of the low-frequency bands at each scale
 -1.208990 -0.943802 4.622515 7.645654 3.321967 1.888777 6.746928 -3.573429 13.576301 57.873890 82.847237 55.039135 13.292186 1.042877 -0.093941 54.766369 166.246780 227.823959 164.240463 53.782539 1.601641 3.836050 79.642456 226.683929 308.002808 226.683929 79.642464 3.836051 1.601641 53.782536 164.240494 227.823929 166.246750 54.766369 -0.093941 1.042878 13.292186 55.039135 82.847244 57.873882 13.576301 -3.573429 6.746927 1.888777 3.321967 7.645656 4.622514 -0.943802 -1.208990,
 3.334276 -2.275111 -6.480175 -4.663599 -1.110083 2.453110 3.305448 2.167669 -12.552170 -5.557539 8.887369 0.789578 -6.004828 2.789933 -2.987586 -6.507112 51.934113 100.336388 55.810783 -2.200823 -2.933336 -5.165442 5.095930 98.181023 166.659744 98.181023 5.095930 -5.165442 -2.933335 -2.200823 55.810783 100.336388 51.934113 -6.507113 -2.987586 2.789934 -6.004827 0.789578 8.887369 -5.557538 -12.552170 2.167670 3.305448 2.453110 -1.110083 -4.663599 -6.480175 -2.275111 3.334276,
 2.820817 3.574151 1.848223 0.822159 0.624967 2.064028 3.369956 1.590134 -2.781281 -3.220628 0.226820 -2.393269 -2.655560 3.035370 0.792592 -0.934522 14.950618 30.385937 16.155922 -0.539679 2.026068 1.215243 3.478464 32.011322 54.660507 32.011322 3.478463 1.215243 2.026068 -0.539679 16.155922 30.385937 14.950618 -0.934522 0.792592 3.035370 -2.655560 -2.393268 0.226820 -3.220629 -2.781281 1.590134 3.369957 2.064028 0.624968 0.822159 1.848222 3.574150 2.820817,
 1.093374 1.465239 0.687348 0.169021 0.434278 0.884042 1.069193 0.981321 0.666003 0.495449 0.611375 0.016740 0.216913 1.449599 0.255091 -0.122413 2.443213 4.701540 2.206866 -0.216860 0.732881 -0.016192 -0.260640 4.089987 7.714074 4.089987 -0.260640 -0.016192 0.732881 -0.216860 2.206866 4.701540 2.443214 -0.122413 0.255091 1.449599 0.216913 0.016740 0.611375 0.495450 0.666003 0.981321 1.069193 0.884042 0.434278 0.169021 0.687348 1.465239 1.093375,

Auto-correlations of the modulus of each oriented sub-band
 15.031024 16.795620 18.178530 18.897505 18.782255 17.873867 16.354933 25.499342 29.708656 32.837780 34.141708 33.261326 30.445187 26.365789 36.598076 43.645874 48.810780 50.791439 49.003246 43.966274 36.949635 41.579185 49.938618 56.030361 58.289879 56.030361 49.938622 41.579185 36.949635 43.966270 49.003246 50.791439 48.810783 43.645874 36.598068 26.365789 30.445187 33.261322 34.141708 32.837780 29.708656 25.499340 16.354933 17.873867 18.782255 18.897505 18.178530 16.795620 15.031025,
 28.073359 32.697540 32.895950 28.411842 21.456249 14.905271 10.385217 32.748585 41.184002 44.704792 41.278038 32.618320 22.744173 15.000524 32.978527 44.730038 52.698116 52.716194 44.665398 32.640472 21.568634 28.523314 41.321045 52.742126 57.416325 52.742126 41.321049 28.523314 21.568636 32.640469 44.665401 52.716194 52.698116 44.730038 32.978527 15.000524 22.744173 32.618320 41.278038 44.704792 41.184010 32.748585 10.385219 14.905271 21.456249 28.411842 32.895950 32.697544 28.073359,
 14.071349 24.714211 35.941269 41.027397 36.494831 25.827211 15.516778 15.871381 28.933130 42.980476 49.353489 43.449261 29.831175 17.003857 17.245947 32.048252 48.137283 55.420311 48.414925 32.554375 17.868292 17.959612 33.366776 50.141315 57.670372 50.141315 33.366779 17.959612 17.868292 32.554371 48.414932 55.420307 48.137291 32.048252 17.245947 17.003860 29.831173 43.449261 49.353489 42.980476 28.933130 15.871381 15.516779 25.827211 36.494835 41.027405 35.941269 24.714214 14.071349,
 9.040513 14.470868 22.176556 30.181499 35.358700 35.397495 30.590321 14.403845 23.248903 34.237041 43.736187 47.582169 44.048580 35.215439 21.931417 34.088894 46.992355 55.550491 55.643723 47.408566 35.019123 29.814240 43.507046 55.481625 60.327496 55.481625 43.507046 29.814236 35.019123 47.408558 55.643723 55.550491 46.992355 34.088902 21.931414 35.215443 44.048576 47.582169 43.736187 34.237041 23.248905 14.403845 30.590322 35.397491 35.358700 30.181499 22.176556 14.470870 9.040513,
 9.505430 10.569991 11.623572 12.193368 11.949246 11.046638 9.977998 17.373449 21.503330 25.095930 26.561586 25.081680 21.390554 17.081255 27.111509 35.965256 43.507759 46.438362 43.184593 35.404465 26.398718 31.384598 42.745888 52.525673 56.494339 52.525684 42.745888 31.384598 26.398714 35.404461 43.184589 46.438366 43.507763 35.965252 27.111509 17.081253 21.390554 25.081680 26.561586 25.095934 21.503330 17.373453 9.977998 11.046639 11.949244 12.193370 11.623574 10.569990 9.505430,
 16.909367 21.044687 22.126678 18.962429 13.722176 9.301444 6.813772 22.219639 30.747540 35.514606 32.481186 23.741331 15.021973 9.697107 23.888176 36.484097 47.062561 47.766472 37.735592 24.358459 14.683017 20.519634 33.588337 48.126118 54.778873 48.126118 33.588341 20.519634 14.683017 24.358459 37.735592 47.766479 47.062561 36.484097 23.888176 9.697109 15.021970 23.741327 32.481182 35.514606 30.747541 22.219639 6.813772 9.301444 13.722176 18.962431 22.126678 21.044687 16.909367,
 8.932863 14.728701 23.636992 28.150787 23.474794 14.570048 8.520113 10.140236 18.895203 32.263783 39.109421 32.164410 18.964375 10.043923 11.244820 22.594568 39.777637 48.685646 39.717236 22.690102 11.265572 11.721625 24.145279 42.807850 52.598824 42.807850 24.145283 11.721625 11.265571 22.690100 39.717232 48.685646 39.777637 22.594568 11.244820 10.043923 18.964375 32.164413 39.109417 32.263783 18.895203 10.140235 8.520113 14.570048 23.474794 28.150787 23.636992 14.728701 8.932863,
 6.703638 8.193324 11.929300 17.157179 20.690125 19.962824 16.059525 8.783483 13.069591 21.397449 30.374130 33.746006 29.094028 20.625656 12.775969 21.709242 35.036621 45.373425 44.763824 34.076042 21.560207 18.030294 30.765224 45.445496 52.271618 45.445499 30.765228 18.030294 21.560207 34.076042 44.763813 45.373425 35.036621 21.709244 12.775969 20.625654 29.094025 33.746006 30.374130 21.397449 13.069591 8.783484 16.059525 19.962824 20.690125 17.157179 11.929301 8.193324 6.703638,
 4.537844 4.749494 4.901562 4.855127 4.581608 4.214465 3.875104 5.367045 6.355920 7.417189 7.921379 7.491909 6.436692 5.328795 7.154643 9.583162 12.067085 13.239013 12.268056 9.880507 7.404405 8.340873 11.593816 14.832011 16.275658 14.832011 11.593816 8.340872 7.404405 9.880509 12.268056 13.239013 12.067085 9.583162 7.154643 5.328794 6.436692 7.491908 7.921379 7.417189 6.355919 5.367045 3.875104 4.214465 4.581608 4.855127 4.901562 4.749495 4.537843,
 5.729259 7.032963 7.250364 6.054764 4.489653 3.582788 3.316563 6.357751 9.059234 10.689400 9.634639 6.859166 4.575477 3.601354 6.201458 10.068546 13.768909 14.080542 10.588575 6.505860 4.166517 5.209250 8.918092 13.813553 16.319754 13.813553 8.918092 5.209250 4.166516 6.505861 10.588575 14.080539 13.768909 10.068546 6.201459 3.601353 4.575477 6.859165 9.634639 10.689400 9.059233 6.357751 3.316563 3.582788 4.489652 6.054764 7.250364 7.032962 5.729260,
 4.629782 6.177118 8.496376 9.595512 8.166451 5.867565 4.422545 4.756958 7.219652 11.089149 13.076050 10.778901 6.935954 4.560997 4.838827 8.104987 13.364954 16.220768 13.170410 7.931118 4.711359 4.822439 8.403744 14.231143 17.540436 14.231143 8.403744 4.822439 4.711359 7.931118 13.170410 16.220766 13.364954 8.104986 4.838827 4.560997 6.935954 10.778901 13.076050 11.089149 7.219652 4.756958 4.422545 5.867565 8.166451 9.595512 8.496376 6.177118 4.629782,
 3.770470 3.924895 4.371225 5.203155 6.004988 5.987566 5.087227 3.686472 4.441982 6.099998 8.286536 9.385136 8.332163 6.132875 4.143646 6.136140 9.548087 12.656161 12.670196 9.651054 6.254655 5.267590 8.538718 12.779402 14.959567 12.779402 8.538716 5.267590 6.254655 9.651054 12.670195 12.656161 9.548087 6.136140 4.143646 6.132876 8.332163 9.385136 8.286537 6.099999 4.441982 3.686472 5.087227 5.987566 6.004988 5.203155 4.371225 3.924895 3.770470,

Pairwise cross-correlations of the modulus of all oriented sub-bands at the same scale (size QxQ)
 58.289848 52.084476 46.319923 53.739632,
 52.084476 57.416332 51.989235 49.975826,
 46.319923 51.989235 57.670383 53.228584,
 53.739632 49.975826 53.228584 60.327496,
 56.494328 51.125423 45.830860 50.130039,
 51.125423 54.778866 49.027546 46.570461,
 45.830860 49.027546 52.598827 48.088650,
 50.130039 46.570461 48.088650 52.271618,

Cross-correlations of the modulus of all oriented sub-bands with all oriented sub-bands at the coarser scale (size QxQ)
 51.597988 47.992966 43.151928 46.895760,
 48.299026 51.331944 46.845135 44.222378,
 44.229923 47.413685 49.619701 46.245335,
 49.568817 46.756416 47.804054 51.034401,
 23.531288 22.424541 22.548645 21.888344,
 22.534185 23.784353 23.806353 20.761827,
 20.526684 21.722452 24.082800 21.290638,
 21.775784 20.780573 22.914606 22.317801,

Cross-correlations of the real part of each oriented sub-band with both the real and imaginary part of all phase-doubled oriented sub-bands at the next coarser scale (Q matrices of size 1x2Q, which are computed and stored in a matrix of size Qx2Q)
 -22.566675 -10.013897 -0.737179 -9.548505 -0.038300 0.033544 -0.010500 0.018029,
 -9.924624 -22.514687 -9.249598 -0.780792 0.014055 -0.018798 -0.068553 0.005962,
 -0.770966 -9.596994 -21.095577 -9.197186 0.009882 -0.028062 -0.097848 0.033712,
 -9.556224 -0.824457 -8.978106 -21.599167 -0.003729 0.000163 -0.024102 0.070837,
 -11.968379 -5.491448 -0.421871 -4.956136 0.060175 0.052611 0.004731 0.000778,
 -5.307511 -12.528760 -5.371266 -0.530596 0.034220 0.006171 -0.168592 0.026533,
 -0.419646 -5.653068 -12.141743 -5.122180 -0.001996 -0.122918 -0.258863 0.088934,
 -5.022105 -0.563457 -5.181823 -11.105898 0.007241 -0.024869 -0.015686 0.019112,
