Low-band skewness and kurtosis
 -11.283713 143.748657,
 -6.728625 53.594585,
 -3.599754 17.714268,
 -0.979734 10.333903,

High-band variance
 17.560143,

Skewness, kurtosis, variance, mean, maximum and minimum of the reconstructed texture
 -11.382852 136.981384 330.593964 253.281570 255.000000 0.000000,

Auto-correlations of the low-frequency bands at each scale
 8.252809 2.714434 0.300539 1.139847 -0.829990 -1.940684 1.918226 0.140057 14.167187 54.062923 78.638382 52.696800 10.121263 -3.250061 -2.165438 53.101646 164.482193 226.814621 163.670120 51.115894 -2.844038 -0.981617 76.955048 226.249557 308.294220 226.249557 76.955048 -0.981618 -2.844038 51.115891 163.670120 226.814621 164.482178 53.101650 -2.165437 -3.250062 10.121263 52.696800 78.638382 54.062923 14.167187 0.140057 1.918226 -1.940684 -0.829990 1.139848 0.300541 2.714434 8.252809,
 11.618355 6.369184 -5.055770 -9.428587 -4.877270 2.852581 5.329692 6.676721 -3.951945 -1.483100 5.984137 -3.245869 -7.079901 4.109584 -4.182118 -4.048969 53.321712 97.656387 51.829811 -4.331117 -2.071239 -7.057431 2.988441 95.729858 163.709000 95.729858 2.988441 -7.057431 -2.071239 -4.331116 51.829811 97.656387 53.321712 -4.048969 -4.182118 4.109584 -7.079900 -3.245868 5.984137 -1.483099 -3.951945 6.676722 5.329692 2.852582 -4.877270 -9.428587 -5.055769 6.369184 11.618355,
 5.052892 5.399623 2.526728 -0.333475 0.039847 3.954595 6.336352 2.906345 0.602217 0.388828 0.517316 -3.155411 -2.005579 3.718725 0.225309 0.448164 16.986797 29.476334 14.338956 -1.745367 0.237006 -0.753211 2.381727 31.033144 52.749718 31.033144 2.381726 -0.753211 0.237006 -1.745366 14.338954 29.476336 16.986799 0.448164 0.225309 3.718725 -2.005579 -3.155411 0.517316 0.388828 0.602217 2.906344 6.336352 3.954596 0.039848 -0.333475 2.526727 5.399623 5.052892,
 0.334078 0.553887 0.013662 -0.415593 0.132401 1.130557 1.628907 0.941751 1.137823 0.794751 -0.087609 -1.122932 -0.763706 0.792559 0.776732 1.572199 3.891870 4.870528 2.029611 -0.501651 0.054889 0.125671 1.073036 5.438641 8.520169 5.438641 1.073036 0.125671 0.054889 -0.501651 2.029611 4.870528 3.891870 1.572199 0.776732 0.792558 -0.763706 -1.122931 -0.087609 0.794751 1.137823 0.941751 1.628907 1.130557 0.132401 -0.415593 0.013662 0.553887 0.334078,

Auto-correlations of the modulus of each oriented sub-band
 15.982714 17.400131 18.332130 18.607370 18.153868 17.067720 15.538367 25.598547 29.663811 32.589710 33.711533 32.742588 29.957331 26.004055 36.319435 43.415321 48.592751 50.590267 48.862316 43.915520 36.977665 41.501755 49.920708 56.026546 58.282413 56.026539 49.920712 41.501755 36.977669 43.915520 48.862316 50.590263 48.592747 43.415329 36.319435 26.004055 29.957331 32.742588 33.711533 32.589710 29.663811 25.598545 15.538368 17.067720 18.153872 18.607370 18.332134 17.400131 15.982713,
 31.514961 36.015129 35.455360 29.840643 21.742512 14.419728 9.668000 35.540894 44.468914 47.830772 43.667652 33.903015 22.933344 14.498704 34.772846 47.433571 55.810028 55.628029 46.820263 33.690575 21.585152 29.325104 43.222599 55.471016 60.433167 55.471016 43.222599 29.325104 21.585152 33.690571 46.820274 55.628029 55.810024 47.433571 34.772846 14.498706 22.933344 33.903015 43.667645 47.830772 44.468914 35.540897 9.667999 14.419728 21.742512 29.840643 35.455360 36.015137 31.514965,
 15.875651 25.948370 36.677296 41.480644 36.614647 25.482647 14.949017 17.261745 30.046223 43.892796 50.122726 43.842865 29.669912 16.551250 18.099981 32.874855 49.039368 56.328888 49.009350 32.660469 17.710413 18.260834 33.824417 50.909866 58.605530 50.909866 33.824421 18.260832 17.710413 32.660469 49.009361 56.328880 49.039371 32.874859 18.099979 16.551250 29.669912 43.842869 50.122726 43.892796 30.046223 17.261744 14.949018 25.482647 36.614643 41.480640 36.677296 25.948372 15.875650,
 10.290276 15.247885 22.623260 30.509058 35.722679 35.893242 31.213734 15.429188 24.071289 34.936028 44.356522 48.175617 44.701672 35.927467 22.897705 35.025871 47.866611 56.320621 56.391838 48.222351 35.869724 30.768442 44.456413 56.349133 61.126911 56.349133 44.456413 30.768442 35.869724 48.222343 56.391846 56.320621 47.866615 35.025871 22.897703 35.927471 44.701672 48.175617 44.356518 34.936024 24.071289 15.429185 31.213736 35.893242 35.722675 30.509056 22.623260 15.247887 10.290276,
 10.388674 11.092398 11.520287 11.536107 11.059417 10.210996 9.228105 16.876629 20.814371 23.949247 25.054964 23.567017 20.111689 15.994853 25.309437 34.081287 41.413277 44.303268 41.329655 33.915569 25.088318 29.550768 40.872795 50.452766 54.289810 50.452778 40.872795 29.550768 25.088318 33.915569 41.329647 44.303268 41.413284 34.081287 25.309433 15.994851 20.111689 23.567020 25.054964 23.949251 20.814367 16.876629 9.228105 10.210996 11.059416 11.536108 11.520288 11.092396 10.388674,
 18.610605 22.365381 22.504091 18.491693 13.008597 8.946876 6.953395 22.878269 31.605915 35.963734 32.231224 23.036282 14.338698 9.286875 23.351759 36.389580 47.115280 47.567562 37.106613 23.454323 13.743227 19.416401 32.819351 47.720123 54.546024 47.720127 32.819355 19.416401 13.743227 23.454323 37.106613 47.567562 47.115280 36.389580 23.351759 9.286875 14.338697 23.036282 32.231228 35.963737 31.605915 22.878269 6.953396 8.946876 13.008595 18.491693 22.504095 22.365381 18.610605,
 10.550147 15.412322 22.612061 26.331331 22.405348 14.758600 9.456977 11.579021 19.304810 31.037106 37.382843 31.176064 18.910826 10.632058 12.321837 22.674355 38.505032 47.117149 38.703316 22.492037 11.763678 12.421020 23.983761 41.640167 51.110947 41.640167 23.983765 12.421020 11.763680 22.492035 38.703316 47.117149 38.505035 22.674356 12.321837 10.632059 18.910826 31.176062 37.382843 31.037109 19.304810 11.579019 9.456977 14.758600 22.405344 26.331331 22.612061 15.412324 10.550147,
 9.452084 10.779850 14.046792 18.984089 22.607038 22.084929 18.059238 11.223324 15.815564 24.165062 33.054615 36.332397 31.502890 22.544027 15.096145 24.669210 38.241299 48.473560 47.673122 36.694878 23.577511 20.243015 33.656315 48.602211 55.429588 48.602219 33.656319 20.243015 23.577515 36.694878 47.673111 48.473560 38.241310 24.669209 15.096143 22.544027 31.502890 36.332390 33.054615 24.165064 15.815564 11.223324 18.059238 22.084929 22.607037 18.984089 14.046793 10.779851 9.452084,
 3.188243 3.688146 3.998222 4.100050 4.039764 3.891486 3.688601 4.375626 5.473895 6.384482 6.800519 6.550173 5.789216 4.853297 6.171093 8.435124 10.527143 11.455899 10.637523 8.589837 6.329532 7.149041 10.163071 13.034892 14.290733 13.034892 10.163071 7.149041 6.329532 8.589837 10.637523 11.455898 10.527143 8.435124 6.171093 4.853297 5.789216 6.550173 6.800519 6.384482 5.473895 4.375626 3.688601 3.891486 4.039764 4.100050 3.998222 3.688146 3.188243,
 4.593137 5.790207 6.117245 5.398896 4.353521 3.585327 3.091031 5.444246 7.791214 9.223816 8.449359 6.269588 4.373799 3.305391 5.714194 9.110255 12.342755 12.635570 9.659391 6.146734 3.943663 4.990029 8.314404 12.611633 14.809076 12.611633 8.314404 4.990029 3.943662 6.146734 9.659391 12.635569 12.342755 9.110255 5.714194 3.305391 4.373799 6.269588 8.449359 9.223816 7.791214 5.444245 3.091031 3.585327 4.353521 5.398896 6.117245 5.790207 4.593137,
 4.002826 5.499464 7.492117 8.458098 7.474422 5.692057 4.482452 4.221630 6.537115 9.989461 11.813537 9.984356 6.671901 4.585778 4.416934 7.401459 12.174690 14.845116 12.196691 7.484265 4.616791 4.559318 7.775723 13.085630 16.123533 13.085630 7.775723 4.559317 4.616791 7.484265 12.196691 14.845116 12.174690 7.401458 4.416934 4.585778 6.671901 9.984355 11.813535 9.989461 6.537115 4.221630 4.482452 5.692057 7.474422 8.458098 7.492117 5.499464 4.002825,
 2.983737 3.862524 5.006345 6.264518 7.157688 7.149962 6.298680 3.694048 5.250600 7.524944 9.852875 10.743750 9.459890 7.104000 4.755686 7.440670 11.310211 14.385735 14.106472 10.743261 7.028243 6.029319 9.789381 14.391292 16.653259 14.391292 9.789383 6.029319 7.028244 10.743261 14.106472 14.385735 11.310212 7.440670 4.755686 7.104000 9.459889 10.743750 9.852874 7.524944 5.250600 3.694047 6.298680 7.149962 7.157688 6.264518 5.006345 3.862524 2.983737,

Pairwise cross-correlations of the modulus of all oriented sub-bands at the same scale (size QxQ)
 58.282410 53.611698 47.004532 54.139271,
 53.611698 60.433155 54.105015 51.589573,
 47.004532 54.105015 58.605534 54.279911,
 54.139271 51.589573 54.279911 61.126926,
 54.289818 50.553848 45.967697 50.622055,
 50.553848 54.546028 48.907433 47.634632,
 45.967697 48.907433 51.110939 49.068905,
 50.622055 47.634632 49.068905 55.429585,

Cross-correlations of the modulus of all oriented sub-bands with all oriented sub-bands at the coarser scale (size QxQ)
 50.974327 47.940800 43.285408 48.098949,
 49.046677 52.097160 47.603931 46.834866,
 44.574928 47.882740 49.605717 48.244678,
 49.454048 46.698132 48.203354 53.284096,
 21.687706 21.222868 21.780838 22.209709,
 20.712584 22.339905 22.769672 21.044573,
 19.071997 20.897755 23.151583 21.464724,
 21.322590 20.257704 23.016611 24.321915,

Cross-correlations of the real part of each oriented sub-band with both the real and imaginary part of all phase-doubled oriented sub-bands at the next coarser scale (Q matrices of size 1x2Q, which are computed and stored in a matrix of size Qx2Q)
 -22.141956 -9.970755 -0.792347 -9.948461 0.003113 0.115688 0.004453 0.002139,
 -9.734494 -22.728100 -9.290415 -0.686937 0.025359 0.318172 0.063434 0.001338,
 -0.838640 -9.588314 -21.106363 -9.538951 -0.003302 0.151509 0.072077 -0.017769,
 -9.743088 -0.703376 -9.186600 -22.946619 -0.016534 0.006289 0.003723 -0.013646,
 -10.922318 -4.873912 -0.574362 -5.557268 -0.084053 0.065189 -0.050570 -0.075865,
 -4.730389 -11.566925 -5.117237 -0.444896 -0.008572 0.145071 -0.103588 0.056444,
 -0.563070 -5.227300 -11.665825 -5.598131 0.001914 0.004731 -0.005145 -0.097583,
 -5.225177 -0.447124 -5.374616 -12.973516 -0.036700 -0.021489 0.015081 -0.413508,
