Low-band skewness and kurtosis
 -11.435975 147.419113,
 -7.074250 59.759872,
 -3.844006 20.642183,
 -0.241205 7.640454,

High-band variance
 17.360470,

Skewness, kurtosis, variance, mean, maximum and minimum of the reconstructed texture
 -11.515015 140.077911 325.584015 253.314804 255.000000 0.000000,

Auto-correlations of the low-frequency bands at each scale
 2.033729 -1.312151 1.612179 8.090596 9.408937 7.917212 7.815817 -3.594952 11.078560 53.911167 83.412010 62.988132 22.424061 4.468940 -2.394948 51.984768 161.969650 225.569580 167.722549 59.342480 3.103002 2.083976 79.489845 224.351242 303.564270 224.351242 79.489845 2.083976 3.103002 59.342480 167.722549 225.569565 161.969635 51.984768 -2.394948 4.468940 22.424061 62.988132 83.412010 53.911163 11.078560 -3.594952 7.815817 7.917212 9.408937 8.090597 1.612180 -1.312151 2.033729,
 6.819482 2.431255 -4.453790 -6.977574 -4.743071 2.150983 7.834728 -0.269821 -10.984972 -2.583497 10.231129 -0.031849 -7.108573 4.938659 -8.909887 -8.320695 52.311321 101.473114 57.139317 -1.837070 -2.477181 -9.265431 3.547275 97.910172 166.339294 97.910187 3.547275 -9.265431 -2.477182 -1.837070 57.139317 101.473114 52.311321 -8.320695 -8.909887 4.938658 -7.108573 -0.031849 10.231129 -2.583497 -10.984972 -0.269820 7.834727 2.150983 -4.743070 -6.977575 -4.453790 2.431255 6.819481,
 5.844529 4.152936 1.256303 -0.588433 0.771036 3.372229 3.082024 3.826209 -1.292351 -1.766919 1.126512 -0.171079 -0.836229 0.615444 -1.037081 -2.848624 14.555298 30.752348 17.377052 -0.327332 -1.095381 -2.507900 0.588196 30.723858 53.876644 30.723858 0.588196 -2.507900 -1.095381 -0.327333 17.377052 30.752348 14.555299 -2.848624 -1.037080 0.615443 -0.836228 -0.171079 1.126512 -1.766918 -1.292351 3.826209 3.082023 3.372229 0.771036 -0.588433 1.256304 4.152936 5.844529,
 0.402044 0.648543 1.010295 0.804808 0.336327 0.598533 1.280560 0.684476 0.420136 0.895591 0.850386 -0.360806 -0.595524 0.569931 0.700522 0.858927 3.385048 5.021752 2.648947 0.105441 0.178329 0.433920 1.249159 5.375136 8.324396 5.375136 1.249159 0.433920 0.178329 0.105441 2.648948 5.021753 3.385048 0.858927 0.700522 0.569931 -0.595524 -0.360806 0.850386 0.895591 0.420136 0.684476 1.280561 0.598533 0.336326 0.804808 1.010295 0.648543 0.402044,

Auto-correlations of the modulus of each oriented sub-band
 14.656998 16.463274 17.765982 18.351612 18.118046 17.145899 15.629293 24.275984 28.468142 31.470343 32.651222 31.753878 29.054831 25.183372 34.693085 41.607132 46.568947 48.418400 46.693916 41.902603 35.208881 39.519547 47.614090 53.447723 55.594025 53.447723 47.614090 39.519547 35.208878 41.902603 46.693916 48.418400 46.568939 41.607132 34.693081 25.183372 29.054829 31.753881 32.651222 31.470339 28.468147 24.275980 15.629293 17.145897 18.118046 18.351612 17.765982 16.463276 14.656999,
 30.877119 35.811089 35.961224 31.152615 23.568144 16.144558 10.736019 35.087524 43.979061 47.626801 44.169449 35.208462 24.619173 15.858330 34.869293 47.159229 55.267483 55.345306 47.279156 34.840527 22.846991 30.093142 43.592560 55.185966 59.821205 55.185963 43.592560 30.093136 22.846991 34.840527 47.279163 55.345306 55.267479 47.159233 34.869293 15.858330 24.619169 35.208462 44.169453 47.626801 43.979057 35.087524 10.736021 16.144558 23.568150 31.152611 35.961224 35.811092 30.877119,
 14.363546 24.443834 34.966579 39.587975 35.092587 24.864834 15.005843 15.854906 28.393408 41.748043 47.613369 41.739326 28.656742 16.368357 16.930546 31.187830 46.594055 53.432644 46.539268 31.306784 17.217241 17.418163 32.237152 48.336678 55.583855 48.336666 32.237152 17.418163 17.217245 31.306784 46.539268 53.432644 46.594051 31.187834 16.930546 16.368357 28.656742 41.739326 47.613369 41.748039 28.393412 15.854906 15.005843 24.864830 35.092590 39.587975 34.966579 24.443834 14.363544,
 7.916972 13.037842 20.286604 27.883356 32.876377 33.079296 28.714287 12.854481 21.232346 31.594925 40.536915 44.176323 40.956532 32.775864 19.997648 31.503756 43.634731 51.624916 51.713104 44.062710 32.501823 27.566261 40.454224 51.650761 56.158028 51.650761 40.454224 27.566261 32.501823 44.062710 51.713104 51.624916 43.634735 31.503761 19.997648 32.775867 40.956532 44.176331 40.536907 31.594925 21.232346 12.854481 28.714287 33.079296 32.876381 27.883356 20.286600 13.037842 7.916971,
 9.495605 10.757582 11.783303 12.200081 11.797846 10.694389 9.186651 15.555012 20.331921 24.419968 26.226730 24.948984 21.228916 16.538729 24.515697 34.157780 42.377754 45.829796 42.905472 35.102627 25.653173 29.584459 41.605228 51.776817 55.853252 51.776821 41.605228 29.584455 25.653173 35.102627 42.905464 45.829796 42.377766 34.157776 24.515696 16.538731 21.228916 24.948978 26.226730 24.419973 20.331921 15.555010 9.186651 10.694389 11.797845 12.200081 11.783304 10.757582 9.495605,
 18.763912 23.071648 23.426987 19.136423 13.232552 8.992447 7.025178 22.417782 31.908436 36.949402 33.327244 23.669758 14.370487 9.102393 22.680744 36.605473 48.237507 49.044662 38.166332 23.620867 13.257931 18.778482 33.088760 48.986534 56.248413 48.986534 33.088764 18.778482 13.257931 23.620867 38.166332 49.044662 48.237507 36.605473 22.680744 9.102391 14.370486 23.669756 33.327244 36.949409 31.908436 22.417782 7.025177 8.992447 13.232552 19.136425 23.426989 23.071646 18.763912,
 9.603301 15.032553 22.733664 26.970078 23.319597 15.460868 9.495400 10.098453 18.746756 31.268133 37.932518 31.779125 19.271425 10.320779 10.594061 21.984957 38.631733 47.378284 38.931496 22.346571 10.833058 10.906690 23.419415 41.690582 51.199974 41.690586 23.419420 10.906689 10.833060 22.346569 38.931492 47.378284 38.631737 21.984961 10.594061 10.320779 19.271425 31.779123 37.932518 31.268139 18.746756 10.098453 9.495402 15.460867 23.319597 26.970078 22.733664 15.032553 9.603300,
 5.775719 7.357160 11.418123 17.215830 21.501488 21.376930 17.299744 7.203224 12.229129 21.219374 30.628529 34.427399 30.099125 21.192478 11.265584 21.217968 35.031685 45.406239 45.034355 34.517624 21.368460 17.099548 30.726851 45.508617 52.145790 45.508621 30.726851 17.099548 21.368460 34.517624 45.034351 45.406239 35.031685 21.217968 11.265584 21.192478 30.099129 34.427399 30.628529 21.219378 12.229129 7.203224 17.299746 21.376928 21.501488 17.215830 11.418125 7.357161 5.775718,
 4.456215 4.512036 4.543723 4.444520 4.146594 3.726437 3.359997 5.222836 6.062136 6.884454 7.155840 6.568867 5.446396 4.382281 6.818867 9.224334 11.616426 12.601289 11.405906 8.851157 6.360053 7.614049 10.971657 14.398978 15.943182 14.398978 10.971657 7.614049 6.360053 8.851157 11.405907 12.601289 11.616425 9.224333 6.818867 4.382281 5.446396 6.568866 7.155840 6.884453 6.062136 5.222836 3.359997 3.726437 4.146594 4.444520 4.543723 4.512036 4.456215,
 6.642541 7.574020 7.677512 6.625821 5.217955 4.331404 4.106063 7.533494 10.028076 11.580825 10.635538 7.902951 5.386010 4.162348 7.512825 11.448243 15.201207 15.615191 12.157370 7.753537 4.979321 6.390430 10.428464 15.536198 18.049561 15.536198 10.428464 6.390430 4.979321 7.753537 12.157369 15.615191 15.201207 11.448243 7.512825 4.162348 5.386011 7.902950 10.635538 11.580827 10.028074 7.533493 4.106063 4.331404 5.217955 6.625821 7.677512 7.574020 6.642541,
 4.737096 5.646418 7.211724 7.985338 6.882138 4.880550 3.532393 4.526515 6.250742 9.463805 11.251369 9.310211 5.717408 3.472926 4.236537 6.825291 11.639457 14.400279 11.587359 6.563040 3.626521 3.917986 6.998271 12.559306 15.768474 12.559306 6.998270 3.917986 3.626521 6.563041 11.587359 14.400279 11.639456 6.825291 4.236537 3.472926 5.717408 9.310211 11.251369 9.463804 6.250742 4.526515 3.532393 4.880550 6.882138 7.985338 7.211723 5.646418 4.737096,
 4.177178 4.138080 4.571495 5.582968 6.265641 5.752728 4.477041 3.922974 4.529716 6.400885 8.755078 9.454076 7.709054 5.183214 4.166411 6.176937 9.946975 13.130532 12.650784 9.035527 5.484807 4.951480 8.310923 12.970859 15.372429 12.970859 8.310923 4.951480 5.484807 9.035527 12.650782 13.130532 9.946975 6.176936 4.166412 5.183214 7.709053 9.454076 8.755078 6.400885 4.529716 3.922975 4.477040 5.752728 6.265641 5.582968 4.571495 4.138080 4.177178,

Pairwise cross-correlations of the modulus of all oriented sub-bands at the same scale (size QxQ)
 55.594021 52.330101 44.177067 49.894894,
 52.330101 59.821213 51.875404 48.451668,
 44.177067 51.875404 55.583843 50.596333,
 49.894894 48.451668 50.596333 56.158043,
 55.853245 51.272984 45.760410 49.633251,
 51.272984 56.248405 49.348080 46.428059,
 45.760410 49.348080 51.199966 47.570244,
 49.633251 46.428059 47.570244 52.145779,

Cross-correlations of the modulus of all oriented sub-bands with all oriented sub-bands at the coarser scale (size QxQ)
 50.570148 47.571594 41.887409 45.412010,
 49.869877 53.289822 47.417507 45.101204,
 43.334423 46.861084 48.026985 45.057888,
 46.868195 44.494354 45.141716 48.441757,
 23.969376 24.679422 22.028185 22.493881,
 22.865021 26.068434 23.244127 21.494280,
 20.211357 23.390005 22.776234 21.216707,
 21.654377 22.359257 21.939362 22.647505,

Cross-correlations of the real part of each oriented sub-band with both the real and imaginary part of all phase-doubled oriented sub-bands at the next coarser scale (Q matrices of size 1x2Q, which are computed and stored in a matrix of size Qx2Q)
 -21.889181 -10.323042 -0.766179 -9.158393 -0.005365 -0.030434 0.025266 0.092512,
 -9.801028 -23.650558 -9.173902 -0.707741 -0.016733 -0.040805 -0.026628 -0.017732,
 -0.792772 -9.855511 -20.098482 -8.576402 0.000968 0.017689 -0.052803 -0.012076,
 -9.242502 -0.713681 -8.372094 -20.563171 0.015370 0.026743 0.034845 0.162634,
 -13.032553 -5.718961 -0.453014 -5.208787 -0.129996 0.015491 -0.000696 0.152698,
 -5.989331 -13.112404 -5.575433 -0.446358 -0.061618 0.188896 -0.043878 -0.017424,
 -0.513000 -5.748649 -11.629698 -4.784596 0.020321 0.099982 -0.133033 -0.025332,
 -5.518497 -0.465730 -4.671049 -11.441334 -0.060926 0.000121 -0.055888 0.192700,
