Low-band skewness and kurtosis
 -11.351386 145.453140,
 -6.859329 55.700573,
 -3.887195 20.556435,
 0.392442 6.325177,

High-band variance
 17.376499,

Skewness, kurtosis, variance, mean, maximum and minimum of the reconstructed texture
 -11.437287 138.308075 328.604858 253.294083 255.000000 0.000000,

Auto-correlations of the low-frequency bands at each scale
 2.478717 -0.261437 1.778411 2.661500 -1.062735 -0.179336 8.040715 -1.478585 13.217246 55.332962 79.202362 52.721832 13.968382 5.270942 0.747420 54.232445 164.963821 225.983185 163.310120 55.201332 6.432261 6.028612 79.703346 225.726151 306.565308 225.726151 79.703362 6.028611 6.432261 55.201328 163.310135 225.983185 164.963821 54.232445 0.747420 5.270942 13.968381 52.721832 79.202354 55.332966 13.217247 -1.478585 8.040715 -0.179336 -1.062738 2.661500 1.778415 -0.261437 2.478717,
 6.506404 5.235008 0.314070 -1.787807 2.300344 12.075723 15.151824 3.641643 -6.891947 -1.797222 7.682459 0.346161 0.206990 11.923637 -2.708913 -2.287728 53.129318 96.988525 54.953693 3.019894 3.778766 -2.270891 10.023545 98.931175 163.807861 98.931175 10.023546 -2.270891 3.778767 3.019894 54.953693 96.988525 53.129318 -2.287728 -2.708914 11.923639 0.206990 0.346160 7.682458 -1.797222 -6.891947 3.641641 15.151824 12.075721 2.300344 -1.787807 0.314070 5.235008 6.506403,
 7.478092 6.086870 4.389307 4.917011 5.653332 7.751718 10.312899 5.192654 -0.033582 -0.260051 4.762689 4.464422 3.890232 7.067173 2.123196 -0.283966 16.059793 32.914417 21.414774 3.943363 2.927244 1.563033 4.880160 33.779125 55.590752 33.779125 4.880161 1.563033 2.927244 3.943363 21.414774 32.914417 16.059795 -0.283966 2.123195 7.067173 3.890232 4.464423 4.762689 -0.260052 -0.033582 5.192653 10.312899 7.751717 5.653331 4.917011 4.389306 6.086870 7.478093,
 1.376049 0.851276 0.503430 1.449946 2.313231 2.004842 1.551720 1.506992 0.375249 0.662274 2.432132 2.610238 1.635558 1.892772 1.243746 0.601619 2.940658 5.900953 4.448933 1.753931 1.889995 1.478196 1.616423 5.408354 8.447681 5.408354 1.616423 1.478196 1.889996 1.753932 4.448933 5.900953 2.940658 0.601619 1.243746 1.892772 1.635558 2.610238 2.432132 0.662274 0.375249 1.506992 1.551720 2.004842 2.313231 1.449946 0.503430 0.851276 1.376049,

Auto-correlations of the modulus of each oriented sub-band
 16.206699 17.821102 19.090532 19.823895 19.902203 19.344090 18.257549 26.574089 30.630075 33.598583 34.861404 34.145184 31.682467 28.055031 37.800301 44.692924 49.666557 51.557377 49.892956 45.162617 38.523800 42.978542 51.093506 56.946518 59.100502 56.946510 51.093513 42.978542 38.523800 45.162613 49.892956 51.557384 49.666550 44.692924 37.800301 28.055031 31.682465 34.145180 34.861404 33.598579 30.630077 26.574087 18.257549 19.344088 19.902203 19.823896 19.090532 17.821104 16.206699,
 30.403442 34.964443 35.015003 30.409330 23.450323 17.100941 12.972097 34.745430 43.164333 46.614479 43.121635 34.438847 24.638596 17.112026 34.717171 46.464088 54.410706 54.420555 46.374836 34.372890 23.367176 30.186481 42.972801 54.366261 59.029388 54.366261 42.972805 30.186481 23.367176 34.372890 46.374828 54.420555 54.410702 46.464088 34.717171 17.112026 24.638592 34.438854 43.121643 46.614479 43.164333 34.745430 12.972098 17.100941 23.450323 30.409330 35.014999 34.964443 30.403437,
 16.517097 26.395323 36.993778 41.635929 36.971985 26.888891 17.882887 18.155851 30.364473 43.800640 49.789394 43.758347 30.704670 19.150591 19.378309 33.214241 48.704422 55.711235 48.668678 33.385380 19.901831 19.993427 34.308971 50.492508 57.902241 50.492496 34.308975 19.993427 19.901831 33.385380 48.668678 55.711235 48.704418 33.214245 19.378309 19.150589 30.704666 43.758347 49.789402 43.800644 30.364473 18.155851 17.882885 26.888891 36.971989 41.635921 36.993778 26.395325 16.517096,
 11.664133 16.449102 23.381706 30.832703 35.933735 36.463051 32.523388 16.606859 24.807028 35.129021 44.199329 48.045189 44.991516 36.918110 23.891550 35.448673 47.792645 56.029339 56.188477 48.416691 36.700550 31.621197 44.698860 56.176575 60.839706 56.176567 44.698860 31.621195 36.700546 48.416691 56.188477 56.029346 47.792645 35.448673 23.891544 36.918110 44.991516 48.045189 44.199329 35.129017 24.807026 16.606857 32.523388 36.463055 35.933746 30.832703 23.381702 16.449106 11.664132,
 12.060391 13.430928 14.668165 15.415072 15.475517 14.944167 14.105862 17.202612 21.324274 24.905436 26.600870 25.812529 23.071886 19.519726 24.936850 33.234257 40.372658 43.331760 40.778824 34.206776 26.445517 29.383842 39.689827 48.648632 52.308784 48.648643 39.689827 29.383842 26.445517 34.206776 40.778824 43.331764 40.372658 33.234261 24.936850 19.519726 23.071886 25.812523 26.600866 24.905436 21.324274 17.202612 14.105860 14.944167 15.475518 15.415072 14.668167 13.430928 12.060393,
 18.998592 22.970598 23.902002 21.093327 16.855728 13.561115 11.657747 22.957546 31.305428 35.927982 33.129280 25.309622 17.802893 13.264358 24.025122 36.139004 46.413532 47.097973 37.645153 25.379942 16.701342 21.181627 33.366142 47.245762 53.704117 47.245766 33.366142 21.181627 16.701344 25.379936 37.645149 47.097973 46.413532 36.139004 24.025122 13.264359 17.802893 25.309622 33.129280 35.927982 31.305431 22.957548 11.657749 13.561115 16.855726 21.093325 23.902008 22.970604 18.998592,
 11.803107 17.603048 26.128517 30.972391 27.696756 19.782776 13.288288 12.870057 21.683792 34.570866 41.530746 35.724308 23.502329 14.177582 13.989333 25.370916 41.948849 50.759979 42.553085 26.410061 14.755556 14.717916 27.205776 45.108807 54.522751 45.108807 27.205776 14.717916 14.755556 26.410061 42.553085 50.759991 41.948853 25.370920 13.989332 14.177582 23.502329 35.724308 41.530739 34.570866 21.683794 12.870057 13.288286 19.782776 27.696756 30.972391 26.128519 17.603048 11.803110,
 9.174355 11.427286 15.580730 20.991405 25.048531 25.266335 22.020885 10.948556 15.958575 24.407698 33.349899 37.115997 33.206604 25.116667 14.924674 24.128979 37.168121 47.323452 47.022057 36.927887 24.705187 20.429977 33.004807 47.187805 53.781189 47.187813 33.004807 20.429977 24.705189 36.927879 47.022049 47.323452 37.168125 24.128984 14.924674 25.116667 33.206596 37.115993 33.349899 24.407703 15.958578 10.948556 22.020885 25.266331 25.048529 20.991405 15.580733 11.427286 9.174356,
 7.212379 7.275475 7.292330 7.206110 7.008104 6.757170 6.519813 7.484664 8.326449 9.116261 9.371042 8.913073 8.043004 7.217149 8.412189 10.522422 12.595057 13.469748 12.545438 10.494765 8.435726 9.128953 11.952075 14.754827 15.999023 14.754827 11.952075 9.128953 8.435727 10.494765 12.545438 13.469748 12.595057 10.522421 8.412189 7.217149 8.043004 8.913071 9.371041 9.116260 8.326448 7.484664 6.519814 6.757172 7.008104 7.206110 7.292329 7.275473 7.212378,
 8.691954 9.240965 9.458202 8.964916 8.124807 7.573941 7.458536 9.285712 11.191901 12.517855 11.984252 10.086755 8.395173 7.691065 9.334509 12.461226 15.596605 16.015631 13.287857 9.963816 8.059545 8.739171 11.818910 15.987731 18.109322 15.987731 11.818910 8.739171 8.059544 9.963816 13.287858 16.015629 15.596607 12.461224 9.334509 7.691065 8.395173 10.086755 11.984250 12.517855 11.191901 9.285712 7.458536 7.573942 8.124806 8.964915 9.458201 9.240963 8.691954,
 7.056471 7.736405 9.166655 9.930919 8.883624 7.334487 6.772162 7.035624 8.451254 11.266252 12.845908 11.080153 8.193050 6.910539 7.024612 9.091501 13.206342 15.583489 13.102643 8.960926 6.983676 7.013496 9.315689 13.984986 16.762506 13.984987 9.315689 7.013496 6.983676 8.960926 13.102645 15.583488 13.206344 9.091500 7.024612 6.910539 8.193049 11.080153 12.845907 11.266252 8.451251 7.035624 6.772162 7.334487 8.883622 9.930921 9.166655 7.736404 7.056471,
 5.683077 5.676891 6.011460 6.498827 6.819922 6.648573 6.085423 5.741108 6.288872 7.528704 8.995429 9.495725 8.414242 6.877071 6.045426 7.476063 10.110530 12.484509 12.185877 9.537313 7.142356 6.678924 8.994197 12.473649 14.382587 12.473649 8.994196 6.678924 7.142356 9.537313 12.185875 12.484507 10.110532 7.476063 6.045426 6.877070 8.414244 9.495724 8.995428 7.528704 6.288871 5.741108 6.085423 6.648573 6.819922 6.498827 6.011460 5.676891 5.683076,

Pairwise cross-correlations of the modulus of all oriented sub-bands at the same scale (size QxQ)
 59.100483 53.357395 47.421978 54.670433,
 53.357395 59.029377 53.124001 51.058372,
 47.421978 53.124001 57.902245 53.872173,
 54.670433 51.058372 53.872173 60.839706,
 52.308777 47.862232 45.915451 49.111710,
 47.862232 53.704105 49.746777 46.153252,
 45.915451 49.746777 54.522751 49.244595,
 49.111710 46.153252 49.244595 53.781189,

Cross-correlations of the modulus of all oriented sub-bands with all oriented sub-bands at the coarser scale (size QxQ)
 49.458611 47.278595 45.191086 47.231010,
 46.943340 51.016922 48.735600 44.978470,
 43.166199 47.065517 50.782711 46.771023,
 47.994862 46.165421 49.575439 51.136513,
 22.722717 22.632603 20.769756 20.202810,
 22.578840 24.680866 22.659191 19.900045,
 21.777027 23.505234 23.412050 20.759428,
 22.177113 22.154121 21.988708 21.280289,

Cross-correlations of the real part of each oriented sub-band with both the real and imaginary part of all phase-doubled oriented sub-bands at the next coarser scale (Q matrices of size 1x2Q, which are computed and stored in a matrix of size Qx2Q)
 -20.415798 -9.076559 -0.775336 -9.521260 0.192144 -0.006360 -0.004078 -0.138441,
 -8.779460 -21.614119 -9.248876 -0.779321 0.016393 0.037887 0.011304 0.019962,
 -0.781927 -9.654680 -20.638964 -9.235865 -0.022052 0.033591 -0.012483 0.022869,
 -9.096213 -0.795375 -8.774829 -21.684074 0.090063 -0.004695 -0.015746 -0.142702,
 -10.228246 -5.177623 -0.540293 -4.682166 0.117741 -0.183905 -0.030325 0.185810,
 -4.899038 -11.837542 -5.326140 -0.465986 0.060997 -0.516490 -0.066801 0.008427,
 -0.514214 -5.277914 -11.271696 -4.894154 -0.027864 -0.151548 0.106176 0.104351,
 -4.365611 -0.482608 -4.794350 -10.792538 -0.047108 0.017833 0.066166 0.341405,
