Low-band skewness and kurtosis
 -11.363971 145.747818,
 -6.887500 56.815487,
 -3.601166 18.082428,
 -0.290179 4.770407,

High-band variance
 17.509212,

Skewness, kurtosis, variance, mean, maximum and minimum of the reconstructed texture
 -11.445902 138.459320 328.418762 253.296890 255.000000 0.000000,

Auto-correlations of the low-frequency bands at each scale
 -0.294705 -2.932468 -1.518194 1.225092 0.167292 -0.505321 1.877509 -0.676186 14.249260 54.727085 78.920280 53.622696 12.395912 -2.124100 2.489305 56.659317 165.462509 225.690201 163.363403 53.340294 -0.361513 3.925718 80.293549 226.003342 306.152924 226.003342 80.293549 3.925719 -0.361514 53.340290 163.363403 225.690231 165.462509 56.659317 2.489305 -2.124100 12.395911 53.622696 78.920280 54.727085 14.249260 -0.676186 1.877509 -0.505321 0.167292 1.225093 -1.518194 -2.932469 -0.294705,
 7.338839 -0.057865 -6.660115 -7.488728 -5.324713 -1.522135 1.195711 2.576928 -12.487673 -8.112271 3.263072 -5.885524 -12.034196 -1.298983 -3.064953 -4.618516 51.672279 97.377060 52.782539 -4.765678 -6.380340 -6.063303 6.949045 98.939743 165.985764 98.939743 6.949045 -6.063303 -6.380341 -4.765677 52.782539 97.377068 51.672279 -4.618517 -3.064954 -1.298983 -12.034196 -5.885524 3.263072 -8.112273 -12.487673 2.576928 1.195711 -1.522136 -5.324713 -7.488727 -6.660115 -0.057866 7.338839,
 5.183424 5.043984 0.382338 -1.108544 0.760547 3.778185 4.495397 4.153586 0.643866 -1.817338 -0.941953 -3.867783 -2.540521 3.761428 0.472134 -0.358919 15.457554 28.990005 13.202656 -3.179970 0.267016 -1.475303 0.526695 29.599600 52.564121 29.599604 0.526695 -1.475303 0.267016 -3.179970 13.202656 28.990004 15.457553 -0.358919 0.472134 3.761428 -2.540521 -3.867783 -0.941953 -1.817337 0.643866 4.153586 4.495397 3.778185 0.760547 -1.108543 0.382338 5.043984 5.183424,
 0.903720 0.952586 0.743535 0.753676 0.780448 0.715074 0.710789 0.822179 0.175360 0.331681 0.884075 0.406651 0.033022 0.638274 0.562459 0.122310 2.243054 4.210428 2.303974 0.028883 0.467518 0.441186 0.507527 4.132660 6.984385 4.132660 0.507527 0.441186 0.467518 0.028883 2.303974 4.210428 2.243054 0.122310 0.562459 0.638273 0.033022 0.406651 0.884075 0.331681 0.175360 0.822180 0.710789 0.715074 0.780448 0.753676 0.743535 0.952586 0.903720,

Auto-correlations of the modulus of each oriented sub-band
 13.889586 15.329172 16.351908 16.758373 16.440184 15.453599 13.965010 24.411667 28.334644 31.162586 32.245472 31.281347 28.506645 24.539301 35.509739 42.352787 47.310432 49.174194 47.405205 42.485443 35.607586 40.463425 48.683819 54.635136 56.833080 54.635136 48.683819 40.463425 35.607586 42.485439 47.405205 49.174194 47.310432 42.352787 35.509735 24.539303 28.506639 31.281347 32.245472 31.162586 28.334648 24.411665 13.965012 15.453599 16.440186 16.758373 16.351908 15.329172 13.889586,
 29.192572 33.505566 33.274780 28.276186 20.727976 13.547687 8.427606 33.742214 42.027637 45.288864 41.568619 32.515888 22.095718 13.682561 33.631374 45.397999 53.220951 53.121635 44.954639 32.647762 21.029451 28.663828 41.730186 53.146141 57.768135 53.146141 41.730186 28.663828 21.029451 32.647762 44.954636 53.121639 53.220951 45.397999 33.631374 13.682561 22.095715 32.515888 41.568619 45.288864 42.027641 33.742214 8.427607 13.547685 20.727978 28.276190 33.274776 33.505566 29.192568,
 14.262926 24.531797 35.478519 40.429955 35.750751 24.869638 14.388912 15.829961 28.547623 42.348392 48.612339 42.598530 28.867598 15.998985 16.951002 31.450798 47.319656 54.513912 47.469128 31.644583 17.065546 17.403519 32.584499 49.199196 56.685307 49.199196 32.584507 17.403519 17.065546 31.644581 47.469128 54.513912 47.319656 31.450804 16.951000 15.998986 28.867592 42.598534 48.612339 42.348392 28.547628 15.829960 14.388914 24.869642 35.750759 40.429955 35.478516 24.531801 14.262925,
 8.402006 13.760956 21.352163 29.268948 34.421150 34.493782 29.723230 13.898832 22.820299 33.777710 43.213631 47.024586 43.490124 34.651310 21.639523 33.882057 46.730694 55.204090 55.268074 47.056190 34.673855 29.591539 43.301067 55.197834 60.000683 55.197834 43.301071 29.591539 34.673855 47.056183 55.268078 55.204090 46.730690 33.882065 21.639523 34.651314 43.490120 47.024586 43.213631 33.777710 22.820299 13.898830 29.723230 34.493774 34.421154 29.268948 21.352163 13.760957 8.402006,
 10.169437 10.845980 11.261564 11.122071 10.323041 9.187555 8.227296 16.177233 20.274574 23.631176 24.715086 22.850367 18.907000 14.581253 24.581102 33.732296 41.440498 44.369053 40.968327 32.906250 23.599289 28.515394 40.291306 50.334999 54.372383 50.334999 40.291306 28.515394 23.599293 32.906250 40.968323 44.369049 41.440502 33.732296 24.581097 14.581253 18.907000 22.850365 24.715086 23.631172 20.274574 16.177233 8.227297 9.187555 10.323041 11.122071 11.261564 10.845978 10.169439,
 18.006903 21.571318 21.647856 17.244549 11.003553 6.386954 4.599103 22.037237 30.789450 35.346203 31.455004 21.407074 11.706790 6.361895 22.083464 35.515816 46.713295 47.286366 36.163471 21.390556 10.941932 17.368902 31.520548 47.281647 54.494316 47.281647 31.520548 17.368902 10.941934 21.390554 36.163464 47.286366 46.713299 35.515816 22.083460 6.361895 11.706790 21.407072 31.455004 35.346203 30.789454 22.037237 4.599103 6.386953 11.003551 17.244549 21.647858 21.571318 18.006903,
 10.317737 16.396883 25.607817 30.168612 24.951647 15.006221 8.153842 11.422725 20.953032 34.986813 41.916210 34.227566 19.586222 9.567990 12.106054 24.588699 42.785404 51.896996 42.269787 23.739737 11.027682 11.994000 25.720350 45.690857 55.899040 45.690861 25.720352 11.994000 11.027682 23.739733 42.269787 51.896996 42.785404 24.588699 12.106053 9.567991 19.586222 34.227566 41.916203 34.986813 20.953035 11.422724 8.153843 15.006220 24.951647 30.168612 25.607821 16.396885 10.317737,
 7.140197 8.591622 12.377303 17.579971 20.874029 19.686388 15.299766 8.506464 12.926271 21.551834 30.711142 33.920422 28.794403 19.828884 11.893757 21.279726 35.246040 45.957527 45.166149 33.824825 20.681923 17.024994 30.419014 45.881725 53.065346 45.881733 30.419018 17.024994 20.681923 33.824821 45.166145 45.957527 35.246040 21.279728 11.893757 19.828886 28.794403 33.920422 30.711142 21.551834 12.926271 8.506464 15.299768 19.686386 20.874029 17.579971 12.377306 8.591623 7.140197,
 4.178689 4.320174 4.381634 4.322217 4.157807 3.961997 3.803997 4.817747 5.690084 6.551659 6.966932 6.692442 5.907347 5.027412 6.358491 8.713997 11.045238 12.160953 11.354157 9.162245 6.778102 7.490058 10.728948 13.879921 15.258820 13.879921 10.728948 7.490058 6.778102 9.162245 11.354157 12.160953 11.045237 8.713997 6.358491 5.027412 5.907347 6.692443 6.966931 6.551659 5.690084 4.817746 3.803997 3.961997 4.157807 4.322217 4.381633 4.320174 4.178689,
 5.236699 6.313833 6.491195 5.742984 4.764599 4.053834 3.584795 5.982327 8.427834 9.749202 8.742616 6.468143 4.668816 3.804109 5.985606 9.534454 12.840339 12.976417 9.815928 6.271295 4.258534 5.161061 8.478523 12.907567 15.163628 12.907567 8.478523 5.161061 4.258534 6.271296 9.815928 12.976416 12.840339 9.534453 5.985605 3.804109 4.668816 6.468143 8.742615 9.749200 8.427833 5.982326 3.584795 4.053834 4.764599 5.742984 6.491197 6.313833 5.236699,
 3.938282 5.404418 7.296876 8.335632 7.160963 5.017571 3.629649 3.985634 6.210706 9.583404 11.601053 9.698574 6.119263 3.891873 4.092144 7.051131 11.889163 14.818371 12.050298 7.071842 4.087038 4.155216 7.437847 12.964952 16.228409 12.964954 7.437847 4.155215 4.087039 7.071841 12.050298 14.818371 11.889163 7.051131 4.092143 3.891874 6.119263 9.698574 11.601053 9.583403 6.210706 3.985633 3.629650 5.017571 7.160963 8.335632 7.296876 5.404418 3.938282,
 4.301116 5.032538 6.010536 7.120035 7.717102 7.190286 5.916843 4.461259 5.757266 7.931048 10.272704 11.040072 9.461773 6.929492 5.047672 7.523425 11.369576 14.520098 14.245032 10.821024 7.109061 6.180716 9.850781 14.439898 16.707432 14.439898 9.850781 6.180716 7.109061 10.821024 14.245032 14.520099 11.369576 7.523425 5.047672 6.929492 9.461772 11.040073 10.272704 7.931047 5.757265 4.461259 5.916844 7.190287 7.717102 7.120035 6.010536 5.032537 4.301117,

Pairwise cross-correlations of the modulus of all oriented sub-bands at the same scale (size QxQ)
 56.833073 51.791222 44.985073 52.734428,
 51.791222 57.768135 51.466026 49.658627,
 44.985073 51.466026 56.685318 52.548424,
 52.734428 49.658627 52.548424 60.000690,
 54.372391 50.739338 47.645145 49.400360,
 50.739338 54.494312 50.562862 46.208622,
 47.645145 50.562862 55.899040 50.536617,
 49.400360 46.208622 50.536617 53.065357,

Cross-correlations of the modulus of all oriented sub-bands with all oriented sub-bands at the coarser scale (size QxQ)
 50.475822 47.129860 44.268093 46.249706,
 48.366440 51.479733 48.475655 44.228020,
 43.764606 47.087612 51.009811 46.155628,
 49.316006 46.383160 49.339104 51.421700,
 22.943388 21.612417 20.887508 22.857872,
 21.816973 22.718319 22.137217 21.872835,
 20.964052 21.958950 23.881042 23.455183,
 21.599314 20.225979 22.012985 23.610720,

Cross-correlations of the real part of each oriented sub-band with both the real and imaginary part of all phase-doubled oriented sub-bands at the next coarser scale (Q matrices of size 1x2Q, which are computed and stored in a matrix of size Qx2Q)
 -21.763691 -9.898462 -0.748547 -9.642847 -0.245190 -0.040054 0.000704 0.009928,
 -9.547903 -22.954008 -9.623816 -0.773174 -0.135755 -0.012880 0.005417 -0.006872,
 -0.715293 -9.823612 -22.458250 -10.056737 -0.004242 0.007418 -0.001900 -0.039578,
 -9.250352 -0.735144 -9.776238 -22.867817 -0.059892 -0.001053 -0.002848 -0.024758,
 -12.203612 -5.288172 -0.484406 -5.417495 -0.008304 -0.004506 0.022951 -0.024327,
 -5.278536 -12.077193 -5.570019 -0.571603 0.073794 -0.228689 0.005800 -0.018121,
 -0.448116 -5.381980 -13.159050 -5.746840 0.015959 -0.130637 -0.001381 -0.014574,
 -5.288598 -0.482604 -5.898234 -12.481286 -0.035805 0.024180 -0.000131 -0.021436,
