Low-band skewness and kurtosis
 -11.388198 146.369720,
 -6.858428 55.768826,
 -3.636580 18.009432,
 -0.417428 6.325157,

High-band variance
 17.356470,

Skewness, kurtosis, variance, mean, maximum and minimum of the reconstructed texture
 -11.467992 138.983826 327.583008 253.302628 255.000000 0.000000,

Auto-correlations of the low-frequency bands at each scale
 4.258848 -1.375325 -1.172374 0.634160 -2.507047 -4.519905 -0.517439 1.806979 13.435114 52.908962 77.286194 51.807518 10.551805 -2.688966 2.589665 55.245934 163.697876 224.599274 163.193192 53.583210 -0.177088 3.455591 80.071938 225.633850 305.580048 225.633850 80.071938 3.455591 -0.177088 53.583210 163.193192 224.599289 163.697876 55.245934 2.589664 -2.688966 10.551805 51.807529 77.286194 52.908955 13.435114 1.806979 -0.517439 -4.519905 -2.507046 0.634160 -1.172374 -1.375325 4.258848,
 4.625819 1.210785 -6.223352 -7.489494 -3.851853 1.597427 4.328672 2.214557 -7.745011 -4.580598 3.812224 -6.185288 -10.514311 2.333031 -3.061194 -0.880162 53.717457 96.040726 50.455173 -5.011049 -3.854745 -6.005043 7.424569 97.761246 163.721634 97.761269 7.424569 -6.005043 -3.854746 -5.011048 50.455166 96.040726 53.717468 -0.880162 -3.061194 2.333030 -10.514311 -6.185287 3.812224 -4.580598 -7.745011 2.214557 4.328672 1.597427 -3.851852 -7.489494 -6.223353 1.210785 4.625819,
 4.130714 4.585129 2.747715 -1.087485 -1.988213 1.395172 3.374306 1.082853 -1.408358 -0.848204 -0.399331 -4.371261 -3.944800 0.514254 -1.942237 -2.390548 15.104985 29.266953 14.092200 -3.120720 -2.038518 -2.437076 0.460611 30.194937 52.986027 30.194937 0.460611 -2.437076 -2.038519 -3.120721 14.092201 29.266953 15.104985 -2.390548 -1.942237 0.514255 -3.944800 -4.371262 -0.399331 -0.848203 -1.408358 1.082853 3.374307 1.395173 -1.988214 -1.087485 2.747716 4.585129 4.130714,
 0.470501 0.415858 0.436645 0.095118 -0.198945 0.375782 0.922823 1.068645 0.540918 0.581478 0.349612 -0.767239 -0.767526 0.235461 1.139454 0.908859 3.035596 4.549714 2.109021 -0.062843 0.488443 0.985553 1.106456 4.786095 7.759189 4.786095 1.106456 0.985553 0.488443 -0.062843 2.109021 4.549714 3.035595 0.908859 1.139454 0.235461 -0.767526 -0.767239 0.349612 0.581478 0.540918 1.068645 0.922823 0.375782 -0.198945 0.095118 0.436645 0.415858 0.470501,

Auto-correlations of the modulus of each oriented sub-band
 14.831530 16.298409 17.198248 17.397194 16.859377 15.698675 14.100604 25.311089 29.291109 32.018955 32.901203 31.710314 28.748562 24.662823 36.068047 43.018673 47.966152 49.715729 47.779030 42.696468 35.694824 40.646778 48.977829 55.009266 57.237736 55.009266 48.977840 40.646778 35.694824 42.696468 47.779030 49.715729 47.966152 43.018681 36.068047 24.662825 28.748562 31.710314 32.901207 32.018951 29.291109 25.311089 14.100606 15.698674 16.859377 17.397194 17.198248 16.298410 14.831530,
 30.111250 34.524399 34.203583 28.988775 21.159714 13.782460 8.668107 34.868813 43.419346 46.710823 42.825981 33.427029 22.601332 13.916517 34.716412 46.926613 54.959888 54.824444 46.372837 33.590027 21.486467 29.471050 43.080536 54.887672 59.643539 54.887672 43.080544 29.471048 21.486467 33.590019 46.372829 54.824444 54.959885 46.926613 34.716408 13.916519 22.601330 33.427032 42.825977 46.710815 43.419353 34.868809 8.668108 13.782460 21.159714 28.988777 34.203579 34.524399 30.111250,
 15.248100 25.382683 36.338512 41.220493 36.196156 24.987352 14.516628 16.822874 29.496920 43.376511 49.595871 43.225979 29.140228 16.241114 17.826361 32.348164 48.381939 55.615166 48.285530 32.134785 17.499096 18.070057 33.307072 50.176712 57.826038 50.176712 33.307072 18.070057 17.499096 32.134781 48.285530 55.615162 48.381935 32.348167 17.826361 16.241116 29.140223 43.225983 49.595871 43.376511 29.496920 16.822874 14.516629 24.987347 36.196163 41.220493 36.338512 25.382683 15.248100,
 9.543713 14.469135 21.544752 29.042217 33.930504 33.994221 29.437607 14.654354 22.957727 33.375629 42.464493 46.146488 42.783226 34.285210 21.854166 33.506931 45.925797 54.193977 54.282818 46.335602 34.343124 29.423294 42.659630 54.239979 58.938713 54.239971 42.659634 29.423294 34.343124 46.335594 54.282822 54.193985 45.925793 33.506931 21.854166 34.285210 42.783218 46.146484 42.464493 33.375629 22.957727 14.654354 29.437611 33.994221 33.930504 29.042217 21.544750 14.469137 9.543713,
 8.215292 9.283706 9.977050 10.005086 9.226099 7.822817 6.185591 14.065682 18.468903 22.093405 23.461712 21.879408 18.022209 13.374728 22.517035 31.702047 39.510353 42.700218 39.685287 31.926140 22.673033 27.020340 38.673920 48.610027 52.619293 48.610035 38.673920 27.020340 22.673033 31.926136 39.685287 42.700218 39.510353 31.702051 22.517031 13.374726 18.022209 21.879408 23.461712 22.093405 18.468904 14.065682 6.185591 7.822817 9.226099 10.005086 9.977050 9.283706 8.215292,
 16.184103 20.187649 20.467480 16.411568 10.645883 6.150936 3.678501 19.975805 28.987600 33.542202 29.901936 20.571461 11.579526 6.261291 20.253099 33.661926 44.616631 45.158424 34.572399 20.619349 10.624798 16.238855 30.023932 45.247917 52.204277 45.247921 30.023932 16.238855 10.624798 20.619349 34.572399 45.158424 44.616634 33.661922 20.253099 6.261291 11.579526 20.571461 29.901939 33.542202 28.987600 19.975805 3.678502 6.150935 10.645881 16.411568 20.467482 20.187649 16.184103,
 9.652323 16.162483 24.476822 28.456404 23.539444 14.021365 6.991912 10.386460 20.247133 33.564636 40.278141 33.139214 19.012753 8.753702 10.999680 23.717476 41.312485 50.306969 41.200741 23.185465 10.244072 11.039294 24.968130 44.409847 54.330677 44.409847 24.968128 11.039294 10.244072 23.185465 41.200737 50.306973 41.312485 23.717476 10.999680 8.753702 19.012753 33.139210 40.278141 33.564632 20.247131 10.386461 6.991912 14.021365 23.539442 28.456404 24.476822 16.162481 9.652325,
 5.602156 7.593999 11.851193 17.521896 21.319048 20.431723 15.723095 7.357584 13.002076 22.411274 31.946148 35.379757 30.229887 20.572952 11.834953 22.505577 36.918266 47.596107 46.872444 35.530285 21.626102 17.790854 32.149715 47.653671 54.646046 47.653671 32.149715 17.790852 21.626102 35.530277 46.872440 47.596107 36.918270 22.505577 11.834953 20.572954 30.229887 35.379753 31.946150 22.411276 13.002076 7.357584 15.723095 20.431723 21.319048 17.521896 11.851196 7.593999 5.602156,
 4.056608 4.039657 3.816754 3.449650 3.078184 2.869575 2.922423 4.655235 5.547273 6.319103 6.465711 5.812446 4.753467 3.900985 6.163157 8.587464 11.020761 12.025800 10.871711 8.377069 5.977215 7.156192 10.431372 13.778089 15.270652 13.778089 10.431372 7.156192 5.977214 8.377069 10.871710 12.025800 11.020762 8.587464 6.163157 3.900984 4.753466 5.812445 6.465711 6.319103 5.547273 4.655235 2.922423 2.869575 3.078184 3.449650 3.816754 4.039657 4.056608,
 5.669285 6.515475 6.404736 4.989576 3.266920 2.517371 2.884833 6.194462 8.602494 10.033873 8.868734 5.877068 3.431217 2.773557 5.974082 9.734230 13.373477 13.692975 10.134408 5.805138 3.423004 4.793698 8.573322 13.559265 16.053589 13.559265 8.573322 4.793697 3.423004 5.805138 10.134409 13.692972 13.373475 9.734230 5.974081 2.773557 3.431218 5.877068 8.868734 10.033873 8.602494 6.194462 2.884833 2.517372 3.266920 4.989576 6.404736 6.515475 5.669285,
 4.549016 5.476801 7.087977 7.755301 6.245849 4.145422 3.444338 4.477693 6.377892 9.691245 11.401306 9.100048 5.328510 3.550483 4.288453 7.089674 12.055599 14.804133 11.780071 6.528487 3.753707 4.023109 7.204360 12.974270 16.254162 12.974270 7.204360 4.023109 3.753707 6.528487 11.780069 14.804132 12.055600 7.089674 4.288453 3.550482 5.328510 9.100048 11.401306 9.691244 6.377892 4.477693 3.444338 4.145422 6.245849 7.755301 7.087978 5.476801 4.549016,
 3.555245 3.721698 4.106930 4.772494 5.387844 5.338005 4.693015 3.749420 4.606741 6.360657 8.452125 9.209063 7.813524 5.622305 4.358922 6.507144 10.193820 13.284302 12.891349 9.386731 5.891792 5.275849 8.688569 13.336682 15.709050 13.336682 8.688569 5.275849 5.891793 9.386731 12.891349 13.284300 10.193820 6.507143 4.358921 5.622305 7.813524 9.209063 8.452124 6.360657 4.606740 3.749420 4.693015 5.338005 5.387844 4.772494 4.106930 3.721698 3.555244,

Pairwise cross-correlations of the modulus of all oriented sub-bands at the same scale (size QxQ)
 57.237720 52.881699 45.896843 52.635563,
 52.881699 59.643517 53.119095 49.931023,
 45.896843 53.119095 57.826050 52.620617,
 52.635563 49.931023 52.620617 58.938683,
 52.619282 48.434883 45.984268 49.319855,
 48.434883 52.204296 49.261909 46.246212,
 45.984268 49.261909 54.330685 50.518810,
 49.319855 46.246212 50.518810 54.646038,

Cross-correlations of the modulus of all oriented sub-bands with all oriented sub-bands at the coarser scale (size QxQ)
 49.414394 45.876125 43.690041 47.335945,
 47.736366 50.649029 48.538445 46.080280,
 43.521744 46.495682 50.772232 47.765079,
 47.748688 44.670765 48.498466 51.927578,
 22.655243 22.294273 20.964649 21.663017,
 21.417900 23.216913 22.137888 20.567194,
 20.858624 22.742256 23.835442 22.137051,
 22.218266 21.736444 22.760195 23.676563,

Cross-correlations of the real part of each oriented sub-band with both the real and imaginary part of all phase-doubled oriented sub-bands at the next coarser scale (Q matrices of size 1x2Q, which are computed and stored in a matrix of size Qx2Q)
 -20.946266 -9.424914 -0.757023 -9.514247 -0.069842 -0.005029 -0.001969 0.040571,
 -9.034814 -22.052629 -9.431528 -0.721020 -0.025013 0.010479 -0.001234 0.000176,
 -0.718565 -9.654733 -22.117516 -9.993670 -0.003423 0.019353 0.004972 0.040017,
 -9.079632 -0.761925 -9.831823 -22.664980 -0.041288 0.003791 0.001757 0.114190,
 -12.226785 -5.097103 -0.468328 -5.581547 0.043311 -0.021713 -0.015890 -0.034043,
 -5.273577 -11.999056 -5.450080 -0.463627 0.073804 -0.125937 -0.050580 -0.020005,
 -0.488917 -5.448540 -12.531043 -5.691703 0.035127 -0.080477 0.026784 0.014942,
 -5.490121 -0.468816 -5.471371 -12.880330 -0.004249 0.003026 0.013331 0.026542,
