Low-band skewness and kurtosis
 -11.402472 146.742676,
 -6.866722 56.029438,
 -3.967203 22.609079,
 -0.379414 4.614978,

High-band variance
 17.445358,

Skewness, kurtosis, variance, mean, maximum and minimum of the reconstructed texture
 -11.494726 139.616226 325.346130 253.312332 255.000000 0.000000,

Auto-correlations of the low-frequency bands at each scale
 4.538335 -0.473209 0.089446 2.248139 -0.256405 -1.936214 0.773214 1.119930 12.178960 51.126694 75.916847 52.432484 13.167176 -0.671074 2.325677 53.128399 160.927322 222.311783 162.613861 55.099113 2.429968 5.028773 79.377106 223.664032 303.198395 223.664032 79.377121 5.028773 2.429968 55.099113 162.613876 222.311783 160.927307 53.128407 2.325677 -0.671074 13.167176 52.432484 75.916847 51.126690 12.178960 1.119930 0.773214 -1.936213 -0.256405 2.248139 0.089447 -0.473210 4.538334,
 6.945765 1.128194 -3.661380 -2.353745 -0.385796 2.681019 3.250027 4.911469 -6.388073 -1.739639 8.919524 -2.111441 -9.514905 -0.296623 -1.203087 -0.189263 53.454567 96.288712 51.877094 -3.725009 -4.679988 -4.663817 8.417684 96.628380 161.091705 96.628380 8.417684 -4.663818 -4.679987 -3.725009 51.877083 96.288704 53.454575 -0.189263 -1.203087 -0.296623 -9.514905 -2.111440 8.919524 -1.739640 -6.388073 4.911468 3.250027 2.681019 -0.385795 -2.353745 -3.661381 1.128194 6.945765,
 5.443536 4.311826 1.765995 0.815470 0.874354 1.702653 1.126809 4.161706 -0.328414 -0.597034 1.679565 -2.031434 -3.578138 -0.012208 0.159732 -1.392795 16.209213 31.014996 15.394096 -2.558431 -0.741443 -1.172790 0.851738 31.016911 54.239849 31.016914 0.851738 -1.172789 -0.741443 -2.558432 15.394094 31.014996 16.209213 -1.392794 0.159732 -0.012208 -3.578138 -2.031434 1.679565 -0.597034 -0.328414 4.161706 1.126809 1.702653 0.874354 0.815470 1.765994 4.311825 5.443536,
 0.556680 0.817811 0.719383 0.317907 0.290336 1.104429 1.619264 0.604287 0.633248 0.801466 0.714632 0.116226 0.394987 1.156721 0.809808 0.874844 2.823197 4.327097 2.542604 0.720187 0.981319 1.053442 1.317152 4.551464 7.085516 4.551464 1.317152 1.053442 0.981319 0.720187 2.542604 4.327097 2.823197 0.874844 0.809808 1.156721 0.394987 0.116226 0.714632 0.801466 0.633248 0.604287 1.619264 1.104429 0.290336 0.317907 0.719383 0.817811 0.556680,

Auto-correlations of the modulus of each oriented sub-band
 15.657621 17.001637 17.824869 17.965546 17.363144 16.117777 14.427492 25.735416 29.568878 32.192822 32.997810 31.757572 28.777702 24.711931 36.415241 43.171902 47.970360 49.635639 47.700657 42.703178 35.845341 40.982132 49.113228 54.995083 57.164852 54.995079 49.113235 40.982128 35.845341 42.703178 47.700661 49.635647 47.970360 43.171906 36.415237 24.711931 28.777702 31.757576 32.997814 32.192822 29.568880 25.735415 14.427493 16.117777 17.363146 17.965546 17.824869 17.001638 15.657619,
 30.638441 35.289852 35.418617 30.648628 23.051134 15.594322 10.177312 35.433380 44.089691 47.652313 44.090279 34.927277 24.142645 15.311033 35.432259 47.655346 55.784283 55.800434 47.507080 34.804207 22.680723 30.419117 44.004074 55.782761 60.517418 55.782761 44.004078 30.419117 22.680723 34.804203 47.507080 55.800434 55.784283 47.655346 35.432255 15.311035 24.142645 34.927277 44.090275 47.652306 44.089691 35.433380 10.177312 15.594322 23.051138 30.648628 35.418617 35.289852 30.638441,
 15.853013 26.209597 37.501579 42.579468 37.487602 26.027153 15.275607 17.515507 30.350878 44.476494 50.830177 44.389740 30.093328 16.950331 18.557125 33.234840 49.473145 56.805618 49.397724 33.055634 18.211479 18.800598 34.215538 51.277004 59.012341 51.276997 34.215538 18.800596 18.211483 33.055634 49.397724 56.805618 49.473145 33.234840 18.557125 16.950333 30.093328 44.389732 50.830177 44.476490 30.350878 17.515507 15.275607 26.027151 37.487602 42.579468 37.501579 26.209597 15.853010,
 10.582525 15.447200 22.352716 29.525406 34.000885 33.619457 28.700150 15.286205 23.419786 33.630608 42.445850 45.817165 42.106506 33.366383 21.992317 33.459259 45.743683 53.860039 53.765129 45.617588 33.556499 29.042368 42.183365 53.781391 58.495857 53.781391 42.183365 29.042368 33.556499 45.617580 53.765129 53.860039 45.743683 33.459263 21.992317 33.366383 42.106510 45.817165 42.445850 33.630608 23.419788 15.286205 28.700153 33.619457 34.000885 29.525406 22.352715 15.447200 10.582527,
 11.107519 12.071995 12.650389 12.448977 11.325467 9.630754 7.963001 16.732813 20.860680 24.178631 25.151077 23.123226 19.010014 14.535797 24.514740 33.113110 40.468231 43.296238 40.021072 32.317299 23.575087 28.257473 39.166599 48.700127 52.595062 48.700127 39.166599 28.257473 23.575087 32.317291 40.021072 43.296238 40.468235 33.113110 24.514740 14.535799 19.010012 23.123226 25.151075 24.178633 20.860680 16.732811 7.963001 9.630754 11.325467 12.448977 12.650389 12.071995 11.107519,
 16.502571 19.799740 20.074907 16.608444 11.585218 7.714357 5.772611 20.409790 28.462955 32.525818 29.032475 20.368248 12.202744 7.625149 20.884762 33.199799 43.380913 43.727623 33.625385 20.648104 11.660140 17.103664 29.761667 44.074955 50.714241 44.074959 29.761667 17.103664 11.660140 20.648104 33.625385 43.727623 43.380913 33.199799 20.884762 7.625149 12.202742 20.368248 29.032475 32.525822 28.462955 20.409792 5.772611 7.714356 11.585218 16.608444 20.074911 19.799740 16.502573,
 8.907787 14.743343 23.482414 28.570101 24.823219 15.935640 8.781460 10.225324 19.199245 32.296787 39.562950 33.433533 20.122578 10.099322 11.338201 23.132986 40.073738 49.124939 40.752041 23.652658 11.269567 11.765292 24.895651 43.463100 53.010971 43.463104 24.895651 11.765292 11.269565 23.652657 40.752037 49.124947 40.073738 23.132986 11.338202 10.099322 20.122578 33.433529 39.562958 32.296787 19.199247 10.225324 8.781459 15.935639 24.823217 28.570101 23.482416 14.743344 8.907789,
 6.198881 8.359741 12.806968 18.336584 21.668129 20.300077 15.432706 8.376662 13.457845 22.096697 30.838455 33.790592 28.666098 19.632339 12.655672 21.979101 35.102757 45.027790 44.228806 33.481571 20.838135 17.794746 30.557411 44.987236 51.643467 44.987244 30.557415 17.794746 20.838135 33.481571 44.228802 45.027790 35.102757 21.979101 12.655672 19.632341 28.666098 33.790588 30.838455 22.096701 13.457845 8.376663 15.432707 20.300077 21.668123 18.336582 12.806968 8.359742 6.198882,
 4.236650 4.620619 4.980643 5.104222 4.853244 4.314310 3.719365 5.709191 6.751957 7.731395 8.082986 7.507421 6.314011 5.088840 7.829860 10.158047 12.437898 13.431257 12.399950 10.008379 7.528499 8.876309 12.047109 15.169721 16.548687 15.169721 12.047109 8.876309 7.528500 10.008378 12.399949 13.431257 12.437899 10.158047 7.829859 5.088840 6.314011 7.507420 8.082986 7.731395 6.751956 5.709191 3.719365 4.314310 4.853244 5.104222 4.980643 4.620619 4.236650,
 5.412275 6.195612 6.302987 5.456820 4.327078 3.624365 3.282122 6.712090 8.779613 9.946933 8.924884 6.562118 4.655920 3.780468 7.098305 10.310214 13.431207 13.522759 10.340671 6.818702 4.869695 6.241049 9.318720 13.606577 15.852253 13.606575 9.318719 6.241049 4.869695 6.818703 10.340671 13.522759 13.431206 10.310214 7.098304 3.780467 4.655920 6.562118 8.924884 9.946931 8.779612 6.712090 3.282122 3.624366 4.327079 5.456820 6.302987 6.195612 5.412275,
 4.153450 5.113177 7.184645 8.401802 7.208627 4.865803 3.289709 4.345573 6.109040 9.671784 11.736999 9.661291 5.839333 3.573312 4.481945 7.052315 11.999782 14.853243 11.965208 6.855812 4.003357 4.370241 7.374636 12.962641 16.186600 12.962641 7.374636 4.370241 4.003357 6.855812 11.965210 14.853243 11.999781 7.052315 4.481945 3.573312 5.839333 9.661291 11.736999 9.671784 6.109040 4.345573 3.289709 4.865804 7.208627 8.401802 7.184645 5.113177 4.153449,
 4.277329 4.548243 5.176179 6.157952 6.680267 5.992104 4.535139 4.602221 5.424998 7.294122 9.443976 10.025702 8.256009 5.641466 5.168983 7.241750 10.876395 13.889167 13.470860 9.916137 6.290710 5.943136 9.335367 13.899648 16.207802 13.899648 9.335367 5.943135 6.290709 9.916139 13.470859 13.889168 10.876395 7.241749 5.168983 5.641466 8.256009 10.025702 9.443976 7.294123 5.424998 4.602221 4.535139 5.992105 6.680267 6.157951 5.176179 4.548242 4.277329,

Pairwise cross-correlations of the modulus of all oriented sub-bands at the same scale (size QxQ)
 57.164867 53.328140 46.503510 52.390087,
 53.328140 60.517418 54.305691 50.966141,
 46.503510 54.305691 59.012329 53.393578,
 52.390087 50.966141 53.393578 58.495838,
 52.595062 47.318233 45.015579 47.504749,
 47.318233 50.714245 47.449078 44.044296,
 45.015579 47.449078 53.010956 48.278294,
 47.504749 44.044296 48.278294 51.643456,

Cross-correlations of the modulus of all oriented sub-bands with all oriented sub-bands at the coarser scale (size QxQ)
 49.007206 44.978645 43.526428 45.845215,
 48.142227 49.840183 48.413788 45.135422,
 43.739410 45.818043 50.458454 46.321159,
 47.580326 43.743156 47.802040 49.947876,
 23.529976 21.656450 20.838903 22.207550,
 21.991566 22.347601 21.894365 20.743618,
 21.606197 22.144699 23.573748 22.107813,
 22.422266 20.782269 22.166813 22.928410,

Cross-correlations of the real part of each oriented sub-band with both the real and imaginary part of all phase-doubled oriented sub-bands at the next coarser scale (Q matrices of size 1x2Q, which are computed and stored in a matrix of size Qx2Q)
 -20.737450 -9.324270 -0.716475 -9.318261 -0.051427 0.065719 -0.030841 -0.112946,
 -8.910748 -21.832491 -9.143847 -0.786994 -0.029269 0.113630 0.013367 0.043764,
 -0.703345 -9.550894 -21.214920 -9.589324 -0.026199 -0.018084 -0.000019 -0.047225,
 -8.943400 -0.780815 -9.194906 -21.818348 -0.006574 -0.044582 -0.078235 -0.275728,
 -11.564692 -4.965681 -0.393284 -4.966709 0.337346 -0.028599 -0.037923 -0.079557,
 -5.094453 -10.875846 -4.787136 -0.447281 0.095607 -0.070126 0.198840 -0.003061,
 -0.460556 -4.788527 -11.556705 -5.245248 -0.001490 0.007388 0.614082 0.054595,
 -5.037299 -0.468397 -5.166746 -11.734497 0.151295 0.004512 0.189899 -0.046137,
