Low-band skewness and kurtosis
 -11.334926 145.136902,
 -6.757211 53.886360,
 -3.724538 18.955626,
 -0.463690 7.592100,

High-band variance
 17.617718,

Skewness, kurtosis, variance, mean, maximum and minimum of the reconstructed texture
 -11.417299 137.796570 329.312286 253.289932 255.000000 0.000000,

Auto-correlations of the low-frequency bands at each scale
 5.223392 -1.804576 -0.644878 3.566313 2.170901 0.127878 2.789289 -0.605308 10.534395 51.922844 78.971786 54.732880 13.108538 -0.820352 -0.071090 52.125927 162.779251 225.793488 164.154266 53.472149 0.161306 2.406235 78.220215 225.602203 306.927704 225.602173 78.220215 2.406235 0.161306 53.472145 164.154251 225.793488 162.779251 52.125935 -0.071090 -0.820353 13.108537 54.732880 78.971786 51.922844 10.534396 -0.605308 2.789289 0.127877 2.170902 3.566314 -0.644878 -1.804576 5.223392,
 7.129501 3.555222 -3.613486 -7.374238 -5.967936 2.052500 9.149389 5.896698 -5.580835 -2.731309 5.610272 -3.995588 -7.239151 6.333398 -3.930066 -1.815057 53.435783 97.170609 53.026878 -2.874497 -3.857311 -9.197021 6.196076 97.497215 163.462662 97.497238 6.196076 -9.197021 -3.857312 -2.874497 53.026867 97.170609 53.435783 -1.815057 -3.930066 6.333398 -7.239150 -3.995588 5.610272 -2.731309 -5.580835 5.896698 9.149389 2.052500 -5.967936 -7.374238 -3.613485 3.555223 7.129501,
 5.774837 3.208136 -0.870130 -1.802995 0.207686 3.355687 4.374777 4.626324 -0.716083 -2.255724 0.005143 -2.153002 -0.973975 4.121139 2.359416 -0.270276 15.716553 30.290625 15.402966 -0.568481 2.009204 1.304157 2.293782 30.686201 53.561260 30.686201 2.293781 1.304157 2.009204 -0.568481 15.402968 30.290625 15.716553 -0.270275 2.359416 4.121139 -0.973975 -2.153001 0.005143 -2.255724 -0.716084 4.626323 4.374777 3.355687 0.207685 -1.802994 -0.870130 3.208136 5.774837,
 1.298828 0.983718 0.662017 0.886401 1.238815 1.347685 1.036921 1.450673 0.701834 0.440482 0.968226 0.872592 0.526576 0.412141 0.876518 0.598701 2.245470 4.166183 2.930823 0.886749 0.386296 0.583352 1.228580 4.472125 6.932391 4.472126 1.228580 0.583352 0.386296 0.886749 2.930823 4.166183 2.245471 0.598701 0.876519 0.412141 0.526576 0.872592 0.968226 0.440482 0.701834 1.450673 1.036921 1.347684 1.238815 0.886401 0.662017 0.983718 1.298828,

Auto-correlations of the modulus of each oriented sub-band
 16.361561 17.823668 18.774149 19.044487 18.578032 17.487625 15.977989 26.633581 30.751797 33.607964 34.579311 33.427574 30.455132 26.319841 37.518024 44.678257 49.754311 51.562122 49.630474 44.479664 37.318909 42.273346 50.822399 56.954861 59.206680 56.954861 50.822399 42.273346 37.318909 44.479664 49.630466 51.562122 49.754318 44.678257 37.518024 26.319845 30.455132 33.427574 34.579304 33.607960 30.751802 26.633581 15.977992 17.487623 18.578032 19.044487 18.774151 17.823673 16.361559,
 31.360859 35.752556 35.378605 30.147539 22.389679 15.113909 10.063907 35.937160 44.512482 47.768269 43.805721 34.412960 23.684492 15.106318 35.601479 47.862579 55.928673 55.738373 47.229233 34.463692 22.435347 30.296076 43.909889 55.767956 60.558529 55.767956 43.909897 30.296076 22.435347 34.463692 47.229233 55.738373 55.928669 47.862579 35.601475 15.106319 23.684492 34.412960 43.805721 47.768269 44.512489 35.937157 10.063907 15.113907 22.389683 30.147539 35.378605 35.752560 31.360859,
 16.075430 26.239187 37.109470 41.832455 36.696083 25.420580 14.976300 17.562544 30.277391 44.128860 50.244190 43.810055 29.673573 16.767084 18.487146 33.067726 49.125301 56.306252 48.948879 32.745468 18.069715 18.678526 33.975990 50.896435 58.536869 50.896435 33.975990 18.678526 18.069719 32.745468 48.948879 56.306252 49.125294 33.067730 18.487146 16.767084 29.673571 43.810062 50.244190 44.128853 30.277395 17.562540 14.976301 25.420580 36.696079 41.832451 37.109470 26.239187 16.075430,
 10.112641 14.833042 21.766624 29.247004 34.284420 34.587288 30.320614 14.927985 23.124332 33.519066 42.686497 46.539902 43.333466 35.021580 22.057573 33.675591 46.144054 54.511921 54.695450 46.788662 34.882030 29.756859 42.968170 54.593300 59.322582 54.593300 42.968170 29.756859 34.882027 46.788654 54.695450 54.511921 46.144054 33.675594 22.057573 35.021587 43.333466 46.539906 42.686497 33.519066 23.124334 14.927983 30.320614 34.587284 34.284412 29.247004 21.766624 14.833043 10.112641,
 9.786101 10.693684 11.594840 12.065600 11.905504 11.292850 10.530656 15.742303 19.678852 23.288719 24.942005 23.835239 20.647060 16.851280 23.409243 32.070210 39.877266 43.276054 40.461338 33.041382 24.460236 27.661900 38.813282 48.743107 52.841774 48.743111 38.813282 27.661900 24.460236 33.041382 40.461338 43.276054 39.877266 32.070213 23.409239 16.851280 20.647058 23.835236 24.942009 23.288723 19.678852 15.742303 10.530656 11.292850 11.905503 12.065600 11.594844 10.693685 9.786101,
 17.629763 21.560673 22.204273 18.551058 13.192539 9.420705 8.074508 22.152063 30.843092 35.560043 32.212646 23.067526 14.406873 9.923704 22.789272 35.727196 46.575874 47.246078 36.814705 23.060884 13.651625 18.941124 32.236412 47.241623 54.105694 47.241627 32.236412 18.941124 13.651627 23.060884 36.814693 47.246078 46.575878 35.727196 22.789272 9.923704 14.406871 23.067524 32.212646 35.560047 30.843092 22.152063 8.074508 9.420705 13.192539 18.551058 22.204273 21.560673 17.629763,
 9.510030 15.141219 23.439983 27.759689 23.444664 15.051401 9.436395 10.760233 19.327641 32.082844 38.821438 32.151649 19.235165 10.682139 11.669836 22.753738 39.447681 48.347782 39.547409 22.721502 11.627543 11.998275 24.103676 42.455502 52.202091 42.455502 24.103678 11.998275 11.627543 22.721502 39.547409 48.347782 39.447681 22.753738 11.669836 10.682140 19.235165 32.151649 38.821438 32.082844 19.327642 10.760233 9.436396 15.051401 23.444664 27.759686 23.439987 15.141221 9.510030,
 7.692459 9.556824 13.425573 18.473656 21.956026 21.571957 17.999014 9.798878 14.631921 23.127308 31.937054 35.333775 31.038862 22.666536 13.790070 23.342848 36.786736 46.933125 46.431416 36.003082 23.286657 19.304083 32.520817 47.136856 53.773624 47.136856 32.520817 19.304083 23.286657 36.003082 46.431408 46.933125 36.786736 23.342848 13.790069 22.666536 31.038862 35.333775 31.937050 23.127312 14.631921 9.798878 17.999014 21.571957 21.956022 18.473656 13.425573 9.556825 7.692459,
 4.702122 4.638710 4.664235 4.767238 4.863483 4.865028 4.724590 5.852005 6.569694 7.297811 7.644155 7.352497 6.568880 5.660082 7.747431 9.899701 11.960135 12.840074 11.918323 9.746181 7.436450 8.602592 11.649639 14.583174 15.858313 14.583174 11.649639 8.602592 7.436450 9.746181 11.918323 12.840074 11.960135 9.899701 7.747431 5.660082 6.568880 7.352496 7.644154 7.297811 6.569694 5.852005 4.724590 4.865028 4.863484 4.767238 4.664235 4.638710 4.702122,
 5.894842 6.377401 6.323945 5.544001 4.664168 4.281360 4.288126 6.984766 8.826352 9.929382 9.026957 6.895336 5.213696 4.493963 7.268100 10.419968 13.491195 13.697892 10.690212 7.255906 5.273382 6.451460 9.610648 13.872375 16.093040 13.872375 9.610648 6.451460 5.273382 7.255906 10.690212 13.697892 13.491193 10.419969 7.268100 4.493963 5.213696 6.895336 9.026957 9.929380 8.826352 6.984766 4.288126 4.281359 4.664168 5.544001 6.323945 6.377401 5.894842,
 4.436646 5.040411 6.931804 8.254052 7.359478 5.477119 4.396439 4.542843 6.129011 9.460224 11.564863 9.838813 6.526256 4.598453 4.693446 7.205433 11.871247 14.683218 12.081314 7.417087 4.732688 4.774350 7.721555 12.960724 16.028337 12.960724 7.721553 4.774350 4.732688 7.417088 12.081312 14.683218 11.871246 7.205433 4.693446 4.598454 6.526256 9.838812 11.564862 9.460225 6.129011 4.542843 4.396439 5.477119 7.359478 8.254052 6.931804 5.040411 4.436646,
 4.697903 4.648602 5.068580 6.017539 6.728728 6.359958 5.251561 4.842739 5.512299 7.297468 9.500635 10.225077 8.631286 6.237165 5.291233 7.313179 10.908927 13.950222 13.552830 10.091466 6.594360 6.057531 9.406071 13.888037 16.187918 13.888037 9.406071 6.057531 6.594359 10.091466 13.552830 13.950222 10.908927 7.313178 5.291233 6.237164 8.631286 10.225076 9.500635 7.297468 5.512298 4.842739 5.251561 6.359958 6.728728 6.017539 5.068580 4.648602 4.697904,

Pairwise cross-correlations of the modulus of all oriented sub-bands at the same scale (size QxQ)
 59.206673 54.404522 47.281895 53.703506,
 54.404522 60.558506 54.022976 50.891838,
 47.281895 54.022976 58.536861 53.316799,
 53.703506 50.891838 53.316799 59.322594,
 52.841774 49.196304 44.825237 48.971676,
 49.196304 54.105694 48.899418 46.772045,
 44.825237 48.899418 52.202087 48.622223,
 48.971676 46.772045 48.622223 53.773621,

Cross-correlations of the modulus of all oriented sub-bands with all oriented sub-bands at the coarser scale (size QxQ)
 50.228977 47.860767 43.684139 47.617741,
 48.440376 52.063049 47.934654 46.067627,
 43.764851 47.489491 49.880238 47.355701,
 47.971901 45.982418 47.652939 51.293415,
 23.226212 22.085333 20.749308 21.819382,
 22.452642 23.467636 22.421242 21.278683,
 20.837269 21.764460 22.912573 21.780300,
 22.303074 20.939362 22.287201 23.439833,

Cross-correlations of the real part of each oriented sub-band with both the real and imaginary part of all phase-doubled oriented sub-bands at the next coarser scale (Q matrices of size 1x2Q, which are computed and stored in a matrix of size Qx2Q)
 -21.780849 -9.659070 -0.801140 -9.662239 0.058225 0.033554 0.002428 -0.008141,
 -9.411540 -22.424198 -9.391117 -0.793695 0.023042 0.118765 0.013445 -0.000950,
 -0.723150 -9.657945 -21.408556 -9.655870 -0.005341 0.019809 -0.014645 -0.029757,
 -9.337408 -0.765521 -9.321282 -22.379110 0.015713 -0.016604 -0.039336 -0.018722,
 -11.220795 -5.069777 -0.530389 -5.181013 0.518896 0.077178 -0.038481 0.014332,
 -4.855140 -11.708508 -5.184190 -0.449904 0.264746 0.148724 -0.066474 -0.021391,
 -0.492718 -5.184659 -11.426407 -5.165888 -0.037324 0.081702 0.103733 0.175571,
 -5.052592 -0.455538 -5.157587 -11.859829 0.027626 0.012484 0.025650 0.268348,
