Low-band skewness and kurtosis
 -11.390455 146.369568,
 -6.978324 57.980846,
 -3.909787 21.038433,
 0.046765 7.841562,

High-band variance
 17.694960,

Skewness, kurtosis, variance, mean, maximum and minimum of the reconstructed texture
 -11.465878 138.849701 328.003235 253.302704 255.000000 0.000000,

Auto-correlations of the low-frequency bands at each scale
 5.182136 1.569819 3.423447 6.042792 3.696951 2.035311 4.637305 -0.864366 13.866129 56.583290 82.706718 58.324749 17.322824 1.822992 -0.392775 53.633240 164.502991 226.696915 165.696045 56.171673 1.740528 2.517551 78.838516 225.134262 305.515503 225.134247 78.838531 2.517550 1.740528 56.171673 165.696045 226.696915 164.502975 53.633240 -0.392775 1.822993 17.322824 58.324749 82.706703 56.583282 13.866132 -0.864366 4.637305 2.035312 3.696954 6.042794 3.423447 1.569819 5.182136,
 9.488932 6.984391 1.718182 -2.948363 -5.050548 0.584866 5.742660 9.543660 -2.214638 0.839009 8.492815 -3.696375 -9.769455 0.202133 2.056495 0.351131 54.605202 99.217049 54.156418 -3.709626 -6.197472 -5.160047 7.183371 98.486702 165.435852 98.486702 7.183371 -5.160047 -6.197472 -3.709626 54.156418 99.217049 54.605202 0.351131 2.056495 0.202134 -9.769453 -3.696375 8.492817 0.839010 -2.214638 9.543661 5.742660 0.584865 -5.050547 -2.948363 1.718183 6.984391 9.488932,
 4.722990 3.581957 0.249354 -2.553471 -2.495030 1.299301 4.450104 1.863395 -0.383774 1.076694 1.846659 -3.616560 -3.231297 4.490665 0.153045 0.425863 19.566578 33.025967 14.637621 -2.994217 2.270675 0.569954 1.496353 32.050251 55.988174 32.050251 1.496353 0.569953 2.270675 -2.994217 14.637620 33.025967 19.566578 0.425863 0.153046 4.490665 -3.231296 -3.616560 1.846659 1.076695 -0.383774 1.863395 4.450104 1.299301 -2.495030 -2.553471 0.249354 3.581957 4.722990,
 0.790348 1.310933 1.668030 0.970280 0.241808 0.524484 0.715341 1.009994 0.878136 1.445040 1.121925 -0.243156 -0.327603 0.612060 0.993469 0.902697 3.477443 5.035959 2.349671 -0.081294 0.458817 0.722701 0.913156 5.029233 8.204293 5.029233 0.913156 0.722701 0.458817 -0.081294 2.349671 5.035958 3.477443 0.902697 0.993469 0.612060 -0.327603 -0.243156 1.121925 1.445040 0.878136 1.009994 0.715341 0.524484 0.241808 0.970280 1.668029 1.310932 0.790348,

Auto-correlations of the modulus of each oriented sub-band
 17.133072 18.387419 19.160440 19.276234 18.638515 17.320192 15.506417 26.809473 30.526518 33.127522 33.976543 32.773949 29.763981 25.580978 37.120586 43.824238 48.635288 50.346939 48.425179 43.362221 36.377312 41.446388 49.652916 55.614933 57.820583 55.614933 49.652916 41.446384 36.377312 43.362221 48.425171 50.346947 48.635288 43.824249 37.120586 25.580980 29.763981 32.773949 33.976543 33.127522 30.526518 26.809475 15.506418 17.320190 18.638517 19.276232 19.160439 18.387419 17.133072,
 31.350590 35.729881 35.715878 30.909275 23.324650 15.869469 10.383589 35.666065 43.895859 47.310432 43.852249 34.939396 24.441053 15.800798 35.550732 47.190689 55.027016 55.088478 47.087246 34.841427 23.179073 30.712965 43.688961 55.025574 59.614380 55.025574 43.688961 30.712961 23.179077 34.841431 47.087246 55.088478 55.027016 47.190697 35.550732 15.800797 24.441053 34.939396 43.852253 47.310432 43.895859 35.666065 10.383589 15.869470 23.324650 30.909275 35.715878 35.729881 31.350586,
 16.295115 25.839628 35.886566 39.941380 34.795780 24.174511 14.473154 17.482832 29.354273 42.286949 47.820885 41.520317 28.205259 16.223648 18.159655 31.749428 46.859268 53.584938 46.469944 31.169907 17.520443 18.192217 32.439419 48.426716 55.732349 48.426712 32.439419 18.192217 17.520443 31.169903 46.469944 53.584938 46.859268 31.749428 18.159651 16.223650 28.205259 41.520317 47.820885 42.286942 29.354273 17.482832 14.473154 24.174509 34.795788 39.941380 35.886566 25.839628 16.295115,
 12.184356 16.314489 22.567518 29.363104 33.866924 33.849350 29.359886 16.235210 23.873350 33.685780 42.312088 45.794991 42.409733 33.943871 22.483171 33.678658 45.718758 53.730812 53.755939 45.855087 33.952156 29.360067 42.350304 53.747341 58.368191 53.747341 42.350307 29.360067 33.952156 45.855080 53.755939 53.730816 45.718758 33.678658 22.483171 33.943871 42.409725 45.794991 42.312088 33.685776 23.873350 16.235210 29.359890 33.849346 33.866924 29.363104 22.567516 16.314491 12.184356,
 12.001169 13.632286 14.431189 14.111217 12.771749 10.922208 9.166326 18.076035 22.632101 25.978743 26.712967 24.374353 19.982321 15.250745 25.891981 34.762615 42.083324 44.692669 41.144871 33.164543 24.112120 29.225639 40.456127 50.130440 54.049839 50.130440 40.456127 29.225639 24.112120 33.164543 41.144863 44.692673 42.083328 34.762615 25.891981 15.250743 19.982321 24.374350 26.712961 25.978739 22.632101 18.076036 9.166327 10.922208 12.771750 14.111216 14.431188 13.632286 12.001168,
 19.125628 23.310587 23.498123 19.053204 12.734725 7.822256 5.441337 23.139351 32.182678 36.654518 32.802479 23.125872 13.677776 8.064742 23.595247 36.819462 47.459312 47.840240 37.297852 23.308025 13.078421 19.391510 33.103302 47.991238 54.731972 47.991238 33.103306 19.391510 13.078421 23.308025 37.297852 47.840240 47.459316 36.819466 23.595245 8.064743 13.677776 23.125872 32.802483 36.654526 32.182674 23.139349 5.441337 7.822257 12.734722 19.053204 23.498123 23.310589 19.125631,
 11.406541 17.463507 25.640484 29.464731 24.426033 15.172538 8.799324 12.570836 21.404184 33.934551 40.300762 33.194168 19.679623 10.373259 13.124689 24.362690 40.764019 49.408127 40.459167 23.446960 11.846514 12.866661 25.210253 43.394680 53.051983 43.394684 25.210253 12.866661 11.846514 23.446959 40.459160 49.408123 40.764019 24.362690 13.124689 10.373259 19.679619 33.194168 40.300766 33.934551 21.404184 12.570836 8.799324 15.172538 24.426031 29.464727 25.640484 17.463507 11.406543,
 8.488605 10.601124 14.320593 18.996944 22.026007 21.001776 16.618862 10.974516 15.603443 23.459240 31.717592 34.680016 29.716364 20.734903 14.590926 23.342733 36.052017 45.962109 45.201782 34.346863 21.654379 18.874216 31.350903 45.811203 52.614529 45.811203 31.350903 18.874216 21.654381 34.346859 45.201782 45.962105 36.052021 23.342733 14.590926 20.734905 29.716358 34.680016 31.717588 23.459240 15.603445 10.974518 16.618864 21.001776 22.026007 18.996948 14.320595 10.601124 8.488603,
 4.871829 4.842960 4.604432 4.282101 4.059476 4.068493 4.294025 5.592366 6.618581 7.429519 7.690739 7.310916 6.528976 5.734860 7.407822 10.019162 12.408874 13.491779 12.674620 10.442347 7.930292 8.784486 12.247124 15.440972 16.789228 15.440972 12.247124 8.784485 7.930292 10.442348 12.674620 13.491779 12.408874 10.019161 7.407822 5.734860 6.528976 7.310915 7.690738 7.429520 6.618580 5.592366 4.294025 4.068493 4.059477 4.282101 4.604432 4.842960 4.871829,
 5.033267 5.859501 5.791824 4.740718 3.551904 2.998033 3.076064 5.581680 7.889983 9.179785 8.122639 5.660167 3.762368 3.131319 5.374204 8.835114 12.162406 12.411344 9.217979 5.563221 3.592026 4.497645 7.781095 12.229109 14.521983 12.229109 7.781094 4.497645 3.592026 5.563221 9.217979 12.411342 12.162407 8.835113 5.374204 3.131319 3.762368 5.660166 8.122639 9.179785 7.889981 5.581680 3.076064 2.998033 3.551904 4.740718 5.791824 5.859501 5.033267,
 4.449852 5.743238 7.460111 8.049395 6.532427 4.577905 3.821897 4.552387 6.681659 9.757426 11.174786 8.979077 5.688062 4.096636 4.624484 7.485731 11.961717 14.324423 11.499589 6.898382 4.384500 4.579613 7.626661 12.765455 15.729390 12.765455 7.626661 4.579612 4.384500 6.898382 11.499590 14.324424 11.961716 7.485731 4.624484 4.096636 5.688062 8.979077 11.174784 9.757428 6.681658 4.552386 3.821897 4.577905 6.532427 8.049394 7.460111 5.743238 4.449852,
 4.956281 5.037715 5.476636 6.356946 7.066336 6.935129 6.174509 4.874501 5.911650 7.977713 10.330317 11.185404 9.788328 7.500978 5.610940 8.247886 12.254978 15.467422 15.146685 11.671668 7.919200 6.988086 10.902945 15.672115 18.019310 15.672115 10.902945 6.988085 7.919199 11.671668 15.146685 15.467423 12.254976 8.247885 5.610940 7.500978 9.788326 11.185403 10.330317 7.977713 5.911650 4.874501 6.174508 6.935129 7.066335 6.356946 5.476636 5.037715 4.956281,

Pairwise cross-correlations of the modulus of all oriented sub-bands at the same scale (size QxQ)
 57.820583 53.145504 45.345623 52.478855,
 53.145504 59.614361 52.267189 50.428333,
 45.345623 52.267189 55.732346 51.351021,
 52.478855 50.428333 51.351021 58.368172,
 54.049839 50.085793 46.077637 48.808079,
 50.085793 54.731968 49.234322 46.035702,
 46.077637 49.234322 53.051983 48.112865,
 48.808079 46.035702 48.112865 52.614532,

Cross-correlations of the modulus of all oriented sub-bands with all oriented sub-bands at the coarser scale (size QxQ)
 50.482788 47.762650 43.608940 46.474926,
 48.671787 52.039074 47.937771 44.554611,
 42.937347 46.258896 48.555607 45.106514,
 48.121613 45.759785 47.640884 50.188999,
 23.929747 20.693016 20.772669 23.711500,
 22.767990 21.918858 22.161169 22.723923,
 21.413174 20.560890 22.773296 23.218105,
 22.453836 19.364641 21.668163 24.514090,

Cross-correlations of the real part of each oriented sub-band with both the real and imaginary part of all phase-doubled oriented sub-bands at the next coarser scale (Q matrices of size 1x2Q, which are computed and stored in a matrix of size Qx2Q)
 -21.078169 -9.237062 -0.746284 -9.512367 -0.032167 -0.019229 -0.016191 0.024075,
 -9.201750 -21.252455 -8.785253 -0.825238 -0.029187 -0.004933 -0.025380 0.023300,
 -0.754022 -9.062787 -20.152702 -9.262821 0.008287 0.012619 -0.024811 -0.001374,
 -9.152093 -0.754739 -8.747965 -21.595833 0.013096 0.002647 -0.010612 -0.024980,
 -11.478656 -4.546016 -0.510194 -5.608072 0.359426 -0.080428 -0.015780 -0.072608,
 -4.609508 -10.374634 -4.694031 -0.515046 0.095389 -0.269497 0.043932 -0.000883,
 -0.463035 -4.621343 -11.264558 -5.500585 0.040864 -0.077995 0.084764 -0.155047,
 -5.375237 -0.464464 -5.364790 -12.642263 0.170494 0.016184 -0.030007 -0.325291,
