Low-band skewness and kurtosis
 -11.486233 148.645645,
 -7.145397 61.041645,
 -4.080063 22.853891,
 0.186219 5.709124,

High-band variance
 17.068331,

Skewness, kurtosis, variance, mean, maximum and minimum of the reconstructed texture
 -11.552065 140.889969 324.343536 253.324905 255.000000 0.000000,

Auto-correlations of the low-frequency bands at each scale
 4.494588 -0.446842 -0.634844 2.024574 1.552552 1.788615 5.344962 0.215987 13.249126 52.109852 77.637413 56.515755 18.608082 4.074620 3.263570 56.233646 162.266495 222.920670 166.471909 61.997051 8.406475 9.649576 85.276886 225.935287 302.731445 225.935287 85.276894 9.649576 8.406476 61.997044 166.471909 222.920670 162.266510 56.233646 3.263570 4.074619 18.608080 56.515755 77.637413 52.109852 13.249125 0.215988 5.344961 1.788616 1.552551 2.024575 -0.634842 -0.446841 4.494588,
 10.327469 9.360549 4.949596 2.726273 3.869061 9.468128 11.555911 6.379024 -5.391364 -1.335956 8.439057 -0.629184 -4.897455 6.561842 -1.669599 -1.958083 52.674629 97.407738 55.336132 0.625959 0.036474 -3.283734 10.347574 100.255524 165.357162 100.255524 10.347574 -3.283734 0.036474 0.625960 55.336124 97.407722 52.674633 -1.958083 -1.669599 6.561842 -4.897455 -0.629186 8.439057 -1.335955 -5.391364 6.379024 11.555911 9.468130 3.869060 2.726274 4.949598 9.360549 10.327469,
 7.528727 6.440104 7.458244 7.964026 5.256488 5.008012 7.491020 6.975094 0.821931 3.662271 8.935698 3.606536 -0.053659 5.221228 6.834283 1.065611 18.693399 35.317970 19.146530 -0.043960 3.746271 5.188280 3.016318 32.369473 56.007744 32.369473 3.016319 5.188280 3.746271 -0.043960 19.146530 35.317970 18.693399 1.065611 6.834283 5.221228 -0.053660 3.606536 8.935698 3.662270 0.821931 6.975094 7.491020 5.008011 5.256488 7.964026 7.458245 6.440104 7.528727,
 0.494269 1.058995 1.473308 1.349370 1.403479 2.222526 2.562063 0.959394 0.887161 1.810207 2.452947 1.829688 1.868691 2.540973 1.133762 1.018223 3.681146 5.916307 4.023999 1.934845 2.194098 1.627082 1.770253 5.387613 8.282764 5.387613 1.770253 1.627082 2.194098 1.934845 4.023999 5.916307 3.681146 1.018223 1.133762 2.540973 1.868691 1.829688 2.452947 1.810207 0.887161 0.959394 2.562063 2.222526 1.403479 1.349370 1.473307 1.058995 0.494269,

Auto-correlations of the modulus of each oriented sub-band
 15.910151 17.260078 18.196501 18.535387 18.197489 17.268749 15.934553 24.699589 28.395044 31.023525 31.978222 31.027605 28.462545 24.908398 34.561195 41.018620 45.689102 47.386574 45.657944 41.049526 34.748417 39.087673 46.749939 52.365917 54.454472 52.365913 46.749939 39.087673 34.748413 41.049522 45.657944 47.386574 45.689102 41.018623 34.561195 24.908398 28.462540 31.027605 31.978222 31.023523 28.395048 24.699589 15.934554 17.268745 18.197491 18.535387 18.196497 17.260080 15.910153,
 30.997150 35.552277 35.780796 31.365028 24.385506 17.722282 13.104004 35.357986 43.624832 47.097366 43.781685 35.201405 25.265858 17.347166 35.406906 46.963421 54.758869 54.832699 46.961124 35.035988 23.857191 30.859732 43.584141 54.776028 59.328983 54.776028 43.584141 30.859728 23.857191 35.035984 46.961117 54.832699 54.758869 46.963421 35.406906 17.347166 25.265862 35.201408 43.781681 47.097355 43.624832 35.357983 13.104004 17.722284 24.385506 31.365030 35.780800 35.552277 30.997150,
 17.606340 26.947695 37.033619 41.668674 37.385033 27.383375 17.880936 18.946644 30.741482 43.661499 49.580067 43.969673 31.130373 19.212944 19.941463 33.553162 48.565502 55.412701 48.756763 33.791107 20.108341 20.371077 34.682240 50.461651 57.594219 50.461651 34.682243 20.371077 20.108345 33.791107 48.756763 55.412704 48.565495 33.553162 19.941460 19.212948 31.130373 43.969677 49.580055 43.661499 30.741482 18.946642 17.880936 27.383373 37.385036 41.668674 37.033623 26.947695 17.606342,
 12.490820 16.700380 22.972881 29.716885 34.036106 33.881855 29.564802 16.324495 23.724920 33.224995 41.567390 44.805325 41.488342 33.604050 22.431690 33.006310 44.477985 52.144432 52.076645 44.571274 33.549507 29.129875 41.236206 52.024300 56.457241 52.024300 41.236210 29.129869 33.549507 44.571270 52.076645 52.144432 44.477989 33.006313 22.431686 33.604050 41.488338 44.805325 41.567390 33.224991 23.724920 16.324490 29.564806 33.881855 34.036106 29.716887 22.972881 16.700384 12.490818,
 15.675673 17.031576 18.285025 18.836267 18.349607 16.932835 15.040457 19.828772 23.466473 26.728840 28.108856 26.881170 23.632967 19.724560 26.424528 34.044685 40.753941 43.515274 40.916183 34.342167 26.726145 30.236086 40.041080 48.637188 52.133995 48.637196 40.041080 30.236086 26.726145 34.342167 40.916183 43.515274 40.753948 34.044685 26.424526 19.724560 23.632967 26.881170 28.108856 26.728842 23.466473 19.828775 15.040457 16.932837 18.349607 18.836267 18.285025 17.031580 15.675673,
 20.974846 25.459949 26.940805 24.180408 19.470081 15.572703 13.216635 24.675772 33.390419 38.446632 35.637966 27.335350 19.357159 14.813136 25.105303 37.576515 48.388668 49.150246 39.190060 26.336535 17.682102 21.857306 34.267391 48.794933 55.597584 48.794933 34.267395 21.857306 17.682104 26.336535 39.190060 49.150246 48.388672 37.576515 25.105303 14.813138 19.357155 27.335350 35.637966 38.446632 33.390419 24.675770 13.216638 15.572701 19.470085 24.180408 26.940805 25.459955 20.974844,
 14.948672 21.499651 30.023569 33.995182 29.518856 20.931087 14.351562 15.615973 24.985281 38.054565 44.593861 37.866016 24.837753 15.360044 16.236456 28.056589 45.028645 53.796871 44.976963 28.063698 16.161943 16.484118 29.319023 47.830639 57.528435 47.830639 29.319023 16.484118 16.161943 28.063694 44.976963 53.796871 45.028645 28.056589 16.236456 15.360044 24.837753 37.866016 44.593857 38.054565 24.985281 15.615973 14.351562 20.931087 29.518856 33.995182 30.023569 21.499651 14.948672,
 13.177011 14.803866 18.005020 22.299717 25.288452 24.513123 20.396648 14.185402 18.182301 25.479914 33.422005 36.615372 32.300808 23.847969 16.760120 24.952797 37.057487 46.668446 46.336861 36.276089 24.149345 20.900928 32.851879 46.601505 53.022232 46.601509 32.851879 20.900928 24.149345 36.276089 46.336861 46.668446 37.057487 24.952795 16.760120 23.847969 32.300808 36.615372 33.422005 25.479918 18.182301 14.185402 20.396650 24.513123 25.288452 22.299719 18.005020 14.803868 13.177010,
 10.053425 9.995011 9.921844 9.773321 9.479756 9.132994 8.860555 11.106886 11.691577 12.218154 12.319740 11.783304 10.847161 9.945465 12.511319 14.419089 16.212019 16.888872 15.929687 13.902652 11.822900 13.037790 15.773082 18.428627 19.588444 18.428627 15.773082 13.037790 11.822900 13.902652 15.929687 16.888872 16.212019 14.419090 12.511319 9.945465 10.847159 11.783304 12.319739 12.218153 11.691575 11.106885 8.860555 9.132992 9.479756 9.773320 9.921844 9.995011 10.053425,
 8.972564 9.454828 9.649133 9.150404 8.169991 7.590072 7.621500 9.593405 10.943904 11.862205 11.324038 9.597557 8.242129 7.906643 9.844778 12.188519 14.617600 14.868633 12.447357 9.754467 8.463140 9.326757 11.644588 15.049286 16.895559 15.049286 11.644588 9.326757 8.463141 9.754468 12.447355 14.868633 14.617600 12.188519 9.844778 7.906643 8.242129 9.597557 11.324038 11.862205 10.943902 9.593405 7.621500 7.590073 8.169991 9.150404 9.649133 9.454828 8.972564,
 7.678392 8.262918 9.618444 10.146418 8.996613 7.514916 6.955342 7.620952 8.603676 11.102983 12.522542 10.901558 8.406461 7.336477 7.631477 9.091856 12.706116 14.957325 12.699820 9.115346 7.555552 7.635879 9.358758 13.441298 16.046328 13.441298 9.358758 7.635879 7.555553 9.115346 12.699820 14.957324 12.706116 9.091857 7.631477 7.336476 8.406461 10.901558 12.522542 11.102983 8.603676 7.620952 6.955342 7.514917 8.996613 10.146418 9.618443 8.262918 7.678391,
 7.358978 7.402908 7.395431 7.628037 7.920306 7.800448 7.172568 7.561888 7.675184 8.476923 9.831292 10.444723 9.542871 7.919766 7.738616 8.665596 11.039580 13.381125 13.224833 10.674396 8.147941 7.953715 10.114519 13.546661 15.415228 13.546661 10.114519 7.953715 8.147941 10.674397 13.224833 13.381125 11.039577 8.665594 7.738616 7.919766 9.542871 10.444721 9.831292 8.476922 7.675183 7.561888 7.172570 7.800449 7.920306 7.628037 7.395431 7.402907 7.358978,

Pairwise cross-correlations of the modulus of all oriented sub-bands at the same scale (size QxQ)
 54.454456 51.122215 44.833420 50.308933,
 51.122215 59.328979 53.304577 49.272476,
 44.833420 53.304577 57.594215 51.434017,
 50.308933 49.272476 51.434017 56.457249,
 52.133995 48.905785 47.152424 48.282055,
 48.905785 55.597584 52.204407 47.008610,
 47.152424 52.204407 57.528435 50.496735,
 48.282055 47.008610 50.496735 53.022232,

Cross-correlations of the modulus of all oriented sub-bands with all oriented sub-bands at the coarser scale (size QxQ)
 47.750332 45.452053 43.477726 45.209007,
 47.669834 51.642738 50.172829 45.900288,
 43.260296 47.964394 51.999107 47.022343,
 46.321178 44.504860 48.019207 49.622829,
 24.837069 21.836540 19.947130 20.933577,
 24.916903 23.621389 21.985708 20.740564,
 24.194983 23.250574 23.074045 21.936256,
 23.940020 21.417187 21.402075 22.088655,

Cross-correlations of the real part of each oriented sub-band with both the real and imaginary part of all phase-doubled oriented sub-bands at the next coarser scale (Q matrices of size 1x2Q, which are computed and stored in a matrix of size Qx2Q)
 -19.035940 -9.142984 -0.752531 -8.534125 0.150655 0.055566 -0.018530 -0.064919,
 -8.493315 -21.938269 -9.404445 -0.728687 0.094381 0.023562 -0.068313 -0.004483,
 -0.789702 -9.797419 -21.103962 -8.895209 0.010315 -0.004888 -0.149167 -0.038421,
 -8.315797 -0.735824 -8.864860 -20.149576 0.045838 0.009326 -0.106436 -0.127352,
 -11.528546 -5.196952 -0.455742 -4.901558 -0.192666 -0.254966 0.000948 0.046525,
 -5.148564 -10.797958 -4.695987 -0.598352 -0.081402 -0.094233 0.224758 0.013760,
 -0.452662 -4.720556 -10.284153 -4.422837 0.022801 0.100346 0.479031 -0.153539,
 -5.008459 -0.627997 -4.362653 -10.205723 -0.055076 -0.040770 0.188005 -0.189096,
