Low-band skewness and kurtosis
 -11.369884 145.894989,
 -6.868042 56.028702,
 -3.795424 19.930925,
 -0.070225 5.617682,

High-band variance
 17.418268,

Skewness, kurtosis, variance, mean, maximum and minimum of the reconstructed texture
 -11.435514 138.179886 329.147064 253.293884 255.000000 0.000000,

Auto-correlations of the low-frequency bands at each scale
 0.735612 -4.345781 -2.991454 0.759477 -0.407031 -0.555519 4.722519 0.165909 12.048284 52.609535 78.295982 54.002045 14.862440 4.386833 4.115681 55.183716 164.188263 225.951385 164.735519 56.683727 6.783411 8.173566 81.396782 226.563843 307.030457 226.563843 81.396790 8.173565 6.783412 56.683727 164.735535 225.951401 164.188263 55.183716 4.115682 4.386833 14.862439 54.002056 78.295982 52.609528 12.048284 0.165909 4.722519 -0.555520 -0.407031 0.759478 -2.991453 -4.345780 0.735612,
 8.749537 3.712267 -3.673695 -7.691898 -5.419413 3.675937 8.160970 2.726049 -9.649065 -6.674951 1.865746 -5.850378 -7.902170 2.322538 -5.064368 -2.450954 52.140217 95.987846 55.340069 1.761630 -2.597343 -5.228933 12.418079 101.539688 165.299332 101.539703 12.418077 -5.228933 -2.597343 1.761630 55.340061 95.987846 52.140224 -2.450954 -5.064368 2.322539 -7.902170 -5.850378 1.865745 -6.674951 -9.649064 2.726049 8.160970 3.675938 -5.419413 -7.691899 -3.673695 3.712268 8.749537,
 5.459817 3.901097 2.018852 2.351522 2.598485 1.860930 1.402910 4.017628 -0.730495 -0.805177 3.004294 0.797270 -1.749828 1.289417 0.102801 -1.506363 15.520945 30.958883 16.635834 -1.499625 0.138491 -0.988418 0.898686 30.610334 53.502472 30.610334 0.898686 -0.988417 0.138491 -1.499625 16.635836 30.958883 15.520944 -1.506363 0.102801 1.289417 -1.749828 0.797270 3.004294 -0.805177 -0.730495 4.017628 1.402910 1.860930 2.598485 2.351522 2.018851 3.901097 5.459817,
 0.790560 0.902343 0.711911 0.247791 0.067802 0.516286 0.860917 0.512495 -0.018968 0.074042 0.349202 -0.006448 0.321876 1.356863 0.625551 0.364232 2.332187 4.235616 2.659661 0.944155 1.436013 1.133085 1.363421 4.643219 7.299205 4.643219 1.363421 1.133085 1.436013 0.944155 2.659661 4.235616 2.332187 0.364232 0.625551 1.356863 0.321876 -0.006448 0.349202 0.074043 -0.018968 0.512495 0.860917 0.516285 0.067801 0.247791 0.711911 0.902343 0.790560,

Auto-correlations of the modulus of each oriented sub-band
 14.824220 16.393293 17.508764 17.982718 17.706108 16.724911 15.193835 25.661924 29.829943 32.800358 33.960670 33.036148 30.255083 26.202394 37.169281 44.262455 49.342213 51.247173 49.488785 44.534653 37.533619 42.349808 50.738857 56.758495 58.970612 56.758495 50.738861 42.349808 37.533619 44.534653 49.488785 51.247173 49.342213 44.262463 37.169281 26.202394 30.255081 33.036152 33.960670 32.800358 29.829943 25.661924 15.193836 16.724911 17.706108 17.982718 17.508764 16.393295 14.824220,
 30.003035 34.122459 33.775616 28.890423 21.691996 14.996029 10.256424 34.906528 43.014130 46.118969 42.383739 33.541443 23.545839 15.550204 35.148399 46.750355 54.456383 54.293278 46.182316 34.146416 22.887659 30.417526 43.243134 54.528484 59.139973 54.528484 43.243137 30.417526 22.887659 34.146416 46.182316 54.293278 54.456379 46.750355 35.148399 15.550204 23.545839 33.541443 42.383736 46.118969 43.014133 34.906528 10.256424 14.996027 21.691996 28.890423 33.775616 34.122459 30.003031,
 15.589418 25.343988 36.066933 41.028435 36.447052 26.069906 16.530079 17.279419 29.365253 42.889664 49.160267 43.213844 29.963053 18.017927 18.544310 32.309849 47.854584 55.055889 48.049057 32.653210 18.953684 19.147467 33.511379 49.754356 57.233749 49.754356 33.511379 19.147467 18.953684 32.653210 48.049061 55.055889 47.854584 32.309860 18.544310 18.017927 29.963047 43.213840 49.160267 42.889664 29.365259 17.279419 16.530079 26.069908 36.447052 41.028435 36.066933 25.343992 15.589418,
 9.753538 14.666710 21.749784 29.379286 34.576874 35.043049 30.816208 15.033913 23.411850 33.869030 43.072330 46.987778 43.892986 35.607426 22.640261 34.331413 46.715611 55.006752 55.216640 47.454056 35.615433 30.547007 43.717781 55.168480 59.812096 55.168472 43.717785 30.547007 35.615433 47.454052 55.216633 55.006752 46.715611 34.331413 22.640259 35.607426 43.892986 46.987778 43.072327 33.869030 23.411850 15.033913 30.816212 35.043049 34.576874 29.379286 21.749786 14.666713 9.753537,
 10.226448 11.101799 11.742495 11.942126 11.569928 10.717098 9.614395 15.265932 18.969307 22.050592 23.194736 21.805895 18.559948 14.806115 22.530779 30.771320 37.913044 40.762409 37.801090 30.624331 22.434290 26.319706 36.931499 46.283283 50.131668 46.283291 36.931499 26.319706 22.434288 30.624331 37.801083 40.762405 37.913052 30.771322 22.530775 14.806117 18.559948 21.805893 23.194736 22.050594 18.969307 15.265932 9.614395 10.717098 11.569927 11.942126 11.742496 11.101799 10.226449,
 18.713839 22.812529 23.652031 20.193230 14.807879 10.497245 8.127094 22.692802 31.605629 36.612526 33.425224 24.127934 14.989551 9.600696 22.887621 36.098644 47.331829 48.276814 37.630730 23.463486 13.318493 18.782305 32.523663 47.893158 55.043419 47.893158 32.523663 18.782303 13.318495 23.463484 37.630730 48.276806 47.331833 36.098644 22.887619 9.600695 14.989548 24.127934 33.425224 36.612526 31.605629 22.692802 8.127094 10.497243 14.807879 20.193232 23.652033 22.812529 18.713839,
 11.586292 18.081949 27.130289 31.914326 27.669153 18.520357 11.109791 12.668205 22.725647 36.529694 43.539375 36.720718 22.774282 12.114067 13.410607 26.609108 44.600487 53.625252 44.605316 26.509439 13.018601 13.537988 28.091082 47.830372 57.725822 47.830379 28.091084 13.537988 13.018601 26.509439 44.605316 53.625252 44.600487 26.609108 13.410607 12.114067 22.774279 36.720715 43.539375 36.529697 22.725649 12.668205 11.109791 18.520357 27.669153 31.914326 27.130293 18.081949 11.586292,
 8.070476 9.944262 13.935804 19.222174 22.737486 21.859743 17.392124 9.241005 14.084746 22.688595 31.676462 34.944557 30.063509 21.076115 12.507785 22.024580 35.611805 45.979614 45.248871 34.290527 21.329529 17.533480 30.742411 45.689323 52.614479 45.689327 30.742411 17.533478 21.329529 34.290527 45.248867 45.979614 35.611805 22.024580 12.507785 21.076115 30.063509 34.944557 31.676462 22.688597 14.084746 9.241005 17.392124 21.859743 22.737486 19.222174 13.935804 9.944263 8.070475,
 5.518984 5.771194 5.985176 5.929701 5.501119 4.892022 4.398105 6.493017 7.447901 8.323787 8.594567 8.010346 6.908091 5.859778 8.132352 10.361707 12.513440 13.422264 12.443361 10.226331 7.966592 9.079823 12.097754 15.075342 16.392694 15.075342 12.097754 9.079822 7.966592 10.226331 12.443361 13.422264 12.513440 10.361705 8.132352 5.859777 6.908091 8.010347 8.594567 8.323786 7.447900 6.493017 4.398104 4.892023 5.501119 5.929700 5.985176 5.771194 5.518984,
 6.080906 7.130413 7.648220 6.996503 5.557059 4.178224 3.310423 6.840490 9.166044 10.757804 10.050372 7.599365 5.248035 3.944689 7.020817 10.537503 14.021179 14.372500 11.147408 7.242723 4.933215 6.194762 9.640920 14.322912 16.708445 14.322912 9.640918 6.194762 4.933215 7.242724 11.147408 14.372500 14.021179 10.537503 7.020816 3.944689 5.248035 7.599365 10.050372 10.757804 9.166044 6.840490 3.310423 4.178224 5.557060 6.996503 7.648220 7.130413 6.080906,
 4.093128 5.414793 7.654420 8.702648 7.200008 4.727074 3.496592 4.221159 6.232859 9.814175 11.739213 9.569511 5.837066 3.919321 4.332937 6.952680 11.846593 14.659835 11.760271 6.793422 4.233130 4.362374 7.212336 12.699430 15.940248 12.699430 7.212336 4.362374 4.233130 6.793422 11.760271 14.659836 11.846592 6.952679 4.332937 3.919321 5.837066 9.569510 11.739211 9.814175 6.232859 4.221160 3.496592 4.727073 7.200008 8.702647 7.654419 5.414792 4.093128,
 4.537343 4.669776 5.203465 5.950780 6.303645 5.826794 4.915592 4.751433 5.470004 7.146095 9.018168 9.524228 8.098536 6.000344 5.203301 7.120157 10.421375 13.123208 12.764078 9.669050 6.463903 5.985770 9.100824 13.214684 15.274078 13.214684 9.100824 5.985770 6.463903 9.669050 12.764076 13.123208 10.421375 7.120157 5.203301 6.000344 8.098535 9.524228 9.018168 7.146096 5.470004 4.751433 4.915592 5.826794 6.303645 5.950780 5.203465 4.669776 4.537343,

Pairwise cross-correlations of the modulus of all oriented sub-bands at the same scale (size QxQ)
 58.970615 53.475071 46.248383 53.829132,
 53.475071 59.139984 52.267567 50.153435,
 46.248383 52.267567 57.233746 52.798912,
 53.829132 50.153435 52.798912 59.812099,
 50.131660 48.298367 46.048435 47.160316,
 48.298367 55.043427 51.894112 46.364326,
 46.048435 51.894112 57.725834 50.846268,
 47.160316 46.364326 50.846268 52.614479,

Cross-correlations of the modulus of all oriented sub-bands with all oriented sub-bands at the coarser scale (size QxQ)
 48.216915 47.355049 45.975594 46.252094,
 46.180939 51.648102 50.142212 44.673672,
 41.948692 47.520863 52.111179 46.409618,
 46.450348 46.207314 50.326454 50.662487,
 22.794136 21.422827 19.638313 21.169125,
 23.139774 23.937920 22.209219 21.296585,
 22.386536 23.222080 23.645557 23.057047,
 22.221573 20.774431 21.165016 22.878681,

Cross-correlations of the real part of each oriented sub-band with both the real and imaginary part of all phase-doubled oriented sub-bands at the next coarser scale (Q matrices of size 1x2Q, which are computed and stored in a matrix of size Qx2Q)
 -20.093550 -9.432220 -0.761587 -9.124153 -0.134106 -0.017716 -0.001221 0.151766,
 -8.859687 -22.837502 -10.165427 -0.798200 -0.043711 -0.057108 -0.011859 0.003265,
 -0.733036 -10.382459 -23.006214 -10.075563 -0.008535 -0.006422 -0.010847 0.048008,
 -8.589686 -0.812908 -9.789750 -22.194614 -0.084902 0.010266 -0.015806 0.246034,
 -11.458665 -5.368614 -0.512422 -4.788456 -0.234784 0.042887 -0.000391 0.188059,
 -5.098188 -12.322912 -5.444903 -0.449612 0.022701 -0.160249 -0.088676 -0.003674,
 -0.502950 -5.475896 -12.005502 -4.846426 -0.008072 -0.108954 -0.216020 -0.054893,
 -5.020041 -0.556724 -5.208494 -10.863321 -0.168823 0.020665 -0.141740 0.164978,
