Low-band skewness and kurtosis
 -11.318708 144.568222,
 -6.877362 56.464607,
 -3.925042 20.993357,
 -0.438077 9.459292,

High-band variance
 17.658474,

Skewness, kurtosis, variance, mean, maximum and minimum of the reconstructed texture
 -11.402279 137.409302 330.214630 253.286118 255.000000 0.000000,

Auto-correlations of the low-frequency bands at each scale
 5.466813 0.161141 0.516334 1.889733 -2.028083 -4.303833 1.177902 5.195057 16.600027 55.917828 79.546204 52.702099 10.865561 -0.814752 7.835310 58.027435 166.059067 226.869995 164.324142 54.646873 3.870156 9.136752 81.973236 227.130737 307.713898 227.130737 81.973236 9.136752 3.870156 54.646866 164.324158 226.870026 166.059082 58.027447 7.835310 -0.814752 10.865560 52.702099 79.546204 55.917824 16.600027 5.195056 1.177903 -4.303834 -2.028082 1.889734 0.516334 0.161141 5.466813,
 12.892525 8.019326 -2.951969 -5.703529 0.048759 6.844021 8.716391 4.312778 -6.826495 -4.485873 3.835168 -3.261288 -5.154724 6.849458 0.137874 0.599079 55.285572 97.015533 53.234756 0.496142 3.644328 2.519608 12.613736 101.367844 166.146973 101.367867 12.613739 2.519608 3.644327 0.496142 53.234749 97.015549 55.285572 0.599080 0.137875 6.849457 -5.154723 -3.261287 3.835168 -4.485875 -6.826495 4.312778 8.716393 6.844021 0.048760 -5.703529 -2.951970 8.019326 12.892525,
 11.461358 9.704904 4.742219 2.869260 5.399542 9.470177 9.173660 6.324870 2.305320 1.096112 2.125888 0.813765 3.555713 7.220169 3.549380 2.909749 18.284771 31.089867 18.809496 6.138900 7.378088 7.008124 9.808688 35.010311 54.820545 35.010311 9.808688 7.008124 7.378087 6.138899 18.809496 31.089867 18.284769 2.909749 3.549379 7.220169 3.555712 0.813765 2.125888 1.096111 2.305320 6.324869 9.173662 9.470177 5.399542 2.869260 4.742218 9.704903 11.461358,
 0.697510 0.815478 0.661991 0.999187 1.716519 1.890049 1.749503 0.806836 0.483100 0.509854 1.406062 1.979742 1.789820 1.506394 1.480084 1.309838 3.012469 5.082947 4.276999 2.473667 1.939785 2.283438 2.752598 5.686186 7.960189 5.686186 2.752598 2.283438 1.939785 2.473667 4.276999 5.082947 3.012469 1.309838 1.480083 1.506394 1.789820 1.979742 1.406062 0.509854 0.483100 0.806836 1.749503 1.890049 1.716519 0.999187 0.661991 0.815478 0.697511,

Auto-correlations of the modulus of each oriented sub-band
 16.368805 17.782721 18.811960 19.306122 19.207251 18.602547 17.646877 27.033270 30.890211 33.678535 34.777370 33.958538 31.517939 28.073572 38.405190 45.054893 49.904533 51.743572 50.075657 45.433563 39.022842 43.631886 51.486488 57.233810 59.370277 57.233807 51.486496 43.631886 39.022842 45.433563 50.075661 51.743572 49.904530 45.054897 38.405190 28.073570 31.517933 33.958542 34.777370 33.678532 30.890217 27.033270 17.646879 18.602547 19.207254 19.306124 18.811956 17.782724 16.368801,
 30.686817 34.775352 34.445572 29.637016 22.676544 16.548962 12.856627 35.189228 43.237751 46.358536 42.669697 33.921505 24.243504 17.041433 35.239178 46.713638 54.408863 54.283329 46.199856 34.295628 23.526533 30.600151 43.170383 54.410267 59.024868 54.410267 43.170383 30.600151 23.526533 34.295624 46.199856 54.283321 54.408863 46.713638 35.239174 17.041437 24.243504 33.921505 42.669697 46.358536 43.237751 35.189224 12.856627 16.548962 22.676544 29.637016 34.445572 34.775352 30.686817,
 17.072363 25.987461 36.210850 41.170750 36.873734 26.764177 17.634983 18.635078 30.026367 43.120201 49.340588 43.608925 30.602768 19.099636 19.790016 32.992004 48.198338 55.316624 48.457619 33.295135 20.048513 20.300095 34.182335 50.165188 57.541279 50.165188 34.182335 20.300095 20.048513 33.295135 48.457619 55.316624 48.198334 32.992004 19.790016 19.099638 30.602768 43.608921 49.340588 43.120201 30.026369 18.635077 17.634983 26.764175 36.873741 41.170750 36.210850 25.987465 17.072361,
 12.284405 16.706875 23.337938 30.482565 35.185566 35.285957 31.152105 17.368206 25.033646 34.910976 43.615051 47.100952 43.787830 35.828598 24.433258 35.318802 47.202805 55.168991 55.143524 47.390945 36.107201 31.638737 44.075390 55.256268 59.856182 55.256260 44.075394 31.638731 36.107201 47.390945 55.143524 55.168991 47.202805 35.318802 24.433258 35.828598 43.787827 47.100960 43.615047 34.910976 25.033648 17.368202 31.152105 35.285950 35.185566 30.482567 23.337938 16.706879 12.284405,
 12.748757 13.837825 14.678768 15.129607 15.140226 14.839564 14.367328 17.642628 21.450638 24.826309 26.490877 25.810295 23.418644 20.526381 26.113298 33.839565 40.801384 43.891388 41.524315 35.270454 28.190989 31.320332 40.927395 49.619949 53.252960 49.619961 40.927395 31.320332 28.190989 35.270454 41.524315 43.891388 40.801384 33.839565 26.113293 20.526381 23.418642 25.810295 26.490881 24.826311 21.450638 17.642628 14.367327 14.839562 15.140226 15.129607 14.678768 13.837828 12.748758,
 21.597313 25.142115 25.194908 21.605078 17.251760 14.488196 13.333896 24.454264 32.454502 36.607910 33.314152 25.525434 18.994793 15.794820 25.126059 36.459126 46.370075 46.892868 37.467072 26.164564 19.119135 22.815180 33.629463 46.844913 53.276417 46.844913 33.629467 22.815180 19.119133 26.164558 37.467072 46.892868 46.370075 36.459126 25.126059 15.794820 18.994789 25.525431 33.314152 36.607910 32.454498 24.454264 13.333896 14.488196 17.251760 21.605076 25.194912 25.142117 21.597315,
 17.699646 22.739235 29.819096 32.992058 28.507710 21.092928 16.917995 19.342062 27.073975 38.480984 44.087696 37.437202 25.793650 18.793154 20.662628 30.569309 45.773132 53.670113 45.206806 29.897705 20.418182 21.124331 31.745373 48.518635 57.556877 48.518639 31.745373 21.124331 20.418182 29.897709 45.206802 53.670113 45.773140 30.569309 20.662624 18.793154 25.793653 37.437199 44.087696 38.480984 27.073975 19.342062 16.917997 21.092928 28.507706 32.992058 29.819098 22.739233 17.699648,
 12.394219 13.834905 16.857933 21.326115 24.823786 24.874067 22.117466 14.847593 18.847868 26.167852 34.277946 37.623096 33.898647 26.875372 19.618799 27.671417 39.661797 49.157024 48.750401 39.306450 28.468504 25.285503 36.549412 49.795712 56.069622 49.795715 36.549416 25.285503 28.468506 39.306446 48.750401 49.157024 39.661804 27.671419 19.618795 26.875372 33.898643 37.623096 34.277946 26.167852 18.847868 14.847593 22.117466 24.874067 24.823786 21.326115 16.857931 13.834908 12.394219,
 6.432019 6.528506 6.608572 6.680360 6.695917 6.608722 6.417727 6.970346 7.539474 8.103940 8.367174 8.146566 7.607556 7.033494 7.935886 9.581082 11.246891 11.975449 11.229339 9.575148 7.939093 8.488773 10.796165 13.192693 14.294138 13.192693 10.796165 8.488773 7.939091 9.575149 11.229337 11.975448 11.246890 9.581081 7.935887 7.033494 7.607558 8.146566 8.367173 8.103940 7.539473 6.970346 6.417727 6.608723 6.695917 6.680360 6.608572 6.528506 6.432020,
 8.302989 8.859231 8.981782 8.607179 8.217536 7.972527 7.517660 8.761907 10.330696 11.346807 10.752793 9.370127 8.328855 7.637440 8.880144 11.227889 13.820041 14.016175 11.692455 9.294229 7.896677 8.461394 10.656202 13.944555 15.821896 13.944557 10.656202 8.461394 7.896677 9.294230 11.692455 14.016175 13.820041 11.227889 8.880142 7.637441 8.328853 9.370127 10.752793 11.346807 10.330694 8.761907 7.517661 7.972527 8.217536 8.607178 8.981782 8.859231 8.302989,
 8.933762 9.670624 10.909320 11.647133 10.962084 9.495119 8.209810 9.304343 10.793016 13.269007 14.807693 13.588303 11.055622 9.179841 9.669671 11.893571 15.545768 17.804392 15.854156 12.197534 9.756672 9.884013 12.494771 16.653883 19.107393 16.653885 12.494771 9.884013 9.756672 12.197534 15.854155 17.804394 15.545768 11.893571 9.669672 9.179841 11.055622 13.588303 14.807692 13.269006 10.793016 9.304343 8.209810 9.495119 10.962083 11.647134 10.909319 9.670623 8.933761,
 6.933769 7.105528 7.541581 8.367454 9.026142 8.770354 7.796878 7.230754 7.868042 9.282588 11.098609 11.768332 10.474281 8.547396 7.536122 9.086159 11.853599 14.405766 14.086232 11.272796 8.617758 8.093372 10.562504 14.090614 16.048529 14.090614 10.562502 8.093372 8.617758 11.272796 14.086230 14.405766 11.853601 9.086158 7.536122 8.547396 10.474282 11.768332 11.098609 9.282589 7.868041 7.230754 7.796878 8.770354 9.026142 8.367455 7.541581 7.105528 6.933769,

Pairwise cross-correlations of the modulus of all oriented sub-bands at the same scale (size QxQ)
 59.370274 53.620762 46.815189 53.983284,
 53.620762 59.024860 52.544777 50.830872,
 46.815189 52.544777 57.541283 53.365150,
 53.983284 50.830872 53.365150 59.856205,
 53.252956 48.802544 47.437893 50.385117,
 48.802544 53.276421 50.691193 47.244949,
 47.437893 50.691193 57.556873 51.888878,
 50.385117 47.244949 51.888878 56.069633,

Cross-correlations of the modulus of all oriented sub-bands with all oriented sub-bands at the coarser scale (size QxQ)
 50.030029 47.102734 46.464870 48.660950,
 47.767506 50.328457 50.126640 46.743793,
 43.401913 46.489002 52.141277 48.021004,
 48.354939 45.321049 50.435272 52.765156,
 21.572941 21.690573 22.041527 21.055429,
 20.999353 22.722094 23.116999 20.686443,
 21.060970 22.718275 25.570509 23.186840,
 21.473001 21.680983 24.069738 23.044603,

Cross-correlations of the real part of each oriented sub-band with both the real and imaginary part of all phase-doubled oriented sub-bands at the next coarser scale (Q matrices of size 1x2Q, which are computed and stored in a matrix of size Qx2Q)
 -20.923447 -9.287525 -0.806619 -9.325989 0.076795 -0.028356 0.015746 0.046033,
 -8.944660 -21.844660 -9.393794 -0.815412 0.067661 -0.125139 -0.017628 -0.000980,
 -0.747670 -9.828589 -21.803780 -9.959636 0.057141 -0.040024 -0.087053 0.006705,
 -9.168489 -0.847918 -9.659958 -22.173843 0.023939 0.008040 0.003375 0.066000,
 -8.577724 -4.273409 -0.504822 -4.262536 0.201385 0.044002 0.016271 0.097023,
 -3.830533 -10.202150 -5.433404 -0.588142 0.105101 -0.120643 -0.044989 -0.052505,
 -0.497956 -5.158805 -11.958652 -4.709758 -0.038591 -0.018676 -0.328202 0.300965,
 -4.045987 -0.609121 -4.955268 -9.826685 -0.022383 0.039448 -0.098308 0.677921,
