Low-band skewness and kurtosis
 -11.386615 146.155060,
 -7.002022 58.793400,
 -3.783683 19.748020,
 -0.441675 6.955695,

High-band variance
 17.215822,

Skewness, kurtosis, variance, mean, maximum and minimum of the reconstructed texture
 -11.465564 138.894257 328.039307 253.301422 255.000000 0.000000,

Auto-correlations of the low-frequency bands at each scale
 2.211806 -0.778851 1.942220 5.408617 2.537307 1.013456 6.329845 -2.736538 12.678959 55.685757 81.934448 56.614189 15.820665 3.483170 -0.754224 54.269272 164.756531 226.693954 165.679138 57.093655 4.351490 4.308471 80.954308 226.283020 306.194489 226.283020 80.954308 4.308471 4.351490 57.093643 165.679138 226.693985 164.756500 54.269279 -0.754224 3.483170 15.820664 56.614197 81.934448 55.685749 12.678960 -2.736539 6.329845 1.013456 2.537308 5.408617 1.942220 -0.778852 2.211805,
 12.619740 8.904993 -0.761753 -6.132347 -4.831741 1.294823 5.420295 6.175268 -5.670102 -2.959162 6.292740 -2.136316 -7.309210 3.021127 -6.858123 -5.867505 52.280594 99.269402 56.283401 -1.880166 -4.304395 -10.170966 4.495064 99.195709 166.848343 99.195709 4.495064 -10.170966 -4.304394 -1.880167 56.283401 99.269402 52.280602 -5.867504 -6.858123 3.021126 -7.309210 -2.136314 6.292740 -2.959163 -5.670102 6.175269 5.420296 1.294823 -4.831740 -6.132347 -0.761752 8.904995 12.619740,
 4.231563 4.611860 0.305002 -2.961173 -2.640294 0.284722 2.808993 3.552912 1.052868 -0.081710 0.778721 -2.872032 -3.524833 1.214895 1.744893 1.370402 17.652599 31.369167 15.672075 -1.778243 0.085865 0.846847 2.884415 31.386272 53.897385 31.386272 2.884415 0.846846 0.085865 -1.778244 15.672075 31.369164 17.652599 1.370402 1.744893 1.214895 -3.524833 -2.872032 0.778721 -0.081710 1.052868 3.552912 2.808992 0.284722 -2.640295 -2.961173 0.305003 4.611859 4.231564,
 0.889758 1.012305 0.606593 0.138711 0.122888 0.422440 0.690701 1.302017 0.858283 0.535701 0.245661 -0.209992 0.219000 1.084488 0.598785 0.214767 2.281537 4.153710 2.587315 0.862050 1.082904 0.551357 0.824633 4.511586 7.375326 4.511586 0.824633 0.551357 1.082904 0.862050 2.587315 4.153710 2.281537 0.214767 0.598785 1.084488 0.219001 -0.209992 0.245660 0.535701 0.858284 1.302017 0.690701 0.422440 0.122888 0.138711 0.606593 1.012305 0.889758,

Auto-correlations of the modulus of each oriented sub-band
 15.892685 17.393137 18.481510 18.942942 18.656597 17.670212 16.144863 25.499744 29.578465 32.558819 33.763660 32.881626 30.154972 26.208378 36.042416 43.007793 48.077084 50.024750 48.318417 43.449680 36.614090 40.985023 49.214783 55.169125 57.365368 55.169125 49.214783 40.985023 36.614094 43.449677 48.318417 50.024750 48.077084 43.007793 36.042416 26.208378 30.154970 32.881626 33.763657 32.558819 29.578465 25.499743 16.144867 17.670212 18.656601 18.942945 18.481510 17.393139 15.892682,
 30.214350 34.388836 34.087814 29.190111 21.878939 15.006899 10.182705 34.273109 42.424690 45.580727 41.915985 33.064728 22.945148 14.866027 33.886211 45.544334 53.268463 53.157272 45.091106 32.982674 21.630978 28.927347 41.839836 53.157635 57.746761 53.157635 41.839844 28.927347 21.630981 32.982674 45.091106 53.157272 53.268452 45.544327 33.886211 14.866030 22.945148 33.064735 41.915985 45.580727 42.424690 34.273102 10.182705 15.006899 21.878939 29.190115 34.087814 34.388840 30.214348,
 15.390433 25.232128 35.708447 40.395943 35.727463 25.212357 15.171096 16.789270 29.139790 42.527084 48.575890 42.575699 29.191959 16.719439 17.754059 31.933739 47.450127 54.499733 47.490501 31.985559 17.748133 18.108290 32.979317 49.278496 56.687435 49.278496 32.979317 18.108290 17.748135 31.985554 47.490501 54.499733 47.450127 31.933744 17.754059 16.719439 29.191959 42.575703 48.575890 42.527084 29.139790 16.789268 15.171095 25.212353 35.727455 40.395943 35.708447 25.232134 15.390433,
 9.826366 14.480896 21.442825 28.986845 34.120247 34.528801 30.277006 14.422235 22.650589 33.053566 42.202877 46.095768 43.003513 34.712452 21.476515 33.134197 45.522041 53.785301 54.015751 46.267235 34.388210 29.179810 42.392899 53.861301 58.479313 53.861301 42.392902 29.179810 34.388210 46.267231 54.015762 53.785294 45.522038 33.134197 21.476511 34.712460 43.003513 46.095768 42.202885 33.053562 22.650593 14.422232 30.277008 34.528801 34.120247 28.986847 21.442825 14.480896 9.826368,
 11.341196 12.178950 12.553461 12.255533 11.253545 9.810769 8.280799 17.723221 21.608438 24.731037 25.671839 23.829748 20.000568 15.653863 25.726030 34.219166 41.584698 44.428162 41.172901 33.535397 24.834209 29.513304 40.502327 50.238384 54.261883 50.238384 40.502335 29.513304 24.834209 33.535393 41.172894 44.428162 41.584698 34.219166 25.726030 15.653864 20.000565 23.829748 25.671839 24.731037 21.608438 17.723221 8.280800 9.810769 11.253545 12.255532 12.553461 12.178951 11.341196,
 20.161680 24.229023 24.336390 19.912897 13.673743 8.806575 6.183752 24.656981 33.888626 38.505661 34.651505 24.838873 15.303872 9.707651 25.226370 38.758686 49.850727 50.365562 39.559891 25.206667 15.004041 21.160503 35.032341 50.434040 57.425961 50.434040 35.032349 21.160503 15.004044 25.206665 39.559891 50.365566 49.850727 38.758686 25.226364 9.707651 15.303869 24.838873 34.651505 38.505665 33.888626 24.656981 6.183753 8.806573 13.673742 19.912897 24.336391 24.229023 20.161678,
 10.745913 16.625689 24.993448 29.041897 24.240377 15.094753 8.496118 11.807900 20.783865 33.800941 40.301552 33.139954 19.545332 10.182342 12.427210 23.948719 40.979832 49.751305 40.603058 23.252314 11.575666 12.375909 24.934299 43.683281 53.525211 43.683285 24.934299 12.375909 11.575665 23.252312 40.603054 49.751305 40.979832 23.948725 12.427207 10.182342 19.545330 33.139950 40.301552 33.800941 20.783865 11.807900 8.496118 15.094753 24.240377 29.041895 24.993448 16.625689 10.745913,
 8.510282 10.001136 13.398951 18.154306 21.442648 20.728706 16.543808 10.871671 15.207954 23.219093 31.737650 34.887287 30.259428 21.443644 14.728735 23.704370 36.708107 46.622166 45.961460 35.426975 22.691898 19.590345 32.402267 46.795490 53.389977 46.795494 32.402267 19.590345 22.691902 35.426975 45.961460 46.622166 36.708107 23.704372 14.728735 21.443644 30.259426 34.887287 31.737650 23.219093 15.207954 10.871669 16.543808 20.728706 21.442646 18.154306 13.398951 10.001135 8.510283,
 3.766536 3.991931 4.071097 3.955314 3.654742 3.297918 3.003566 4.957035 5.892962 6.666173 6.883883 6.324721 5.251166 4.151994 6.852325 9.232408 11.481600 12.453880 11.450883 9.052208 6.482835 7.828259 11.142464 14.338966 15.736964 14.338965 11.142464 7.828259 6.482835 9.052207 11.450883 12.453879 11.481599 9.232407 6.852325 4.151994 5.251167 6.324721 6.883883 6.666173 5.892962 4.957035 3.003566 3.297917 3.654742 3.955314 4.071096 3.991931 3.766536,
 4.740950 5.968737 6.314431 5.392230 4.061409 3.192293 2.827660 5.695179 8.177307 9.730839 8.769368 6.178149 3.994916 2.968193 5.880956 9.428754 12.854357 13.129036 9.856119 6.019260 3.732792 4.986538 8.449739 12.983946 15.294036 12.983946 8.449739 4.986538 3.732792 6.019260 9.856118 13.129036 12.854357 9.428754 5.880956 2.968193 3.994916 6.178149 8.769367 9.730839 8.177306 5.695179 2.827660 3.192293 4.061409 5.392229 6.314431 5.968737 4.740950,
 3.898634 5.093560 6.802154 7.615536 6.372669 4.352952 3.246530 4.291625 6.165013 9.082502 10.653010 8.751678 5.540339 3.761139 4.633633 7.172549 11.364180 13.763910 11.199320 6.828439 4.336596 4.685435 7.502082 12.327578 15.167727 12.327578 7.502081 4.685435 4.336596 6.828439 11.199318 13.763911 11.364179 7.172549 4.633633 3.761139 5.540339 8.751678 10.653010 9.082500 6.165012 4.291625 3.246531 4.352952 6.372670 7.615536 6.802153 5.093560 3.898635,
 3.438501 4.413780 5.361783 6.215485 6.526838 5.790408 4.541672 4.159234 5.550322 7.482602 9.481279 9.904371 8.086017 5.655884 5.000959 7.375147 10.932459 13.847646 13.265528 9.713679 6.219865 5.847163 9.270274 13.725783 16.039423 13.725783 9.270274 5.847163 6.219865 9.713681 13.265528 13.847646 10.932457 7.375147 5.000959 5.655884 8.086019 9.904371 9.481279 7.482602 5.550321 4.159234 4.541672 5.790409 6.526838 6.215485 5.361783 4.413779 3.438500,

Pairwise cross-correlations of the modulus of all oriented sub-bands at the same scale (size QxQ)
 57.365349 51.871895 45.193935 52.243710,
 51.871895 57.746746 51.605049 48.954315,
 45.193935 51.605049 56.687428 51.957012,
 52.243710 48.954315 51.957012 58.479340,
 54.261868 51.007290 45.610840 49.771633,
 51.007290 57.425949 51.210312 47.810116,
 45.610840 51.210312 53.525211 48.570866,
 49.771633 47.810116 48.570866 53.389977,

Cross-correlations of the modulus of all oriented sub-bands with all oriented sub-bands at the coarser scale (size QxQ)
 50.182896 48.622967 43.054188 46.742916,
 47.578671 52.245823 47.339382 44.841599,
 43.004257 47.922371 49.687099 46.457546,
 47.454628 46.644157 47.622601 50.701065,
 23.022545 21.392569 20.679949 22.449360,
 22.920771 23.311953 22.406008 22.062325,
 20.918325 21.195896 22.335537 22.127142,
 22.143442 20.168484 21.564844 23.502567,

Cross-correlations of the real part of each oriented sub-band with both the real and imaginary part of all phase-doubled oriented sub-bands at the next coarser scale (Q matrices of size 1x2Q, which are computed and stored in a matrix of size Qx2Q)
 -22.027409 -9.770266 -0.773337 -9.434650 0.040809 -0.001064 0.000763 0.064928,
 -9.610052 -22.840145 -9.427101 -0.709114 0.021001 -0.043273 -0.024820 0.005132,
 -0.766199 -9.887418 -20.859659 -9.100541 0.000945 -0.028643 -0.000133 0.038627,
 -9.500500 -0.738995 -8.809446 -21.496164 -0.015099 -0.002422 0.031289 0.137372,
 -11.576777 -5.110832 -0.505124 -5.255530 0.072087 -0.013538 0.009183 0.223880,
 -5.037900 -11.759846 -5.046467 -0.482115 0.030312 -0.289395 -0.135986 -0.017528,
 -0.448752 -5.144561 -11.398352 -5.065493 -0.049038 -0.279270 -0.227492 0.257217,
 -5.066657 -0.467674 -5.042186 -11.774064 -0.064864 -0.017582 -0.040078 0.654399,
