Low-band skewness and kurtosis
 -11.380793 145.957672,
 -7.109583 60.160152,
 -4.350272 25.616531,
 0.633088 10.752275,

High-band variance
 17.380983,

Skewness, kurtosis, variance, mean, maximum and minimum of the reconstructed texture
 -11.455569 138.693329 328.439606 253.298050 255.000000 0.000000,

Auto-correlations of the low-frequency bands at each scale
 15.110465 12.990496 13.385046 12.893637 7.757547 4.255742 5.442005 10.456632 25.755344 63.970657 84.168755 56.050346 14.258402 -0.301376 7.818778 62.647133 169.329010 226.885529 164.176285 55.359730 1.529951 6.254670 83.347237 227.348953 306.260468 227.348953 83.347237 6.254670 1.529950 55.359722 164.176315 226.885513 169.328995 62.647141 7.818778 -0.301377 14.258400 56.050346 84.168762 63.970657 25.755344 10.456632 5.442005 4.255742 7.757547 12.893637 13.385046 12.990496 15.110464,
 12.858371 9.081204 1.823729 2.011976 7.671603 12.111423 12.148251 12.092296 2.125174 7.731106 17.503963 5.426618 -3.598251 6.894035 5.301301 5.025500 61.998001 104.807404 54.961006 -4.671026 -0.975494 -0.884331 7.192928 99.575569 167.745819 99.575569 7.192928 -0.884331 -0.975495 -4.671026 54.961002 104.807404 61.998005 5.025501 5.301302 6.894035 -3.598251 5.426617 17.503963 7.731106 2.125174 12.092296 12.148251 12.111423 7.671601 2.011976 1.823730 9.081204 12.858371,
 8.708906 7.857595 3.878399 2.600230 3.242167 3.719543 4.197206 10.276208 5.370789 4.152506 6.615322 3.531132 1.703297 5.824152 8.350481 6.009501 22.587229 37.196838 21.735189 3.299898 4.918474 5.476420 7.086765 36.806477 59.764400 36.806477 7.086765 5.476420 4.918474 3.299899 21.735186 37.196838 22.587229 6.009500 8.350481 5.824152 1.703297 3.531132 6.615322 4.152505 5.370789 10.276208 4.197206 3.719542 3.242167 2.600230 3.878398 7.857596 8.708905,
 0.849768 0.790578 0.715036 0.432985 0.204757 0.736192 1.211300 1.531462 1.075758 1.070963 1.409898 1.323897 1.827010 2.487460 1.580576 1.422625 4.233175 7.004230 5.438859 3.254085 3.339135 2.526536 2.927460 7.511441 11.059230 7.511440 2.927460 2.526536 3.339135 3.254085 5.438858 7.004231 4.233175 1.422625 1.580576 2.487461 1.827010 1.323897 1.409898 1.070963 1.075758 1.531462 1.211300 0.736192 0.204756 0.432985 0.715036 0.790578 0.849768,

Auto-correlations of the modulus of each oriented sub-band
 19.110823 20.285366 20.962175 20.997618 20.346941 19.121059 17.527569 27.396996 30.682297 32.919548 33.545158 32.318729 29.502739 25.726225 36.245441 42.329144 46.739349 48.302288 46.480568 41.754719 35.333557 40.021164 47.602367 53.193317 55.281208 53.193317 47.602371 40.021160 35.333561 41.754715 46.480576 48.302296 46.739346 42.329144 36.245441 25.726225 29.502739 32.318729 33.545158 32.919540 30.682297 27.396996 17.527569 19.121061 20.346945 20.997618 20.962173 20.285366 19.110819,
 31.110992 35.046833 34.870419 30.373747 23.587137 17.309450 13.138974 35.022049 42.750988 45.840866 42.373203 33.866531 24.257025 16.850624 34.607124 45.727024 53.262005 53.194508 45.295944 33.585121 22.893618 29.797581 42.098694 53.135796 57.680904 53.135807 42.098698 29.797581 22.893618 33.585117 45.295944 53.194508 53.262005 45.727028 34.607121 16.850624 24.257025 33.866531 42.373203 45.840858 42.750988 35.022049 13.138974 17.309448 23.587137 30.373747 34.870419 35.046837 31.110989,
 18.641829 27.945971 37.997288 42.673908 38.306515 27.929977 17.932232 19.900557 31.690948 44.602779 50.559868 44.802116 31.559193 19.215462 20.618591 34.286274 49.384144 56.306213 49.479317 34.171223 20.197569 20.710192 35.176785 51.174221 58.439896 51.174221 35.176788 20.710192 20.197569 34.171215 49.479324 56.306206 49.384140 34.286274 20.618591 19.215464 31.559193 44.802116 50.559868 44.602779 31.690950 19.900557 17.932232 27.929976 38.306519 42.673916 37.997284 27.945972 18.641827,
 15.385125 19.947975 26.590445 33.480064 37.665894 37.055431 32.019691 19.413883 27.145567 36.917332 45.283127 48.308151 44.459145 35.788052 25.212917 36.220963 48.048088 55.793961 55.532017 47.463516 35.665226 31.478409 44.220078 55.517391 60.115147 55.517391 44.220078 31.478405 35.665230 47.463516 55.532017 55.793961 48.048088 36.220963 25.212914 35.788052 44.459145 48.308151 45.283127 36.917328 27.145569 19.413883 32.019691 37.055424 37.665897 33.480064 26.590445 19.947977 15.385122,
 16.955276 18.223972 19.458586 20.172277 20.044939 19.117260 17.723019 23.282341 26.969742 30.185131 31.563725 30.332861 26.979401 22.873743 31.074656 38.756645 45.398502 48.116573 45.365067 38.442177 30.325487 34.621784 44.683983 53.411541 56.970161 53.411545 44.683987 34.621784 30.325487 38.442173 45.365067 48.116577 45.398510 38.756645 31.074659 22.873743 26.979395 30.332861 31.563725 30.185131 26.969746 23.282341 17.723015 19.117258 20.044939 20.172276 19.458584 18.223972 16.955280,
 20.392780 23.575399 24.183640 21.771172 18.295677 15.629245 13.935086 24.241035 31.192383 34.922741 32.251705 25.425364 19.171108 15.632131 25.117640 35.470173 44.381676 44.778824 36.237549 25.535809 18.408947 22.335400 32.733700 45.018242 50.843777 45.018242 32.733700 22.335400 18.408947 25.535809 36.237541 44.778824 44.381676 35.470173 25.117636 15.632133 19.171106 25.425364 32.251705 34.922741 31.192387 24.241034 13.935086 15.629248 18.295677 21.771175 24.183641 23.575397 20.392784,
 13.513004 17.804941 24.871181 29.209461 26.489906 19.779449 14.480463 14.496883 21.337620 32.229977 38.518353 33.568779 23.002741 15.542885 15.438232 24.436701 38.767960 46.776943 39.503101 25.376631 16.107077 16.056877 25.979877 41.662460 50.211967 41.662468 25.979877 16.056877 16.107075 25.376631 39.503094 46.776939 38.767963 24.436697 15.438232 15.542885 23.002741 33.568771 38.518353 32.229977 21.337622 14.496883 14.480464 19.779449 26.489902 29.209461 24.871183 17.804945 13.513004,
 13.893888 15.962531 20.056622 25.209723 28.432741 27.266634 22.603659 16.155855 21.107718 29.305775 37.530022 40.257732 35.324635 26.555620 20.001451 29.057957 41.623699 51.026173 50.170155 39.801834 27.505245 24.616747 37.028702 50.929649 57.329872 50.929649 37.028706 24.616747 27.505241 39.801834 50.170155 51.026176 41.623703 29.057957 20.001450 26.555620 35.324627 40.257732 37.530022 29.305775 21.107719 16.155855 22.603659 27.266634 28.432741 25.209721 20.056622 15.962532 13.893888,
 7.497477 7.694345 7.885247 7.844395 7.537197 7.145061 6.872300 8.291412 9.127170 9.927507 10.179533 9.704448 8.845194 8.092568 10.003473 11.960503 13.895454 14.675768 13.730034 11.752443 9.862219 10.883220 13.483140 16.149908 17.354412 16.149908 13.483140 10.883219 9.862220 11.752444 13.730032 14.675768 13.895455 11.960503 10.003473 8.092569 8.845194 9.704448 10.179531 9.927505 9.127169 8.291412 6.872300 7.145060 7.537196 7.844395 7.885248 7.694345 7.497475,
 7.941722 8.774556 9.165811 8.703905 7.887229 7.245854 6.856217 8.594074 10.539632 11.852338 11.281308 9.477739 7.917958 7.147854 8.843358 11.738423 14.563333 14.844178 12.329810 9.388357 7.642168 8.378146 11.153018 14.817232 16.697922 14.817232 11.153018 8.378146 7.642169 9.388358 12.329810 14.844176 14.563331 11.738422 8.843358 7.147853 7.917958 9.477740 11.281306 11.852336 10.539632 8.594072 6.856217 7.245854 7.887231 8.703906 9.165810 8.774556 7.941721,
 7.156580 8.154568 9.487787 9.891449 8.770930 7.379754 6.669810 7.412675 8.868955 11.268547 12.362717 10.617951 8.266682 7.158295 7.674677 9.538801 13.024896 14.960623 12.603928 9.195132 7.574278 7.766973 9.710894 13.639565 16.141232 13.639565 9.710894 7.766973 7.574279 9.195130 12.603930 14.960620 13.024895 9.538804 7.674676 7.158295 8.266681 10.617953 12.362717 11.268547 8.868955 7.412673 6.669810 7.379754 8.770930 9.891449 9.487786 8.154568 7.156579,
 7.740716 7.855629 8.149493 8.578831 8.725170 8.176940 7.288597 7.664803 8.389606 9.760580 11.259255 11.593527 10.236750 8.422161 8.007887 9.869241 12.739464 15.091409 14.654911 11.799413 9.011747 8.696779 11.519880 15.189017 17.106775 15.189017 11.519878 8.696779 9.011747 11.799414 14.654914 15.091406 12.739466 9.869241 8.007887 8.422160 10.236750 11.593526 11.259255 9.760580 8.389606 7.664803 7.288597 8.176940 8.725169 8.578831 8.149493 7.855629 7.740715,

Pairwise cross-correlations of the modulus of all oriented sub-bands at the same scale (size QxQ)
 55.281200 51.094959 46.052311 51.977318,
 51.094959 57.680901 52.551437 49.911106,
 46.052311 52.551437 58.439919 53.955399,
 51.977318 49.911106 53.955399 60.115143,
 56.970154 49.016712 44.824230 51.232140,
 49.016712 50.843765 45.693268 45.513344,
 44.824230 45.693268 50.211960 48.995701,
 51.232140 45.513344 48.995701 57.329872,

Cross-correlations of the modulus of all oriented sub-bands with all oriented sub-bands at the coarser scale (size QxQ)
 50.223972 44.842819 41.036144 47.218460,
 48.019905 48.157234 44.590195 45.860077,
 45.387054 45.568413 47.325638 47.779293,
 49.695435 44.504559 46.299751 52.722187,
 24.567024 23.680967 22.513212 23.612139,
 22.341633 23.253054 21.934534 20.903353,
 21.186245 22.247406 22.343193 21.507164,
 23.895144 23.041906 23.479914 24.775686,

Cross-correlations of the real part of each oriented sub-band with both the real and imaginary part of all phase-doubled oriented sub-bands at the next coarser scale (Q matrices of size 1x2Q, which are computed and stored in a matrix of size Qx2Q)
 -20.589163 -8.819549 -0.805490 -9.607716 -0.133507 -0.005027 0.012592 0.061289,
 -8.932384 -19.042488 -7.858002 -0.828081 0.011408 -0.168137 -0.064872 -0.006323,
 -0.853683 -7.938646 -18.711527 -9.327173 0.028490 -0.031183 -0.136033 0.033058,
 -9.226265 -0.760061 -8.764773 -21.758125 -0.022703 0.036349 -0.010074 0.098555,
 -10.294688 -4.686260 -0.445234 -4.717768 -0.554526 -0.119162 0.020170 0.402176,
 -4.722870 -9.406141 -3.437079 -0.429605 -0.005773 -0.371048 -0.102661 0.018312,
 -0.498739 -3.771828 -8.335900 -4.385631 -0.012196 -0.116868 0.123522 0.460799,
 -4.610609 -0.431946 -4.141816 -10.365118 -0.413657 0.021570 0.367758 0.994758,
