Low-band skewness and kurtosis
 -11.361865 145.747330,
 -6.804380 55.050270,
 -3.797052 19.849350,
 -0.129712 8.843782,

High-band variance
 17.322145,

Skewness, kurtosis, variance, mean, maximum and minimum of the reconstructed texture
 -11.426405 137.988159 329.229675 253.291916 255.000000 0.000000,

Auto-correlations of the low-frequency bands at each scale
 0.966304 -2.083179 0.244951 2.478569 -0.905956 -2.136275 3.739725 -3.162243 11.442304 53.894608 78.510864 52.000195 11.584757 1.225587 -1.053100 52.494823 164.147736 225.939468 162.775421 52.641018 2.003520 2.782074 77.710403 225.595276 307.244324 225.595276 77.710403 2.782074 2.003520 52.641006 162.775421 225.939468 164.147720 52.494823 -1.053100 1.225587 11.584756 52.000195 78.510872 53.894608 11.442304 -3.162243 3.739725 -2.136275 -0.905954 2.478570 0.244951 -2.083179 0.966304,
 11.914425 7.152987 -0.579531 -1.842181 2.038653 8.331286 9.912703 9.156047 -5.398868 -4.669151 4.338782 -3.020780 -4.849674 6.755876 -0.702233 -2.345922 51.479927 95.744232 52.610489 -1.236031 -0.601613 -4.389119 7.842183 97.986099 164.208328 97.986115 7.842183 -4.389119 -0.601613 -1.236031 52.610489 95.744232 51.479935 -2.345922 -0.702233 6.755875 -4.849674 -3.020780 4.338781 -4.669151 -5.398868 9.156047 9.912702 8.331286 2.038653 -1.842181 -0.579530 7.152987 11.914425,
 3.823146 3.107174 3.276367 2.565888 -0.243273 0.420135 3.343255 2.993724 0.096370 2.605719 6.169713 1.342340 -1.399789 2.670309 1.579262 1.077984 18.099451 32.688965 18.053005 0.255611 1.181065 0.759969 3.248770 31.272301 52.805332 31.272301 3.248770 0.759969 1.181065 0.255611 18.053005 32.688965 18.099451 1.077984 1.579263 2.670309 -1.399789 1.342340 6.169713 2.605719 0.096370 2.993723 3.343255 0.420135 -0.243273 2.565887 3.276367 3.107174 3.823146,
 0.618294 0.786192 0.211240 -0.797846 -1.086939 -0.269687 0.204343 1.629793 0.900512 0.445751 0.738924 -0.089316 -0.712200 -0.015803 1.911320 1.097139 3.282356 6.043851 3.333141 -0.231111 0.184820 1.059592 0.797221 5.524792 9.569615 5.524792 0.797221 1.059592 0.184820 -0.231111 3.333141 6.043851 3.282357 1.097139 1.911320 -0.015803 -0.712200 -0.089316 0.738924 0.445751 0.900512 1.629793 0.204343 -0.269686 -1.086939 -0.797846 0.211240 0.786192 0.618293,

Auto-correlations of the modulus of each oriented sub-band
 16.471113 17.834000 18.822733 19.244007 18.988598 18.102903 16.730251 26.633459 30.660875 33.570969 34.711918 33.791039 31.047272 27.089748 37.814072 44.843193 49.908745 51.818367 50.066612 45.127563 38.168751 42.959568 51.326378 57.334385 59.538662 57.334385 51.326389 42.959564 38.168755 45.127563 50.066616 51.818367 49.908745 44.843185 37.814072 27.089750 31.047268 33.791042 34.711918 33.570969 30.660875 26.633455 16.730255 18.102900 18.988604 19.244009 18.822731 17.834000 16.471113,
 30.098881 34.296486 34.080551 29.280708 22.085096 15.408810 10.928211 34.652283 42.860569 46.083317 42.412941 33.492908 23.325470 15.347000 34.628803 46.416069 54.276791 54.175468 45.977978 33.675541 22.237934 29.727343 42.797966 54.327507 59.014141 54.327507 42.797970 29.727337 22.237934 33.675541 45.977985 54.175468 54.276794 46.416077 34.628799 15.347002 23.325464 33.492912 42.412941 46.083317 42.860573 34.652283 10.928212 15.408810 22.085098 29.280708 34.080551 34.296486 30.098879,
 15.793287 25.733767 36.607796 41.488163 36.582924 25.786045 15.973274 17.131304 29.573772 43.383648 49.634418 43.340736 29.571823 17.241486 18.057774 32.305973 48.283855 55.578156 48.251762 32.289291 18.108133 18.407461 33.295853 50.076988 57.783096 50.076996 33.295856 18.407461 18.108131 32.289288 48.251762 55.578156 48.283855 32.305973 18.057774 17.241486 29.571823 43.340736 49.634422 43.383648 29.573776 17.131304 15.973275 25.786045 36.582928 41.488163 36.607796 25.733770 15.793286,
 10.985895 15.641519 22.617693 30.089405 35.036835 35.236076 30.861418 15.752059 24.045506 34.539974 43.677673 47.410278 44.087475 35.626789 23.022074 34.818340 47.378273 55.686611 55.769127 47.772560 35.703987 30.750078 44.144318 55.837799 60.560310 55.837799 44.144318 30.750076 35.703991 47.772549 55.769127 55.686611 47.378265 34.818348 23.022076 35.626789 44.087467 47.410275 43.677673 34.539974 24.045506 15.752060 30.861418 35.236076 35.036835 30.089405 22.617691 15.641520 10.985895,
 12.055374 13.466063 14.457002 14.716126 14.112458 12.878665 11.387635 17.550165 21.737370 25.064575 26.182674 24.530128 20.876362 16.626358 25.052664 33.708008 40.954815 43.665749 40.458950 32.958302 24.301531 28.563272 39.618244 49.166718 53.042484 49.166718 39.618248 28.563272 24.301533 32.958302 40.458942 43.665749 40.954819 33.708008 25.052664 16.626360 20.876360 24.530128 26.182680 25.064575 21.737373 17.550165 11.387635 12.878665 14.112458 14.716128 14.457002 13.466064 12.055374,
 20.149614 23.936563 24.265356 20.604664 15.417339 11.253962 8.844544 24.344637 32.916271 37.224846 33.607960 24.692745 16.192204 11.101802 24.688839 37.445492 47.953884 48.351055 38.025314 24.686392 15.174736 20.675606 33.777252 48.392246 55.159885 48.392250 33.777252 20.675606 15.174739 24.686392 38.025311 48.351055 47.953884 37.445492 24.688839 11.101802 16.192204 24.692745 33.607960 37.224850 32.916271 24.344637 8.844544 11.253962 15.417340 20.604664 24.265356 23.936567 20.149614,
 13.269019 19.035324 27.246181 31.635370 27.275667 18.426134 11.972430 14.588469 23.247587 35.903259 42.722343 36.182201 23.067829 13.764055 15.451015 26.728073 43.311737 52.170433 43.552940 26.719559 15.049353 15.638686 28.115137 46.378246 55.983829 46.378250 28.115137 15.638686 15.049353 26.719559 43.552937 52.170433 43.311741 26.728073 15.451015 13.764055 23.067829 36.182201 42.722343 35.903259 23.247587 14.588469 11.972430 18.426134 27.275667 31.635372 27.246183 19.035326 13.269021,
 9.690572 11.889175 15.852036 20.833897 23.925879 22.758173 18.236856 11.301835 16.239105 24.708233 33.497238 36.541725 31.405247 22.115463 14.472572 23.836981 37.291134 47.627827 46.826672 35.662071 22.430798 18.984604 32.179874 47.207218 54.195988 47.207222 32.179874 18.984604 22.430798 35.662071 46.826672 47.627823 37.291138 23.836981 14.472569 22.115463 31.405245 36.541718 33.497238 24.708237 16.239105 11.301834 18.236858 22.758175 23.925875 20.833897 15.852039 11.889175 9.690570,
 4.882628 5.217989 5.510930 5.583263 5.314423 4.811254 4.347726 5.834027 6.920957 7.956422 8.372214 7.829873 6.619779 5.387877 7.238947 9.579864 11.834333 12.815580 11.838606 9.524515 7.102381 8.013488 11.091909 14.064255 15.357886 14.064255 11.091909 8.013488 7.102381 9.524516 11.838606 12.815580 11.834333 9.579863 7.238946 5.387877 6.619779 7.829872 8.372213 7.956422 6.920957 5.834027 4.347726 4.811254 5.314423 5.583263 5.510930 5.217989 4.882628,
 5.135058 6.020038 6.220940 5.496665 4.344765 3.503750 3.234256 5.651898 7.768635 9.099496 8.486349 6.414298 4.471189 3.497028 5.771949 8.930228 11.955368 12.346171 9.672560 6.312098 4.194982 5.166059 8.296176 12.300225 14.315382 12.300225 8.296176 5.166059 4.194982 6.312099 9.672561 12.346171 11.955370 8.930228 5.771949 3.497027 4.471189 6.414298 8.486350 9.099496 7.768635 5.651898 3.234256 3.503749 4.344766 5.496665 6.220940 6.020038 5.135057,
 4.048810 5.051163 6.534375 7.137574 6.019567 4.547250 3.748133 4.123444 5.844607 8.568933 9.891143 8.080626 5.433825 4.013942 4.293752 6.586261 10.458223 12.583882 10.154346 6.357917 4.280845 4.394402 6.834159 11.158941 13.764170 11.158941 6.834159 4.394402 4.280846 6.357917 10.154346 12.583883 10.458225 6.586261 4.293752 4.013942 5.433825 8.080626 9.891141 8.568933 5.844607 4.123444 3.748134 4.547250 6.019567 7.137574 6.534375 5.051162 4.048810,
 3.373271 3.709115 4.354856 5.247380 5.877539 5.757136 5.051829 3.553683 4.488193 6.099701 7.917835 8.625453 7.625105 5.918621 4.367205 6.292705 9.262775 11.775025 11.618132 9.043310 6.298726 5.599864 8.438848 12.057646 13.891398 12.057648 8.438847 5.599864 6.298726 9.043312 11.618132 11.775025 9.262775 6.292705 4.367205 5.918621 7.625106 8.625452 7.917834 6.099700 4.488192 3.553683 5.051830 5.757136 5.877539 5.247380 4.354856 3.709115 3.373271,

Pairwise cross-correlations of the modulus of all oriented sub-bands at the same scale (size QxQ)
 59.538666 53.565571 46.791412 54.802063,
 53.565571 59.014145 52.886272 50.834343,
 46.791412 52.886272 57.783062 53.280327,
 54.802063 50.834343 53.280327 60.560307,
 53.042473 49.743900 46.920494 49.305660,
 49.743900 55.159878 51.039501 47.491234,
 46.920494 51.039501 55.983837 50.685562,
 49.305660 47.491234 50.685562 54.195976,

Cross-correlations of the modulus of all oriented sub-bands with all oriented sub-bands at the coarser scale (size QxQ)
 50.448456 48.378567 45.627102 47.177940,
 47.987667 51.494999 49.032726 45.329563,
 43.806408 47.623829 50.674915 46.850754,
 48.349533 46.775482 49.703011 51.090832,
 22.699440 20.623825 19.142805 20.128763,
 21.761070 21.839512 20.700798 19.662819,
 20.900902 20.903564 21.395721 20.298716,
 21.591311 19.856863 19.977039 20.861324,

Cross-correlations of the real part of each oriented sub-band with both the real and imaginary part of all phase-doubled oriented sub-bands at the next coarser scale (Q matrices of size 1x2Q, which are computed and stored in a matrix of size Qx2Q)
 -21.301445 -9.627995 -0.769603 -9.739082 0.215248 0.015112 0.025745 -0.025144,
 -9.198021 -22.621056 -9.643646 -0.784261 0.082612 0.188658 0.042853 -0.003267,
 -0.741990 -9.881451 -22.018255 -9.893435 -0.005098 0.148179 -0.025711 0.070079,
 -9.219288 -0.758979 -9.501884 -22.748486 0.078700 -0.011984 -0.011452 0.069938,
 -10.530159 -4.574354 -0.505452 -4.791316 -0.392702 -0.155390 0.026310 0.046568,
 -4.598210 -10.492000 -4.866669 -0.563900 -0.183120 -0.046847 0.076265 -0.008099,
 -0.432960 -4.842684 -10.670710 -4.672543 -0.002281 0.163654 0.028221 0.186770,
 -4.658754 -0.528952 -4.698558 -10.443942 -0.098578 0.015172 0.020291 0.318509,
