Low-band skewness and kurtosis
 -11.360484 145.721024,
 -6.812019 54.865147,
 -3.496926 16.502113,
 -0.519574 4.444825,

High-band variance
 17.528536,

Skewness, kurtosis, variance, mean, maximum and minimum of the reconstructed texture
 -11.452034 138.626144 327.021088 253.301315 255.000000 0.000000,

Auto-correlations of the low-frequency bands at each scale
 -0.969453 -5.356298 -2.198144 3.426813 2.659248 0.081214 1.089472 -4.187399 9.489660 52.350246 80.066971 55.780380 12.815248 -3.884110 -2.140666 51.167397 162.068237 224.998047 163.267197 51.793846 -3.266644 -0.204792 76.204109 223.555084 304.683411 223.555084 76.204109 -0.204793 -3.266644 51.793839 163.267166 224.998062 162.068237 51.167397 -2.140666 -3.884110 12.815246 55.780380 80.066971 52.350246 9.489660 -4.187399 1.089473 0.081214 2.659248 3.426814 -2.198144 -5.356298 -0.969454,
 4.097035 0.901995 -6.383952 -9.004690 -3.571136 5.600916 7.482981 0.730683 -10.538834 -6.143727 3.312123 -5.815932 -9.579905 2.707096 -6.060763 -6.809907 50.505974 96.435822 50.878307 -6.118053 -3.902935 -7.172368 3.231621 95.988976 164.257874 95.988991 3.231621 -7.172368 -3.902935 -6.118053 50.878307 96.435822 50.505978 -6.809908 -6.060763 2.707095 -9.579905 -5.815933 3.312123 -6.143726 -10.538835 0.730683 7.482981 5.600916 -3.571136 -9.004690 -6.383952 0.901994 4.097034,
 3.078582 0.818649 -0.366455 -0.305753 0.754014 4.292495 6.466949 3.744914 -3.681750 -4.397314 -0.251053 -1.168767 -0.368457 3.485346 2.073407 -1.917185 13.016644 28.213160 15.375465 -1.136875 -1.647282 -1.311455 1.561630 29.308641 50.921684 29.308641 1.561631 -1.311455 -1.647282 -1.136875 15.375468 28.213160 13.016642 -1.917185 2.073407 3.485344 -0.368457 -1.168767 -0.251053 -4.397314 -3.681749 3.744914 6.466949 4.292495 0.754015 -0.305753 -0.366455 0.818650 3.078582,
 0.751167 1.244108 0.938960 0.309791 0.130856 0.593071 1.232398 1.178062 0.653455 0.243820 0.292105 0.090088 0.203847 0.946235 0.988069 0.258741 1.679417 3.467737 2.229616 0.308871 0.275071 0.339056 0.455420 3.570836 6.013818 3.570836 0.455420 0.339056 0.275071 0.308871 2.229616 3.467737 1.679417 0.258741 0.988069 0.946235 0.203847 0.090088 0.292105 0.243820 0.653455 1.178062 1.232398 0.593071 0.130856 0.309791 0.938960 1.244108 0.751167,

Auto-correlations of the modulus of each oriented sub-band
 14.518686 16.100473 17.183760 17.556505 17.137707 16.044901 14.500329 25.289291 29.453020 32.378345 33.385937 32.222607 29.225220 25.099192 36.581669 43.673595 48.742023 50.543839 48.587078 43.444519 36.379597 41.467190 49.882450 55.975124 58.224079 55.975124 49.882462 41.467182 36.379597 43.444519 48.587078 50.543846 48.742023 43.673599 36.581669 25.099195 29.225218 32.222607 33.385937 32.378342 29.453022 25.289291 14.500331 16.044901 17.137705 17.556505 17.183760 16.100475 14.518685,
 29.133368 33.675930 33.533970 28.522034 20.882090 13.665855 8.774126 33.933102 42.560406 45.992954 42.312214 33.137817 22.491133 13.976347 34.018669 46.212498 54.273979 54.248363 45.982399 33.368492 21.416206 29.119295 42.627743 54.341400 59.042629 54.341400 42.627747 29.119295 21.416208 33.368488 45.982407 54.248363 54.273979 46.212502 34.018669 13.976347 22.491129 33.137821 42.312214 45.992954 42.560406 33.933102 8.774126 13.665855 20.882092 28.522032 33.533970 33.675934 29.133368,
 13.604609 23.861570 34.713291 39.536423 34.881973 24.293726 14.311011 15.144271 27.936594 41.718769 47.854328 41.791710 28.177090 15.564646 16.211231 30.832253 46.758217 53.881935 46.783901 30.938517 16.403673 16.650249 31.919289 48.617634 56.109619 48.617634 31.919289 16.650249 16.403673 30.938517 46.783901 53.881935 46.758217 30.832258 16.211231 15.564646 28.177090 41.791714 47.854328 41.718765 27.936594 15.144271 14.311011 24.293726 34.881973 39.536419 34.713291 23.861572 13.604609,
 8.202369 13.190248 20.490168 28.271345 33.444561 33.684383 29.150736 13.309949 21.730431 32.363888 41.642002 45.458271 42.095367 33.528717 20.656492 32.421932 44.996941 53.345760 53.449989 45.433270 33.373524 28.362368 41.682434 53.361145 58.083439 53.361145 41.682434 28.362364 33.373524 45.433273 53.449989 53.345760 44.996941 32.421932 20.656490 33.528721 42.095367 45.458271 41.642002 32.363888 21.730431 13.309949 29.150736 33.684380 33.444569 28.271341 20.490168 13.190246 8.202370,
 7.807761 8.898007 10.112325 10.986786 11.134578 10.499421 9.316039 14.823644 19.023422 22.816221 24.598736 23.461067 19.948591 15.521727 24.404409 33.471794 41.339954 44.661938 41.711357 33.969898 24.752342 29.364605 41.053249 51.075382 55.131405 51.075390 41.053249 29.364605 24.752342 33.969894 41.711357 44.661938 41.339954 33.471794 24.404406 15.521727 19.948591 23.461067 24.598736 22.816223 19.023422 14.823644 9.316039 10.499422 11.134577 10.986786 10.112327 8.898007 7.807761,
 16.035856 20.143036 20.861738 17.377935 12.570832 9.225513 7.427668 20.979588 30.021042 34.998222 31.469305 22.281267 13.924193 9.404999 22.060501 35.256561 46.657040 47.343880 36.477322 22.607344 13.316632 18.563513 31.845411 47.327591 54.586327 47.327591 31.845415 18.563513 13.316632 22.607340 36.477322 47.343884 46.657040 35.256565 22.060499 9.404999 13.924191 22.281265 31.469305 34.998222 30.021046 20.979589 7.427668 9.225513 12.570832 17.377935 20.861738 20.143038 16.035856,
 7.572628 13.758921 23.067034 28.497236 24.963623 16.401836 9.671299 9.126671 18.382950 32.314980 39.997910 33.761513 20.374279 10.613329 10.522113 22.480772 40.317024 49.798466 41.082066 23.534346 11.282589 11.313188 24.455776 43.765663 53.740894 43.765671 24.455778 11.313188 11.282589 23.534346 41.082058 49.798473 40.317028 22.480772 10.522113 10.613329 20.374281 33.761513 39.997913 32.314980 18.382946 9.126671 9.671299 16.401834 24.963619 28.497234 23.067034 13.758921 7.572628,
 5.389843 7.212631 11.741977 18.134378 22.850399 22.737082 18.516613 7.715578 12.783748 22.166002 32.218395 36.319763 31.631384 22.254889 12.355306 22.335258 36.646446 47.630554 47.217518 36.061661 22.463610 18.324060 32.153450 47.566261 54.595230 47.566269 32.153454 18.324060 22.463610 36.061661 47.217518 47.630554 36.646446 22.335258 12.355306 22.254889 31.631384 36.319763 32.218399 22.166002 12.783748 7.715577 18.516615 22.737082 22.850397 18.134377 11.741977 7.212631 5.389843,
 3.450125 3.750314 4.021992 4.147647 4.072082 3.893104 3.768279 4.459592 5.538930 6.532134 6.920399 6.462879 5.480860 4.521689 6.181956 8.668756 11.047515 12.009556 10.888027 8.449249 5.988038 6.986275 10.278535 13.530517 14.965557 13.530517 10.278535 6.986275 5.988038 8.449249 10.888026 12.009556 11.047515 8.668755 6.181956 4.521689 5.480860 6.462879 6.920399 6.532134 5.538930 4.459592 3.768279 3.893104 4.072082 4.147647 4.021993 3.750314 3.450125,
 5.335795 6.166917 6.521293 6.076783 5.182155 4.433582 4.047616 6.413864 8.613062 10.028751 9.389531 7.223091 5.154248 4.087493 6.615472 10.090132 13.405499 13.751473 10.743732 6.977426 4.626287 5.736022 9.237825 13.727369 15.957552 13.727369 9.237825 5.736022 4.626287 6.977427 10.743731 13.751473 13.405500 10.090130 6.615472 4.087494 5.154248 7.223091 9.389532 10.028751 8.613062 6.413863 4.047616 4.433582 5.182155 6.076783 6.521293 6.166917 5.335795,
 3.971561 4.737703 6.767646 8.096516 7.223563 5.426219 4.345870 4.060489 5.736640 9.220608 11.285085 9.550934 6.349744 4.498350 4.199388 6.748118 11.572751 14.344306 11.743206 7.120314 4.498133 4.372536 7.308290 12.626171 15.670913 12.626171 7.308290 4.372536 4.498134 7.120314 11.743204 14.344307 11.572751 6.748117 4.199388 4.498350 6.349744 9.550934 11.285084 9.220607 5.736640 4.060488 4.345870 5.426219 7.223563 8.096516 6.767646 4.737703 3.971561,
 2.940669 2.971019 3.543389 4.593515 5.449131 5.485330 4.905744 2.985176 3.579991 5.349294 7.639421 8.643578 7.554769 5.625734 3.455224 5.257864 8.750503 11.868323 11.714321 8.615511 5.434297 4.436954 7.518338 11.827775 14.061542 11.827775 7.518338 4.436954 5.434298 8.615511 11.714321 11.868322 8.750503 5.257863 3.455223 5.625734 7.554770 8.643577 7.639421 5.349293 3.579991 2.985176 4.905744 5.485331 5.449131 4.593515 3.543389 2.971019 2.940669,

Pairwise cross-correlations of the modulus of all oriented sub-bands at the same scale (size QxQ)
 58.224072 53.266216 45.390671 52.493793,
 53.266216 59.042629 52.090393 49.806850,
 45.390671 52.090393 56.109604 51.671368,
 52.493793 49.806850 51.671368 58.083412,
 55.131405 50.918510 46.855560 50.372215,
 50.918510 54.586334 49.497276 47.355160,
 46.855560 49.497276 53.740891 50.366428,
 50.372215 47.355160 50.366428 54.595222,

Cross-correlations of the modulus of all oriented sub-bands with all oriented sub-bands at the coarser scale (size QxQ)
 51.440350 47.980183 44.100971 47.628868,
 49.080650 52.023140 48.264523 45.685902,
 43.453957 46.687710 49.842838 46.688732,
 48.623112 45.627842 48.111683 51.239021,
 22.619095 22.524237 21.073467 20.827215,
 21.966764 23.598724 22.026770 20.014166,
 20.319181 22.078693 22.774845 20.682112,
 21.424265 21.196934 21.799269 21.698053,

Cross-correlations of the real part of each oriented sub-band with both the real and imaginary part of all phase-doubled oriented sub-bands at the next coarser scale (Q matrices of size 1x2Q, which are computed and stored in a matrix of size Qx2Q)
 -22.848909 -10.188921 -0.764263 -9.846441 0.002284 0.000802 0.004537 0.001582,
 -9.936577 -23.259068 -9.324366 -0.767480 0.016140 0.018582 0.003566 0.003527,
 -0.746302 -9.750994 -21.641506 -9.796427 0.000417 0.002637 0.011728 0.014809,
 -9.708883 -0.761757 -9.396045 -22.867289 -0.001150 -0.000608 0.012984 0.013350,
 -11.655536 -5.598542 -0.474959 -4.975142 0.030956 0.073913 0.022510 0.025856,
 -5.501260 -12.586211 -5.482217 -0.498256 0.033865 0.085238 -0.051268 -0.022612,
 -0.475000 -5.508890 -12.243474 -5.220094 -0.005941 -0.019642 -0.212581 -0.001507,
 -4.750942 -0.514286 -5.253145 -11.489306 -0.018282 -0.020081 -0.074456 0.094897,
