Low-band skewness and kurtosis
 -11.292178 144.021317,
 -6.759582 53.911160,
 -3.665583 18.554449,
 -0.428219 4.728007,

High-band variance
 17.635906,

Skewness, kurtosis, variance, mean, maximum and minimum of the reconstructed texture
 -11.382019 136.984329 330.526520 253.281113 255.000000 0.000000,

Auto-correlations of the low-frequency bands at each scale
 -0.598677 -3.731064 -1.504703 1.079052 -0.399371 0.667782 5.051425 -2.589926 10.634927 51.781727 76.951454 52.540600 13.692682 1.280030 1.666008 53.952423 163.820847 225.779449 164.255722 55.631729 3.854313 6.457582 81.055801 227.157730 308.080078 227.157730 81.055801 6.457582 3.854313 55.631721 164.255722 225.779419 163.820847 53.952423 1.666008 1.280030 13.692680 52.540607 76.951454 51.781727 10.634927 -2.589926 5.051425 0.667782 -0.399370 1.079053 -1.504703 -3.731064 -0.598677,
 7.370418 3.990915 -4.272268 -5.822254 -2.186683 1.893668 3.516531 1.108273 -11.332149 -7.736350 4.742666 -2.188946 -9.319453 -1.351332 -3.352433 -3.732064 51.197388 97.041382 54.522858 -3.038813 -6.010092 -4.985904 8.475101 99.173309 164.927551 99.173309 8.475101 -4.985904 -6.010092 -3.038812 54.522858 97.041382 51.197388 -3.732064 -3.352433 -1.351332 -9.319453 -2.188945 4.742665 -7.736351 -11.332150 1.108273 3.516531 1.893668 -2.186683 -5.822254 -4.272267 3.990916 7.370418,
 4.211960 4.166899 2.045112 -0.748347 -0.740083 3.339087 5.865026 1.826056 -0.183161 1.550233 2.523411 -2.775753 -2.446165 4.306492 -0.603750 -1.431459 16.946476 31.216711 14.409388 -2.782521 1.017348 -0.811640 0.051441 29.694464 53.068035 29.694464 0.051441 -0.811640 1.017348 -2.782521 14.409388 31.216709 16.946476 -1.431460 -0.603751 4.306492 -2.446165 -2.775753 2.523411 1.550233 -0.183161 1.826056 5.865026 3.339088 -0.740083 -0.748347 2.045112 4.166899 4.211960,
 0.666460 1.080341 1.196621 0.857578 0.901847 1.361017 1.140794 0.490883 0.537165 0.958387 0.955684 0.120952 0.384192 1.260690 0.688931 0.677188 2.936584 4.427958 1.870026 0.000394 0.963739 1.067566 0.836460 4.311316 7.330047 4.311317 0.836460 1.067566 0.963738 0.000394 1.870026 4.427958 2.936584 0.677188 0.688931 1.260690 0.384192 0.120952 0.955684 0.958387 0.537165 0.490883 1.140794 1.361017 0.901847 0.857578 1.196621 1.080341 0.666460,

Auto-correlations of the modulus of each oriented sub-band
 14.534064 16.116688 17.255421 17.737799 17.434944 16.391928 14.775223 25.255711 29.281233 32.158070 33.232563 32.202026 29.315779 25.207743 36.629013 43.544022 48.516571 50.335449 48.479668 43.454220 36.470470 41.586910 49.871662 55.864338 58.074043 55.864338 49.871662 41.586910 36.470474 43.454220 48.479671 50.335449 48.516571 43.544022 36.629009 25.207745 29.315775 32.202026 33.232559 32.158070 29.281233 25.255709 14.775226 16.391928 17.434944 17.737799 17.255419 16.116688 14.534062,
 30.151318 34.854130 34.930759 30.118942 22.654224 15.497218 10.329418 34.763714 43.387089 46.919106 43.324936 34.267563 23.811855 15.371243 34.834232 46.875130 54.946674 54.943783 46.698757 34.254585 22.551344 30.039204 43.290211 54.921879 59.642082 54.921871 43.290218 30.039200 22.551346 34.254581 46.698750 54.943783 54.946674 46.875130 34.834232 15.371244 23.811855 34.267563 43.324936 46.919106 43.387089 34.763714 10.329418 15.497217 22.654226 30.118948 34.930759 34.854134 30.151318,
 16.054686 26.415457 37.545063 42.546234 37.755833 26.775578 16.199734 17.573006 30.518515 44.606899 50.962212 44.810307 30.891186 17.836287 18.704073 33.512817 49.723267 57.041344 49.846066 33.744377 18.890833 19.193031 34.696682 51.649723 59.283295 51.649723 34.696682 19.193031 18.890831 33.744377 49.846077 57.041344 49.723267 33.512821 18.704073 17.836287 30.891184 44.810307 50.962212 44.606892 30.518517 17.573006 16.199734 26.775578 37.755836 42.546230 37.545063 26.415457 16.054686,
 9.201857 14.340423 21.759878 29.634232 34.833454 34.957195 30.178909 14.415055 23.080929 33.934021 43.406910 47.285694 43.771503 34.854969 21.883730 33.977287 46.847641 55.409756 55.512733 47.241257 34.748184 29.676428 43.400269 55.398788 60.252541 55.398788 43.400269 29.676428 34.748184 47.241249 55.512733 55.409756 46.847641 33.977287 21.883730 34.854969 43.771500 47.285694 43.406910 33.934021 23.080931 14.415054 30.178909 34.957188 34.833462 29.634232 21.759878 14.340423 9.201857,
 10.069878 11.552561 12.610419 12.854718 12.185196 10.941832 9.630610 15.336946 19.663729 23.291550 24.681911 23.151770 19.515287 15.352903 23.924139 32.568050 39.976936 42.916626 39.869354 32.452877 23.932449 28.454931 39.300426 48.701473 52.515938 48.701477 39.300430 28.454927 23.932453 32.452877 39.869354 42.916626 39.976944 32.568050 23.924137 15.352904 19.515287 23.151764 24.681913 23.291552 19.663729 15.336946 9.630610 10.941832 12.185195 12.854718 12.610422 11.552562 10.069879,
 18.750383 23.807592 24.870314 20.795828 14.315611 9.055791 6.482548 21.901634 31.710758 37.075851 33.711094 24.004311 14.293883 8.538732 21.989504 35.908371 47.532299 48.379173 37.616329 23.143936 12.693017 18.130634 32.308750 48.035484 55.230362 48.035496 32.308758 18.130634 12.693015 23.143938 37.616325 48.379173 47.532299 35.908371 21.989508 8.538732 14.293882 24.004311 33.711094 37.075851 31.710762 21.901632 6.482548 9.055790 14.315610 20.795828 24.870317 23.807594 18.750383,
 12.465219 19.723152 28.156281 31.335550 25.712467 16.208115 9.782328 12.775108 23.203062 36.708862 42.769051 35.059975 20.923817 11.071827 13.003713 26.087147 43.947617 52.624218 43.156582 25.026175 12.220384 12.894990 26.960403 46.640461 56.635372 46.640461 26.960403 12.894990 12.220384 25.026175 43.156578 52.624210 43.947617 26.087147 13.003713 11.071827 20.923817 35.059971 42.769051 36.708866 23.203060 12.775108 9.782327 16.208115 25.712467 31.335550 28.156281 19.723152 12.465219,
 8.251243 9.774253 12.900103 17.530048 20.931915 20.438107 16.733473 9.163244 13.408239 21.326956 30.008526 33.403175 28.902544 20.523331 12.342106 21.136879 34.206680 44.468513 43.905827 33.305489 20.930544 17.295012 29.826706 44.387371 51.231739 44.387371 29.826706 17.295012 20.930544 33.305489 43.905827 44.468513 34.206680 21.136879 12.342104 20.523335 28.902544 33.403175 30.008526 21.326958 13.408239 9.163242 16.733473 20.438107 20.931915 17.530048 12.900103 9.774252 8.251243,
 5.024087 5.635778 6.115226 6.294933 6.114543 5.655818 5.059120 5.615339 6.939065 8.139782 8.686259 8.323229 7.300384 6.067010 7.338430 9.926400 12.347088 13.414688 12.507160 10.233099 7.710011 8.527679 11.849600 14.965031 16.300364 14.965031 11.849599 8.527679 7.710011 10.233099 12.507160 13.414686 12.347086 9.926400 7.338429 6.067010 7.300383 8.323229 8.686259 8.139782 6.939065 5.615338 5.059120 5.655819 6.114543 6.294933 6.115226 5.635778 5.024087,
 5.556921 6.709318 7.005310 6.155976 4.860608 3.863853 3.260600 6.044136 8.412023 9.856413 8.991678 6.609704 4.572420 3.582949 6.072871 9.466409 12.756367 13.045403 9.981172 6.365751 4.291888 5.336819 8.583941 12.960357 15.183662 12.960357 8.583941 5.336820 4.291888 6.365752 9.981172 13.045403 12.756367 9.466409 6.072872 3.582948 4.572420 6.609704 8.991677 9.856413 8.412022 6.044136 3.260600 3.863854 4.860608 6.155976 7.005310 6.709318 5.556921,
 3.855073 5.395677 7.336553 8.069551 6.759737 4.668023 3.314584 3.793838 6.059872 9.359188 11.004887 9.094481 5.782105 3.735354 3.850510 6.797818 11.503791 14.113008 11.464048 6.790863 3.971668 3.967049 7.171876 12.495682 15.541503 12.495682 7.171876 3.967049 3.971668 6.790862 11.464048 14.113009 11.503791 6.797818 3.850510 3.735354 5.782105 9.094481 11.004887 9.359188 6.059872 3.793838 3.314584 4.668023 6.759737 8.069551 7.336553 5.395677 3.855073,
 4.094670 4.692937 5.729869 6.955834 7.700031 7.407724 6.405314 4.064013 5.336815 7.630758 10.092497 11.018593 9.659368 7.300397 4.743713 7.244810 11.139019 14.332761 14.136032 10.814578 7.170524 6.025300 9.677190 14.238772 16.500206 14.238771 9.677190 6.025300 7.170523 10.814579 14.136032 14.332761 11.139019 7.244808 4.743713 7.300397 9.659369 11.018593 10.092496 7.630758 5.336814 4.064013 6.405314 7.407724 7.700031 6.955834 5.729869 4.692936 4.094670,

Pairwise cross-correlations of the modulus of all oriented sub-bands at the same scale (size QxQ)
 58.074032 53.372952 47.028339 53.616722,
 53.372952 59.642071 53.973251 51.103413,
 47.028339 53.973251 59.283279 54.229893,
 53.616722 51.103413 54.229893 60.252548,
 52.515923 49.308620 46.463135 47.579102,
 49.308620 55.230354 51.621433 45.789070,
 46.463135 51.621433 56.635372 49.237495,
 47.579102 45.789070 49.237495 51.231739,

Cross-correlations of the modulus of all oriented sub-bands with all oriented sub-bands at the coarser scale (size QxQ)
 49.801350 47.550388 44.760040 45.717728,
 48.123051 52.465744 49.702362 44.370338,
 43.879707 48.403454 51.895222 46.318821,
 48.023167 46.709629 49.399189 50.211216,
 23.412008 20.982206 20.190060 21.917448,
 23.199228 22.933609 22.035343 21.717148,
 22.209885 21.871614 23.250498 23.264330,
 22.022259 19.768114 21.194534 22.854820,

Cross-correlations of the real part of each oriented sub-band with both the real and imaginary part of all phase-doubled oriented sub-bands at the next coarser scale (Q matrices of size 1x2Q, which are computed and stored in a matrix of size Qx2Q)
 -21.080572 -9.947027 -0.723409 -9.293901 0.053986 0.026883 0.005619 -0.011628,
 -9.418714 -23.474283 -9.978151 -0.851662 0.022914 -0.015754 0.003637 -0.005973,
 -0.788457 -10.278171 -22.962433 -9.705997 -0.006484 -0.040145 -0.006785 0.001328,
 -8.956353 -0.815002 -9.643768 -21.750381 0.010441 -0.005173 0.003162 0.008288,
 -11.715234 -5.222445 -0.436198 -5.462837 0.390079 0.091954 0.015328 0.069364,
 -5.034856 -11.748016 -5.230862 -0.539462 0.148918 -0.199051 -0.153713 0.003305,
 -0.473955 -5.157513 -12.025511 -5.067460 0.002232 -0.142298 -0.354466 0.000410,
 -5.384721 -0.503439 -5.212673 -11.700773 0.162117 0.029617 -0.085915 0.042944,
