Low-band skewness and kurtosis
 -11.408342 146.928894,
 -6.883111 56.368263,
 -3.684946 18.531435,
 0.024612 7.697551,

High-band variance
 17.350573,

Skewness, kurtosis, variance, mean, maximum and minimum of the reconstructed texture
 -11.487931 139.457230 325.806458 253.310150 255.000000 0.000000,

Auto-correlations of the low-frequency bands at each scale
 0.682984 -4.258538 -2.161636 3.305064 4.120094 3.845505 6.262872 -0.096684 11.640638 52.378563 78.845154 54.922947 13.353905 -2.123790 3.284040 54.100872 162.447113 223.905731 162.514755 52.379429 -1.703950 3.889202 78.498627 223.694382 303.794800 223.694382 78.498634 3.889203 -1.703950 52.379429 162.514771 223.905731 162.447113 54.100880 3.284040 -2.123790 13.353903 54.922955 78.845154 52.378567 11.640638 -0.096684 6.262872 3.845505 4.120092 3.305065 -2.161636 -4.258539 0.682984,
 6.267556 1.226215 -5.989053 -5.082841 -0.465429 5.524847 9.631943 1.777864 -10.501463 -6.296852 6.912191 -0.496567 -7.120975 3.470626 -3.663031 -4.091851 51.269623 97.192116 53.814785 -3.611572 -3.412190 -5.186139 6.286904 97.109482 163.281067 97.109482 6.286904 -5.186139 -3.412191 -3.611572 53.814774 97.192123 51.269627 -4.091851 -3.663031 3.470626 -7.120974 -0.496568 6.912192 -6.296853 -10.501463 1.777864 9.631942 5.524847 -0.465430 -5.082839 -5.989051 1.226215 6.267556,
 6.137732 4.542846 -0.255194 -2.256160 0.585011 4.720657 5.589917 2.928268 -2.243115 -3.086364 0.236247 -0.061621 1.847506 6.144845 0.103382 -1.879372 14.491716 30.019793 17.285910 1.992526 3.063260 0.146106 2.849354 30.885433 52.894695 30.885433 2.849353 0.146106 3.063261 1.992526 17.285910 30.019793 14.491718 -1.879372 0.103382 6.144845 1.847506 -0.061621 0.236247 -3.086363 -2.243115 2.928267 5.589916 4.720657 0.585011 -2.256160 -0.255193 4.542846 6.137732,
 1.139947 1.203078 0.711309 0.413852 0.572843 0.747265 0.916302 1.301105 0.822395 0.413221 0.410469 0.280612 0.468634 1.153842 1.050362 0.954928 2.703212 4.256475 2.737093 0.863268 0.970025 0.869218 1.341606 4.712440 7.235165 4.712439 1.341606 0.869218 0.970025 0.863268 2.737093 4.256475 2.703212 0.954928 1.050362 1.153842 0.468634 0.280612 0.410469 0.413220 0.822395 1.301105 0.916302 0.747265 0.572843 0.413852 0.711309 1.203078 1.139947,

Auto-correlations of the modulus of each oriented sub-band
 14.941209 16.539621 17.681625 18.172451 17.913069 16.973419 15.531079 25.677708 29.608484 32.361454 33.323002 32.248669 29.425447 25.494486 36.830173 43.578350 48.372250 50.055428 48.165501 43.223072 36.416065 41.541634 49.645679 55.493767 57.646561 55.493767 49.645683 41.541630 36.416069 43.223068 48.165501 50.055424 48.372246 43.578350 36.830170 25.494492 29.425442 32.248669 33.323002 32.361454 29.608484 25.677708 15.531079 16.973415 17.913071 18.172451 17.681625 16.539623 14.941209,
 29.242823 33.732300 33.759182 29.177786 22.154032 15.486999 10.764393 34.165894 42.521854 45.843510 42.310883 33.584541 23.549170 15.490598 34.393623 46.179764 53.967396 53.886379 45.868530 33.779140 22.379845 29.698305 42.690952 54.012394 58.583618 54.012383 42.690952 29.698305 22.379843 33.779137 45.868534 53.886379 53.967396 46.179764 34.393616 15.490598 23.549168 33.584541 42.310883 45.843510 42.521854 34.165894 10.764391 15.486996 22.154036 29.177786 33.759182 33.732304 29.242823,
 14.516979 24.583658 35.653503 40.958733 36.724590 26.279333 16.165165 16.377151 28.936956 42.778763 49.235500 43.547741 30.186533 17.615530 17.798443 32.170357 47.999893 55.243191 48.398338 32.830231 18.460562 18.538239 33.577339 50.057045 57.466908 50.057045 33.577343 18.538235 18.460562 32.830231 48.398338 55.243191 47.999901 32.170353 17.798441 17.615530 30.186537 43.547733 49.235497 42.778767 28.936956 16.377150 16.165165 26.279333 36.724594 40.958733 35.653503 24.583658 14.516979,
 9.268539 14.599705 22.228247 30.230389 35.483944 35.653404 30.911930 14.456456 23.132627 34.010475 43.450516 47.281078 43.744396 34.868839 21.641760 33.607941 46.392490 54.872673 54.922901 46.670879 34.306656 29.181681 42.733089 54.636913 59.462280 54.636913 42.733093 29.181681 34.306656 46.670879 54.922901 54.872673 46.392494 33.607944 21.641760 34.868843 43.744396 47.281078 43.450516 34.010475 23.132627 14.456456 30.911930 35.653400 35.483944 30.230389 22.228251 14.599705 9.268540,
 7.806004 9.320388 10.907705 12.057285 12.435810 12.164662 11.615386 14.670130 19.212906 23.361259 25.476608 24.635145 21.461859 17.510265 24.231234 33.116127 40.904213 44.313824 41.598858 34.258190 25.580942 29.359869 40.460182 50.056458 53.967846 50.056461 40.460186 29.359867 25.580942 34.258183 41.598858 44.313824 40.904224 33.116123 24.231234 17.510267 21.461859 24.635145 25.476608 23.361259 19.212908 14.670130 11.615388 12.164665 12.435810 12.057285 10.907707 9.320388 7.806004,
 16.840006 21.213078 22.245159 18.992010 14.126343 10.697658 9.275831 21.200603 30.146847 35.209030 32.219475 23.636559 15.624657 11.292892 22.475653 35.222725 46.141872 46.989456 36.901733 23.861650 14.959657 19.603193 32.324448 46.952682 53.795261 46.952682 32.324448 19.603191 14.959657 23.861647 36.901730 46.989456 46.141872 35.222729 22.475651 11.292892 15.624656 23.636557 32.219482 35.209030 30.146852 21.200603 9.275831 10.697656 14.126343 18.992012 22.245163 21.213078 16.840004,
 9.898507 15.681753 24.053118 28.345747 24.111485 15.950088 10.762398 10.973312 19.973331 33.104851 39.753071 33.019993 20.199705 11.789941 12.002160 23.590900 40.686504 49.443382 40.551647 23.702534 12.480247 12.581430 25.054886 43.620884 53.333008 43.620892 25.054886 12.581430 12.480247 23.702534 40.551643 49.443382 40.686504 23.590900 12.002158 11.789941 20.199705 33.019985 39.753067 33.104855 19.973331 10.973312 10.762398 15.950088 24.111481 28.345747 24.053118 15.681753 9.898508,
 6.227682 7.864610 11.609777 16.875050 20.798136 20.800972 17.576853 8.714106 13.324183 21.599773 30.410145 33.972256 29.886316 21.898758 13.320010 22.479971 35.568748 45.584881 45.146076 34.958248 22.733149 19.043873 31.752769 46.044525 52.595390 46.044525 31.752773 19.043873 22.733149 34.958248 45.146069 45.584881 35.568748 22.479973 13.320010 21.898758 29.886316 33.972252 30.410145 21.599773 13.324181 8.714106 17.576853 20.800972 20.798134 16.875050 11.609779 7.864611 6.227683,
 4.548256 4.438681 4.363056 4.302523 4.263504 4.255927 4.235432 5.093426 5.816505 6.630543 7.019489 6.750503 6.037536 5.249159 6.685610 8.899362 11.119248 12.078957 11.159352 9.004414 6.780892 7.621618 10.707610 13.766392 15.104226 13.766392 10.707610 7.621618 6.780892 9.004415 11.159353 12.078957 11.119248 8.899361 6.685610 5.249159 6.037536 6.750502 7.019489 6.630543 5.816504 5.093425 4.235432 4.255927 4.263504 4.302523 4.363056 4.438681 4.548256,
 7.161899 8.131518 8.260345 7.270101 6.103470 5.433368 5.042829 7.696685 9.922385 11.480039 10.715873 8.411651 6.462835 5.435889 7.825426 11.078645 14.522412 15.022947 12.002733 8.372475 6.175867 7.176656 10.416295 14.843363 17.146898 14.843363 10.416295 7.176656 6.175866 8.372475 12.002733 15.022946 14.522412 11.078645 7.825427 5.435889 6.462835 8.411650 10.715873 11.480039 9.922385 7.696684 5.042829 5.433369 6.103470 7.270100 8.260345 8.131518 7.161899,
 6.523328 7.026324 7.995078 8.481017 7.549848 6.266836 5.528894 6.518912 7.881308 10.359227 11.610498 9.724487 7.063008 5.683264 6.336479 8.483335 12.501372 14.757243 12.016885 7.949397 5.857987 6.088280 8.529856 13.211918 16.154285 13.211917 8.529856 6.088280 5.857987 7.949397 12.016885 14.757242 12.501372 8.483335 6.336479 5.683264 7.063008 9.724487 11.610497 10.359226 7.881308 6.518912 5.528894 6.266836 7.549849 8.481016 7.995078 7.026324 6.523328,
 4.675211 4.519605 4.641821 5.397644 6.305948 6.436451 5.837500 4.406268 4.923565 6.397850 8.546966 9.596945 8.503164 6.563657 4.635743 6.436866 9.713961 12.745528 12.608928 9.559705 6.473204 5.545245 8.552951 12.671032 14.850153 12.671029 8.552951 5.545246 6.473204 9.559704 12.608930 12.745528 9.713961 6.436865 4.635743 6.563657 8.503164 9.596945 8.546966 6.397850 4.923565 4.406268 5.837501 6.436453 6.305947 5.397643 4.641821 4.519605 4.675211,

Pairwise cross-correlations of the modulus of all oriented sub-bands at the same scale (size QxQ)
 57.646538 52.765533 45.813793 52.674843,
 52.765533 58.583607 52.396717 50.304649,
 45.813793 52.396717 57.466911 53.283829,
 52.674843 50.304649 53.283829 59.462276,
 53.967846 49.949440 45.860943 48.841194,
 49.949440 53.795273 48.367012 46.068748,
 45.860943 48.367012 53.333000 48.951427,
 48.841194 46.068748 48.951427 52.595394,

Cross-correlations of the modulus of all oriented sub-bands with all oriented sub-bands at the coarser scale (size QxQ)
 50.228210 46.917900 43.355301 46.497658,
 48.154755 51.064018 47.817410 44.870125,
 43.584362 46.673607 49.591629 46.272976,
 48.369678 45.687126 47.841301 50.558617,
 22.872063 23.150961 20.876867 20.979156,
 22.003441 24.493176 22.228037 20.258244,
 20.397572 22.695890 23.125723 21.601551,
 21.089520 21.495445 22.036047 22.257780,

Cross-correlations of the real part of each oriented sub-band with both the real and imaginary part of all phase-doubled oriented sub-bands at the next coarser scale (Q matrices of size 1x2Q, which are computed and stored in a matrix of size Qx2Q)
 -21.700026 -9.992079 -0.725028 -9.219809 -0.048728 0.055577 -0.005032 -0.004497,
 -9.727300 -22.408506 -8.931605 -0.803525 0.025191 0.190804 -0.020865 0.002303,
 -0.753759 -9.347144 -21.182934 -9.623011 0.012997 0.066367 -0.028281 0.007717,
 -9.061461 -0.796940 -9.302583 -21.681654 -0.029566 -0.004707 0.001405 0.021678,
 -11.674897 -5.703619 -0.492043 -4.933607 0.128804 0.029901 -0.001232 0.009359,
 -5.435537 -12.652698 -5.444319 -0.456318 0.058204 0.307691 0.040050 -0.007954,
 -0.509193 -5.518009 -12.119357 -5.012090 0.004571 0.097725 0.154758 0.180775,
 -4.939692 -0.539847 -5.167533 -11.292094 -0.010101 -0.047026 0.083905 0.228343,
