Low-band skewness and kurtosis
 -11.444508 147.938477,
 -6.877972 55.728573,
 -3.778625 19.575872,
 0.138332 7.363402,

High-band variance
 17.389500,

Skewness, kurtosis, variance, mean, maximum and minimum of the reconstructed texture
 -11.512579 140.052933 324.821228 253.315948 255.000000 0.000000,

Auto-correlations of the low-frequency bands at each scale
 7.648620 2.780065 4.529147 7.707004 3.030204 -2.093030 0.611622 2.532984 14.824183 55.220844 80.481873 53.993656 10.255221 -4.849396 1.787252 53.741489 162.202301 223.447403 161.576523 50.781296 -3.679638 1.006098 76.882553 222.580139 302.739410 222.580139 76.882553 1.006098 -3.679637 50.781288 161.576523 223.447388 162.202286 53.741489 1.787252 -4.849396 10.255219 53.993656 80.481873 55.220844 14.824183 2.532984 0.611622 -2.093030 3.030205 7.707004 4.529146 2.780064 7.648620,
 8.074805 6.042048 -2.261319 -6.282552 -4.279413 2.080585 8.439617 6.893221 -2.068558 1.445826 8.359805 -3.371117 -8.793375 5.334777 -2.899702 -1.016459 55.360374 98.057549 50.907223 -7.191955 -5.858985 -9.935802 2.661451 95.444069 162.595398 95.444077 2.661452 -9.935802 -5.858985 -7.191955 50.907223 98.057533 55.360374 -1.016459 -2.899702 5.334778 -8.793374 -3.371115 8.359805 1.445825 -2.068558 6.893221 8.439617 2.080585 -4.279413 -6.282553 -2.261319 6.042048 8.074806,
 3.315768 2.335898 -1.087095 -1.978351 -0.316477 1.562362 2.621574 2.493991 -1.210125 -0.968624 1.131036 -2.178207 -3.037861 1.299051 1.520135 0.252479 16.941801 30.590826 15.678085 -0.780668 0.667490 0.993241 3.195338 31.115158 52.856983 31.115158 3.195338 0.993241 0.667491 -0.780668 15.678085 30.590826 16.941801 0.252479 1.520135 1.299052 -3.037861 -2.178207 1.131037 -0.968624 -1.210125 2.493991 2.621574 1.562362 -0.316477 -1.978351 -1.087095 2.335898 3.315768,
 0.343330 0.073808 -0.059820 -0.227385 -0.000285 1.044179 1.658187 0.652660 -0.132644 -0.098470 0.196489 0.097830 0.992706 2.052407 0.703489 0.453102 2.802052 4.819400 3.036322 1.121499 1.290217 0.685289 1.217913 5.226019 8.266284 5.226019 1.217913 0.685289 1.290217 1.121499 3.036322 4.819400 2.802051 0.453102 0.703489 2.052407 0.992705 0.097830 0.196489 -0.098470 -0.132644 0.652660 1.658187 1.044179 -0.000285 -0.227385 -0.059820 0.073808 0.343330,

Auto-correlations of the modulus of each oriented sub-band
 17.447855 18.833441 19.659981 19.768751 19.115412 17.839130 16.179523 26.930761 30.872025 33.593563 34.466885 33.238808 30.208172 26.048737 37.080116 43.976410 48.894321 50.651222 48.751301 43.690701 36.666523 41.501991 49.798069 55.768574 57.962234 55.768562 49.798073 41.501991 36.666523 43.690693 48.751301 50.651222 48.894321 43.976418 37.080112 26.048737 30.208172 33.238808 34.466888 33.593567 30.872025 26.930759 16.179527 17.839130 19.115416 19.768749 19.659979 18.833443 17.447855,
 30.274067 34.463623 34.059044 28.938168 21.290609 14.056641 9.040334 34.611732 42.919224 46.061581 42.218437 33.025574 22.438719 13.942175 34.236118 46.230446 54.102810 53.929146 45.605236 33.047710 21.188116 28.982281 42.362957 54.013290 58.715282 54.013290 42.362957 28.982279 21.188116 33.047710 45.605244 53.929150 54.102810 46.230457 34.236118 13.942175 22.438719 33.025574 42.218437 46.061581 42.919228 34.611732 9.040334 14.056641 21.290609 28.938168 34.059040 34.463627 30.274065,
 15.838579 25.777311 36.425041 41.147789 36.110394 24.842093 14.235808 17.132442 29.678617 43.305264 49.400360 43.059105 28.963594 15.935616 17.865778 32.345608 48.197132 55.334450 48.063507 31.959906 17.227491 17.909893 33.184452 49.942734 57.513966 49.942730 33.184452 17.909891 17.227493 31.959904 48.063507 55.334450 48.197132 32.345608 17.865778 15.935616 28.963593 43.059113 49.400356 43.305264 29.678623 17.132439 14.235808 24.842087 36.110394 41.147789 36.425041 25.777311 15.838579,
 11.134043 15.623693 22.242949 29.320112 33.984833 34.064613 29.707150 15.513926 23.374708 33.353443 42.093052 45.669701 42.401260 34.115559 22.014864 33.265614 45.347202 53.404110 53.503227 45.699947 33.936882 29.118233 42.048161 53.421005 58.032223 53.421005 42.048161 29.118231 33.936890 45.699944 53.503227 53.404110 45.347195 33.265614 22.014864 34.115562 42.401257 45.669704 42.093052 33.353439 23.374708 15.513926 29.707153 34.064613 33.984833 29.320112 22.242947 15.623693 11.134043,
 11.101057 11.890770 12.453940 12.542347 12.095634 11.327235 10.475032 18.035059 21.736164 24.853775 26.073017 24.752514 21.563366 17.839043 26.219992 34.527843 41.778412 44.807205 41.957035 34.735821 26.350172 30.259487 41.103752 50.616425 54.525063 50.616428 41.103752 30.259493 26.350172 34.735817 41.957031 44.807201 41.778416 34.527843 26.219995 17.839043 21.563368 24.752508 26.073017 24.853775 21.736164 18.035059 10.475032 11.327234 12.095634 12.542347 12.453940 11.890770 11.101058,
 17.760929 21.337814 21.407867 17.360277 11.917678 8.226920 6.823730 22.076212 30.429764 34.617138 30.927717 21.829718 13.542684 9.407105 22.518578 34.963341 45.289665 45.710567 35.435257 22.236609 13.444585 18.695440 31.330492 45.749634 52.415649 45.749641 31.330492 18.695440 13.444585 22.236609 35.435257 45.710567 45.289665 34.963337 22.518578 9.407106 13.542684 21.829718 30.927717 34.617138 30.429764 22.076212 6.823730 8.226921 11.917678 17.360277 21.407867 21.337816 17.760927,
 9.016180 14.321381 22.176609 26.199381 21.856573 13.820114 8.731317 10.484060 18.507786 30.582581 36.893421 30.288517 17.989504 10.233417 11.543447 21.883230 37.753727 46.186783 37.586952 21.554544 11.391799 11.886599 23.099876 40.602116 49.991108 40.602116 23.099880 11.886599 11.391799 21.554543 37.586952 46.186783 37.753727 21.883234 11.543447 10.233418 17.989502 30.288515 36.893421 30.582584 18.507788 10.484059 8.731318 13.820114 21.856577 26.199381 22.176609 14.321381 9.016180,
 8.208902 10.492684 14.764009 20.059141 23.485525 22.742838 18.690277 11.275385 16.518234 25.244078 34.060944 37.243923 32.575684 23.870020 15.996749 25.718931 39.176674 49.220039 48.531055 37.906075 25.086809 21.575264 34.807621 49.424801 56.070835 49.424801 34.807625 21.575262 25.086809 37.906067 48.531055 49.220039 39.176678 25.718931 15.996747 23.870026 32.575680 37.243923 34.060944 25.244078 16.518234 11.275384 18.690277 22.742838 23.485525 20.059141 14.764009 10.492684 8.208900,
 3.528979 3.477456 3.503944 3.563321 3.616443 3.695985 3.857965 5.108747 5.882636 6.678336 7.017902 6.659475 5.853037 5.077903 7.348278 9.561069 11.749463 12.670648 11.686379 9.462836 7.181758 8.416685 11.470984 14.490790 15.829077 14.490790 11.470983 8.416685 7.181758 9.462836 11.686380 12.670648 11.749463 9.561069 7.348278 5.077903 5.853036 6.659475 7.017901 6.678336 5.882635 5.108747 3.857965 3.695984 3.616443 3.563321 3.503944 3.477456 3.528979,
 4.820347 5.521866 5.621468 4.790571 3.799902 3.289320 3.145523 5.963686 7.813772 9.076678 8.203879 6.036969 4.370597 3.648122 6.539864 9.351598 12.376271 12.628278 9.697979 6.475308 4.712704 5.968135 8.718468 12.707336 14.858951 12.707336 8.718467 5.968135 4.712704 6.475308 9.697979 12.628278 12.376271 9.351598 6.539863 3.648122 4.370597 6.036969 8.203878 9.076678 7.813770 5.963686 3.145524 3.289320 3.799902 4.790571 5.621468 5.521866 4.820347,
 4.021266 5.042175 6.759264 7.728225 6.824027 5.112448 4.098605 4.490764 6.163638 9.215998 10.956111 9.226426 6.168676 4.484359 4.912426 7.219358 11.526443 14.030148 11.524103 7.210136 4.889657 5.074353 7.657294 12.498675 15.343436 12.498675 7.657294 5.074352 4.889657 7.210136 11.524103 14.030148 11.526443 7.219357 4.912426 4.484359 6.168676 9.226426 10.956111 9.215998 6.163638 4.490764 4.098605 5.112448 6.824027 7.728225 6.759264 5.042175 4.021266,
 3.747240 3.588448 3.975143 5.066236 6.029297 5.961615 5.252321 4.183766 4.748538 6.528888 8.845519 9.678621 8.291786 6.275247 4.947962 6.881829 10.433005 13.486218 13.064131 9.777545 6.612951 5.973489 9.114314 13.464867 15.754705 13.464869 9.114313 5.973489 6.612951 9.777544 13.064131 13.486218 10.433005 6.881829 4.947962 6.275247 8.291785 9.678619 8.845517 6.528888 4.748538 4.183766 5.252321 5.961615 6.029297 5.066236 3.975143 3.588447 3.747240,

Pairwise cross-correlations of the modulus of all oriented sub-bands at the same scale (size QxQ)
 57.962215 52.876644 46.284405 52.424595,
 52.876644 58.715282 52.552185 49.651428,
 46.284405 52.552185 57.513954 52.293507,
 52.424595 49.651428 52.293507 58.032227,
 54.525066 49.071411 43.999699 50.506645,
 49.071411 52.415646 46.581238 46.847134,
 43.999699 46.581238 49.991100 48.667110,
 50.506645 46.847134 48.667110 56.070839,

Cross-correlations of the modulus of all oriented sub-bands with all oriented sub-bands at the coarser scale (size QxQ)
 50.935833 46.463234 41.938217 48.407093,
 47.930744 49.575356 45.959129 46.495632,
 44.057705 46.007439 47.917805 47.747715,
 48.093910 44.320641 46.089211 52.092285,
 23.208096 21.489023 20.725977 22.099298,
 21.505280 21.519417 20.926212 20.512224,
 19.939920 20.181419 21.893023 21.129492,
 22.719023 20.726418 22.395140 23.959846,

Cross-correlations of the real part of each oriented sub-band with both the real and imaginary part of all phase-doubled oriented sub-bands at the next coarser scale (Q matrices of size 1x2Q, which are computed and stored in a matrix of size Qx2Q)
 -22.252865 -9.488293 -0.763252 -10.055255 0.032354 0.002580 -0.016390 0.006240,
 -9.449581 -21.371902 -8.669775 -0.788635 0.021368 0.036792 0.020588 0.002693,
 -0.801726 -8.976557 -20.434994 -9.605041 -0.017851 0.011477 -0.042655 -0.040324,
 -9.811462 -0.778090 -9.164484 -22.779791 -0.039262 -0.015959 -0.091223 -0.050690,
 -11.415295 -4.867575 -0.491822 -5.291187 0.003798 0.070448 0.002782 -0.138178,
 -4.872725 -10.786287 -4.783529 -0.461699 -0.039319 0.198409 0.015105 -0.002235,
 -0.465024 -4.762018 -11.179482 -5.352669 0.004211 -0.017783 -0.015083 -0.101143,
 -5.113771 -0.512100 -5.156877 -12.235377 0.038018 -0.020712 -0.026647 -0.324768,
