Low-band skewness and kurtosis
 -11.346211 145.230606,
 -6.871743 56.468063,
 -3.687159 18.617777,
 -0.156239 6.025405,

High-band variance
 17.374760,

Skewness, kurtosis, variance, mean, maximum and minimum of the reconstructed texture
 -11.413511 137.644821 329.985260 253.289139 255.000000 0.000000,

Auto-correlations of the low-frequency bands at each scale
 3.272593 -1.173386 0.263873 3.078961 -0.575902 -2.746272 3.019940 0.181021 14.084682 55.799969 80.851456 53.758389 12.126886 1.978240 1.951633 54.840412 165.617676 227.527466 164.161316 54.013962 4.656018 6.037395 79.489632 226.375885 307.917023 226.375870 79.489632 6.037395 4.656020 54.013962 164.161316 227.527496 165.617691 54.840412 1.951633 1.978241 12.126886 53.758389 80.851456 55.799961 14.084683 0.181021 3.019940 -2.746272 -0.575902 3.078961 0.263874 -1.173386 3.272592,
 3.665040 2.193416 -4.183260 -8.671305 -8.025991 -1.486122 2.929980 -1.699943 -10.612512 -4.789590 4.303039 -5.488119 -9.331228 2.329350 -6.166371 -3.281585 53.386894 97.500122 54.452240 0.304720 -0.319288 -3.626084 10.624400 100.301544 165.267395 100.301567 10.624400 -3.626084 -0.319287 0.304719 54.452240 97.500122 53.386902 -3.281585 -6.166372 2.329350 -9.331227 -5.488118 4.303039 -4.789590 -10.612511 -1.699943 2.929980 -1.486121 -8.025993 -8.671305 -4.183259 2.193415 3.665040,
 5.695346 5.102704 2.614386 -0.247718 -0.719351 2.233102 3.717774 1.712023 -2.400164 -1.332147 0.582390 -3.502604 -2.898571 3.430324 -2.088792 -4.257534 14.785136 30.647186 15.012533 -2.344325 0.915274 -1.348307 -0.062948 30.970409 54.930107 30.970415 -0.062948 -1.348307 0.915274 -2.344325 15.012532 30.647186 14.785139 -4.257533 -2.088792 3.430324 -2.898571 -3.502604 0.582390 -1.332147 -2.400164 1.712023 3.717774 2.233102 -0.719351 -0.247718 2.614386 5.102703 5.695345,
 0.436147 0.669778 0.785021 0.629193 0.377910 0.461579 0.930969 0.437090 0.209990 0.245591 0.303680 -0.226803 -0.246949 0.621478 1.036059 0.775486 2.539960 3.966722 1.988618 0.008431 0.524066 1.281002 1.245255 4.537812 7.212948 4.537813 1.245255 1.281001 0.524066 0.008431 1.988617 3.966722 2.539960 0.775487 1.036059 0.621478 -0.246949 -0.226803 0.303680 0.245591 0.209990 0.437090 0.930969 0.461579 0.377910 0.629193 0.785021 0.669778 0.436146,

Auto-correlations of the modulus of each oriented sub-band
 14.654244 16.506172 17.821346 18.402906 18.162239 17.190161 15.680093 25.839527 30.253942 33.441856 34.750347 33.896740 31.142597 27.121733 37.655525 44.915737 50.174622 52.222813 50.537567 45.604294 38.614799 43.221661 51.673611 57.756229 59.995033 57.756229 51.673611 43.221661 38.614803 45.604298 50.537567 52.222813 50.174622 44.915737 37.655521 27.121737 31.142597 33.896736 34.750347 33.441856 30.253942 25.839525 15.680095 17.190159 18.162239 18.402903 17.821346 16.506174 14.654242,
 29.344408 33.891083 33.726093 28.809153 21.478886 14.667274 9.913042 34.016613 42.524326 45.850750 42.115223 33.147186 23.048328 15.089644 34.121506 46.020153 53.947514 53.830555 45.602383 33.419765 22.142475 29.438648 42.418640 53.897888 58.592945 53.897888 42.418640 29.438644 22.142473 33.419765 45.602383 53.830551 53.947514 46.020157 34.121502 15.089646 23.048328 33.147190 42.115223 45.850746 42.524326 34.016605 9.913045 14.667273 21.478886 28.809156 33.726093 33.891083 29.344408,
 15.330069 25.047287 35.668179 40.574997 35.861717 25.172203 15.299565 16.976526 29.070681 42.513496 48.737778 42.712051 29.244623 17.053661 18.151745 31.985287 47.500484 54.669941 47.627335 32.105808 18.225830 18.612812 33.104630 49.391396 56.867508 49.391396 33.104633 18.612812 18.225834 32.105804 47.627338 54.669941 47.500484 31.985289 18.151745 17.053663 29.244623 42.712055 48.737778 42.513493 29.070681 16.976526 15.299568 25.172201 35.861721 40.575001 35.668175 25.047289 15.330067,
 9.639848 14.946986 22.275946 29.894272 34.874126 35.016346 30.547180 15.448358 24.093998 34.656277 43.756035 47.465202 44.160866 35.760391 23.335522 35.159885 47.554211 55.727066 55.831871 48.001835 36.123089 31.261303 44.481010 55.924591 60.528324 55.924591 44.481014 31.261303 36.123089 48.001835 55.831871 55.727066 47.554211 35.159885 23.335520 35.760391 44.160866 47.465206 43.756035 34.656269 24.094000 15.448358 30.547184 35.016346 34.874130 29.894272 22.275942 14.946988 9.639848,
 7.765681 9.148784 10.076029 10.219712 9.552542 8.469800 7.483664 13.475823 17.884151 21.527243 22.929983 21.500946 18.068062 14.163127 22.340008 31.214409 38.798267 41.845409 38.927097 31.647631 23.169876 27.262701 38.293449 47.828602 51.704906 47.828602 38.293449 27.262701 23.169872 31.647625 38.927090 41.845409 38.798267 31.214409 22.340008 14.163127 18.068062 21.500946 22.929983 21.527243 17.884155 13.475823 7.483664 8.469799 9.552542 10.219712 10.076029 9.148784 7.765681,
 16.543787 21.490166 22.441650 18.344507 12.082909 7.174985 4.828055 20.036608 29.711658 35.027321 31.584152 21.962198 12.534385 6.999443 20.407907 34.012402 45.473606 46.299026 35.625324 21.490822 11.323856 16.756638 30.546154 45.933121 53.037079 45.933125 30.546154 16.756638 11.323856 21.490822 35.625317 46.299026 45.473610 34.012394 20.407904 6.999443 12.534384 21.962194 31.584156 35.027325 29.711662 20.036608 4.828055 7.174985 12.082907 18.344509 22.441650 21.490166 16.543789,
 9.413628 16.926464 25.966341 29.830206 24.610092 15.061894 8.037691 10.362212 21.165268 35.019463 41.513958 34.137001 20.009380 9.657685 11.339166 24.897026 42.863445 51.670261 42.450954 24.378700 11.092937 11.720372 26.287180 45.941677 55.818741 45.941677 26.287180 11.720372 11.092937 24.378698 42.450954 51.670258 42.863445 24.897026 11.339166 9.657685 20.009380 34.137001 41.513958 35.019463 21.165266 10.362214 8.037690 15.061894 24.610092 29.830208 25.966341 16.926464 9.413629,
 5.714573 7.920161 11.866615 16.955462 20.309576 19.428347 15.353976 7.198983 12.490873 21.230591 30.236200 33.469593 28.606440 19.919384 11.331279 21.201254 34.893139 45.332275 44.614445 33.709320 20.884275 17.080385 30.402931 45.355831 52.309586 45.355839 30.402937 17.080385 20.884275 33.709316 44.614445 45.332272 34.893139 21.201254 11.331278 19.919384 28.606440 33.469593 30.236200 21.230591 12.490875 7.198983 15.353978 19.428347 20.309572 16.955462 11.866617 7.920161 5.714573,
 4.449688 4.599235 4.674591 4.569134 4.270977 3.901974 3.620746 5.087339 6.211592 7.191868 7.517178 6.998682 5.950503 4.877218 6.833976 9.499188 11.912450 12.887289 11.883285 9.538341 6.988185 8.050736 11.509418 14.681833 16.017532 14.681833 11.509418 8.050735 6.988185 9.538339 11.883285 12.887288 11.912450 9.499188 6.833976 4.877218 5.950503 6.998682 7.517177 7.191869 6.211592 5.087339 3.620746 3.901974 4.270977 4.569134 4.674592 4.599235 4.449688,
 6.215490 7.317273 7.381061 6.247209 4.805698 3.848658 3.394933 6.621507 9.258315 10.676653 9.530646 6.841324 4.621888 3.603799 6.424618 10.338646 13.883613 14.049392 10.620990 6.601308 4.238609 5.390931 9.165657 13.998168 16.392136 13.998168 9.165657 5.390931 4.238609 6.601308 10.620989 14.049392 13.883613 10.338646 6.424617 3.603799 4.621888 6.841321 9.530646 10.676652 9.258315 6.621506 3.394934 3.848657 4.805698 6.247210 7.381061 7.317272 6.215490,
 4.403738 6.069319 8.242524 9.015367 7.310127 4.765103 3.296548 4.342179 6.999529 10.739488 12.505739 10.151845 6.169486 3.768035 4.317001 7.837835 13.108981 15.877328 12.847086 7.440902 4.094037 4.264805 8.076543 14.059207 17.349854 14.059209 8.076542 4.264804 4.094037 7.440902 12.847086 15.877329 13.108981 7.837833 4.317000 3.768035 6.169486 10.151845 12.505737 10.739488 6.999528 4.342179 3.296549 4.765103 7.310127 9.015366 8.242524 6.069318 4.403737,
 3.454282 4.040114 4.908240 5.893629 6.461029 6.047772 4.919844 3.452830 4.628703 6.704505 9.055665 9.969874 8.527114 6.005729 3.886160 6.358151 10.260328 13.573398 13.418128 9.931081 6.065188 4.994720 8.803881 13.558784 15.936088 13.558784 8.803881 4.994720 6.065188 9.931081 13.418129 13.573396 10.260330 6.358151 3.886160 6.005729 8.527114 9.969873 9.055665 6.704507 4.628701 3.452830 4.919844 6.047772 6.461028 5.893629 4.908240 4.040114 3.454282,

Pairwise cross-correlations of the modulus of all oriented sub-bands at the same scale (size QxQ)
 59.995018 53.508148 46.095871 54.589706,
 53.508148 58.592957 51.897362 50.534790,
 46.095871 51.897362 56.867493 53.053989,
 54.589706 50.534790 53.053989 60.528332,
 51.704906 47.522732 45.724018 47.702290,
 47.522732 53.037071 50.429291 45.257362,
 45.724018 50.429291 55.818729 49.136917,
 47.702290 45.257362 49.136917 52.309593,

Cross-correlations of the modulus of all oriented sub-bands with all oriented sub-bands at the coarser scale (size QxQ)
 49.329407 47.339371 45.652016 46.430565,
 46.324665 50.487507 48.920204 44.159973,
 41.469673 46.155331 51.080154 45.510643,
 47.056438 45.672997 50.028961 50.711823,
 22.893215 21.491333 21.096540 21.428019,
 22.176977 23.459255 23.055611 20.749077,
 21.666700 23.120138 25.013622 22.530453,
 22.113947 20.795673 22.788647 23.148651,

Cross-correlations of the real part of each oriented sub-band with both the real and imaginary part of all phase-doubled oriented sub-bands at the next coarser scale (Q matrices of size 1x2Q, which are computed and stored in a matrix of size Qx2Q)
 -21.060707 -9.264236 -0.755307 -9.494073 -0.010524 0.018689 -0.004848 -0.012412,
 -8.982169 -22.035433 -9.719540 -0.785411 -0.001443 0.044549 0.021707 0.012066,
 -0.713607 -9.955274 -21.977121 -9.645534 -0.001270 0.011918 0.046459 0.024725,
 -9.111802 -0.814762 -9.295977 -22.277252 0.001672 -0.004671 0.011586 -0.018946,
 -11.777455 -5.139658 -0.466397 -5.729609 0.124973 -0.026364 0.008814 -0.060552,
 -4.867649 -12.402303 -5.912222 -0.519496 0.000638 -0.101304 -0.017919 -0.011895,
 -0.462186 -5.914246 -13.001020 -5.382844 -0.018591 -0.117568 -0.082224 0.020811,
 -5.484269 -0.541954 -5.375912 -12.553193 0.052930 -0.038187 -0.018628 0.013720,
