Low-band skewness and kurtosis
 -11.391612 146.220062,
 -7.064709 59.755089,
 -3.912306 21.385069,
 -0.247160 6.743805,

High-band variance
 17.487494,

Skewness, kurtosis, variance, mean, maximum and minimum of the reconstructed texture
 -11.458967 138.652222 328.755646 253.300400 255.000000 0.000000,

Auto-correlations of the low-frequency bands at each scale
 6.886688 5.517022 6.055534 6.297636 2.967988 1.465877 3.747030 2.149686 17.106236 57.753647 82.958122 59.555233 19.537094 3.511747 2.356495 56.223083 165.136475 227.304565 168.587494 60.754944 5.132996 5.665065 82.855537 227.356430 306.525208 227.356400 82.855553 5.665066 5.132995 60.754944 168.587494 227.304535 165.136475 56.223091 2.356494 3.511747 19.537094 59.555233 82.958122 57.753647 17.106237 2.149686 3.747030 1.465877 2.967986 6.297637 6.055536 5.517022 6.886688,
 7.024621 2.741994 -5.166956 -7.359643 -2.744823 6.687731 10.557910 3.943864 -6.625573 -2.123659 6.938761 -3.350796 -8.452625 2.834378 -4.185006 -2.163426 56.502995 101.638977 55.058105 -4.198475 -5.171215 -7.449122 6.542309 101.286499 169.441162 101.286499 6.542309 -7.449122 -5.171214 -4.198474 55.058102 101.638977 56.502995 -2.163426 -4.185006 2.834378 -8.452625 -3.350796 6.938761 -2.123659 -6.625574 3.943864 10.557908 6.687731 -2.744822 -7.359644 -5.166956 2.741993 7.024621,
 6.712153 2.182514 -0.226505 1.247006 2.742999 5.097481 7.256212 5.580800 -2.180088 -1.484777 4.225477 2.123601 0.936839 4.635777 1.770777 -2.229138 15.705035 32.745480 17.908037 -0.356236 0.546167 -0.516619 1.025960 31.375645 55.173885 31.375645 1.025960 -0.516619 0.546167 -0.356236 17.908037 32.745480 15.705038 -2.229137 1.770778 4.635777 0.936839 2.123600 4.225476 -1.484777 -2.180088 5.580799 7.256213 5.097482 2.742999 1.247006 -0.226505 2.182514 6.712153,
 0.894273 0.622365 0.439172 0.752536 1.379767 1.666242 1.467879 0.843150 -0.280897 -0.020424 1.297095 1.506964 1.054431 1.082630 0.753639 -0.128527 2.070220 4.860986 3.669691 1.347680 1.174882 1.028159 1.115722 4.725102 7.608461 4.725102 1.115722 1.028159 1.174883 1.347680 3.669690 4.860986 2.070220 -0.128527 0.753639 1.082630 1.054431 1.506964 1.297095 -0.020424 -0.280897 0.843149 1.467879 1.666242 1.379767 0.752536 0.439172 0.622365 0.894273,

Auto-correlations of the modulus of each oriented sub-band
 15.346539 16.827929 17.811466 18.137854 17.744589 16.723886 15.255702 24.827953 28.720175 31.440748 32.402813 31.392101 28.700970 24.939709 34.982327 41.718044 46.547688 48.285801 46.487934 41.710766 35.139774 39.591190 47.581562 53.407330 55.569046 53.407330 47.581566 39.591190 35.139774 41.710762 46.487934 48.285793 46.547680 41.718044 34.982319 24.939711 28.700964 31.392101 32.402813 31.440750 28.720179 24.827953 15.255702 16.723885 17.744591 18.137852 17.811466 16.827929 15.346538,
 30.904375 35.586155 35.639915 30.774445 23.098383 15.633753 10.332168 35.377052 44.023384 47.552662 44.031361 34.961254 24.277870 15.534289 35.229679 47.337101 55.350224 55.388966 47.256611 34.764503 22.792618 30.316473 43.723846 55.291058 59.936169 55.291058 43.723846 30.316473 22.792618 34.764503 47.256611 55.388962 55.350224 47.337101 35.229679 15.534289 24.277864 34.961258 44.031361 47.552662 44.023380 35.377052 10.332170 15.633752 23.098383 30.774448 35.639915 35.586155 30.904379,
 15.400728 25.370998 35.672977 39.964211 35.031113 24.569262 14.945583 16.921894 29.219280 42.291637 47.915657 41.726677 28.486448 16.416441 17.871071 31.852131 47.009579 53.722385 46.669983 31.410463 17.544689 18.086105 32.655071 48.631161 55.888016 48.631161 32.655075 18.086103 17.544689 31.410463 46.669991 53.722385 47.009571 31.852137 17.871071 16.416441 28.486444 41.726677 47.915657 42.291637 29.219278 16.921894 14.945585 24.569258 35.031113 39.964211 35.672977 25.371000 15.400728,
 10.119855 14.943675 21.681704 28.756353 33.409592 33.637985 29.591892 14.846605 22.744120 32.536007 41.077507 44.574070 41.522602 33.687626 21.550650 32.507172 44.156090 51.946323 52.046013 44.626995 33.441410 28.677170 41.075085 51.938877 56.375660 51.938873 41.075085 28.677170 33.441410 44.626991 52.046024 51.946327 44.156094 32.507172 21.550650 33.687626 41.522594 44.574074 41.077507 32.536007 22.744122 14.846604 29.591892 33.637981 33.409592 28.756355 21.681702 14.943677 10.119855,
 10.972865 12.313128 13.595798 14.354124 14.277138 13.418414 12.097998 16.991726 21.289471 25.004200 26.574564 25.228344 21.637478 17.314695 25.365602 34.259880 41.865425 44.911709 41.845570 34.219566 25.305834 29.551977 40.859505 50.560455 54.476727 50.560455 40.859505 29.551975 25.305834 34.219563 41.845566 44.911709 41.865429 34.259880 25.365602 17.314695 21.637480 25.228342 26.574564 25.004200 21.289467 16.991728 12.097996 13.418415 14.277135 14.354125 13.595800 12.313130 10.972867,
 17.993923 22.363808 23.361189 20.146441 15.329887 11.833943 10.201924 22.137915 31.213097 36.148914 32.899761 23.983900 15.593318 11.102484 22.689917 35.933098 47.031624 47.715324 37.218235 23.475300 14.048399 18.966995 32.426559 47.635838 54.617352 47.635838 32.426559 18.966995 14.048399 23.475294 37.218235 47.715317 47.031624 35.933098 22.689917 11.102484 15.593318 23.983900 32.899761 36.148918 31.213102 22.137915 10.201924 11.833943 15.329887 20.146441 23.361195 22.363813 17.993923,
 9.097522 15.682283 24.779148 29.846123 26.474808 18.485178 12.168929 10.450674 20.021402 33.624622 41.083271 35.268719 22.433670 12.863209 11.780312 23.992256 41.488369 50.828411 42.563580 25.427687 13.118706 12.760467 26.100250 45.082684 54.804123 45.082684 26.100250 12.760467 13.118704 25.427683 42.563580 50.828407 41.488369 23.992256 11.780312 12.863209 22.433666 35.268715 41.083271 33.624622 20.021402 10.450673 12.168931 18.485180 26.474808 29.846123 24.779154 15.682283 9.097522,
 7.782595 10.500407 15.444555 21.537144 25.550987 24.831133 20.302284 10.024344 15.863965 25.478392 35.090195 38.493916 33.386166 23.928673 14.390838 24.861242 39.218395 49.812740 48.966812 37.664902 24.068298 20.059643 34.061813 49.453789 56.432991 49.453789 34.061813 20.059643 24.068298 37.664902 48.966805 49.812740 39.218399 24.861244 14.390838 23.928673 33.386166 38.493916 35.090195 25.478392 15.863965 10.024344 20.302284 24.831131 25.550982 21.537140 15.444558 10.500407 7.782595,
 6.197611 6.095548 5.961261 5.903801 5.948602 6.056145 6.129738 7.314983 8.187681 8.908937 9.097249 8.567218 7.601169 6.671327 8.797241 11.323102 13.643614 14.488197 13.239089 10.675618 8.128692 9.325906 12.763041 16.116249 17.581696 16.116249 12.763041 9.325906 8.128691 10.675618 13.239089 14.488197 13.643614 11.323102 8.797241 6.671326 7.601170 8.567219 9.097249 8.908937 8.187681 7.314983 6.129738 6.056145 5.948601 5.903801 5.961261 6.095547 6.197610,
 7.080752 7.378085 7.073050 6.241989 5.505517 5.286126 5.438708 8.228031 10.017832 10.852699 9.800941 7.693765 6.031847 5.359992 8.348593 11.613493 14.555650 14.613009 11.608764 8.088170 5.966145 7.258446 10.644986 14.927022 17.066214 14.927022 10.644986 7.258446 5.966145 8.088171 11.608764 14.613009 14.555649 11.613493 8.348593 5.359992 6.031849 7.693764 9.800940 10.852700 10.017829 8.228030 5.438708 5.286127 5.505517 6.241988 7.073050 7.378083 7.080752,
 5.082945 5.208733 6.493724 7.686404 7.313548 6.264570 5.629771 5.329566 6.394989 9.188245 11.142489 9.776679 7.171666 5.708405 5.529965 7.518063 11.756139 14.457664 12.044263 7.912328 5.715204 5.658376 8.099517 12.925542 15.899618 12.925542 8.099517 5.658375 5.715204 7.912329 12.044263 14.457664 11.756139 7.518064 5.529964 5.708405 7.171666 9.776679 11.142489 9.188245 6.394989 5.329566 5.629771 6.264570 7.313548 7.686404 6.493723 5.208733 5.082944,
 5.095377 4.642563 4.774318 5.880168 7.080381 7.332181 6.697338 5.214088 5.375238 6.863597 9.209418 10.341144 9.253246 7.218333 5.552021 7.089423 10.475294 13.623113 13.470963 10.312568 7.090577 6.319865 9.311556 13.628114 15.886304 13.628114 9.311556 6.319865 7.090577 10.312570 13.470962 13.623113 10.475296 7.089422 5.552021 7.218332 9.253247 10.341144 9.209418 6.863596 5.375238 5.214088 6.697338 7.332181 7.080381 5.880168 4.774319 4.642562 5.095376,

Pairwise cross-correlations of the modulus of all oriented sub-bands at the same scale (size QxQ)
 55.569016 51.551735 43.760113 50.513954,
 51.551735 59.936165 52.502907 48.985485,
 43.760113 52.502907 55.888016 50.130756,
 50.513954 48.985485 50.130756 56.375671,
 54.476738 49.845943 47.078979 51.394115,
 49.845943 54.617352 50.393063 47.199951,
 47.078979 50.393063 54.804123 50.971291,
 51.394115 47.199951 50.971291 56.432983,

Cross-correlations of the modulus of all oriented sub-bands with all oriented sub-bands at the coarser scale (size QxQ)
 49.798954 45.626732 43.098251 47.273224,
 48.806843 51.503906 49.086445 46.967827,
 43.328445 46.001129 49.701180 47.229877,
 47.512123 43.792568 47.299477 51.450378,
 24.368948 23.011343 21.242146 22.442087,
 22.970060 24.017508 22.176598 20.954845,
 21.874813 23.139551 23.379589 21.918842,
 23.424707 22.075417 22.457325 23.704067,

Cross-correlations of the real part of each oriented sub-band with both the real and imaginary part of all phase-doubled oriented sub-bands at the next coarser scale (Q matrices of size 1x2Q, which are computed and stored in a matrix of size Qx2Q)
 -20.890051 -9.554076 -0.798545 -9.647620 -0.035763 -0.001294 0.010863 0.074873,
 -9.053793 -22.413568 -9.356730 -0.725027 0.050138 -0.098780 0.039701 -0.004483,
 -0.825544 -9.690206 -21.258627 -9.382623 0.017511 -0.043708 0.119742 -0.008453,
 -9.364460 -0.788375 -9.222557 -22.106552 -0.028479 0.009923 0.070044 0.125886,
 -12.746415 -5.703821 -0.454872 -5.309741 -0.173667 -0.191171 -0.007925 0.094292,
 -5.707651 -12.302925 -5.069193 -0.467979 -0.148817 -0.259414 0.039822 -0.057791,
 -0.481084 -5.233595 -11.324509 -5.048949 -0.016632 -0.070836 0.231730 0.308798,
 -5.437892 -0.546163 -4.883095 -11.743247 -0.027249 -0.026716 0.201184 0.590302,
