Low-band skewness and kurtosis
 -11.557479 150.261887,
 -7.454547 66.711021,
 -4.495325 26.803223,
 0.992959 10.962372,

High-band variance
 16.960367,

Skewness, kurtosis, variance, mean, maximum and minimum of the reconstructed texture
 -11.633416 142.858627 321.264252 253.344040 255.000000 0.000000,

Auto-correlations of the low-frequency bands at each scale
 7.479748 5.791383 9.319131 10.869724 6.278433 4.194057 8.865192 9.103873 23.337305 62.298264 83.766815 57.534744 18.414465 7.424278 16.458797 66.228226 167.662186 223.040054 163.694397 61.239189 13.515640 20.010710 89.535316 224.993759 299.778412 224.993759 89.535316 20.010710 13.515640 61.239185 163.694397 223.040070 167.662186 66.228233 16.458796 7.424279 18.414459 57.534744 83.766808 62.298264 23.337309 9.103873 8.865193 4.194057 6.278436 10.869722 9.319133 5.791382 7.479748,
 14.286811 10.220465 -0.009135 -5.245276 -1.318506 5.835935 7.435834 9.724523 0.090543 2.530538 9.876513 1.831355 -2.537950 5.836033 3.570292 7.819456 60.633606 100.983009 59.823891 6.722566 2.822221 2.034543 19.088459 105.513382 166.892105 105.513405 19.088459 2.034543 2.822222 6.722566 59.823872 100.983009 60.633614 7.819457 3.570291 5.836033 -2.537950 1.831355 9.876514 2.530538 0.090543 9.724521 7.435834 5.835934 -1.318506 -5.245276 -0.009135 10.220466 14.286810,
 11.519758 14.302860 10.231636 4.618057 4.534396 8.533560 10.503035 8.401687 6.627045 5.697785 4.098392 -0.394558 1.133897 9.285317 6.486348 5.382504 22.732521 35.802746 18.935610 1.827365 7.278069 6.795024 7.223328 37.762058 61.525208 37.762058 7.223326 6.795024 7.278069 1.827366 18.935610 35.802746 22.732521 5.382505 6.486348 9.285316 1.133898 -0.394558 4.098392 5.697784 6.627045 8.401687 10.503035 8.533560 4.534397 4.618057 10.231635 14.302858 11.519758,
 0.343469 0.273370 0.446433 0.874788 1.625353 2.371782 2.360729 0.593337 0.535866 1.156137 1.686736 2.019302 3.194198 3.991935 1.077905 1.692982 4.568436 6.502363 4.946960 3.654829 3.980944 2.489417 3.297582 7.167948 10.042795 7.167949 3.297582 2.489418 3.980944 3.654829 4.946960 6.502362 4.568436 1.692982 1.077905 3.991935 3.194198 2.019302 1.686736 1.156137 0.535865 0.593337 2.360729 2.371782 1.625353 0.874788 0.446433 0.273370 0.343469,

Auto-correlations of the modulus of each oriented sub-band
 18.022861 19.257122 20.121372 20.477306 20.245495 19.456133 18.209764 27.095491 30.485043 32.893433 33.816299 33.034496 30.741772 27.416182 36.869843 42.799118 47.058350 48.642311 47.129246 42.940281 37.067787 41.277779 48.373127 53.497467 55.387875 53.497467 48.373127 41.277779 37.067787 42.940281 47.129246 48.642300 47.058350 42.799118 36.869839 27.416183 30.741770 33.034496 33.816299 32.893436 30.485044 27.095491 18.209766 19.456129 20.245497 20.477306 20.121370 19.257122 18.022861,
 29.058359 32.653378 32.648628 28.762482 22.926865 17.674000 14.203807 32.928913 39.786865 42.696857 39.778122 32.471855 24.379400 18.243443 33.231682 42.914673 49.670391 49.733551 42.862560 32.809769 23.814028 29.614815 40.154259 49.821445 53.869602 49.821445 40.154263 29.614811 23.814028 32.809769 42.862560 49.733551 49.670391 42.914673 33.231682 18.243443 24.379398 32.471863 39.778122 42.696861 39.786869 32.928913 14.203809 17.674000 22.926868 28.762482 32.648624 32.653385 29.058359,
 20.069191 28.187193 36.993221 40.790253 36.623486 27.695606 19.494961 21.610561 31.903305 43.371635 48.501896 43.203224 31.681326 21.309019 22.681044 34.554237 47.975056 54.097874 47.929047 34.486179 22.558992 23.039145 35.514153 49.666355 56.168457 49.666355 35.514153 23.039145 22.558992 34.486176 47.929047 54.097874 47.975063 34.554241 22.681040 21.309017 31.681320 43.203224 48.501900 43.371635 31.903309 21.610561 19.494965 27.695606 36.623486 40.790260 36.993221 28.187195 20.069189,
 14.226939 18.006590 23.722353 30.078075 34.460041 34.705803 30.886517 18.689566 25.456617 34.199535 42.090286 45.461155 42.625736 35.356647 25.014347 34.768566 45.439297 52.744118 52.903061 45.968781 35.694599 31.584930 42.840874 52.939972 57.109795 52.939972 42.840874 31.584930 35.694599 45.968777 52.903061 52.744118 45.439297 34.768574 25.014345 35.356647 42.625736 45.461155 42.090286 34.199535 25.456619 18.689562 30.886520 34.705799 34.460041 30.078077 23.722355 18.006590 14.226937,
 15.428928 15.882262 16.046186 15.796132 15.182463 14.389956 13.619708 19.755508 22.566950 24.864775 25.571058 24.271297 21.572660 18.566734 25.918001 32.609177 38.468822 40.733250 38.138325 32.100773 25.356548 28.929716 37.728912 45.662277 48.955982 45.662277 37.728912 28.929716 25.356548 32.100769 38.138321 40.733246 38.468822 32.609180 25.917995 18.566734 21.572657 24.271296 25.571058 24.864775 22.566952 19.755508 13.619710 14.389955 15.182462 15.796131 16.046188 15.882264 15.428929,
 23.623159 26.507059 26.327267 22.520496 17.668236 14.429493 13.054395 26.501705 33.378380 36.985394 33.809940 26.046692 19.003380 15.158257 26.921850 37.189358 46.094574 46.576187 37.788052 26.659060 19.084639 23.841059 34.370674 46.661457 52.511421 46.661461 34.370682 23.841059 19.084639 26.659054 37.788052 46.576191 46.094574 37.189358 26.921850 15.158257 19.003380 26.046690 33.809940 36.985394 33.378380 26.501705 13.054396 14.429493 17.668236 22.520496 26.327265 26.507055 23.623159,
 19.821743 23.955101 29.195200 31.351717 27.616123 21.030964 16.277416 20.310617 27.280775 37.007355 41.758652 35.898705 25.173309 17.744806 20.518419 29.979622 43.779804 51.006855 43.237938 28.914875 19.177256 20.173998 30.742580 46.373798 54.833015 46.373802 30.742580 20.173998 19.177256 28.914873 43.237938 51.006863 43.779812 29.979626 20.518419 17.744806 25.173306 35.898705 41.758652 37.007355 27.280775 20.310617 16.277416 21.030960 27.616119 31.351715 29.195204 23.955103 19.821743,
 16.125673 16.777670 18.836300 22.249964 25.038197 24.577612 21.228472 16.996902 20.366276 26.587433 33.520058 36.195507 32.166924 24.943153 19.677027 27.090004 37.877033 46.413593 45.722702 36.512684 25.992498 23.540508 34.162575 46.515476 52.429466 46.515480 34.162575 23.540508 25.992498 36.512680 45.722702 46.413593 37.877033 27.090004 19.677027 24.943153 32.166916 36.195507 33.520054 26.587437 20.366276 16.996902 21.228472 24.577608 25.038195 22.249964 18.836300 16.777672 16.125673,
 9.533998 9.515275 9.407325 9.178473 8.819950 8.378097 7.888699 9.646543 10.211080 10.737123 10.921093 10.612838 9.969749 9.242130 10.577539 12.441636 14.226950 15.058603 14.434046 12.775133 10.924743 11.534108 14.201324 16.727026 17.822262 16.727026 14.201324 11.534108 10.924743 12.775132 14.434046 15.058601 14.226952 12.441636 10.577539 9.242130 9.969748 10.612838 10.921093 10.737123 10.211079 9.646543 7.888698 8.378097 8.819950 9.178473 9.407325 9.515275 9.533997,
 9.875954 10.546836 10.583130 9.753778 8.797484 8.284802 8.009132 10.378356 12.241699 13.510198 12.686589 10.510346 8.927016 8.475534 10.285245 13.152823 16.258133 16.586782 13.560982 10.275960 8.788406 9.514650 12.208305 16.343262 18.595680 16.343264 12.208305 9.514650 8.788406 10.275959 13.560982 16.586781 16.258137 13.152822 10.285245 8.475534 8.927014 10.510345 12.686589 13.510196 12.241699 10.378356 8.009132 8.284804 8.797484 9.753778 10.583130 10.546836 9.875954,
 9.889700 11.308809 12.733388 13.256960 12.193814 10.429265 9.188886 9.987230 11.980042 14.885231 16.356676 14.446731 11.346013 9.710226 10.045155 12.448980 16.793610 19.340034 16.552139 12.119090 9.981536 10.061916 12.529013 17.508997 20.637415 17.508997 12.529013 10.061916 9.981536 12.119090 16.552143 19.340034 16.793608 12.448980 10.045156 9.710224 11.346013 14.446733 16.356676 14.885229 11.980042 9.987229 9.188888 10.429266 12.193814 13.256960 12.733386 11.308809 9.889699,
 10.444217 10.505149 10.606684 10.863622 11.073625 10.833730 10.121530 10.553884 11.038383 12.253012 13.905042 14.558026 13.446407 11.561292 10.775856 12.397692 15.394992 18.181139 17.970722 15.046486 12.047831 11.488413 14.334443 18.300123 20.452856 18.300123 14.334443 11.488413 12.047831 15.046486 17.970724 18.181139 15.394991 12.397692 10.775855 11.561291 13.446407 14.558025 13.905042 12.253012 11.038383 10.553882 10.121531 10.833730 11.073625 10.863623 10.606684 10.505149 10.444217,

Pairwise cross-correlations of the modulus of all oriented sub-bands at the same scale (size QxQ)
 55.387890 49.248013 45.081944 51.033817,
 49.248013 53.869606 49.924385 47.286388,
 45.081944 49.924385 56.168484 51.333454,
 51.033817 47.286388 51.333454 57.109806,
 48.955978 45.883945 42.926514 45.828838,
 45.883945 52.511421 48.429501 45.084812,
 42.926514 48.429501 54.833004 48.406868,
 45.828838 45.084812 48.406868 52.429462,

Cross-correlations of the modulus of all oriented sub-bands with all oriented sub-bands at the coarser scale (size QxQ)
 46.046329 44.914284 42.890469 44.495323,
 42.999146 47.693356 45.707951 41.679455,
 41.027180 46.168800 50.032833 45.631699,
 45.039288 44.615540 47.576199 48.967365,
 23.521984 22.843012 22.772034 23.836227,
 23.159151 24.500786 24.999395 23.856014,
 22.871889 24.721123 26.660389 25.771202,
 23.867981 23.155804 25.120144 26.244753,

Cross-correlations of the real part of each oriented sub-band with both the real and imaginary part of all phase-doubled oriented sub-bands at the next coarser scale (Q matrices of size 1x2Q, which are computed and stored in a matrix of size Qx2Q)
 -16.847807 -7.806145 -0.773734 -7.989621 0.100711 0.136758 -0.005948 -0.115871,
 -7.315866 -18.311264 -8.545068 -0.818241 0.126101 0.401547 0.102460 0.006660,
 -0.684840 -8.538491 -19.659878 -8.841303 0.034690 0.148895 0.268720 0.120273,
 -7.427311 -0.873162 -8.607887 -19.111067 0.050988 -0.010994 0.148524 -0.029872,
 -9.316539 -4.354906 -0.478585 -4.738939 0.051157 -0.104995 0.013094 0.368382,
 -4.225044 -10.074170 -4.867070 -0.463517 -0.065232 0.033346 0.007742 0.024804,
 -0.506173 -4.643706 -11.280837 -5.080080 -0.059797 0.057740 0.127081 0.313784,
 -4.377334 -0.456095 -5.073915 -11.132832 -0.107784 0.012637 0.074955 0.881139,
