Low-band skewness and kurtosis
 -11.397157 146.619339,
 -6.901734 56.626099,
 -3.782256 19.595377,
 -0.824885 9.445159,

High-band variance
 17.652367,

Skewness, kurtosis, variance, mean, maximum and minimum of the reconstructed texture
 -11.468828 138.980591 327.650421 253.303101 255.000000 0.000000,

Auto-correlations of the low-frequency bands at each scale
 0.082597 -1.225696 1.549271 5.082521 3.685057 1.950129 3.777533 -3.528714 11.410030 53.126591 79.774132 56.854122 15.943647 -0.110913 -0.940676 52.445911 162.170258 224.983536 165.805328 56.990517 2.332021 3.863454 79.948593 225.367401 305.183990 225.367401 79.948608 3.863453 2.332021 56.990517 165.805328 224.983536 162.170242 52.445919 -0.940678 -0.110913 15.943647 56.854122 79.774132 53.126591 11.410030 -3.528714 3.777533 1.950129 3.685058 5.082522 1.549270 -1.225696 0.082596,
 11.275900 3.804261 -5.096649 -4.042276 1.769534 7.236565 8.704115 3.322933 -10.955265 -6.011793 8.540769 1.541250 -4.926408 5.267661 -4.527937 -6.458362 50.600494 98.584579 55.563034 -0.921696 -0.553605 -4.091814 6.727933 97.745453 164.764709 97.745453 6.727933 -4.091814 -0.553606 -0.921696 55.563030 98.584579 50.600494 -6.458362 -4.527936 5.267660 -4.926408 1.541251 8.540767 -6.011795 -10.955265 3.322933 8.704117 7.236566 1.769533 -4.042276 -5.096649 3.804262 11.275900,
 5.949647 5.209788 2.017848 -0.169961 -0.160294 1.879207 3.785037 4.129696 0.158507 -0.364215 2.298311 -0.047444 -0.928831 3.209095 1.137075 -0.259680 15.897882 31.393351 18.393606 1.560138 2.243241 1.040869 3.684287 31.707106 53.543118 31.707109 3.684286 1.040869 2.243241 1.560138 18.393606 31.393351 15.897882 -0.259680 1.137075 3.209095 -0.928831 -0.047444 2.298311 -0.364215 0.158507 4.129696 3.785037 1.879207 -0.160294 -0.169962 2.017848 5.209787 5.949647,
 1.535825 1.104485 0.013832 -0.332468 0.371334 0.998852 0.782184 0.670012 0.167855 0.180750 0.776507 0.872591 0.708655 0.818591 -0.744839 -0.242208 3.004717 5.762969 4.145722 1.209686 0.519556 -0.523776 0.916153 5.970112 9.342712 5.970112 0.916153 -0.523776 0.519556 1.209686 4.145723 5.762969 3.004717 -0.242208 -0.744839 0.818591 0.708655 0.872591 0.776507 0.180750 0.167855 0.670012 0.782184 0.998852 0.371334 -0.332468 0.013832 1.104485 1.535825,

Auto-correlations of the modulus of each oriented sub-band
 14.572912 16.278231 17.562656 18.219284 18.147264 17.417147 16.196140 24.638639 28.714973 31.699348 32.941788 32.180065 29.700050 26.122290 35.721790 42.517075 47.469101 49.362549 47.710419 43.056374 36.599094 40.972748 48.905434 54.695068 56.844067 54.695061 48.905434 40.972748 36.599098 43.056366 47.710419 49.362549 47.469101 42.517075 35.721786 26.122292 29.700045 32.180065 32.941788 31.699345 28.714975 24.638639 16.196142 17.417145 18.147264 18.219284 17.562656 16.278233 14.572912,
 30.043032 34.727238 34.807320 30.116461 22.952057 16.306305 11.873012 34.604080 43.280960 46.829700 43.298874 34.431168 24.319044 16.422567 34.701824 46.778294 54.875946 54.881546 46.714756 34.452988 23.082949 30.141123 43.269798 54.868122 59.583908 54.868118 43.269798 30.141119 23.082951 34.452988 46.714756 54.881546 54.875938 46.778305 34.701824 16.422567 24.319042 34.431168 43.298874 46.829697 43.280960 34.604080 11.873012 16.306305 22.952059 30.116461 34.807316 34.727238 30.043028,
 14.828576 25.029348 36.111233 41.293694 36.944782 26.478533 16.481117 16.539793 29.270273 43.204456 49.608757 43.797699 30.321859 17.758667 17.857525 32.390259 48.357773 55.613041 48.663868 32.942478 18.506100 18.556057 33.715931 50.351349 57.825840 50.351349 33.715931 18.556057 18.506096 32.942474 48.663872 55.613041 48.357773 32.390259 17.857525 17.758667 30.321859 43.797699 49.608757 43.204449 29.270273 16.539791 16.481117 26.478533 36.944775 41.293694 36.111233 25.029345 14.828576,
 9.516423 14.568741 21.799963 29.362343 34.254684 34.362804 29.996525 14.698021 22.955238 33.295563 42.238522 45.775002 42.410587 34.200565 21.894274 33.253471 45.425602 53.491055 53.465950 45.628632 34.062847 29.291170 42.078274 53.414490 58.044155 53.414490 42.078281 29.291170 34.062847 45.628632 53.465950 53.491055 45.425602 33.253471 21.894272 34.200569 42.410580 45.775002 42.238529 33.295563 22.955244 14.698021 29.996529 34.362804 34.254688 29.362343 21.799963 14.568742 9.516423,
 9.766488 11.175280 12.432778 13.204084 13.197254 12.429745 11.167753 16.105398 20.688694 24.683104 26.572823 25.535591 22.199301 17.974876 25.342484 34.383907 42.142971 45.418385 42.622093 35.306332 26.594381 30.471718 41.663837 51.237213 55.114666 51.237217 41.663841 30.471718 26.594381 35.306335 42.622093 45.418388 42.142971 34.383907 25.342484 17.974880 22.199301 25.535591 26.572823 24.683105 20.688694 16.105398 11.167754 12.429745 13.197254 13.204084 12.432778 11.175279 9.766488,
 19.430553 23.568092 23.750181 19.740463 14.469964 10.487632 8.116388 23.193907 32.206371 36.804424 33.153099 24.331387 16.158327 11.215752 23.867336 36.758900 47.659866 48.176861 37.863300 24.794592 15.652213 20.672487 33.499920 48.223785 55.141777 48.223785 33.499920 20.672487 15.652213 24.794586 37.863297 48.176861 47.659878 36.758900 23.867336 11.215750 16.158327 24.331381 33.153099 36.804428 32.206371 23.193907 8.116388 10.487632 14.469963 19.740463 23.750181 23.568092 19.430553,
 11.428652 17.121407 24.826086 28.699455 24.726248 16.844810 10.743408 12.474830 21.337009 33.791466 40.108044 33.723095 21.328020 12.305467 13.310302 24.853201 41.387249 49.885921 41.353378 24.932508 13.368855 13.691536 26.288570 44.414959 53.841751 44.414963 26.288570 13.691536 13.368855 24.932508 41.353374 49.885929 41.387249 24.853201 13.310300 12.305466 21.328022 33.723091 40.108044 33.791466 21.337009 12.474831 10.743408 16.844810 24.726244 28.699455 24.826086 17.121407 11.428650,
 6.601686 8.405408 12.252746 17.738981 21.733009 21.298008 17.237085 8.490339 13.311933 21.833588 31.019455 34.701061 30.255987 21.666912 12.797002 22.152304 35.438374 45.743488 45.336754 34.940983 22.417049 18.555750 31.419563 45.836082 52.494961 45.836086 31.419563 18.555750 22.417049 34.940971 45.336746 45.743488 35.438374 22.152308 12.797002 21.666914 30.255983 34.701057 31.019455 21.833588 13.311933 8.490339 17.237085 21.298008 21.733006 17.738981 12.252746 8.405408 6.601684,
 3.392113 3.784752 4.119895 4.279705 4.232789 4.021149 3.687410 4.594398 5.689863 6.690233 7.138440 6.770503 5.752938 4.539686 6.415360 8.904922 11.238687 12.272949 11.340491 8.968879 6.350073 7.407853 10.772901 13.940868 15.300697 13.940868 10.772901 7.407854 6.350072 8.968879 11.340490 12.272947 11.238687 8.904922 6.415360 4.539686 5.752937 6.770503 7.138440 6.690233 5.689863 4.594398 3.687410 4.021149 4.232789 4.279705 4.119895 3.784752 3.392113,
 5.794150 7.156495 7.737164 6.955598 5.573183 4.601347 4.188306 6.724006 9.229085 11.010928 10.362411 7.856602 5.565742 4.382567 7.010283 10.562540 14.102377 14.625767 11.484440 7.573657 5.119351 6.269625 9.828585 14.416653 16.740879 14.416652 9.828585 6.269625 5.119351 7.573657 11.484440 14.625766 14.102375 10.562540 7.010283 4.382567 5.565742 7.856602 10.362411 11.010928 9.229085 6.724006 4.188306 4.601347 5.573183 6.955597 7.737164 7.156495 5.794150,
 4.208955 5.387033 6.962494 7.751453 6.868333 5.439018 4.650340 4.454079 6.457489 9.413857 11.016705 9.397898 6.567298 4.908435 4.782140 7.501038 11.765244 14.179733 11.787858 7.585465 5.068593 5.031769 7.974928 12.786880 15.561294 12.786880 7.974928 5.031769 5.068592 7.585465 11.787857 14.179733 11.765244 7.501038 4.782140 4.908435 6.567299 9.397896 11.016705 9.413855 6.457489 4.454079 4.650340 5.439017 6.868333 7.751453 6.962494 5.387033 4.208955,
 3.101299 3.543570 4.273914 5.208197 5.936549 5.879469 5.157600 3.481784 4.452376 6.220982 8.204591 8.920888 7.681870 5.748257 4.199541 6.187211 9.460233 12.189891 11.835883 8.814557 5.832518 5.159105 8.131063 12.135509 14.203754 12.135509 8.131063 5.159105 5.832518 8.814557 11.835882 12.189891 9.460233 6.187211 4.199541 5.748257 7.681870 8.920888 8.204590 6.220982 4.452376 3.481784 5.157600 5.879469 5.936549 5.208197 4.273913 3.543570 3.101298,

Pairwise cross-correlations of the modulus of all oriented sub-bands at the same scale (size QxQ)
 56.844051 52.414734 46.022327 52.085274,
 52.414734 59.583900 53.122005 49.738506,
 46.022327 53.122005 57.825840 52.494507,
 52.085274 49.738506 52.494507 58.044167,
 55.114666 50.468784 46.737843 49.485394,
 50.468784 55.141777 49.805534 46.106976,
 46.737843 49.805534 53.841751 48.697910,
 49.485394 46.106976 48.697910 52.494957,

Cross-correlations of the modulus of all oriented sub-bands with all oriented sub-bands at the coarser scale (size QxQ)
 50.437111 46.636459 43.356236 46.222504,
 49.516167 52.012733 48.557774 45.433960,
 44.790195 47.326637 50.016102 46.612511,
 48.500866 44.776756 47.455349 50.257751,
 22.960773 23.040348 21.170723 21.226166,
 21.770287 24.098669 22.112568 20.308556,
 20.147907 22.510693 22.894915 21.161398,
 21.116879 21.248436 21.555384 21.917553,

Cross-correlations of the real part of each oriented sub-band with both the real and imaginary part of all phase-doubled oriented sub-bands at the next coarser scale (Q matrices of size 1x2Q, which are computed and stored in a matrix of size Qx2Q)
 -21.485386 -10.401500 -0.723364 -9.241908 -0.057162 -0.001114 -0.001879 -0.002611,
 -9.668900 -23.518171 -9.435250 -0.744877 -0.018533 -0.002199 -0.050181 0.007235,
 -0.758914 -10.044805 -21.285482 -9.026369 0.000502 0.013455 -0.114126 0.003849,
 -9.066207 -0.887863 -8.902056 -21.140705 -0.014040 0.008618 -0.037511 -0.036486,
 -11.120753 -5.404557 -0.496469 -4.545836 0.067848 0.052437 0.047427 -0.183384,
 -5.273138 -12.326982 -5.520543 -0.420308 -0.081350 0.116135 -0.019949 -0.002498,
 -0.523644 -5.585926 -11.691365 -4.560592 -0.001344 0.077096 -0.424338 -0.257635,
 -4.681712 -0.523769 -4.824791 -10.317286 0.113101 0.021170 -0.195818 -0.553166,
