Low-band skewness and kurtosis
 -11.312484 144.359177,
 -6.873648 55.973038,
 -3.765098 19.161810,
 -0.522191 7.304756,

High-band variance
 17.477421,

Skewness, kurtosis, variance, mean, maximum and minimum of the reconstructed texture
 -11.400122 137.364471 330.361389 253.285065 255.000000 0.000000,

Auto-correlations of the low-frequency bands at each scale
 5.545650 0.845385 0.573266 3.252574 3.426318 4.751322 7.917970 -0.855046 12.984079 54.038902 79.900635 56.565289 16.923443 1.504750 -0.451840 53.948505 164.676041 227.054230 166.130478 56.433384 1.138720 2.538589 80.221649 227.326797 308.097565 227.326797 80.221649 2.538589 1.138720 56.433380 166.130493 227.054230 164.676041 53.948505 -0.451840 1.504750 16.923441 56.565300 79.900635 54.038902 12.984080 -0.855045 7.917970 4.751322 3.426320 3.252574 0.573265 0.845384 5.545649,
 10.497981 6.889140 -3.191859 -6.282137 0.104674 7.795743 7.951574 3.514681 -5.763438 -2.033822 8.027248 1.390667 -4.133176 2.302969 -5.800314 -3.963051 53.426186 99.226265 55.556934 -2.999590 -6.896599 -9.762010 4.483189 98.091255 165.447678 98.091278 4.483189 -9.762012 -6.896599 -2.999590 55.556934 99.226265 53.426186 -3.963051 -5.800314 2.302969 -4.133175 1.390667 8.027248 -2.033822 -5.763438 3.514682 7.951573 7.795743 0.104675 -6.282137 -3.191861 6.889141 10.497981,
 4.072199 3.096823 1.408503 0.706560 3.527624 7.647729 7.776159 6.483634 0.575946 -0.282904 2.061076 0.443386 1.814635 5.903617 3.775307 -0.078971 16.548838 31.858736 16.367111 -0.816035 1.491255 0.363469 0.705728 30.570608 54.645046 30.570608 0.705728 0.363469 1.491255 -0.816035 16.367111 31.858736 16.548838 -0.078971 3.775307 5.903618 1.814635 0.443386 2.061076 -0.282904 0.575947 6.483634 7.776159 7.647728 3.527624 0.706560 1.408503 3.096824 4.072199,
 0.847530 0.723324 0.570462 0.915242 1.391740 1.736539 1.594120 1.090599 0.670292 0.654189 1.187216 1.012295 0.794504 0.937840 0.991449 0.717219 2.345370 4.016027 2.399589 0.543124 0.766912 0.913995 0.886151 3.800893 6.280175 3.800893 0.886151 0.913995 0.766912 0.543124 2.399589 4.016027 2.345369 0.717219 0.991449 0.937840 0.794504 1.012295 1.187216 0.654189 0.670291 1.090599 1.594120 1.736539 1.391740 0.915242 0.570462 0.723324 0.847529,

Auto-correlations of the modulus of each oriented sub-band
 15.727631 17.364204 18.489216 18.915604 18.558901 17.491684 15.886127 25.281128 29.365320 32.242813 33.264595 32.180756 29.280184 25.207020 35.798771 42.816620 47.859646 49.670311 47.746735 42.646729 35.627563 40.461895 48.866222 54.992001 57.265602 54.992001 48.866222 40.461895 35.627563 42.646729 47.746735 49.670311 47.859650 42.816628 35.798767 25.207020 29.280184 32.180759 33.264595 32.242813 29.365320 25.281122 15.886128 17.491684 18.558901 18.915604 18.489218 17.364204 15.727631,
 31.617264 36.179375 35.991734 30.961657 23.358995 16.186531 11.145560 35.804535 44.515644 47.946175 44.229671 35.029781 24.417784 15.857129 35.435616 47.748699 55.869884 55.828602 47.476513 34.825211 22.829350 30.351837 43.952663 55.755867 60.522518 55.755863 43.952663 30.351833 22.829350 34.825211 47.476513 55.828602 55.869884 47.748707 35.435616 15.857129 24.417784 35.029781 44.229671 47.946175 44.515644 35.804535 11.145560 16.186529 23.358995 30.961653 35.991734 36.179382 31.617262,
 16.252121 26.253820 36.871735 41.700443 37.267944 26.903553 16.819172 17.704178 30.371574 44.008049 50.157917 44.243210 30.795786 18.099604 18.724272 33.315788 49.141247 56.265884 49.244267 33.518494 18.924982 19.155088 34.450260 51.050243 58.517502 51.050243 34.450264 19.155088 18.924986 33.518494 49.244274 56.265884 49.141239 33.315788 18.724272 18.099604 30.795784 44.243206 50.157917 44.008049 30.371580 17.704176 16.819172 26.903547 37.267944 41.700447 36.871738 26.253820 16.252119,
 10.340068 15.398500 22.729120 30.509012 35.591141 35.657238 30.885456 15.053652 23.608803 34.344269 43.669357 47.383533 43.799915 34.914268 21.984465 33.977688 46.752991 55.201294 55.191551 46.904385 34.477669 29.432180 43.075863 55.029110 59.880875 55.029106 43.075863 29.432178 34.477669 46.904373 55.191551 55.201294 46.752983 33.977695 21.984463 34.914272 43.799911 47.383533 43.669361 34.344269 23.608807 15.053650 30.885462 35.657238 35.591141 30.509012 22.729116 15.398500 10.340067,
 12.447050 13.331190 14.243953 14.770574 14.644763 13.934547 12.906238 17.070593 21.022877 24.599476 26.167627 24.918350 21.533205 17.504000 24.396172 32.996349 40.597984 43.754932 40.785671 33.301552 24.657307 28.437376 39.544247 49.309708 53.306305 49.309708 39.544247 28.437376 24.657307 33.301548 40.785667 43.754932 40.597984 32.996349 24.396172 17.504000 21.533205 24.918348 26.167627 24.599482 21.022877 17.070591 12.906238 13.934547 14.644763 14.770574 14.243953 13.331190 12.447050,
 20.724060 24.682058 24.952162 21.049540 15.769554 12.044024 10.545156 24.169420 33.152885 37.868641 34.353436 25.206211 16.506845 11.688450 24.105051 37.349781 48.529251 49.234669 38.687176 24.803806 15.126619 20.214569 33.707302 49.032856 56.121635 49.032860 33.707302 20.214569 15.126619 24.803802 38.687176 49.234661 48.529251 37.349785 24.105051 11.688452 16.506844 25.206209 34.353436 37.868641 33.152885 24.169416 10.545156 12.044024 15.769556 21.049540 24.952158 24.682058 20.724060,
 11.796348 17.219976 24.670189 28.500555 24.898842 17.350170 11.579483 12.231210 20.831652 33.065704 39.320961 33.104824 20.701540 11.800527 12.441210 23.785591 40.238712 48.754189 40.201534 23.639484 12.129909 12.397470 24.888353 43.080521 52.607071 43.080524 24.888353 12.397470 12.129909 23.639481 40.201534 48.754196 40.238716 23.785595 12.441209 11.800528 20.701540 33.104824 39.320961 33.065708 20.831654 12.231210 11.579484 17.350170 24.898842 28.500553 24.670189 17.219980 11.796349,
 9.192646 10.770937 14.826374 20.465689 24.444958 24.017200 19.952938 10.267948 15.167618 24.009758 33.145466 36.491676 31.728456 22.859867 13.733257 23.460403 37.224586 47.493935 46.706612 35.773636 22.752533 18.892191 32.300064 47.286350 54.108200 47.286350 32.300064 18.892193 22.752533 35.773636 46.706600 47.493927 37.224583 23.460405 13.733258 22.859865 31.728456 36.491676 33.145466 24.009762 15.167618 10.267948 19.952934 24.017206 24.444958 20.465693 14.826374 10.770936 9.192648,
 6.362748 6.823336 7.223510 7.518310 7.626718 7.516577 7.249265 7.640667 8.617418 9.375738 9.652601 9.286228 8.436089 7.498816 9.356791 11.587413 13.547036 14.260832 13.225427 11.037312 8.795341 10.030717 13.089968 16.029305 17.304962 16.029305 13.089967 10.030717 8.795341 11.037313 13.225428 14.260832 13.547033 11.587411 9.356791 7.498815 8.436090 9.286231 9.652601 9.375738 8.617416 7.640667 7.249264 7.516579 7.626719 7.518309 7.223508 6.823334 6.362748,
 7.284146 8.253922 8.767125 8.560379 8.028822 7.522631 7.059102 8.516468 10.549394 11.821517 11.248180 9.520239 8.044967 7.229396 9.023109 12.105999 15.016821 15.249258 12.563993 9.486002 7.643393 8.470078 11.448215 15.359433 17.383888 15.359433 11.448214 8.470078 7.643394 9.486002 12.563993 15.249260 15.016823 12.105999 9.023109 7.229396 8.044966 9.520238 11.248179 11.821517 10.549394 8.516468 7.059102 7.522631 8.028821 8.560379 8.767125 8.253922 7.284147,
 5.568203 6.454765 8.112739 9.282246 8.581666 6.975058 5.825937 5.963638 7.304255 10.076313 12.004562 10.571083 7.784201 6.096833 6.197126 8.086705 12.047075 14.706665 12.369576 8.370117 6.227325 6.265686 8.502858 13.016285 15.907787 13.016285 8.502858 6.265686 6.227325 8.370117 12.369574 14.706665 12.047075 8.086704 6.197126 6.096832 7.784202 10.571080 12.004562 10.076312 7.304255 5.963638 5.825937 6.975059 8.581666 9.282246 8.112739 6.454765 5.568203,
 5.974778 6.511848 7.325745 8.475331 9.331459 9.089499 7.864711 6.527068 7.324868 9.152475 11.462756 12.330730 10.784340 8.179366 6.922429 8.809238 12.353172 15.465400 15.108917 11.588102 8.004034 7.455413 10.691025 15.201604 17.541183 15.201604 10.691025 7.455412 8.004036 11.588100 15.108918 15.465399 12.353171 8.809237 6.922427 8.179366 10.784340 12.330729 11.462756 9.152473 7.324867 6.527068 7.864711 9.089499 9.331459 8.475330 7.325745 6.511848 5.974777,

Pairwise cross-correlations of the modulus of all oriented sub-bands at the same scale (size QxQ)
 57.265583 53.100189 46.461960 52.682529,
 53.100189 60.522530 53.984768 50.977428,
 46.461960 53.984768 58.517506 53.811695,
 52.682529 50.977428 53.811695 59.880859,
 53.306313 50.237534 45.866615 49.300343,
 50.237534 56.121628 49.633400 47.074200,
 45.866615 49.633400 52.607059 48.873852,
 49.300343 47.074200 48.873852 54.108189,

Cross-correlations of the modulus of all oriented sub-bands with all oriented sub-bands at the coarser scale (size QxQ)
 50.002029 47.578178 42.814922 46.739140,
 48.619705 52.763050 47.881294 45.736511,
 44.412949 48.434441 49.737896 47.561790,
 48.346733 46.572411 47.546165 51.064896,
 24.343569 23.404310 20.972464 22.917336,
 23.953350 24.833248 22.442074 22.488819,
 21.832399 22.767656 22.634817 22.887367,
 23.343048 21.962490 21.976372 24.252890,

Cross-correlations of the real part of each oriented sub-band with both the real and imaginary part of all phase-doubled oriented sub-bands at the next coarser scale (Q matrices of size 1x2Q, which are computed and stored in a matrix of size Qx2Q)
 -21.431574 -9.950532 -0.785697 -9.488368 -0.015206 -0.017436 -0.000208 0.009466,
 -9.622091 -22.910313 -9.144580 -0.731378 -0.005991 0.003749 0.041029 -0.000804,
 -0.854389 -9.572955 -20.749470 -9.229180 0.021974 0.014623 0.107665 0.031425,
 -9.311248 -0.711933 -8.916358 -21.827667 0.034705 -0.005209 0.056368 0.060943,
 -11.915772 -5.511742 -0.532344 -5.307514 0.080976 0.022028 -0.019458 0.045173,
 -5.567946 -11.887637 -4.740930 -0.412935 0.090233 -0.200210 -0.223729 0.007971,
 -0.573081 -4.799217 -10.751751 -5.114363 0.039467 -0.152407 -0.201403 -0.069080,
 -5.278708 -0.401938 -4.969105 -12.062096 0.085500 0.003337 -0.001329 -0.029847,
