Low-band skewness and kurtosis
 -11.497779 149.278778,
 -6.988598 58.357609,
 -3.665378 18.403156,
 -0.492248 5.613646,

High-band variance
 17.459126,

Skewness, kurtosis, variance, mean, maximum and minimum of the reconstructed texture
 -11.550365 140.864349 324.753113 253.323654 255.000000 0.000000,

Auto-correlations of the low-frequency bands at each scale
 0.188169 -0.873811 1.044284 2.323710 -0.361493 -0.780149 3.109899 -3.160729 13.027778 54.028519 78.051834 53.424034 13.548710 -0.632252 -0.555725 54.454441 162.849350 222.968002 162.811218 55.105194 1.233622 3.425117 80.194206 224.024536 302.673309 224.024521 80.194214 3.425117 1.233622 55.105190 162.811203 222.968002 162.849350 54.454441 -0.555725 -0.632252 13.548709 53.424026 78.051834 54.028519 13.027781 -3.160730 3.109899 -0.780149 -0.361494 2.323710 1.044285 -0.873811 0.188169,
 4.142051 -1.357044 -5.766980 -4.241178 0.675222 6.520689 7.202603 0.902052 -12.250739 -5.691364 6.303674 -2.749930 -8.287269 1.536794 -4.776350 -5.849934 51.396996 96.968987 52.109936 -4.724967 -5.199360 -6.641717 5.394294 97.143867 164.108734 97.143890 5.394295 -6.641717 -5.199359 -4.724967 52.109924 96.968987 51.397007 -5.849934 -4.776350 1.536795 -8.287269 -2.749931 6.303674 -5.691363 -12.250739 0.902052 7.202603 6.520688 0.675222 -4.241178 -5.766980 -1.357043 4.142052,
 5.488251 1.302958 -3.962054 -2.938563 1.149202 2.935808 1.961480 1.753801 -4.326061 -5.039700 -0.179941 -0.891006 -2.470972 0.205063 -1.499042 -3.782680 13.985023 30.460690 16.101555 -2.978844 -2.008167 -2.536715 -0.690362 30.024572 53.419041 30.024572 -0.690362 -2.536715 -2.008167 -2.978844 16.101553 30.460686 13.985023 -3.782680 -1.499042 0.205063 -2.470972 -0.891006 -0.179942 -5.039700 -4.326060 1.753801 1.961480 2.935808 1.149201 -2.938563 -3.962053 1.302958 5.488251,
 0.288584 0.781051 1.161827 0.810146 0.161435 0.531994 1.548963 -0.030869 -0.304680 0.244468 0.348364 -0.712423 -0.648814 0.806078 0.355319 -0.168994 2.035990 3.710803 1.483803 -0.494839 0.377359 0.659082 0.348981 3.821058 6.683852 3.821058 0.348981 0.659082 0.377359 -0.494839 1.483803 3.710804 2.035990 -0.168994 0.355319 0.806078 -0.648814 -0.712423 0.348364 0.244467 -0.304680 -0.030869 1.548963 0.531994 0.161435 0.810146 1.161828 0.781051 0.288584,

Auto-correlations of the modulus of each oriented sub-band
 13.562965 15.215396 16.438993 17.017212 16.828453 15.934201 14.510469 23.644379 27.603472 30.498550 31.665350 30.789843 28.131958 24.325396 34.528355 41.196312 46.064461 47.922302 46.225868 41.485046 34.892891 39.500496 47.405056 53.161144 55.296852 53.161140 47.405056 39.500496 34.892891 41.485043 46.225868 47.922302 46.064453 41.196312 34.528355 24.325396 28.131962 30.789843 31.665350 30.498550 27.603472 23.644379 14.510471 15.934201 16.828455 17.017212 16.438992 15.215399 13.562965,
 28.799509 33.616783 33.804138 29.107981 21.734587 14.688072 9.749445 33.365459 42.034519 45.636349 42.171715 33.258560 22.900593 14.567126 33.390285 45.373672 53.398823 53.454071 45.373348 33.084164 21.479284 28.713726 41.855663 53.336819 57.980335 53.336819 41.855667 28.713726 21.479284 33.084164 45.373344 53.454071 53.398823 45.373676 33.390282 14.567125 22.900591 33.258560 42.171715 45.636349 42.034527 33.365456 9.749445 14.688069 21.734587 29.107985 33.804138 33.616791 28.799509,
 13.963159 24.575119 35.543591 40.371918 35.768684 25.238781 15.213132 15.716967 28.753736 42.540413 48.621834 42.618149 29.118017 16.523207 16.975861 31.726463 47.569000 54.605534 47.575111 31.874836 17.366648 17.551714 32.849590 49.411652 56.820862 49.411652 32.849590 17.551714 17.366650 31.874834 47.575111 54.605534 47.569000 31.726463 16.975857 16.523207 29.118013 42.618149 48.621838 42.540405 28.753742 15.716966 15.213132 25.238781 35.768688 40.371918 35.543591 24.575123 13.963159,
 8.706903 14.070756 21.454657 29.071665 34.034401 34.200974 29.741491 14.035107 22.624306 33.116848 42.118088 45.773636 42.499992 34.118576 21.418116 33.146866 45.435398 53.514160 53.604641 45.822384 33.979282 29.043503 42.187027 53.555546 58.124527 53.555546 42.187035 29.043503 33.979282 45.822384 53.604641 53.514160 45.435394 33.146873 21.418116 34.118572 42.499985 45.773636 42.118088 33.116844 22.624306 14.035107 29.741495 34.200974 34.034401 29.071665 21.454655 14.070757 8.706905,
 7.577995 8.980595 10.449662 11.468645 11.576648 10.680987 9.059350 14.980314 19.541662 23.438765 25.131042 23.835230 20.132765 15.436806 24.429743 33.642174 41.307072 44.288925 41.190449 33.508892 24.323864 28.991411 40.565750 50.270535 54.136799 50.270535 40.565750 28.991411 24.323864 33.508892 41.190445 44.288933 41.307072 33.642178 24.429743 15.436806 20.132765 23.835228 25.131039 23.438766 19.541662 14.980312 9.059351 10.680987 11.576645 11.468645 10.449664 8.980595 7.577994,
 15.836244 19.861959 20.498142 17.105766 12.150833 8.142975 5.659329 20.640455 29.519617 34.130680 30.739664 21.923014 13.318775 7.855576 21.538452 34.766411 45.599667 46.104527 35.742134 22.114239 12.085989 17.703140 31.364126 46.367825 53.240841 46.367828 31.364126 17.703140 12.085989 22.114239 35.742130 46.104527 45.599674 34.766411 21.538448 7.855575 13.318774 21.923010 30.739664 34.130684 29.519619 20.640453 5.659329 8.142975 12.150833 17.105766 20.498144 19.861959 15.836244,
 6.718715 13.363646 23.208099 28.889570 25.451706 16.968842 9.936298 8.478129 18.347290 32.770679 40.591663 34.382542 20.966900 10.702454 10.001801 22.624031 40.819771 50.376717 41.667645 24.007153 11.125776 10.937541 24.747028 44.270580 54.273022 44.270588 24.747030 10.937540 11.125776 24.007151 41.667637 50.376713 40.819771 22.624031 10.001801 10.702454 20.966898 34.382542 40.591663 32.770679 18.347290 8.478129 9.936299 16.968840 25.451702 28.889570 23.208099 13.363646 6.718715,
 3.498907 5.952001 11.015742 17.731081 22.402256 21.853291 16.934542 5.932684 11.502987 21.228361 31.413401 35.377186 30.336559 20.522013 10.407559 20.726683 35.264389 46.370823 45.848038 34.429749 20.527651 16.267254 30.370153 46.026920 53.205967 46.026920 30.370153 16.267254 20.527647 34.429749 45.848038 46.370823 35.264393 20.726683 10.407559 20.522013 30.336559 35.377186 31.413397 21.228361 11.502988 5.932684 16.934542 21.853291 22.402256 17.731081 11.015741 5.952002 3.498908,
 3.835165 3.734043 3.755194 3.782692 3.684648 3.443718 3.150323 4.838854 5.632367 6.540750 6.985891 6.575432 5.520353 4.374781 6.899287 9.295550 11.692418 12.752489 11.700809 9.202442 6.603045 7.954024 11.305671 14.595314 16.034090 14.595314 11.305669 7.954024 6.603045 9.202442 11.700809 12.752489 11.692418 9.295550 6.899286 4.374781 5.520353 6.575432 6.985889 6.540749 5.632367 4.838854 3.150323 3.443718 3.684648 3.782692 3.755193 3.734042 3.835165,
 5.586485 6.250836 6.327281 5.486227 4.311750 3.517109 3.208884 6.613257 8.802231 10.241767 9.424696 6.929018 4.681302 3.659632 6.736297 10.325867 13.923959 14.373067 11.071061 6.937106 4.556464 5.809043 9.443943 14.345125 16.798647 14.345125 9.443943 5.809043 4.556464 6.937106 11.071061 14.373065 13.923959 10.325867 6.736297 3.659633 4.681302 6.929018 9.424696 10.241767 8.802229 6.613256 3.208884 3.517110 4.311750 5.486226 6.327281 6.250836 5.586485,
 3.355536 4.339126 6.248569 7.441195 6.503739 4.510324 3.360981 3.314067 5.278917 8.832471 10.836298 8.906451 5.239262 3.163201 3.219361 6.120586 11.248837 14.076591 11.231831 6.030591 3.089185 3.130051 6.429997 12.251312 15.472431 12.251312 6.429997 3.130051 3.089185 6.030592 11.231831 14.076591 11.248837 6.120585 3.219362 3.163201 5.239262 8.906451 10.836297 8.832471 5.278916 3.314067 3.360981 4.510324 6.503739 7.441195 6.248568 4.339126 3.355536,
 2.751599 2.677489 3.433495 4.852654 5.876514 5.633928 4.490663 2.595808 3.352826 5.612985 8.282462 9.242212 7.747845 5.265502 3.153684 5.431519 9.475705 12.757672 12.480585 9.046264 5.365481 4.387397 8.020916 12.712623 14.994406 12.712623 8.020916 4.387397 5.365481 9.046264 12.480585 12.757672 9.475705 5.431519 3.153684 5.265502 7.747845 9.242212 8.282462 5.612985 3.352826 2.595808 4.490663 5.633927 5.876514 4.852654 3.433496 2.677489 2.751599,

Pairwise cross-correlations of the modulus of all oriented sub-bands at the same scale (size QxQ)
 55.296879 50.981689 44.228371 51.239822,
 50.981689 57.980324 52.029537 49.450321,
 44.228371 52.029537 56.820873 51.929512,
 51.239822 49.450321 51.929512 58.124535,
 54.136799 49.132366 46.445065 49.348263,
 49.132366 53.240845 49.144516 45.321339,
 46.445065 49.144516 54.273033 49.309566,
 49.348263 45.321339 49.309566 53.205978,

Cross-correlations of the modulus of all oriented sub-bands with all oriented sub-bands at the coarser scale (size QxQ)
 49.385056 45.403534 42.424904 45.382496,
 48.290100 50.568733 47.749393 44.670444,
 43.568466 46.256115 49.948895 46.347904,
 48.147366 44.622551 47.896107 50.504173,
 23.581577 23.166117 20.496811 21.537889,
 22.078218 24.111477 21.531757 20.135168,
 20.982975 22.866354 22.563208 21.233644,
 21.913044 21.672256 21.131027 22.108727,

Cross-correlations of the real part of each oriented sub-band with both the real and imaginary part of all phase-doubled oriented sub-bands at the next coarser scale (Q matrices of size 1x2Q, which are computed and stored in a matrix of size Qx2Q)
 -21.037235 -9.625175 -0.768025 -9.489546 0.067279 0.009149 0.002093 -0.006343,
 -9.157205 -22.375340 -9.224380 -0.771501 0.030981 0.029693 0.016287 -0.004186,
 -0.729375 -9.632426 -21.335314 -9.494777 0.000995 0.021874 0.055307 0.037140,
 -9.118063 -0.784947 -9.203430 -22.037878 0.011197 0.005868 0.029579 0.047854,
 -12.790804 -6.063659 -0.484715 -4.958954 0.114225 -0.102505 -0.010493 0.151747,
 -5.975738 -13.117443 -5.437279 -0.485379 0.033265 -0.135475 -0.018030 -0.014232,
 -0.476989 -5.499061 -12.413037 -5.288929 -0.059201 -0.028528 -0.070177 0.087169,
 -5.194674 -0.542310 -5.411237 -11.606417 -0.037047 -0.010657 -0.037294 0.338332,
