Low-band skewness and kurtosis
 -11.380966 146.348511,
 -6.827974 55.399635,
 -3.725852 18.665260,
 -0.479416 4.934185,

High-band variance
 17.701359,

Skewness, kurtosis, variance, mean, maximum and minimum of the reconstructed texture
 -11.462312 138.861725 327.594238 253.301163 255.000000 0.000000,

Auto-correlations of the low-frequency bands at each scale
 1.562733 -1.403638 1.552938 3.627356 -0.480570 -2.233923 1.584999 -2.509874 11.482730 53.282097 78.190437 52.269318 11.603658 -1.225756 -1.373004 52.327477 162.744064 224.426666 162.398163 52.886993 0.268919 1.706057 77.719604 224.325653 305.134064 224.325623 77.719612 1.706057 0.268919 52.886990 162.398148 224.426666 162.744064 52.327484 -1.373003 -1.225757 11.603656 52.269310 78.190445 53.282097 11.482731 -2.509873 1.585000 -2.233924 -0.480568 3.627356 1.552936 -1.403638 1.562733,
 8.644354 5.224745 0.635664 -0.535886 -1.564605 1.635503 5.707612 4.986939 -7.089638 -0.437652 10.369843 -2.335330 -9.115731 3.539927 -4.948903 -6.201400 51.504662 97.438133 51.861908 -4.274583 -2.499932 -7.341651 3.666972 95.286301 162.586029 95.286316 3.666972 -7.341651 -2.499932 -4.274583 51.861900 97.438133 51.504665 -6.201399 -4.948903 3.539927 -9.115730 -2.335330 10.369843 -0.437652 -7.089638 4.986939 5.707612 1.635503 -1.564605 -0.535886 0.635665 5.224746 8.644354,
 3.145540 3.876908 1.292875 0.020743 1.283430 3.672990 5.187356 3.108615 0.535249 0.062599 2.032198 -1.265606 -1.848714 4.039527 1.697227 0.361728 16.629887 30.869659 15.083201 -2.249987 1.619763 1.009108 1.410100 30.166759 53.176933 30.166756 1.410100 1.009108 1.619763 -2.249987 15.083200 30.869656 16.629885 0.361728 1.697227 4.039527 -1.848714 -1.265606 2.032198 0.062600 0.535250 3.108615 5.187357 3.672990 1.283430 0.020744 1.292874 3.876908 3.145540,
 0.852585 0.980908 0.505378 0.095247 0.290711 0.841372 1.144330 0.766812 0.538700 0.385686 0.404161 -0.072264 0.053738 0.828267 0.379324 0.491125 2.772066 4.632069 2.469306 0.087671 0.373140 0.221950 0.670729 4.751157 7.896410 4.751157 0.670729 0.221950 0.373140 0.087671 2.469306 4.632070 2.772066 0.491125 0.379323 0.828267 0.053738 -0.072264 0.404161 0.385686 0.538700 0.766812 1.144330 0.841372 0.290711 0.095247 0.505378 0.980908 0.852585,

Auto-correlations of the modulus of each oriented sub-band
 16.081760 17.580303 18.566071 18.834551 18.314234 17.121416 15.468233 25.764139 29.831772 32.681591 33.661827 32.528873 29.593550 25.520262 36.370846 43.405357 48.431740 50.237762 48.345547 43.296837 36.311455 41.109585 49.474277 55.512489 57.736046 55.512489 49.474285 41.109585 36.311451 43.296833 48.345547 50.237762 48.431740 43.405357 36.370846 25.520262 29.593544 32.528877 33.661831 32.681587 29.831778 25.764137 15.468233 17.121416 18.314234 18.834553 18.566071 17.580305 16.081760,
 29.926306 34.725548 34.934208 30.221125 22.716574 15.430850 10.253664 34.260460 43.047054 46.716095 43.195530 34.090694 23.459255 14.916052 34.042183 46.334164 54.590927 54.652950 46.331589 33.663612 21.747152 29.109636 42.639046 54.504951 59.310535 54.504944 42.639050 29.109634 21.747156 33.663612 46.331596 54.652946 54.590927 46.334160 34.042183 14.916053 23.459255 34.090694 43.195530 46.716095 43.047058 34.260452 10.253665 15.430850 22.716578 30.221125 34.934212 34.725548 29.926306,
 14.841046 25.535402 36.984280 42.010624 36.900459 25.516073 14.814332 16.392284 29.613087 43.973774 50.357044 43.908676 29.606775 16.391920 17.466480 32.527103 49.021404 56.423233 48.986961 32.530052 17.475481 17.861162 33.599773 50.871906 58.668674 50.871906 33.599773 17.861162 17.475481 32.530048 48.986973 56.423233 49.021404 32.527107 17.466480 16.391920 29.606775 43.908676 50.357044 43.973774 29.613087 16.392284 14.814335 25.516069 36.900459 42.010620 36.984276 25.535406 14.841046,
 10.170625 15.452723 22.813046 30.332359 35.021507 34.772598 29.931280 14.845668 23.562737 34.298306 43.460125 47.012371 43.374722 34.576778 21.859512 33.944107 46.705147 55.085056 55.074352 46.833668 34.476265 29.439722 43.092712 55.010628 59.822006 55.010628 43.092716 29.439722 34.476265 46.833660 55.074352 55.085056 46.705147 33.944107 21.859512 34.576778 43.374722 47.012371 43.460125 34.298306 23.562737 14.845665 29.931284 34.772591 35.021511 30.332359 22.813046 15.452725 10.170625,
 11.267722 12.427746 13.299621 13.575313 13.067428 11.950985 10.641414 17.619051 21.916206 25.507795 26.875463 25.271299 21.426876 16.949463 25.724550 34.720993 42.423038 45.532970 42.424591 34.623592 25.480112 29.723629 41.222862 51.114479 55.118385 51.114479 41.222862 29.723629 25.480112 34.623592 42.424583 45.532963 42.423046 34.720997 25.724550 16.949463 21.426876 25.271297 26.875463 25.507795 21.916206 17.619049 10.641417 11.950985 13.067428 13.575313 13.299621 12.427746 11.267722,
 18.019833 21.627527 21.751616 17.845652 12.429181 8.302514 6.204417 22.197525 30.611172 34.775429 31.060125 21.995007 13.356435 8.292306 22.526962 35.294052 45.752491 46.058144 35.637329 22.123735 12.538384 18.292639 31.519903 46.294601 53.088806 46.294605 31.519903 18.292639 12.538384 22.123735 35.637329 46.058144 45.752495 35.294044 22.526962 8.292306 13.356437 21.995005 31.060125 34.775425 30.611170 22.197523 6.204417 8.302515 12.429181 17.845654 21.751616 21.627527 18.019833,
 10.241203 15.615465 23.522301 27.577047 23.207644 14.708607 8.683700 11.349452 19.796679 32.349041 38.849304 32.091732 19.023687 10.046505 12.040036 23.203388 39.846390 48.533951 39.713554 22.766964 11.302124 12.051588 24.407137 42.813641 52.456772 42.813641 24.407137 12.051588 11.302127 22.766964 39.713554 48.533951 39.846390 23.203388 12.040035 10.046506 19.023685 32.091728 38.849304 32.349045 19.796680 11.349452 8.683700 14.708607 23.207640 27.577047 23.522301 15.615467 10.241203,
 7.956507 9.315207 12.907086 18.058695 21.656223 21.013235 16.951385 9.680747 13.952647 22.083456 30.822681 34.188099 29.675673 21.101517 13.259457 22.213198 35.335602 45.491055 45.003361 34.477505 21.842794 18.284443 31.105326 45.666924 52.388622 45.666927 31.105322 18.284441 21.842794 34.477505 45.003353 45.491055 35.335609 22.213198 13.259456 21.101517 29.675667 34.188099 30.822681 22.083458 13.952647 9.680745 16.951385 21.013237 21.656223 18.058695 12.907087 9.315206 7.956506,
 3.826509 4.107440 4.326391 4.372298 4.212393 3.909150 3.576348 5.033874 6.090868 7.064309 7.465077 7.064550 6.094956 5.014605 6.868841 9.337632 11.683257 12.730567 11.847211 9.592497 7.113761 8.074241 11.389756 14.523222 15.869367 14.523222 11.389754 8.074241 7.113761 9.592497 11.847211 12.730567 11.683257 9.337630 6.868840 5.014605 6.094957 7.064550 7.465077 7.064309 6.090868 5.033875 3.576348 3.909150 4.212393 4.372298 4.326391 4.107440 3.826509,
 4.807174 5.765179 5.902578 4.954461 3.827394 3.287487 3.197851 5.757289 8.048360 9.377365 8.373878 5.948140 4.036007 3.268640 5.746838 9.177310 12.470420 12.650193 9.461664 5.817762 3.754859 4.792392 8.100172 12.515652 14.791965 12.515652 8.100171 4.792393 3.754859 5.817762 9.461663 12.650193 12.470420 9.177310 5.746838 3.268640 4.036006 5.948140 8.373878 9.377365 8.048360 5.757289 3.197851 3.287486 3.827394 4.954461 5.902578 5.765178 4.807174,
 4.009253 5.095556 6.634174 7.538629 6.663936 4.973272 3.896599 4.217998 6.067354 8.996999 10.694960 8.965829 5.866218 4.066752 4.342124 6.855727 11.096265 13.578511 11.058296 6.703046 4.230311 4.342208 7.108771 11.941529 14.792470 11.941529 7.108771 4.342208 4.230311 6.703045 11.058296 13.578511 11.096265 6.855728 4.342124 4.066752 5.866218 8.965829 10.694960 8.996999 6.067354 4.217998 3.896599 4.973271 6.663936 7.538629 6.634174 5.095556 4.009252,
 3.327452 3.912082 4.771230 5.842057 6.592628 6.436915 5.515373 3.990728 5.309843 7.351099 9.517914 10.274071 8.941819 6.666392 5.014852 7.470672 11.054002 13.930070 13.628341 10.467360 7.011449 6.246706 9.730996 13.983715 16.077560 13.983715 9.730996 6.246706 7.011449 10.467360 13.628338 13.930070 11.054003 7.470672 5.014852 6.666392 8.941819 10.274071 9.517913 7.351097 5.309843 3.990728 5.515373 6.436916 6.592628 5.842057 4.771230 3.912082 3.327453,

Pairwise cross-correlations of the modulus of all oriented sub-bands at the same scale (size QxQ)
 57.736038 53.016010 46.739151 53.260826,
 53.016010 59.310524 53.480957 50.698654,
 46.739151 53.480957 58.668667 53.819721,
 53.260826 50.698654 53.819721 59.822006,
 55.118374 49.620541 46.202847 49.516827,
 49.620541 53.088810 48.803905 45.545219,
 46.202847 48.803905 52.456760 47.917294,
 49.516827 45.545219 47.917294 52.388618,

Cross-correlations of the modulus of all oriented sub-bands with all oriented sub-bands at the coarser scale (size QxQ)
 50.752312 46.885735 43.551250 46.438503,
 48.652233 50.721893 47.827324 44.673294,
 44.607914 46.678150 49.655499 46.340839,
 48.963913 45.660091 48.342899 50.794426,
 23.337132 21.661009 20.351749 22.734756,
 21.476006 21.972979 21.046076 21.318840,
 20.464256 20.900974 21.993858 22.008816,
 21.560400 20.056721 21.177303 23.151724,

Cross-correlations of the real part of each oriented sub-band with both the real and imaginary part of all phase-doubled oriented sub-bands at the next coarser scale (Q matrices of size 1x2Q, which are computed and stored in a matrix of size Qx2Q)
 -22.257710 -9.798251 -0.697025 -9.876122 0.070742 0.002859 -0.000644 -0.004050,
 -9.521551 -22.444201 -8.988266 -0.834454 -0.009549 0.013432 -0.018551 -0.000382,
 -0.759292 -9.587166 -20.561222 -9.408463 -0.010193 -0.034416 0.043360 0.008066,
 -9.670159 -0.785198 -8.826464 -22.199516 0.024121 -0.008549 0.033030 -0.027816,
 -12.114598 -4.941504 -0.424194 -5.184118 -0.300682 -0.126837 -0.010058 0.010763,
 -5.145434 -10.912084 -4.602446 -0.498460 -0.265125 -0.031021 0.113034 0.028567,
 -0.471441 -4.734124 -10.636368 -4.946934 -0.034503 0.073677 0.129639 0.014552,
 -5.378054 -0.470303 -4.772453 -11.401666 -0.052388 0.004756 0.012481 -0.039831,
