Low-band skewness and kurtosis
 -11.637029 151.984848,
 -7.781338 73.372612,
 -5.112171 35.805286,
 0.585845 9.083104,

High-band variance
 16.897177,

Skewness, kurtosis, variance, mean, maximum and minimum of the reconstructed texture
 -11.672986 143.615524 322.025116 253.351578 255.000000 0.000000,

Auto-correlations of the low-frequency bands at each scale
 18.784472 17.096804 18.495502 19.970871 17.095867 14.984696 16.291969 14.285167 28.712904 66.171928 89.354073 68.320633 31.065962 14.115580 16.471859 68.839676 169.154022 225.409851 171.700699 71.917976 17.416449 20.405523 95.227356 228.623978 300.728546 228.624008 95.227356 20.405523 17.416452 71.917969 171.700699 225.409821 169.154022 68.839699 16.471859 14.115581 31.065956 68.320633 89.354065 66.171928 28.712906 14.285167 16.291969 14.984692 17.095867 19.970869 18.495501 17.096806 18.784472,
 14.201196 10.977009 4.600138 0.946660 0.333573 5.959772 9.534586 10.723332 3.936168 12.086703 20.795904 8.143672 1.766428 12.232643 4.548868 9.523293 67.427116 110.094727 65.542259 9.887053 8.476838 3.859990 18.717388 108.219788 172.165222 108.219788 18.717392 3.859989 8.476837 9.887053 65.542252 110.094727 67.427124 9.523293 4.548868 12.232643 1.766428 8.143674 20.795902 12.086703 3.936168 10.723333 9.534584 5.959771 0.333573 0.946660 4.600139 10.977011 14.201196,
 20.235752 15.300813 7.498567 7.308256 10.507692 9.981618 7.493160 14.994370 7.255788 4.425253 7.349934 3.764760 0.090223 3.544373 11.384278 8.587341 25.796837 41.048630 23.602448 2.273216 2.981066 8.207183 11.272318 43.565380 68.128021 43.565380 11.272318 8.207183 2.981065 2.273216 23.602446 41.048626 25.796833 8.587340 11.384279 3.544372 0.090223 3.764761 7.349933 4.425252 7.255788 14.994370 7.493159 9.981618 10.507691 7.308254 7.498565 15.300811 20.235752,
 0.253319 0.739905 1.463914 2.295789 2.487205 2.489411 2.854695 1.081872 0.650815 1.147078 2.243840 2.198765 2.298123 3.195183 2.763236 2.381563 4.168080 6.171357 4.710116 3.132468 3.848290 4.113089 4.031902 7.043765 9.639225 7.043765 4.031902 4.113089 3.848290 3.132468 4.710117 6.171357 4.168081 2.381562 2.763236 3.195183 2.298123 2.198766 2.243840 1.147078 0.650814 1.081872 2.854695 2.489411 2.487206 2.295788 1.463914 0.739905 0.253318,

Auto-correlations of the modulus of each oriented sub-band
 19.140373 20.104261 20.655773 20.663763 20.105474 19.073259 17.701225 26.318167 29.176184 31.131651 31.666550 30.594698 28.188995 24.982962 34.109177 39.389343 43.209244 44.504463 42.840366 38.726471 33.241035 37.358612 43.883049 48.742672 50.572788 48.742672 43.883049 37.358612 33.241035 38.726471 42.840366 44.504467 43.209244 39.389343 34.109169 24.982962 28.188997 30.594700 31.666548 31.131651 29.176184 26.318165 17.701227 19.073263 20.105474 20.663763 20.655773 20.104263 19.140373,
 32.568501 36.271313 36.122643 31.958643 25.693987 19.855888 15.858046 36.223003 43.268459 46.094032 43.000431 35.408424 26.798698 20.026600 36.051235 45.992813 52.704628 52.666405 45.708286 35.371544 25.821781 31.955086 42.875233 52.601990 56.606010 52.601990 42.875233 31.955084 25.821783 35.371544 45.708286 52.666412 52.704628 45.992817 36.051228 20.026600 26.798695 35.408424 43.000431 46.094025 43.268459 36.222996 15.858046 19.855888 25.693989 31.958643 36.122639 36.271313 32.568504,
 20.519672 28.996540 38.017654 41.897640 37.563732 28.329657 19.896275 22.071846 32.574680 44.039669 49.107784 43.632488 31.990015 21.544436 23.033123 34.999527 48.315746 54.358627 48.066067 34.654560 22.733585 23.266409 35.753231 49.792946 56.308640 49.792946 35.753231 23.266409 22.733587 34.654556 48.066074 54.358627 48.315746 34.999527 23.033121 21.544436 31.990011 43.632488 49.107784 44.039669 32.574680 22.071846 19.896275 28.329653 37.563732 41.897648 38.017654 28.996542 20.519670,
 15.879310 19.325964 24.339630 29.679411 33.120529 32.949730 29.283676 19.264984 25.275085 33.053722 39.945335 42.652855 39.782913 32.941120 24.076059 32.874352 42.622433 49.245060 49.180405 42.562599 32.947308 29.360937 39.733799 49.187572 53.130821 49.187572 39.733803 29.360937 32.947308 42.562595 49.180412 49.245068 42.622421 32.874352 24.076054 32.941120 39.782909 42.652863 39.945335 33.053722 25.275089 19.264984 29.283678 32.949730 33.120529 29.679411 24.339630 19.325966 15.879310,
 20.433678 20.728085 20.886227 20.532230 19.422859 17.709322 15.816771 24.862186 27.497795 29.838570 30.590059 28.982056 25.500895 21.441156 30.612158 37.113823 42.981415 45.405880 42.817657 36.434811 29.076542 33.175529 42.049305 49.986210 53.280495 49.986210 42.049305 33.175529 29.076542 36.434818 42.817657 45.405880 42.981415 37.113823 30.612158 21.441156 25.500895 28.982056 30.590059 29.838573 27.497795 24.862185 15.816773 17.709322 19.422859 20.532228 20.886229 20.728085 20.433678,
 24.932411 27.593605 27.547783 24.347698 20.116198 16.804943 14.563087 27.749617 34.068546 37.493656 34.630127 27.623425 21.131878 17.111649 28.343687 37.679146 46.046227 46.467331 38.238594 28.031200 21.090792 25.590115 35.094463 46.557041 52.125011 46.557041 35.094463 25.590115 21.090794 28.031195 38.238598 46.467339 46.046227 37.679146 28.343683 17.111652 21.131874 27.623423 34.630123 37.493656 34.068550 27.749617 14.563087 16.804941 20.116194 24.347698 27.547783 27.593609 24.932415,
 18.570400 21.706709 26.941704 29.659067 26.583178 21.110237 17.046970 19.601011 25.049006 33.806568 38.420975 33.359058 24.521759 18.592527 20.394773 27.842550 39.859901 46.472935 39.569580 27.547026 19.898567 20.553568 28.863403 42.243874 49.881680 42.243874 28.863409 20.553568 19.898569 27.547026 39.569580 46.472942 39.859898 27.842550 20.394773 18.592527 24.521753 33.359055 38.420975 33.806568 25.049006 19.601009 17.046970 21.110237 26.583176 29.659069 26.941704 21.706711 18.570400,
 18.335146 19.181870 21.467506 24.650904 26.686466 25.608753 21.861174 19.709290 22.743162 28.503109 34.793793 37.022339 33.026077 25.770367 22.207043 28.919027 38.887802 46.784840 46.172955 37.492432 27.237669 25.408180 35.445816 47.036129 52.513958 47.036129 35.445816 25.408180 27.237669 37.492424 46.172955 46.784840 38.887802 28.919027 22.207043 25.770367 33.026077 37.022339 34.793793 28.503109 22.743158 19.709290 21.861172 25.608749 26.686466 24.650904 21.467508 19.181870 18.335146,
 12.233942 12.538246 12.379699 11.766459 10.855092 9.838239 8.848465 12.424620 13.320668 13.761041 13.500122 12.561832 11.244312 9.924186 13.009525 15.036811 16.798861 17.327175 16.180281 13.944627 11.633388 12.998859 15.866944 18.658075 19.882650 18.658075 15.866944 12.998859 11.633388 13.944628 16.180283 17.327173 16.798857 15.036811 13.009525 9.924186 11.244311 12.561832 13.500122 13.761039 13.320664 12.424618 8.848465 9.838239 10.855093 11.766459 12.379699 12.538246 12.233942,
 13.150863 13.205276 12.598223 11.498264 10.491514 9.667475 8.684706 13.629896 14.972803 15.414739 14.108398 12.004975 10.445917 9.420303 13.119041 15.721510 18.166002 18.001608 15.117414 12.152884 10.393970 11.796693 14.466552 18.141405 20.143116 18.141405 14.466552 11.796693 10.393971 12.152884 15.117414 18.001608 18.166002 15.721510 13.119040 9.420303 10.445916 12.004975 14.108398 15.414738 14.972803 13.629894 8.684707 9.667476 10.491514 11.498264 12.598221 13.205276 13.150861,
 14.746460 15.356032 16.059170 16.178587 14.651255 11.846978 9.519667 14.597639 15.810884 17.882595 19.099415 17.190802 13.484414 10.796130 13.978748 15.959564 19.573938 21.881901 19.393526 14.857756 11.964398 13.045280 15.691117 20.297207 23.103638 20.297207 15.691115 13.045280 11.964398 14.857758 19.393526 21.881901 19.573940 15.959564 13.978748 10.796128 13.484414 17.190802 19.099415 17.882591 15.810883 14.597638 9.519666 11.846979 14.651255 16.178587 16.059168 15.356032 14.746460,
 12.109831 12.579026 13.049846 13.265696 12.858666 11.463614 9.472095 11.685110 12.682849 14.075400 15.401450 15.341936 13.220323 10.509771 11.423911 13.241508 16.080338 18.515966 17.816103 14.368703 11.143161 11.320018 14.138856 18.088039 20.260334 18.088039 14.138856 11.320018 11.143160 14.368705 17.816101 18.515966 16.080339 13.241508 11.423911 10.509771 13.220321 15.341935 15.401450 14.075400 12.682846 11.685108 9.472095 11.463614 12.858666 13.265697 13.049846 12.579026 12.109831,

Pairwise cross-correlations of the modulus of all oriented sub-bands at the same scale (size QxQ)
 50.572784 48.265518 42.340290 46.201668,
 48.265518 56.605999 50.661789 46.419121,
 42.340290 50.661789 56.308613 49.061554,
 46.201668 46.419121 49.061554 53.130806,
 53.280487 47.657066 43.904366 48.113056,
 47.657066 52.125004 46.159607 44.026653,
 43.904366 46.159607 49.881672 45.829357,
 48.113056 44.026653 45.829357 52.513939,

Cross-correlations of the modulus of all oriented sub-bands with all oriented sub-bands at the coarser scale (size QxQ)
 46.601383 42.439804 38.764332 43.067551,
 47.191238 47.978645 44.710171 43.717846,
 43.385960 44.505203 46.299652 45.047855,
 45.087429 41.546032 43.027515 46.816006,
 25.488384 25.715998 26.101742 24.717434,
 23.875963 26.212023 26.784975 23.136415,
 21.791948 24.558361 27.279703 23.368805,
 23.549223 24.073578 26.889030 25.006708,

Cross-correlations of the real part of each oriented sub-band with both the real and imaginary part of all phase-doubled oriented sub-bands at the next coarser scale (Q matrices of size 1x2Q, which are computed and stored in a matrix of size Qx2Q)
 -16.280113 -7.667374 -0.715164 -7.808017 -0.204295 0.260530 0.017000 0.199109,
 -7.127885 -17.828920 -7.517120 -0.699267 0.067479 0.784949 -0.022596 0.061693,
 -0.752762 -7.784561 -17.013220 -7.514339 0.041126 0.312230 -0.139953 0.120229,
 -7.480584 -0.710377 -7.513036 -17.513769 -0.141996 0.007623 -0.060473 0.266089,
 -10.020075 -4.246198 -0.510547 -4.616565 -0.527300 0.311404 -0.016660 0.008782,
 -4.614826 -9.597475 -4.509423 -0.519704 -0.252522 1.100094 0.419470 0.015985,
 -0.523530 -4.503211 -10.069948 -4.908077 -0.035533 0.601493 0.395220 -0.234767,
 -4.498199 -0.501679 -4.565183 -10.533495 -0.178391 -0.007947 -0.092013 -0.250310,
