Low-band skewness and kurtosis
 -11.438225 147.536331,
 -7.025309 58.674809,
 -3.943240 21.233152,
 -0.810390 7.133105,

High-band variance
 17.296833,

Skewness, kurtosis, variance, mean, maximum and minimum of the reconstructed texture
 -11.513955 140.091827 324.992126 253.315582 255.000000 0.000000,

Auto-correlations of the low-frequency bands at each scale
 4.725430 1.584141 5.065567 8.063040 5.279469 3.774777 6.164652 1.069549 15.716427 57.539734 82.451736 57.038067 15.991880 1.456356 3.867517 56.546925 164.449417 224.581802 163.185120 54.665329 1.908106 5.633218 80.086594 223.721466 302.929840 223.721451 80.086609 5.633219 1.908107 54.665321 163.185120 224.581818 164.449417 56.546928 3.867517 1.456356 15.991879 57.038074 82.451736 57.539734 15.716428 1.069548 6.164653 3.774776 5.279471 8.063040 5.065565 1.584142 4.725431,
 11.908796 9.006131 -3.572520 -9.799370 -6.783461 0.315739 3.822966 8.548405 -0.527623 0.058758 7.398962 -1.873086 -8.081825 1.043373 -1.886834 0.444277 55.452972 99.541153 55.507607 -2.633367 -5.604173 -8.030044 6.529890 98.558434 164.806061 98.558456 6.529891 -8.030044 -5.604173 -2.633367 55.507595 99.541168 55.452980 0.444277 -1.886834 1.043373 -8.081825 -1.873086 7.398962 0.058757 -0.527623 8.548405 3.822966 0.315739 -6.783461 -9.799370 -3.572518 9.006131 11.908796,
 2.184236 3.182082 2.351142 0.550121 0.540548 2.039921 2.651497 2.756997 -0.201076 0.863054 1.004920 -3.852728 -3.512690 1.668322 0.810385 0.157169 18.192795 31.210165 14.425153 -2.024645 0.229151 -0.297104 2.279642 32.119904 55.288780 32.119904 2.279642 -0.297103 0.229151 -2.024645 14.425153 31.210161 18.192795 0.157168 0.810385 1.668322 -3.512690 -3.852727 1.004920 0.863053 -0.201077 2.756997 2.651497 2.039921 0.540548 0.550121 2.351141 3.182082 2.184236,
 0.726880 0.877119 0.318681 0.076330 0.385301 0.657782 0.464492 0.142769 0.313631 0.582343 0.711027 0.037078 -0.173845 0.519710 -1.012835 -0.119353 3.263259 5.512592 3.019496 0.054727 0.035512 -0.984859 0.241780 5.434585 9.057314 5.434585 0.241780 -0.984859 0.035512 0.054727 3.019496 5.512592 3.263259 -0.119352 -1.012835 0.519710 -0.173845 0.037078 0.711027 0.582342 0.313631 0.142768 0.464492 0.657782 0.385301 0.076330 0.318681 0.877119 0.726880,

Auto-correlations of the modulus of each oriented sub-band
 16.850170 18.205868 19.023108 19.152319 18.527683 17.233116 15.451049 26.361401 30.242420 32.932453 33.828388 32.668316 29.702291 25.546642 36.527363 43.329838 48.183674 49.927528 48.064278 43.068916 36.117214 40.939312 49.144451 55.062008 57.240402 55.062000 49.144455 40.939312 36.117214 43.068913 48.064278 49.927532 48.183666 43.329849 36.527363 25.546642 29.702295 32.668316 33.828388 32.932449 30.242422 26.361395 15.451052 17.233114 18.527683 19.152319 19.023108 18.205868 16.850170,
 29.425394 33.502285 33.389420 28.787304 21.641508 14.758223 9.810539 33.454830 41.418053 44.719727 41.401558 32.839787 22.871412 14.805424 33.287506 44.654510 52.363567 52.474056 44.653004 32.774033 21.609468 28.671955 41.285439 52.427872 56.990341 52.427872 41.285439 28.671955 21.609468 32.774029 44.653004 52.474056 52.363567 44.654518 33.287506 14.805427 22.871412 32.839787 41.401558 44.719727 41.418056 33.454826 9.810540 14.758221 21.641508 28.787304 33.389420 33.502285 29.425388,
 16.581678 25.862364 35.931229 40.291187 35.484306 24.995373 15.062134 17.947483 29.774401 42.732033 48.450996 42.398102 29.158312 16.885262 18.765585 32.466343 47.549717 54.305779 47.368149 32.144199 18.219465 18.877157 33.336861 49.248505 56.453472 49.248505 33.336861 18.877157 18.219467 32.144196 47.368149 54.305767 47.549713 32.466343 18.765583 16.885262 29.158312 42.398102 48.450996 42.732033 29.774403 17.947481 15.062134 24.995369 35.484310 40.291187 35.931229 25.862364 16.581678,
 10.737800 15.158018 21.852474 29.115566 33.994495 34.180004 29.707130 15.235115 23.174999 33.273846 42.172279 45.888905 42.640789 34.218807 21.945965 33.309906 45.474930 53.625595 53.777088 45.944733 34.071236 29.206978 42.235161 53.654724 58.289356 53.654724 42.235161 29.206976 34.071243 45.944725 53.777088 53.625595 45.474937 33.309906 21.945959 34.218807 42.640785 45.888905 42.172279 33.273846 23.175001 15.235114 29.707130 34.180004 33.994492 29.115566 21.852476 15.158020 10.737799,
 10.172405 11.335881 11.881042 11.625730 10.647074 9.310400 8.049079 16.143785 20.314159 23.535141 24.491442 22.651838 18.837858 14.606614 23.958317 32.606121 39.971794 42.852898 39.701210 32.105652 23.380705 27.779053 38.818146 48.436234 52.365349 48.436245 38.818146 27.779051 23.380705 32.105652 39.701202 42.852898 39.971790 32.606121 23.958317 14.606612 18.837858 22.651834 24.491440 23.535141 20.314159 16.143785 8.049080 9.310400 10.647074 11.625729 11.881044 11.335881 10.172405,
 18.878374 23.343927 23.420458 18.725868 12.348229 7.621395 5.392911 22.779705 32.315315 36.891373 32.825222 22.866798 13.288761 7.703812 22.861931 36.646866 47.630245 48.032330 37.241852 22.902084 12.410662 18.525684 32.706238 47.977341 54.861599 47.977341 32.706238 18.525684 12.410662 22.902082 37.241848 48.032330 47.630245 36.646870 22.861931 7.703813 13.288760 22.866798 32.825222 36.891376 32.315315 22.779705 5.392911 7.621395 12.348229 18.725866 23.420458 23.343927 18.878374,
 10.831383 16.713747 23.613062 26.829836 22.482672 14.210895 8.160793 11.807714 20.424500 31.772659 37.515957 30.974173 18.408278 9.570623 12.218728 23.254532 38.753410 46.880341 38.372963 22.143417 10.926796 11.906262 23.999008 41.460018 50.707039 41.460018 23.999012 11.906262 10.926797 22.143415 38.372959 46.880341 38.753418 23.254532 12.218728 9.570623 18.408278 30.974171 37.515957 31.772661 20.424500 11.807714 8.160793 14.210895 22.482672 26.829836 23.613062 16.713749 10.831383,
 8.773805 10.945210 14.486280 18.966171 21.852373 20.768606 16.493389 11.353214 16.292274 24.215986 32.257633 34.895496 29.913292 21.176170 15.485696 24.730650 37.420288 46.869091 45.836071 35.223267 22.729605 20.171009 32.864967 46.996113 53.494080 46.996113 32.864967 20.171009 22.729607 35.223267 45.836063 46.869091 37.420288 24.730648 15.485695 21.176170 29.913292 34.895496 32.257633 24.215986 16.292273 11.353214 16.493391 20.768606 21.852371 18.966169 14.486280 10.945210 8.773805,
 3.474865 3.671296 3.914041 4.103692 4.152471 4.108996 4.100173 4.752733 5.821503 6.842001 7.308753 6.961075 6.057992 5.110191 6.841543 9.404669 11.785215 12.789212 11.820739 9.492481 6.977631 7.983285 11.396659 14.585646 15.946274 14.585646 11.396659 7.983284 6.977632 9.492481 11.820739 12.789212 11.785215 9.404669 6.841542 5.110191 6.057992 6.961075 7.308753 6.842001 5.821503 4.752732 4.100173 4.108996 4.152472 4.103692 3.914041 3.671295 3.474865,
 4.791396 5.884815 6.014941 5.058326 3.886372 3.094629 2.745584 5.646621 8.047522 9.455439 8.458389 6.055110 4.035841 2.991383 5.776449 9.270719 12.634410 12.859192 9.676766 5.986277 3.740020 4.912288 8.311279 12.787221 15.080089 12.787221 8.311279 4.912288 3.740020 5.986277 9.676764 12.859192 12.634410 9.270719 5.776449 2.991383 4.035841 6.055110 8.458389 9.455441 8.047522 5.646620 2.745584 3.094629 3.886372 5.058326 6.014941 5.884815 4.791396,
 4.458176 5.810562 7.900235 8.992682 7.659487 5.245494 3.808524 4.599281 6.893764 10.558716 12.570078 10.476048 6.553681 4.125868 4.695786 7.867509 12.985050 15.852931 13.008817 7.730812 4.456081 4.668804 8.246311 14.028440 17.245651 14.028439 8.246311 4.668805 4.456081 7.730813 13.008816 15.852931 12.985050 7.867509 4.695786 4.125868 6.553681 10.476048 12.570077 10.558716 6.893763 4.599281 3.808524 5.245494 7.659487 8.992680 7.900233 5.810561 4.458177,
 3.631465 4.022216 5.240685 6.867887 7.706561 7.137970 6.064493 4.010007 5.281437 7.934610 10.749214 11.459286 9.588121 7.126706 4.903052 7.575356 11.990422 15.513391 14.928425 11.028058 7.232024 6.219959 10.095345 15.228042 17.854078 15.228042 10.095344 6.219959 7.232024 11.028058 14.928424 15.513389 11.990422 7.575356 4.903052 7.126706 9.588121 11.459284 10.749214 7.934610 5.281436 4.010007 6.064494 7.137971 7.706561 6.867887 5.240685 4.022216 3.631465,

Pairwise cross-correlations of the modulus of all oriented sub-bands at the same scale (size QxQ)
 57.240395 51.656349 45.604546 51.941494,
 51.656349 56.990360 51.357735 48.654537,
 45.604546 51.357735 56.453457 51.900433,
 51.941494 48.654537 51.900433 58.289349,
 52.365356 49.046673 43.622784 48.485817,
 49.046673 54.861618 47.908844 45.872173,
 43.622784 47.908844 50.707027 47.603954,
 48.485817 45.872173 47.603954 53.494080,

Cross-correlations of the modulus of all oriented sub-bands with all oriented sub-bands at the coarser scale (size QxQ)
 49.366535 47.037205 42.170013 46.187084,
 46.537117 50.438545 45.734188 43.626629,
 42.785332 46.676582 48.235001 46.047997,
 46.847313 45.425846 46.244488 49.865726,
 22.951696 20.783495 21.811609 23.227121,
 21.932795 22.087803 22.986738 22.355110,
 20.122074 20.486992 23.622637 22.769970,
 22.103443 19.703571 23.419125 25.117701,

Cross-correlations of the real part of each oriented sub-band with both the real and imaginary part of all phase-doubled oriented sub-bands at the next coarser scale (Q matrices of size 1x2Q, which are computed and stored in a matrix of size Qx2Q)
 -20.911598 -9.563610 -0.805962 -9.466033 0.154541 0.033535 0.041065 -0.013533,
 -9.262863 -21.818298 -8.892029 -0.749734 -0.002880 0.029188 0.001266 0.001734,
 -0.836517 -9.203174 -20.268290 -9.294331 -0.042261 0.004286 -0.133267 0.024229,
 -9.118894 -0.765451 -8.892998 -21.729990 0.071762 -0.000998 -0.036959 0.018640,
 -11.469680 -4.835092 -0.516185 -5.686521 0.033850 0.111324 -0.006526 0.118330,
 -4.841209 -11.118007 -5.064547 -0.461518 0.076550 -0.074184 -0.187827 0.008370,
 -0.544646 -4.961468 -11.784603 -5.619781 -0.007277 -0.196407 -0.462664 -0.106799,
 -5.467093 -0.434424 -5.421337 -13.086914 -0.061216 0.015159 -0.206362 0.007543,
