Low-band skewness and kurtosis
 -11.510232 148.809158,
 -7.618721 69.097343,
 -5.241353 35.778263,
 1.750796 13.409110,

High-band variance
 17.244249,

Skewness, kurtosis, variance, mean, maximum and minimum of the reconstructed texture
 -11.567676 141.189438 325.600037 253.325104 255.000000 0.000000,

Auto-correlations of the low-frequency bands at each scale
 19.309832 16.901945 18.481686 18.258892 11.633116 9.443488 18.799820 19.529579 34.324173 73.481682 93.681854 63.926567 22.161674 12.641613 20.683270 70.620621 174.145096 229.884201 167.186966 61.092945 13.314853 18.959730 88.313538 226.895874 303.723389 226.895874 88.313538 18.959730 13.314853 61.092945 167.186966 229.884201 174.145081 70.620636 20.683270 12.641613 22.161671 63.926563 93.681854 73.481682 34.324177 19.529579 18.799822 9.443488 11.633116 18.258892 18.481689 16.901945 19.309830,
 27.398884 29.796545 23.225958 13.470366 9.890407 18.419531 26.479092 20.910238 12.992370 17.005920 21.216213 10.111066 12.742808 28.495728 14.873076 15.802502 67.084724 105.875893 63.685452 17.485664 19.824322 14.509188 26.128176 108.360069 169.780075 108.360077 26.128176 14.509188 19.824322 17.485664 63.685452 105.875893 67.084732 15.802500 14.873075 28.495728 12.742807 10.111064 21.216217 17.005922 12.992370 20.910240 26.479095 18.419527 9.890407 13.470366 23.225958 29.796545 27.398880,
 23.108528 22.568804 19.435888 15.000152 12.496043 12.683799 11.209057 23.132208 20.826981 20.955402 20.013201 13.969120 11.710742 12.769834 18.742432 18.388380 34.793625 47.177967 31.780548 14.270768 12.714029 14.084593 17.832125 46.123783 67.451866 46.123783 17.832125 14.084593 12.714029 14.270768 31.780550 47.177963 34.793625 18.388380 18.742432 12.769832 11.710742 13.969120 20.013201 20.955399 20.826979 23.132206 11.209059 12.683799 12.496044 15.000150 19.435886 22.568804 23.108528,
 0.737496 1.384573 1.024333 1.164768 1.867994 2.583331 3.544070 3.206355 3.669038 3.653968 4.066083 4.224885 4.552309 5.612208 4.905728 6.240330 8.683949 10.649232 9.534698 7.678527 7.225355 6.590758 8.593202 12.495952 15.007857 12.495952 8.593203 6.590758 7.225354 7.678526 9.534698 10.649233 8.683950 6.240330 4.905729 5.612209 4.552309 4.224886 4.066083 3.653968 3.669038 3.206356 3.544070 2.583331 1.867994 1.164768 1.024334 1.384573 0.737496,

Auto-correlations of the modulus of each oriented sub-band
 23.909538 25.104074 25.936062 26.284170 26.119053 25.515030 24.577545 31.112501 34.480579 36.967876 37.976505 37.243744 34.998158 31.790920 39.608253 45.537235 49.969978 51.705956 50.183750 45.878979 39.963966 43.603127 50.754723 56.086994 58.098396 56.086994 50.754723 43.603119 39.963974 45.878971 50.183750 51.705963 49.969982 45.537235 39.608246 31.790920 34.998158 37.243752 37.976501 36.967873 34.480579 31.112497 24.577547 25.515030 26.119057 26.284166 25.936058 25.104078 23.909536,
 31.865753 34.989151 34.995171 31.662319 26.685741 22.357191 19.837162 35.015568 41.200508 43.799919 41.113884 34.481297 27.240456 22.047150 35.111351 44.101246 50.399384 50.419884 43.964931 34.589432 26.403667 31.639730 41.477707 50.618610 54.466518 50.618607 41.477715 31.639729 26.403673 34.589432 43.964931 50.419880 50.399384 44.101246 35.111351 22.047153 27.240454 34.481297 41.113884 43.799911 41.200508 35.015560 19.837162 22.357187 26.685745 31.662319 34.995171 34.989155 31.865751,
 22.012440 28.099180 35.465229 38.991337 35.532440 27.930384 21.645586 22.476049 30.603361 40.562191 45.419411 40.891254 30.851198 22.589693 22.926161 32.623699 44.601421 50.433052 44.880207 32.880024 23.112331 23.196430 33.510483 46.271683 52.380146 46.271683 33.510487 23.196426 23.112331 32.880020 44.880211 50.433052 44.601421 32.623699 22.926159 22.589695 30.851194 40.891254 45.419411 40.562191 30.603365 22.476048 21.645590 27.930382 35.532440 38.991337 35.465229 28.099184 22.012440,
 22.055498 24.830811 29.494373 34.760513 38.268799 38.316044 35.190922 24.925348 30.632296 38.400196 45.398682 48.155506 45.369968 38.927860 29.817854 38.551060 48.430767 55.162056 55.044613 48.403828 39.029919 35.362869 45.666199 55.212463 59.228851 55.212463 45.666199 35.362877 39.029926 48.403828 55.044617 55.162056 48.430763 38.551056 29.817856 38.927868 45.369961 48.155502 45.398682 38.400192 30.632292 24.925344 35.190922 38.316044 38.268799 34.760513 29.494373 24.830811 22.055502,
 26.965437 26.961237 26.620903 25.936850 24.958242 23.734695 22.279282 27.526436 29.770403 31.747023 32.573288 31.725367 29.461544 26.496719 30.419008 36.245522 41.687458 44.176548 42.263905 37.119907 31.088434 32.870808 40.784286 48.108624 51.244480 48.108627 40.784286 32.870808 31.088436 37.119904 42.263901 44.176548 41.687462 36.245529 30.419006 26.496723 29.461544 31.725365 32.573288 31.747025 29.770403 27.526436 22.279284 23.734692 24.958239 25.936850 26.620903 26.961237 26.965437,
 30.551987 32.483376 32.142094 28.841091 24.888866 22.270912 20.748196 31.866222 36.998646 39.956394 37.201664 30.947309 25.691692 22.728655 31.281658 39.132484 46.736149 47.119083 39.541168 30.804003 25.283123 28.542892 36.434109 46.714268 52.013378 46.714272 36.434109 28.542889 25.283123 30.804001 39.541168 47.119083 46.736156 39.132484 31.281656 22.728655 25.691689 30.947306 37.201664 39.956394 36.998653 31.866222 20.748196 22.270908 24.888865 28.841091 32.142097 32.483376 30.551983,
 31.328646 34.045540 36.704597 36.648624 32.664680 27.977640 24.629499 30.903948 35.788963 42.373573 44.824799 39.012043 31.075533 26.125540 29.954441 36.605118 46.850491 52.131199 44.914158 33.998707 27.447901 28.735586 36.024807 47.986263 55.187641 47.986267 36.024811 28.735586 27.447897 33.998703 44.914154 52.131199 46.850494 36.605122 29.954441 26.125536 31.075531 39.012039 44.824791 42.373581 35.788967 30.903948 24.629499 27.977636 32.664677 36.648624 36.704601 34.045540 31.328646,
 28.067078 28.998465 29.665026 30.659784 31.416847 30.518040 27.960241 27.706572 29.979643 33.787117 38.521458 40.578587 37.492977 31.455111 27.804928 33.214039 41.747849 49.263168 49.085873 41.110760 31.724867 29.508127 38.450474 49.411049 54.893040 49.411057 38.450474 29.508127 31.724865 41.110760 49.085869 49.263168 41.747849 33.214043 27.804932 31.455109 37.492973 40.578583 38.521458 33.787117 29.979643 27.706572 27.960241 30.518040 31.416847 30.659786 29.665028 28.998465 28.067087,
 11.061341 10.879966 10.461246 9.837860 9.028691 8.077316 7.023200 11.209429 11.717178 11.882691 11.574673 10.801622 9.701812 8.442357 11.350008 12.952224 14.212761 14.505858 13.580797 11.838354 9.901273 11.048722 13.410321 15.571403 16.504642 15.571404 13.410321 11.048722 9.901273 11.838354 13.580796 14.505858 14.212761 12.952225 11.350007 8.442358 9.701811 10.801621 11.574673 11.882691 11.717178 11.209427 7.023200 8.077317 9.028691 9.837859 10.461248 10.879964 11.061340,
 11.659959 11.797317 11.333310 10.223248 8.795277 7.324114 5.864957 11.859549 12.958199 13.396986 12.526128 10.824809 9.122185 7.565497 11.477011 13.530371 15.443549 15.418546 13.336180 10.936680 9.126888 10.480392 12.679781 15.498606 16.989647 15.498606 12.679781 10.480390 9.126888 10.936682 13.336178 15.418546 15.443549 13.530370 11.477011 7.565496 9.122185 10.824809 12.526128 13.396986 12.958198 11.859546 5.864956 7.324115 8.795275 10.223248 11.333310 11.797316 11.659959,
 10.447052 10.332930 10.277253 9.847388 8.547692 7.038611 5.833614 10.012001 10.452813 11.641669 12.289878 10.714871 8.387771 6.832483 9.320973 10.400240 12.909107 14.622476 12.611174 9.499589 7.729932 8.545321 10.153866 13.426754 15.650866 13.426754 10.153865 8.545321 7.729931 9.499590 12.611176 14.622476 12.909107 10.400240 9.320972 6.832483 8.387772 10.714871 12.289878 11.641669 10.452811 10.012001 5.833614 7.038612 8.547692 9.847388 10.277254 10.332929 10.447051,
 10.468590 10.695539 10.840658 10.671236 10.021326 8.808028 7.311344 10.452011 11.211340 12.171892 12.899691 12.535194 10.794588 8.638032 10.290277 11.865386 14.086680 15.741132 15.049240 12.324256 9.631430 10.097029 12.530797 15.644529 17.245747 15.644529 12.530797 10.097029 9.631430 12.324256 15.049240 15.741131 14.086680 11.865388 10.290277 8.638032 10.794588 12.535194 12.899691 12.171890 11.211339 10.452011 7.311343 8.808028 10.021327 10.671237 10.840655 10.695539 10.468590,

Pairwise cross-correlations of the modulus of all oriented sub-bands at the same scale (size QxQ)
 58.098389 50.883804 45.309975 53.316601,
 50.883804 54.466507 48.233833 48.398529,
 45.309975 48.233833 52.380138 50.484173,
 53.316601 48.398529 50.484173 59.228840,
 51.244476 46.022827 45.768204 47.931927,
 46.022827 52.013378 48.284309 45.199718,
 45.768204 48.284309 55.187656 49.640034,
 47.931927 45.199718 49.640034 54.893032,

Cross-correlations of the modulus of all oriented sub-bands with all oriented sub-bands at the coarser scale (size QxQ)
 47.350857 45.578239 45.175110 47.199638,
 44.494328 47.027039 46.820312 43.915512,
 40.688915 43.982052 47.386745 44.587139,
 46.246502 44.067078 48.389721 50.516701,
 22.823324 22.122534 20.247219 21.619223,
 22.149206 22.120123 20.549490 21.122484,
 22.938126 22.736273 22.002689 23.164009,
 23.204472 22.274885 21.510809 23.529602,

Cross-correlations of the real part of each oriented sub-band with both the real and imaginary part of all phase-doubled oriented sub-bands at the next coarser scale (Q matrices of size 1x2Q, which are computed and stored in a matrix of size Qx2Q)
 -16.600594 -7.285651 -0.775290 -8.096808 -0.139931 -0.254555 0.044951 0.125782,
 -7.106404 -17.277433 -7.335949 -0.747565 -0.068696 -0.263840 0.033280 -0.073513,
 -0.808574 -7.793433 -16.504362 -7.761308 0.021848 0.162381 -0.140697 -0.336640,
 -7.779162 -0.707301 -7.453695 -18.057552 -0.085579 0.030284 -0.095335 -0.099155,
 -5.741727 -2.062316 -0.440761 -3.312394 -0.038989 0.064206 -0.069764 -0.196664,
 -2.186196 -5.522732 -3.337007 -0.394389 0.025282 0.173135 -0.016101 0.007784,
 -0.434852 -2.954100 -7.288965 -3.342604 0.020763 0.196394 -0.418467 -0.474668,
 -3.283805 -0.343666 -3.396430 -7.239679 -0.074945 0.061622 -0.473396 -1.010881,
