Low-band skewness and kurtosis
 -11.338828 145.196198,
 -6.739408 53.608612,
 -3.565470 17.484247,
 -0.504055 6.295712,

High-band variance
 17.517385,

Skewness, kurtosis, variance, mean, maximum and minimum of the reconstructed texture
 -11.418136 137.793549 329.379700 253.290405 255.000000 0.000000,

Auto-correlations of the low-frequency bands at each scale
 -0.126974 -4.537166 -2.574035 1.743568 0.582566 -1.257187 1.309477 -4.421949 9.208740 51.398369 78.318130 54.024956 12.787312 -0.626419 -3.245388 50.806732 162.618805 225.948669 164.237839 53.624866 0.795865 0.994333 77.351349 225.498520 307.156433 225.498520 77.351349 0.994332 0.795864 53.624866 164.237885 225.948624 162.618805 50.806732 -3.245387 -0.626418 12.787312 54.024952 78.318130 51.398369 9.208742 -4.421949 1.309477 -1.257186 0.582567 1.743568 -2.574035 -4.537166 -0.126974,
 8.177232 1.845547 -5.047632 -5.436561 -1.784218 3.713765 6.457688 4.114138 -12.131340 -7.269297 5.187672 -3.218849 -8.687409 1.855475 -4.669863 -7.940844 49.616013 96.944565 53.173618 -3.991033 -5.332823 -8.147479 4.169490 96.955498 164.447906 96.955498 4.169489 -8.147479 -5.332823 -3.991032 53.173611 96.944565 49.616013 -7.940844 -4.669863 1.855475 -8.687409 -3.218847 5.187672 -7.269298 -12.131340 4.114138 6.457688 3.713766 -1.784218 -5.436561 -5.047633 1.845547 8.177232,
 1.968180 3.959069 1.528932 -1.629546 -1.900261 -0.233449 0.372640 3.370259 0.648530 0.290335 2.150975 -1.558387 -3.671669 0.115210 2.972473 0.305093 15.448471 29.840836 15.129669 -2.298293 0.154092 1.454852 1.493143 28.887266 50.995823 28.887266 1.493143 1.454852 0.154092 -2.298294 15.129669 29.840836 15.448471 0.305093 2.972473 0.115210 -3.671669 -1.558387 2.150975 0.290335 0.648530 3.370258 0.372640 -0.233449 -1.900261 -1.629546 1.528932 3.959069 1.968180,
 0.619250 0.856675 0.878607 0.503186 0.184856 0.851202 1.682858 1.050975 0.804081 1.028235 1.153569 0.385687 0.591969 1.703933 0.835658 0.519057 2.860757 4.931306 2.901882 0.678040 1.110224 0.653528 0.676176 4.596135 7.709564 4.596135 0.676176 0.653527 1.110224 0.678040 2.901882 4.931306 2.860757 0.519057 0.835658 1.703934 0.591969 0.385687 1.153569 1.028235 0.804081 1.050975 1.682858 0.851202 0.184856 0.503186 0.878607 0.856675 0.619250,

Auto-correlations of the modulus of each oriented sub-band
 14.989785 16.451872 17.529844 17.990332 17.699656 16.702993 15.160894 25.454779 29.491747 32.432987 33.600746 32.678013 29.895861 25.868004 36.784889 43.795704 48.870613 50.796379 49.041660 44.085907 37.108280 41.942791 50.304329 56.327030 58.543850 56.327030 50.304329 41.942791 37.108280 44.085903 49.041672 50.796379 48.870613 43.795708 36.784889 25.868004 29.895861 32.678013 33.600746 32.432987 29.491747 25.454779 15.160894 16.702993 17.699656 17.990335 17.529844 16.451876 14.989785,
 30.227331 34.836308 34.671322 29.623543 22.035246 14.912440 9.957225 34.804424 43.569683 46.996384 43.131794 33.810577 23.183022 14.761790 34.566612 46.938389 55.158089 55.022434 46.491028 33.729683 21.832493 29.449589 43.041214 55.000801 59.851379 55.000801 43.041214 29.449589 21.832493 33.729679 46.491028 55.022434 55.158089 46.938396 34.566612 14.761790 23.183018 33.810581 43.131802 46.996380 43.569683 34.804424 9.957225 14.912440 22.035250 29.623543 34.671318 34.836315 30.227331,
 14.262669 24.847639 36.236057 41.461349 36.710419 25.557741 14.880290 15.766281 28.886562 43.188148 49.681679 43.478050 29.362114 16.227493 16.864704 31.803474 48.207829 55.626556 48.334694 32.034458 17.108473 17.346109 32.941563 50.085423 57.817741 50.085423 32.941563 17.346109 17.108475 32.034458 48.334694 55.626549 48.207829 31.803480 16.864704 16.227493 29.362114 43.478058 49.681671 43.188148 28.886564 15.766279 14.880290 25.557741 36.710419 41.461357 36.236057 24.847639 14.262667,
 8.572025 13.937354 21.596027 29.548985 34.653374 34.686577 29.939964 13.771219 22.694956 33.691391 43.103474 46.857807 43.370041 34.621784 21.381411 33.657993 46.512852 54.928677 54.990612 46.875912 34.551022 29.380508 43.105793 54.947262 59.696510 54.947250 43.105793 29.380508 34.551025 46.875908 54.990616 54.928677 46.512852 33.657993 21.381411 34.621784 43.370041 46.857811 43.103474 33.691391 22.694958 13.771218 29.939970 34.686577 34.653378 29.548981 21.596027 13.937356 8.572023,
 11.202038 11.863932 12.298262 12.127121 11.136832 9.521577 7.743082 17.690201 21.375120 24.489834 25.464264 23.494617 19.286478 14.462852 26.078400 34.630558 42.010994 44.828308 41.407738 33.341610 24.039419 29.581575 40.942677 50.802650 54.806408 50.802650 40.942677 29.581575 24.039423 33.341606 41.407738 44.828300 42.011002 34.630558 26.078400 14.462852 19.286476 23.494617 25.464264 24.489834 21.375122 17.690201 7.743082 9.521577 11.136832 12.127121 12.298262 11.863932 11.202036,
 18.413769 22.320639 22.785913 18.910749 13.078267 8.280190 5.526114 23.101179 31.822361 36.372917 32.712776 23.171059 13.814101 8.221659 23.868402 37.017101 47.986774 48.452278 37.605377 23.320953 13.160014 19.561117 33.292259 48.702839 55.775597 48.702839 33.292259 19.561117 13.160014 23.320950 37.605370 48.452286 47.986778 37.017101 23.868402 8.221658 13.814101 23.171057 32.712776 36.372917 31.822365 23.101179 5.526114 8.280190 13.078264 18.910749 22.785917 22.320639 18.413769,
 10.044535 15.692883 24.488817 29.323908 24.834253 15.195914 7.789427 10.834793 19.854355 33.666008 41.037941 34.089951 19.746618 9.308921 11.391021 23.458183 41.535458 50.961277 41.800331 23.470314 10.612813 11.367754 24.925247 44.782627 54.947514 44.782631 24.925251 11.367752 10.612813 23.470314 41.800327 50.961285 41.535465 23.458183 11.391021 9.308921 19.746618 34.089951 41.037941 33.666012 19.854355 10.834793 7.789427 15.195914 24.834249 29.323908 24.488817 15.692881 10.044535,
 7.702446 8.722015 12.287314 17.641964 21.217424 20.034002 15.047724 8.886534 12.894320 21.429640 30.795698 34.206421 28.918644 19.233288 11.806948 20.856672 34.811012 45.658310 44.932835 33.407543 19.793098 16.346952 29.754679 45.316521 52.531334 45.316521 29.754681 16.346952 19.793098 33.407543 44.932831 45.658310 34.811016 20.856676 11.806948 19.233288 28.918644 34.206421 30.795698 21.429638 12.894320 8.886534 15.047724 20.034002 21.217422 17.641964 12.287314 8.722016 7.702446,
 3.611218 3.573749 3.536432 3.367256 3.005908 2.567319 2.212873 5.063115 5.767176 6.485790 6.716250 6.137424 4.993822 3.820264 7.091095 9.189871 11.321583 12.299492 11.321280 8.946343 6.433541 7.976950 11.061482 14.115227 15.478337 14.115227 11.061482 7.976950 6.433541 8.946344 11.321279 12.299492 11.321583 9.189870 7.091096 3.820264 4.993823 6.137424 6.716250 6.485788 5.767176 5.063115 2.212872 2.567320 3.005908 3.367256 3.536432 3.573749 3.611218,
 4.772125 5.580505 5.746591 4.819434 3.516940 2.662249 2.360638 5.901249 7.873988 9.180001 8.256327 5.809231 3.783034 2.904306 6.265665 9.304349 12.427262 12.682589 9.571772 6.006055 4.042807 5.435883 8.442956 12.671917 14.888836 12.671917 8.442956 5.435883 4.042807 6.006055 9.571772 12.682589 12.427264 9.304347 6.265666 2.904306 3.783034 5.809231 8.256326 9.180001 7.873986 5.901248 2.360638 2.662249 3.516940 4.819434 5.746591 5.580505 4.772125,
 3.324484 4.327320 5.922183 6.643192 5.418969 3.494029 2.511096 3.644585 5.359853 8.248425 9.688078 7.664449 4.417865 2.766180 3.748569 6.140589 10.414666 12.743125 10.003415 5.505873 3.163420 3.558362 6.217321 11.183219 14.103891 11.183219 6.217321 3.558362 3.163419 5.505873 10.003415 12.743124 10.414666 6.140587 3.748569 2.766180 4.417865 7.664447 9.688077 8.248425 5.359852 3.644585 2.511096 3.494029 5.418969 6.643192 5.922183 4.327319 3.324484,
 3.206472 3.377252 3.793148 4.520082 4.997134 4.628481 3.687714 3.822245 4.420165 5.804166 7.569283 8.130351 6.746823 4.651768 4.416278 6.083537 9.122462 11.795168 11.457200 8.375032 5.261072 5.039668 7.948916 11.959817 14.040608 11.959817 7.948916 5.039668 5.261072 8.375032 11.457200 11.795168 9.122462 6.083536 4.416278 4.651768 6.746822 8.130351 7.569282 5.804165 4.420165 3.822245 3.687714 4.628481 4.997135 4.520082 3.793148 3.377252 3.206471,

Pairwise cross-correlations of the modulus of all oriented sub-bands at the same scale (size QxQ)
 58.543850 53.330734 46.307304 53.696293,
 53.330734 59.851372 53.066456 50.633945,
 46.307304 53.066456 57.817749 53.272720,
 53.696293 50.633945 53.272720 59.696507,
 54.806404 51.339779 47.512978 49.397476,
 51.339779 55.775589 51.361828 47.027515,
 47.512978 51.361828 54.947506 49.786789,
 49.397476 47.027515 49.786789 52.531338,

Cross-correlations of the modulus of all oriented sub-bands with all oriented sub-bands at the coarser scale (size QxQ)
 51.109871 48.207645 44.730484 46.561092,
 49.334778 52.776699 49.285133 45.070251,
 44.189705 47.701145 50.866634 46.286613,
 48.854065 46.511402 49.116512 50.778088,
 22.710318 21.425287 19.904388 20.963970,
 21.792448 22.621511 21.264580 20.119953,
 20.698679 21.543751 21.826176 20.674294,
 21.259136 19.977026 20.285864 21.239714,

Cross-correlations of the real part of each oriented sub-band with both the real and imaginary part of all phase-doubled oriented sub-bands at the next coarser scale (Q matrices of size 1x2Q, which are computed and stored in a matrix of size Qx2Q)
 -22.570183 -10.465692 -0.738435 -9.619849 0.050544 0.003163 -0.014241 0.030159,
 -9.997469 -24.192169 -9.778007 -0.760040 0.035784 -0.007361 0.045701 0.011412,
 -0.727535 -10.365186 -22.157763 -9.630540 0.011155 0.029281 0.007067 -0.073557,
 -9.443039 -0.784415 -9.363150 -22.404854 -0.002688 0.013105 -0.079152 -0.083713,
 -12.276206 -5.291740 -0.492509 -5.135393 -0.342928 0.046813 0.039077 -0.046431,
 -5.422785 -11.699546 -4.877204 -0.544320 -0.166589 0.185865 0.011666 0.000164,
 -0.477075 -4.960912 -11.189652 -5.046674 0.031622 0.088501 0.064370 -0.101059,
 -5.271744 -0.459167 -5.001460 -11.336026 -0.032561 -0.010815 0.048752 -0.154329,
