Low-band skewness and kurtosis
 -11.474230 148.245483,
 -7.167585 61.148888,
 -4.116778 23.604708,
 -0.301583 9.157927,

High-band variance
 16.965528,

Skewness, kurtosis, variance, mean, maximum and minimum of the reconstructed texture
 -11.561229 141.197128 322.470734 253.330002 255.000000 0.000000,

Auto-correlations of the low-frequency bands at each scale
 8.764864 3.906442 2.941775 4.307375 1.926681 0.123876 2.263284 7.547159 20.567423 57.441708 79.535568 54.087246 13.034373 -1.958201 10.847730 62.181351 165.138199 222.354202 162.403671 56.359402 3.982329 11.875845 85.180054 224.293335 300.849396 224.293335 85.180061 11.875843 3.982329 56.359394 162.403671 222.354218 165.138199 62.181351 10.847730 -1.958201 13.034372 54.087246 79.535561 57.441708 20.567425 7.547159 2.263284 0.123876 1.926682 4.307375 2.941775 3.906442 8.764863,
 12.741829 4.729036 -4.672134 -7.466673 -4.575460 1.196146 5.223631 3.559640 -5.592246 -0.763816 6.548797 -3.530969 -6.314571 6.759725 -5.077613 0.710520 57.455467 98.205437 53.505150 1.091691 2.577130 -3.351206 11.564631 100.554367 164.702728 100.554382 11.564631 -3.351206 2.577129 1.091691 53.505146 98.205437 57.455479 0.710520 -5.077613 6.759726 -6.314571 -3.530968 6.548797 -0.763816 -5.592246 3.559640 5.223631 1.196146 -4.575459 -7.466672 -4.672134 4.729036 12.741831,
 4.417592 6.644580 4.650085 0.868062 0.215074 3.156788 5.426039 5.528957 4.405285 2.679867 0.931429 -2.702781 -0.674884 6.189288 2.843814 2.479247 18.455597 31.198847 16.236567 0.349467 3.752082 1.667623 3.443242 32.765030 55.400902 32.765030 3.443242 1.667622 3.752083 0.349467 16.236568 31.198847 18.455597 2.479247 2.843813 6.189289 -0.674884 -2.702782 0.931429 2.679868 4.405286 5.528957 5.426039 3.156788 0.215073 0.868062 4.650086 6.644581 4.417592,
 0.274304 0.397162 0.184672 -0.107485 0.219304 1.123957 1.439199 0.287567 -0.175142 -0.217193 -0.128485 -0.146721 0.673894 1.437537 0.112958 -0.139858 2.353948 4.392111 2.571858 0.533207 0.816767 0.233967 0.527294 4.814049 8.024535 4.814049 0.527294 0.233967 0.816767 0.533207 2.571858 4.392112 2.353948 -0.139858 0.112958 1.437537 0.673894 -0.146721 -0.128485 -0.217193 -0.175142 0.287567 1.439199 1.123957 0.219304 -0.107485 0.184672 0.397162 0.274304,

Auto-correlations of the modulus of each oriented sub-band
 15.787391 17.100960 17.871105 17.984802 17.459986 16.457973 15.181013 25.024864 28.748854 31.300850 32.105267 30.988367 28.295572 24.676064 34.887688 41.381519 46.055000 47.726067 45.922039 41.202896 34.782635 39.286617 47.037910 52.718796 54.836029 52.718796 47.037918 39.286610 34.782635 41.202900 45.922035 47.726067 46.054993 41.381523 34.887688 24.676067 28.295572 30.988369 32.105267 31.300848 28.748859 25.024864 15.181013 16.457973 17.459988 17.984802 17.871103 17.100960 15.787391,
 29.777353 33.572800 33.047325 28.072489 20.908619 14.509394 10.435965 33.890385 41.581570 44.513271 40.804710 32.109962 22.450235 15.070409 33.654194 44.699898 52.093040 51.935394 44.045513 32.423233 21.774220 28.911150 41.122391 51.978474 56.438446 51.978466 41.122391 28.911148 21.774221 32.423233 44.045513 51.935394 52.093044 44.699902 33.654190 15.070409 22.450232 32.109962 40.804710 44.513271 41.581573 33.890385 10.435964 14.509394 20.908619 28.072487 33.047321 33.572803 29.777349,
 16.620537 25.881243 35.914932 40.635979 36.483147 26.448822 16.747047 18.384117 30.123421 42.903999 48.814949 43.327633 30.522215 18.458466 19.594990 33.170052 47.986561 54.743130 48.211918 33.372295 19.623680 20.036564 34.348789 49.934471 56.935795 49.934471 34.348793 20.036562 19.623680 33.372295 48.211918 54.743130 47.986549 33.170052 19.594990 18.458466 30.522215 43.327633 48.814949 42.903999 30.123425 18.384113 16.747049 26.448820 36.483150 40.635979 35.914932 25.881247 16.620537,
 11.202785 16.011837 22.752085 29.761280 34.200321 33.997433 29.541903 16.263412 24.137522 33.910194 42.330196 45.532864 42.037800 33.963879 23.067766 33.899918 45.505352 53.175541 53.024368 45.338299 34.173084 29.914730 42.151241 53.061783 57.536362 53.061783 42.151241 29.914730 34.173084 45.338299 53.024368 53.175541 45.505348 33.899921 23.067766 33.963879 42.037796 45.532867 42.330196 33.910191 24.137526 16.263412 29.541903 33.997433 34.200321 29.761280 22.752085 16.011837 11.202785,
 13.528182 13.521651 13.336238 12.985728 12.423747 11.748539 11.141147 18.319977 21.332190 23.944687 24.983490 23.759539 20.804594 17.392685 25.249689 32.840725 39.548180 42.422684 39.878567 33.225132 25.450237 29.133375 39.163586 47.933823 51.520535 47.933826 39.163586 29.133375 25.450237 33.225128 39.878567 42.422680 39.548180 32.840729 25.249689 17.392685 20.804594 23.759537 24.983490 23.944687 21.332191 18.319973 11.141149 11.748541 12.423747 12.985728 13.336239 13.521653 13.528182,
 19.933411 22.550291 22.017067 18.025229 13.170464 9.927973 8.612195 23.338184 30.773926 34.549885 30.948395 22.533869 14.957796 10.866992 23.374044 34.826618 44.781868 45.293865 35.497772 23.164680 14.869199 19.813435 31.513067 45.271595 51.839573 45.271603 31.513067 19.813435 14.869198 23.164679 35.497768 45.293861 44.781872 34.826618 23.374044 10.866992 14.957796 22.533867 30.948397 34.549885 30.773928 23.338184 8.612195 9.927973 13.170463 18.025229 22.017069 22.550293 19.933411,
 14.773135 18.869291 25.411997 28.955231 24.970119 17.163212 11.671988 15.575526 23.052593 34.375851 40.310444 33.879536 21.603214 13.181453 15.976943 26.489914 42.125683 50.319149 41.755989 25.623440 14.664093 15.694043 27.560030 45.110394 54.424751 45.110394 27.560034 15.694040 14.664093 25.623440 41.755981 50.319149 42.125690 26.489914 15.976943 13.181453 21.603214 33.879532 40.310444 34.375854 23.052593 15.575525 11.671989 17.163212 24.970114 28.955229 25.412001 18.869295 14.773133,
 12.274448 12.764504 15.562567 20.140661 23.429739 22.748787 18.952625 13.392740 17.309397 25.099859 33.465549 36.504112 31.929819 23.639019 16.878790 25.875219 38.711437 48.412521 47.656197 37.354137 25.057064 21.927933 34.652760 48.763515 55.246750 48.763523 34.652760 21.927933 25.057064 37.354134 47.656197 48.412521 38.711437 25.875223 16.878790 23.639019 31.929819 36.504112 33.465549 25.099859 17.309397 13.392740 18.952625 22.748787 23.429737 20.140661 15.562569 12.764504 12.274447,
 5.200350 5.276687 5.339962 5.406594 5.443140 5.413979 5.323953 6.128682 6.847479 7.539265 7.899355 7.708539 7.075781 6.304158 7.763137 9.799119 11.805613 12.791229 12.123594 10.215434 8.068770 8.937997 11.856682 14.652582 15.867445 14.652582 11.856681 8.937997 8.068771 10.215434 12.123594 12.791229 11.805613 9.799118 7.763137 6.304158 7.075781 7.708539 7.899355 7.539264 6.847478 6.128681 5.323953 5.413979 5.443140 5.406594 5.339962 5.276687 5.200350,
 6.969987 8.202402 8.620340 7.961191 6.905493 6.124885 5.677999 7.715886 10.202541 11.735107 10.961580 8.684903 6.750199 5.807908 7.761360 11.320756 14.700790 15.037729 11.961993 8.352518 6.206788 7.035954 10.427253 14.863535 17.130465 14.863535 10.427253 7.035954 6.206788 8.352517 11.961993 15.037729 14.700791 11.320758 7.761361 5.807907 6.750199 8.684903 10.961578 11.735107 10.202541 7.715887 5.677999 6.124885 6.905492 7.961191 8.620340 8.202402 6.969986,
 6.423172 7.767332 9.388320 10.419304 9.445317 7.441467 6.286962 6.729998 8.624103 11.473936 13.303482 11.541436 8.329803 6.689385 6.954374 9.364530 13.547467 16.240877 13.598783 9.191367 6.962926 7.053836 9.617137 14.471549 17.553288 14.471550 9.617137 7.053836 6.962926 9.191367 13.598783 16.240877 13.547468 9.364530 6.954375 6.689385 8.329803 11.541436 13.303481 11.473936 8.624104 6.729998 6.286963 7.441467 9.445317 10.419304 9.388320 7.767332 6.423171,
 4.936584 5.596237 6.631108 7.849606 8.566844 8.200113 7.225995 5.642905 6.963445 9.056525 11.338114 12.082940 10.661414 8.516031 6.926624 9.309855 12.862381 15.841943 15.495278 12.323104 9.044857 8.332549 11.678772 15.894557 18.085266 15.894560 11.678771 8.332549 9.044856 12.323104 15.495278 15.841943 12.862382 9.309853 6.926624 8.516030 10.661414 12.082939 11.338114 9.056525 6.963446 5.642906 7.225994 8.200113 8.566844 7.849606 6.631108 5.596236 4.936584,

Pairwise cross-correlations of the modulus of all oriented sub-bands at the same scale (size QxQ)
 54.836033 50.413982 44.391010 50.550415,
 50.413982 56.438446 50.766949 48.356400,
 44.391010 50.766949 56.935806 52.063572,
 50.550415 48.356400 52.063572 57.536335,
 51.520535 47.691349 45.067574 48.919434,
 47.691349 51.839565 48.717384 46.480564,
 45.067574 48.717384 54.424767 50.040955,
 48.919434 46.480564 50.040955 55.246738,

Cross-correlations of the modulus of all oriented sub-bands with all oriented sub-bands at the coarser scale (size QxQ)
 47.914089 45.056160 42.502419 46.339550,
 46.042370 49.053368 46.896717 45.067974,
 42.401974 46.192165 50.302906 47.441811,
 46.660149 44.361149 47.323883 51.038704,
 22.042789 22.534639 21.770176 22.213356,
 21.150457 23.736383 22.999334 21.416752,
 20.830666 23.610544 24.975044 23.346411,
 22.541401 22.538084 24.142389 24.816160,

Cross-correlations of the real part of each oriented sub-band with both the real and imaginary part of all phase-doubled oriented sub-bands at the next coarser scale (Q matrices of size 1x2Q, which are computed and stored in a matrix of size Qx2Q)
 -19.223982 -8.843832 -0.743155 -9.098194 -0.278617 0.048375 -0.009633 0.026722,
 -8.322526 -20.661821 -9.112434 -0.714062 -0.146743 0.198567 0.069459 0.008515,
 -0.758213 -9.176667 -21.372526 -9.391727 0.007518 0.116687 0.098826 -0.048317,
 -8.549973 -0.750030 -9.318896 -21.493149 -0.047287 0.026647 -0.001276 -0.036325,
 -10.620696 -4.403227 -0.570323 -5.234592 -0.224919 0.025275 0.007419 -0.020920,
 -4.617981 -10.716606 -5.413108 -0.500141 -0.172593 0.025799 -0.094929 -0.064727,
 -0.489001 -5.096930 -12.094876 -5.515910 0.003015 -0.034192 -0.248800 -0.144023,
 -4.842790 -0.433332 -5.451035 -12.372602 0.055342 -0.005997 -0.134470 0.081913,
