Low-band skewness and kurtosis
 -11.417939 147.030396,
 -6.917541 56.763130,
 -3.749507 18.971115,
 -0.752046 5.935308,

High-band variance
 17.135897,

Skewness, kurtosis, variance, mean, maximum and minimum of the reconstructed texture
 -11.512608 140.059082 323.811768 253.318985 255.000000 0.000000,

Auto-correlations of the low-frequency bands at each scale
 5.074350 0.979852 0.993085 2.731654 0.260685 -0.703679 3.807323 -1.359549 11.906022 52.269756 77.698586 54.413845 15.862014 3.370544 -1.492714 51.474422 160.477310 222.427475 163.382660 56.896488 4.590195 3.408746 78.789520 222.803131 302.039032 222.803116 78.789520 3.408746 4.590196 56.896488 163.382660 222.427475 160.477310 51.474430 -1.492714 3.370545 15.862013 54.413849 77.698586 52.269749 11.906024 -1.359549 3.807323 -0.703680 0.260683 2.731654 0.993088 0.979853 5.074350,
 3.958732 0.664729 -3.556584 -5.445457 -2.212448 6.178739 9.899550 1.328113 -9.929375 -3.485668 7.096589 -1.927519 -6.768012 3.591837 -4.340108 -4.010640 52.315929 96.873344 53.126377 -3.167313 -4.129397 -6.365077 6.424094 96.911148 162.492462 96.911156 6.424094 -6.365076 -4.129397 -3.167313 53.126373 96.873344 52.315933 -4.010640 -4.340107 3.591837 -6.768011 -1.927519 7.096588 -3.485669 -9.929376 1.328113 9.899550 6.178739 -2.212449 -5.445457 -3.556583 0.664728 3.958733,
 5.718062 6.177516 4.183626 0.924831 -0.876711 0.488470 2.372708 4.878001 0.282107 -0.106664 1.468886 -1.434134 -1.233114 3.073061 0.505564 -2.616667 14.563428 30.356318 16.944925 0.618322 2.246588 -0.096047 0.984161 30.309456 53.169102 30.309456 0.984161 -0.096047 2.246588 0.618322 16.944925 30.356318 14.563427 -2.616667 0.505564 3.073061 -1.233114 -1.434134 1.468886 -0.106664 0.282107 4.878001 2.372708 0.488470 -0.876710 0.924831 4.183626 6.177516 5.718062,
 0.333887 0.309285 0.265086 0.185247 0.262393 0.542459 0.730010 0.558201 -0.259426 -0.118887 0.495912 0.493966 0.551167 0.774618 0.426157 -0.026267 2.029040 4.060431 2.638124 0.553015 0.182519 0.022064 0.578103 4.163711 6.839477 4.163711 0.578103 0.022064 0.182519 0.553015 2.638125 4.060431 2.029040 -0.026267 0.426157 0.774618 0.551167 0.493966 0.495912 -0.118887 -0.259426 0.558201 0.730010 0.542459 0.262393 0.185247 0.265086 0.309285 0.333887,

Auto-correlations of the modulus of each oriented sub-band
 14.999251 16.633299 17.791723 18.287138 18.026867 17.088921 15.658025 24.845394 28.876045 31.760096 32.873089 31.944775 29.243095 25.393587 35.482353 42.339828 47.282307 49.127041 47.376549 42.538731 35.797333 40.336899 48.475979 54.363747 56.535343 54.363747 48.475979 40.336895 35.797333 42.538731 47.376545 49.127045 47.282307 42.339832 35.482353 25.393587 29.243092 31.944778 32.873093 31.760092 28.876047 24.845394 15.658027 17.088919 18.026869 18.287138 17.791723 16.633301 14.999251,
 30.769314 35.537838 35.563847 30.648743 23.014425 15.662820 10.442432 35.367142 44.146069 47.648624 43.973637 34.791313 24.106361 15.443217 35.205997 47.496471 55.591316 55.534405 47.235405 34.609615 22.608917 30.186762 43.738899 55.474567 60.184177 55.474567 43.738899 30.186762 22.608919 34.609612 47.235405 55.534401 55.591312 47.496468 35.205997 15.443217 24.106361 34.791313 43.973640 47.648624 44.146080 35.367142 10.442432 15.662817 23.014425 30.648745 35.563843 35.537842 30.769314,
 15.354115 25.568022 36.288124 40.896683 35.952538 25.185522 15.220478 16.857693 29.483067 43.063271 49.020550 42.780651 29.169500 16.749447 17.880730 32.226555 47.901424 54.896973 47.734146 32.043118 17.814972 18.224789 33.162338 49.618641 57.065395 49.618641 33.162342 18.224789 17.814972 32.043114 47.734150 54.896973 47.901417 32.226555 17.880730 16.749445 29.169498 42.780655 49.020550 43.063271 29.483070 16.857693 15.220478 25.185516 35.952538 40.896687 36.288116 25.568022 15.354115,
 9.766645 14.741801 21.756048 29.097775 33.859638 33.887611 29.409603 14.683699 22.917305 33.133804 41.962379 45.492649 42.141766 33.814560 21.669359 33.111237 45.226524 53.220333 53.251480 45.470554 33.765263 29.006159 41.942707 53.224735 57.778313 53.224735 41.942707 29.006153 33.765263 45.470547 53.251484 53.220329 45.226532 33.111237 21.669357 33.814568 42.141762 45.492657 41.962379 33.133804 22.917307 14.683699 29.409605 33.887604 33.859638 29.097775 21.756048 14.741803 9.766645,
 11.476867 12.371193 13.042706 13.170081 12.578201 11.428892 10.080804 16.636469 20.682838 24.072779 25.366861 23.928684 20.456076 16.357836 24.556589 33.217613 40.541721 43.396744 40.415596 33.128380 24.616859 28.728088 39.686291 49.074791 52.854927 49.074795 39.686291 28.728088 24.616859 33.128380 40.415596 43.396740 40.541721 33.217617 24.556587 16.357836 20.456074 23.928684 25.366861 24.072779 20.682840 16.636469 10.080804 11.428889 12.578198 13.170081 13.042706 12.371195 11.476867,
 17.938284 22.061644 22.834078 19.375383 14.221363 10.391876 8.660212 21.371534 30.115078 34.918907 31.918825 23.384762 15.162775 10.570324 21.910288 34.767456 45.533875 46.369827 36.448875 23.266466 13.979036 18.631464 31.754967 46.423904 53.153950 46.423904 31.754972 18.631468 13.979037 23.266460 36.448875 46.369831 45.533882 34.767460 21.910290 10.570322 15.162775 23.384758 31.918825 34.918911 30.115084 21.371532 8.660212 10.391876 14.221361 19.375383 22.834078 22.061644 17.938284,
 10.983782 16.693764 24.628361 28.579319 24.500662 16.424759 10.470129 11.543545 20.328011 32.970486 39.618557 33.448177 20.869221 11.882593 12.281280 23.752634 40.382805 49.154972 40.891918 24.334888 12.741575 12.830421 25.426176 43.623577 53.020634 43.623577 25.426176 12.830421 12.741575 24.334887 40.891918 49.154968 40.382812 23.752634 12.281280 11.882593 20.869219 33.448174 39.618557 32.970486 20.328011 11.543545 10.470131 16.424757 24.500662 28.579319 24.628361 16.693766 10.983782,
 8.300430 9.524630 12.982959 18.059614 21.719898 21.176563 17.092802 9.216609 13.767155 22.213549 31.251301 34.825451 30.351480 21.681396 12.800561 22.182598 35.647087 46.028061 45.621658 35.061249 22.296961 18.284510 31.386223 46.092789 52.863163 46.092796 31.386223 18.284510 22.296957 35.061249 45.621651 46.028061 35.647091 22.182602 12.800561 21.681396 30.351479 34.825447 31.251297 22.213552 13.767155 9.216609 17.092802 21.176563 21.719898 18.059614 12.982959 9.524630 8.300432,
 4.670171 4.950711 5.125993 5.099963 4.839808 4.444658 4.059793 6.063579 6.911001 7.644127 7.899559 7.431958 6.394984 5.222945 7.787242 10.001886 12.057903 12.938698 12.018001 9.770338 7.256637 8.535922 11.737929 14.722702 16.002708 14.722702 11.737929 8.535922 7.256636 9.770339 12.018002 12.938698 12.057903 10.001884 7.787243 5.222945 6.394984 7.431958 7.899559 7.644127 6.911001 6.063579 4.059793 4.444657 4.839808 5.099963 5.125993 4.950711 4.670171,
 6.345161 7.741597 8.307148 7.442391 5.923278 4.756669 4.246855 7.647808 10.145760 11.811167 11.005791 8.452818 6.090407 4.764185 8.105542 11.588946 14.995646 15.334346 12.183349 8.353229 5.890463 7.303715 10.762553 15.223582 17.482748 15.223582 10.762553 7.303715 5.890463 8.353230 12.183349 15.334345 14.995646 11.588946 8.105542 4.764185 6.090407 8.452818 11.005791 11.811166 10.145760 7.647809 4.246855 4.756670 5.923279 7.442391 8.307148 7.741597 6.345161,
 4.872335 5.919127 7.802145 8.653985 7.297893 5.468598 4.580200 5.341194 6.991816 10.031101 11.605439 9.503165 6.431802 4.884400 5.555021 7.757806 11.940392 14.346364 11.596850 7.371695 5.226766 5.490825 7.903172 12.600525 15.521282 12.600525 7.903171 5.490825 5.226766 7.371695 11.596850 14.346364 11.940392 7.757806 5.555021 4.884400 6.431801 9.503166 11.605437 10.031100 6.991815 5.341194 4.580200 5.468598 7.297893 8.653985 7.802145 5.919127 4.872336,
 4.245451 4.504505 5.061191 5.810595 6.253550 5.886371 4.864001 4.822462 5.463983 6.905177 8.661977 9.241570 7.869485 5.627029 5.366325 7.030235 10.015210 12.603732 12.276331 9.219807 6.004306 5.822665 8.741540 12.668128 14.666936 12.668128 8.741540 5.822665 6.004306 9.219808 12.276331 12.603732 10.015210 7.030235 5.366325 5.627029 7.869485 9.241570 8.661977 6.905177 5.463983 4.822462 4.864001 5.886371 6.253551 5.810595 5.061191 4.504504 4.245451,

Pairwise cross-correlations of the modulus of all oriented sub-bands at the same scale (size QxQ)
 56.535316 52.623817 45.352787 51.911934,
 52.623817 60.184189 53.228050 50.274429,
 45.352787 53.228050 57.065372 51.989712,
 51.911934 50.274429 51.989712 57.778290,
 52.854935 48.461685 45.772251 48.513332,
 48.461685 53.153950 49.440857 45.524189,
 45.772251 49.440857 53.020626 48.437187,
 48.513332 45.524189 48.437187 52.863152,

Cross-correlations of the modulus of all oriented sub-bands with all oriented sub-bands at the coarser scale (size QxQ)
 49.483505 46.106457 43.295429 46.403419,
 48.169498 51.151287 48.383884 45.491470,
 42.960831 46.132420 49.521946 46.007462,
 47.355080 44.457268 47.259106 50.225273,
 23.130318 22.803520 20.559168 21.221729,
 21.936937 24.290445 21.764156 20.120354,
 20.703672 22.992853 22.684111 21.050940,
 21.636507 21.566061 21.455360 22.090775,

Cross-correlations of the real part of each oriented sub-band with both the real and imaginary part of all phase-doubled oriented sub-bands at the next coarser scale (Q matrices of size 1x2Q, which are computed and stored in a matrix of size Qx2Q)
 -20.894400 -9.590288 -0.754704 -9.259992 0.011624 -0.022445 -0.006521 0.001180,
 -9.084373 -22.481915 -9.260759 -0.742657 -0.006813 0.023063 -0.003315 -0.000424,
 -0.779637 -9.759831 -20.827173 -9.172586 -0.003678 0.023598 0.041788 0.002175,
 -9.100734 -0.740692 -8.911453 -21.436203 0.013472 -0.006402 0.019606 0.003312,
 -11.788217 -5.222851 -0.541660 -4.923191 -0.334571 -0.095832 -0.025254 0.021440,
 -5.321136 -12.129072 -5.297668 -0.479952 -0.031776 -0.113269 -0.112377 -0.009099,
 -0.533378 -5.372031 -11.083351 -4.640685 0.006327 0.055857 -0.209681 -0.060807,
 -5.193914 -0.467534 -4.684505 -10.650748 -0.182758 0.018408 -0.091211 -0.029376,
