Low-band skewness and kurtosis
 -11.307695 144.372513,
 -6.740368 53.396870,
 -3.825150 20.601879,
 -0.782088 7.655920,

High-band variance
 17.500589,

Skewness, kurtosis, variance, mean, maximum and minimum of the reconstructed texture
 -11.391068 137.174316 330.443970 253.283096 255.000000 0.000000,

Auto-correlations of the low-frequency bands at each scale
 5.897804 -1.281901 -2.170240 1.003499 0.677251 0.600360 3.774445 3.184415 13.850263 52.625450 77.083710 52.635895 12.903307 -0.280789 2.412821 55.006855 164.674728 226.010498 163.665741 53.306347 -0.494538 2.145876 79.114883 226.882599 308.186462 226.882599 79.114883 2.145876 -0.494538 53.306339 163.665726 226.010513 164.674728 55.006855 2.412821 -0.280789 12.903306 52.635895 77.083710 52.625450 13.850263 3.184415 3.774445 0.600359 0.677251 1.003500 -2.170240 -1.281901 5.897803,
 7.858924 3.632008 -3.564952 -4.456927 -2.298093 3.037079 8.501421 4.796604 -7.039320 -3.892998 6.090093 -4.495502 -10.735655 1.686852 1.548270 0.314931 53.479557 97.208260 52.137424 -4.052964 -3.319999 -1.393916 9.521578 98.246338 164.106354 98.246338 9.521578 -1.393916 -3.320000 -4.052964 52.137424 97.208260 53.479561 0.314931 1.548270 1.686852 -10.735655 -4.495502 6.090093 -3.892997 -7.039320 4.796604 8.501420 3.037079 -2.298092 -4.456927 -3.564953 3.632008 7.858924,
 3.924471 1.688152 -0.279580 -1.209314 0.148734 3.074620 4.954339 2.350366 -1.889927 -0.295432 2.497335 0.066775 0.448089 5.215819 0.268185 -1.043479 17.061174 31.514164 16.581148 -0.305823 1.498611 -0.252970 1.746077 31.136179 53.641895 31.136179 1.746077 -0.252970 1.498611 -0.305823 16.581148 31.514162 17.061174 -1.043479 0.268185 5.215819 0.448089 0.066775 2.497334 -0.295432 -1.889926 2.350365 4.954339 3.074620 0.148735 -1.209314 -0.279581 1.688152 3.924471,
 0.273057 0.616346 0.450474 0.319515 0.672901 1.003572 1.308757 0.510964 0.138286 0.106549 0.596200 0.495662 0.501849 1.224850 0.473705 0.082734 2.096375 4.306945 2.679156 0.387896 0.366151 0.177493 0.525260 4.278763 7.250408 4.278764 0.525260 0.177493 0.366151 0.387896 2.679156 4.306945 2.096375 0.082734 0.473705 1.224850 0.501848 0.495662 0.596200 0.106549 0.138286 0.510964 1.308757 1.003572 0.672901 0.319515 0.450474 0.616346 0.273057,

Auto-correlations of the modulus of each oriented sub-band
 16.257505 17.521179 18.250532 18.291790 17.596161 16.275780 14.546747 26.453825 30.181053 32.726616 33.449123 32.101467 28.984283 24.775843 36.924477 43.711891 48.586044 50.275677 48.233810 43.018097 35.917778 41.192329 49.526890 55.628593 57.902874 55.628593 49.526890 41.192329 35.917782 43.018089 48.233810 50.275673 48.586044 43.711899 36.924477 24.775843 28.984282 32.101463 33.449127 32.726608 30.181053 26.453825 14.546749 16.275782 17.596161 18.291792 18.250534 17.521179 16.257504,
 31.343431 35.586193 35.255341 30.154552 22.453176 15.124781 9.956059 36.349113 44.641151 47.795879 43.914356 34.606667 23.908062 15.306461 36.388542 48.351799 56.210144 56.007927 47.593594 34.951054 23.025616 31.142500 44.534340 56.199913 60.914127 56.199905 44.534340 31.142498 23.025618 34.951046 47.593594 56.007935 56.210144 48.351795 36.388538 15.306462 23.908062 34.606667 43.914360 47.795872 44.641151 36.349110 9.956061 15.124781 22.453176 30.154552 35.255341 35.586193 31.343431,
 16.052601 25.930887 36.959202 42.027916 37.159122 26.035244 15.655412 17.516758 29.894197 43.882427 50.314327 44.034473 29.968529 17.193520 18.472954 32.709606 48.870056 56.298656 48.957363 32.752644 18.292921 18.753544 33.752827 50.731533 58.503773 50.731533 33.752834 18.753544 18.292921 32.752644 48.957367 56.298660 48.870056 32.709610 18.472954 17.193521 29.968523 44.034473 50.314327 43.882420 29.894197 17.516756 15.655414 26.035238 37.159122 42.027916 36.959206 25.930889 16.052599,
 11.486329 16.376385 23.598978 31.283484 36.264393 36.209160 31.361805 16.510340 24.924679 35.609577 44.905720 48.605484 44.978241 36.047546 23.625347 35.550045 48.311138 56.749702 56.763935 48.473583 36.022778 31.119625 44.756657 56.697678 61.516190 56.697678 44.756660 31.119623 36.022778 48.473579 56.763935 56.749695 48.311138 35.550045 23.625347 36.047550 44.978237 48.605484 44.905720 35.609577 24.924681 16.510338 31.361809 36.209152 36.264397 31.283484 23.598978 16.376387 11.486329,
 10.777545 12.056187 12.949449 13.296555 13.117220 12.604265 11.947826 16.905716 21.002411 24.321741 25.607244 24.295803 21.020508 17.100344 25.191689 33.758377 41.003044 43.906670 40.991413 33.642296 24.923042 29.173325 40.235229 49.676189 53.479458 49.676189 40.235229 29.173325 24.923042 33.642292 40.991409 43.906666 41.003044 33.758377 25.191687 17.100342 21.020508 24.295801 25.607244 24.321741 21.002411 16.905716 11.947826 12.604265 13.117218 13.296555 12.949449 12.056188 10.777544,
 18.056135 22.023344 22.474216 18.751602 13.548375 9.832333 8.366070 22.090130 30.641659 35.117004 31.596470 22.668859 14.327746 9.715073 22.632177 35.133595 45.648388 46.163639 35.887211 22.689575 13.470082 18.854498 31.637884 46.117710 52.893879 46.117710 31.637884 18.854498 13.470082 22.689579 35.887207 46.163635 45.648399 35.133595 22.632177 9.715073 14.327746 22.668859 31.596470 35.117008 30.641659 22.090130 8.366070 9.832335 13.548375 18.751602 22.474218 22.023344 18.056137,
 11.536405 17.724260 26.042238 30.353706 26.199696 18.082952 12.561925 13.108385 22.267622 35.091774 41.763348 35.234856 22.479559 13.724024 14.308763 25.994194 42.715511 51.433495 42.800632 26.083467 14.575583 14.831335 27.482628 45.784576 55.318974 45.784584 27.482628 14.831335 14.575583 26.083464 42.800632 51.433495 42.715519 25.994194 14.308762 13.724025 22.479555 35.234852 41.763348 35.091782 22.267620 13.108383 12.561927 18.082951 26.199692 30.353706 26.042242 17.724262 11.536404,
 8.258164 10.185956 13.934649 19.105167 22.832035 22.459625 18.730389 10.248879 14.924562 23.133902 31.921791 35.296551 30.733889 22.315907 14.108419 23.212914 36.380440 46.624252 45.963482 35.231529 22.744471 19.200027 31.948311 46.639721 53.553368 46.639729 31.948315 19.200027 22.744471 35.231529 45.963482 46.624252 36.380440 23.212914 14.108421 22.315907 30.733883 35.296543 31.921789 23.133904 14.924562 10.248879 18.730392 22.459625 22.832035 19.105167 13.934650 10.185956 8.258164,
 5.042079 5.055640 4.991079 4.849340 4.706311 4.628996 4.600887 6.149186 6.918530 7.566121 7.710481 7.249749 6.447729 5.649275 7.774361 9.982646 12.043696 12.844566 11.859249 9.717342 7.476780 8.602005 11.662343 14.601431 15.883277 14.601431 11.662342 8.602006 7.476780 9.717341 11.859249 12.844566 12.043698 9.982647 7.774360 5.649275 6.447730 7.249750 7.710481 7.566121 6.918529 6.149186 4.600887 4.628995 4.706311 4.849340 4.991079 5.055640 5.042079,
 6.194517 6.769586 6.850171 6.157379 5.342245 4.995059 4.957768 7.218156 8.957941 10.087830 9.368671 7.407167 5.822660 5.184912 7.520636 10.375525 13.225493 13.524459 10.855086 7.671472 5.863103 6.856240 9.735927 13.623960 15.602821 13.623960 9.735925 6.856240 5.863103 7.671471 10.855086 13.524457 13.225493 10.375523 7.520635 5.184911 5.822660 7.407166 9.368670 10.087830 8.957940 7.218157 4.957768 4.995060 5.342245 6.157379 6.850171 6.769585 6.194517,
 5.287673 5.811886 7.012425 7.742272 7.020636 5.828258 5.367729 5.495982 6.753507 9.337942 10.785644 9.119987 6.507103 5.343844 5.505515 7.532779 11.595343 13.962192 11.373413 7.296260 5.349100 5.415673 7.757116 12.489600 15.423962 12.489600 7.757116 5.415673 5.349100 7.296260 11.373413 13.962192 11.595343 7.532779 5.505515 5.343843 6.507103 9.119987 10.785644 9.337940 6.753507 5.495981 5.367728 5.828257 7.020635 7.742271 7.012426 5.811886 5.287673,
 5.141971 5.175763 5.691030 6.633324 7.352319 7.242156 6.458399 5.126854 5.858660 7.639732 9.739692 10.507272 9.264179 7.170796 5.450969 7.545461 11.114947 14.057144 13.738750 10.530618 7.150982 6.306680 9.682202 14.082411 16.301556 14.082411 9.682200 6.306680 7.150981 10.530621 13.738750 14.057143 11.114947 7.545460 5.450969 7.170794 9.264179 10.507271 9.739692 7.639732 5.858660 5.126853 6.458399 7.242156 7.352319 6.633322 5.691030 5.175763 5.141970,

Pairwise cross-correlations of the modulus of all oriented sub-bands at the same scale (size QxQ)
 57.902855 54.166939 46.692112 53.887493,
 54.166939 60.914101 53.777149 52.048355,
 46.692112 53.777149 58.503765 54.510895,
 53.887493 52.048355 54.510895 61.516212,
 53.479450 49.013454 47.246346 48.763088,
 49.013454 52.893879 49.853138 45.523170,
 47.246346 49.853138 55.318954 50.289539,
 48.763088 45.523170 50.289539 53.553356,

Cross-correlations of the modulus of all oriented sub-bands with all oriented sub-bands at the coarser scale (size QxQ)
 49.907566 46.656784 44.579132 46.620548,
 48.668961 51.354782 49.452477 45.879253,
 44.246613 46.977463 51.082649 47.106068,
 48.985283 46.174404 50.031654 51.904388,
 22.438513 21.645514 20.489861 22.348814,
 21.662470 22.545538 21.372433 21.437471,
 20.955729 22.174465 22.994492 22.908205,
 21.354761 20.669029 21.563835 23.437744,

Cross-correlations of the real part of each oriented sub-band with both the real and imaginary part of all phase-doubled oriented sub-bands at the next coarser scale (Q matrices of size 1x2Q, which are computed and stored in a matrix of size Qx2Q)
 -20.972998 -9.419534 -0.770854 -9.704818 -0.003946 -0.019226 -0.000807 0.014896,
 -9.115660 -21.853617 -9.341506 -0.813649 -0.072439 -0.019029 0.067135 -0.022196,
 -0.766827 -9.473054 -22.026646 -10.379515 -0.026634 0.026532 0.099237 0.026081,
 -9.101243 -0.761488 -9.869051 -23.273211 -0.003966 -0.001403 0.021596 0.086419,
 -11.152434 -4.590687 -0.451927 -5.106360 -0.049780 0.028610 -0.035327 -0.103324,
 -4.713986 -10.350389 -4.865484 -0.470824 0.059371 -0.148871 0.089257 0.000464,
 -0.492409 -4.698717 -11.679785 -5.175270 0.004470 -0.156700 0.100252 -0.160779,
 -5.095539 -0.517339 -5.342435 -11.693546 -0.054232 -0.010678 -0.094298 -0.332294,
