Low-band skewness and kurtosis
 -11.313283 144.523682,
 -6.763278 54.485222,
 -3.555253 17.293600,
 -0.604583 7.280778,

High-band variance
 17.573795,

Skewness, kurtosis, variance, mean, maximum and minimum of the reconstructed texture
 -11.391068 137.174316 330.443970 253.283096 255.000000 0.000000,

Auto-correlations of the low-frequency bands at each scale
 7.750409 5.954143 5.659972 4.120068 -1.579262 -4.622109 -2.039085 -0.148056 14.097788 55.566105 80.258690 53.626728 10.611905 -4.780198 -0.968638 52.179485 163.779541 227.010254 164.506531 52.462189 -2.290293 0.916774 77.376770 226.005203 308.050415 226.005173 77.376770 0.916774 -2.290293 52.462189 164.506516 227.010254 163.779541 52.179489 -0.968639 -4.780198 10.611903 53.626736 80.258690 55.566101 14.097788 -0.148056 -2.039085 -4.622108 -1.579262 4.120069 5.659973 5.954143 7.750408,
 7.373837 8.195661 1.239349 -7.657263 -10.624295 -2.520458 6.388712 3.456013 -3.788520 1.373184 5.917337 -8.982437 -13.881307 1.337211 -6.526086 -2.765492 55.916607 98.649300 49.953484 -8.763782 -8.298647 -11.942268 2.728872 97.266747 165.291855 97.266747 2.728871 -11.942268 -8.298647 -8.763781 49.953472 98.649300 55.916611 -2.765492 -6.526086 1.337211 -13.881306 -8.982435 5.917336 1.373182 -3.788520 3.456013 6.388714 -2.520458 -10.624293 -7.657263 1.239349 8.195661 7.373837,
 4.280375 3.307199 1.995751 0.628693 -0.476827 2.248861 5.737910 4.038178 -0.095617 1.135247 1.759263 -3.699183 -2.147640 4.860238 1.770909 -0.556602 17.129263 30.096788 12.628793 -2.857724 1.245186 0.097305 0.225147 28.854097 52.078297 28.854097 0.225147 0.097305 1.245186 -2.857724 12.628793 30.096786 17.129263 -0.556602 1.770909 4.860238 -2.147640 -3.699183 1.759263 1.135247 -0.095617 4.038178 5.737910 2.248861 -0.476827 0.628694 1.995750 3.307199 4.280375,
 0.840723 0.482910 0.781694 0.593798 0.314571 0.911581 0.943139 0.825576 0.204282 0.707766 0.876446 0.160981 0.670283 1.304288 1.045524 0.794300 2.851499 4.373509 2.348996 0.845167 1.255939 1.163980 1.281502 4.439300 7.117983 4.439300 1.281502 1.163980 1.255939 0.845167 2.348996 4.373510 2.851499 0.794300 1.045524 1.304288 0.670283 0.160981 0.876446 0.707765 0.204281 0.825575 0.943139 0.911581 0.314571 0.593798 0.781694 0.482910 0.840723,

Auto-correlations of the modulus of each oriented sub-band
 16.193859 17.576241 18.316994 18.262455 17.393574 15.876525 13.976018 26.122040 30.175581 32.920582 33.731274 32.367382 29.140221 24.736059 36.990257 44.135494 49.183678 50.950138 48.948391 43.684525 36.366596 41.765652 50.403477 56.586990 58.851719 56.586979 50.403477 41.765652 36.366596 43.684525 48.948391 50.950146 49.183678 44.135494 36.990257 24.736059 29.140215 32.367382 33.731274 32.920582 30.175583 26.122040 13.976018 15.876525 17.393574 18.262455 18.316994 17.576242 16.193861,
 31.595247 36.533436 36.294693 30.644506 21.983856 13.582664 7.518377 35.721272 44.893375 48.489666 44.449757 34.479061 22.805397 13.208320 35.150043 48.019321 56.479805 56.393280 47.594784 34.144096 21.229294 29.589432 43.917896 56.255905 61.199585 56.255901 43.917900 29.589432 21.229296 34.144093 47.594780 56.393284 56.479813 48.019321 35.150040 13.208320 22.805391 34.479057 44.449760 48.489655 44.893379 35.721268 7.518377 13.582663 21.983860 30.644506 36.294693 36.533440 31.595245,
 16.898544 27.191637 37.538326 41.503429 35.746399 23.988089 13.003634 17.752226 30.720161 44.262577 49.865128 42.996563 28.461319 14.999093 18.056608 33.009792 48.989922 55.923988 48.331100 31.842173 16.632729 17.693535 33.461372 50.509422 58.160496 50.509422 33.461372 17.693535 16.632729 31.842173 48.331104 55.923988 48.989918 33.009789 18.056608 14.999093 28.461319 42.996563 49.865128 44.262577 30.720163 17.752226 13.003634 23.988087 35.746399 41.503437 37.538322 27.191639 16.898544,
 10.557670 15.064804 21.658855 28.814861 33.609631 33.661434 29.043900 14.903032 22.960340 33.149033 42.135681 45.828606 42.385906 33.712124 21.564484 33.156666 45.564743 53.859730 53.942829 45.849529 33.673649 28.844009 42.180447 53.880913 58.624783 53.880913 42.180450 28.844009 33.673653 45.849529 53.942829 53.859730 45.564743 33.156670 21.564484 33.712124 42.385910 45.828609 42.135681 33.149029 22.960342 14.903030 29.043905 33.661430 33.609631 28.814861 21.658855 15.064806 10.557670,
 12.136550 13.080030 13.491908 13.130621 12.093563 10.840544 9.832343 17.462786 21.494843 24.799381 25.836464 23.957558 20.049168 15.767774 24.888794 33.769608 41.528465 44.661789 41.408859 33.415302 24.228304 28.629084 40.214577 50.362694 54.507812 50.362701 40.214581 28.629084 24.228304 33.415298 41.408852 44.661789 41.528465 33.769608 24.888794 15.767776 20.049168 23.957558 25.836462 24.799377 21.494843 17.462786 9.832343 10.840543 12.093563 13.130621 13.491910 13.080032 12.136550,
 18.309872 23.098093 23.578936 18.799683 11.911947 6.919733 5.005161 21.331484 30.927120 35.854759 31.832476 21.413727 11.491096 6.271278 20.862253 34.633034 45.957382 46.468143 35.291321 20.472351 10.193456 16.196817 30.354183 46.094696 53.214035 46.094696 30.354187 16.196817 10.193457 20.472351 35.291321 46.468143 45.957382 34.633030 20.862251 6.271278 11.491096 21.413727 31.832476 35.854763 30.927120 21.331484 5.005161 6.919733 11.911947 18.799683 23.578936 23.098093 18.309872,
 10.495918 17.642717 25.936518 28.873344 22.829723 13.069810 6.881629 10.780467 20.729244 33.695847 39.563171 31.679523 17.398235 7.983505 10.672225 23.052847 40.357033 49.001225 39.492458 21.350384 9.139236 10.111030 23.462639 42.860394 52.889534 42.860394 23.462639 10.111029 9.139236 21.350380 39.492455 49.001228 40.357037 23.052847 10.672224 7.983505 17.398235 31.679520 39.563171 33.695850 20.729244 10.780466 6.881629 13.069810 22.829721 28.873344 25.936518 17.642717 10.495917,
 9.869384 12.056283 15.693088 20.005318 22.638224 21.669706 17.928635 11.393613 16.569677 25.172531 33.739582 36.599438 31.637289 22.715757 14.731574 24.862619 38.904469 49.238033 48.302879 36.987274 23.414316 19.709322 33.764751 49.293568 56.324368 49.293571 33.764751 19.709322 23.414316 36.987274 48.302872 49.238033 38.904469 24.862617 14.731574 22.715757 31.637289 36.599438 33.739582 25.172531 16.569677 11.393613 17.928635 21.669703 22.638222 20.005320 15.693088 12.056283 9.869384,
 5.342230 5.560239 5.660143 5.599180 5.408586 5.185443 4.960452 6.344141 7.331724 8.183409 8.482198 8.041222 7.094972 6.038013 8.076682 10.521873 12.762620 13.636500 12.574256 10.209217 7.703021 8.826446 12.158367 15.345843 16.724207 15.345841 12.158367 8.826446 7.703021 10.209217 12.574256 13.636500 12.762618 10.521873 8.076682 6.038013 7.094972 8.041222 8.482198 8.183409 7.331722 6.344141 4.960451 5.185443 5.408586 5.599180 5.660143 5.560239 5.342230,
 5.241291 5.975554 6.065022 5.389475 4.466733 3.751187 3.347096 5.864369 7.813308 8.886514 8.076088 6.131592 4.491098 3.649620 5.955064 9.048988 11.874668 12.014974 9.268033 6.109090 4.203351 5.183062 8.231303 12.163356 14.170828 12.163356 8.231303 5.183062 4.203351 6.109090 9.268031 12.014976 11.874668 9.048988 5.955064 3.649620 4.491098 6.131592 8.076088 8.886513 7.813307 5.864368 3.347096 3.751187 4.466733 5.389475 6.065022 5.975554 5.241291,
 4.297217 5.175935 7.005826 7.925111 6.493073 4.464902 3.590799 4.499177 6.012738 9.108430 10.867964 8.792539 5.603439 4.055882 4.654491 6.782697 11.079917 13.683495 10.944507 6.610530 4.441995 4.654322 7.062067 11.883458 14.899828 11.883458 7.062067 4.654321 4.441996 6.610531 10.944505 13.683495 11.079917 6.782696 4.654490 4.055882 5.603439 8.792539 10.867963 9.108430 6.012737 4.499177 3.590800 4.464902 6.493073 7.925111 7.005826 5.175935 4.297217,
 5.388490 5.789544 6.422443 7.124884 7.383558 6.884854 6.083539 5.437992 6.507377 8.440768 10.520159 11.066471 9.542305 7.391016 5.981738 8.263020 11.986110 15.094053 14.655733 11.209781 7.754454 6.996895 10.449717 15.054429 17.452124 15.054431 10.449717 6.996895 7.754456 11.209782 14.655735 15.094053 11.986110 8.263020 5.981737 7.391015 9.542305 11.066469 10.520159 8.440768 6.507376 5.437991 6.083540 6.884854 7.383558 7.124883 6.422444 5.789544 5.388490,

Pairwise cross-correlations of the modulus of all oriented sub-bands at the same scale (size QxQ)
 58.851715 54.202805 46.532745 52.972965,
 54.202805 61.199562 54.161545 50.557007,
 46.532745 54.161545 58.160500 52.693413,
 52.972965 50.557007 52.693413 58.624771,
 54.507805 49.144577 45.596870 51.592987,
 49.144577 53.214027 49.243378 47.206104,
 45.596870 49.243378 52.889534 49.521900,
 51.592987 47.206104 49.521900 56.324379,

Cross-correlations of the modulus of all oriented sub-bands with all oriented sub-bands at the coarser scale (size QxQ)
 51.081444 46.894295 43.742416 48.936489,
 49.174873 51.027431 48.077610 47.667252,
 44.015518 46.395454 49.623360 48.373093,
 48.482761 44.615490 47.400871 52.753994,
 24.155231 21.133188 20.694416 23.688541,
 22.447872 21.146370 21.012766 21.910713,
 21.502003 20.315983 22.014212 22.891104,
 23.926069 20.403442 22.421972 25.543919,

Cross-correlations of the real part of each oriented sub-band with both the real and imaginary part of all phase-doubled oriented sub-bands at the next coarser scale (Q matrices of size 1x2Q, which are computed and stored in a matrix of size Qx2Q)
 -22.768568 -9.527674 -0.761811 -10.726673 -0.007668 0.000943 -0.010639 -0.028106,
 -9.410714 -22.368248 -9.362591 -0.775910 0.001492 0.028506 -0.002748 0.001473,
 -0.796133 -9.598646 -21.809561 -9.913349 0.002805 0.016812 -0.007018 -0.004160,
 -10.402045 -0.726486 -9.487107 -23.936665 -0.001840 0.001278 -0.011325 -0.039268,
 -12.611351 -4.500177 -0.518513 -6.446560 0.039076 0.096562 0.001538 0.092609,
 -4.909578 -10.376641 -4.633854 -0.510826 -0.003181 0.398867 0.054184 -0.007151,
 -0.539597 -4.606191 -11.000937 -5.715398 -0.007687 0.166561 0.054143 0.003249,
 -6.224490 -0.431432 -5.298969 -13.852039 0.016949 -0.017583 0.014862 0.182178,
