Low-band skewness and kurtosis
 -11.359294 145.544189,
 -6.955161 57.343552,
 -4.040214 22.598999,
 0.144811 6.133287,

High-band variance
 17.523853,

Skewness, kurtosis, variance, mean, maximum and minimum of the reconstructed texture
 -11.435514 138.179886 329.147064 253.293884 255.000000 0.000000,

Auto-correlations of the low-frequency bands at each scale
 4.231740 -3.103036 -3.357869 -1.503419 -3.184884 -2.395911 3.244176 3.663339 13.303574 52.076202 76.689697 53.361267 16.073223 5.279955 10.144839 58.975407 164.891006 225.266113 166.018005 61.261967 11.777631 15.822008 87.342194 228.456711 306.848633 228.456711 87.342201 15.822008 11.777629 61.261963 166.018005 225.266113 164.890991 58.975410 10.144838 5.279955 16.073219 53.361267 76.689697 52.076195 13.303576 3.663338 3.244177 -2.395911 -3.184883 -1.503419 -3.357869 -3.103036 4.231740,
 9.120660 3.215968 -5.913108 -5.781316 0.052318 8.454700 12.991408 10.388159 -4.769093 -8.259201 -0.871584 -7.038443 -7.377227 5.315595 9.637177 8.162995 55.357143 95.232567 53.825855 1.814733 -0.114604 4.574920 19.143631 104.597176 167.106369 104.597191 19.143633 4.574918 -0.114604 1.814732 53.825851 95.232567 55.357143 8.162996 9.637176 5.315595 -7.377227 -7.038443 -0.871583 -8.259200 -4.769093 10.388157 12.991408 8.454700 0.052318 -5.781315 -5.913108 3.215968 9.120658,
 4.293464 4.545000 2.402858 1.502761 2.838780 3.773186 1.749943 3.836471 0.717435 0.736736 3.113664 1.523630 0.203832 1.125043 1.336596 2.504483 19.267689 32.669014 19.438013 1.869689 -0.082032 -0.296707 5.714518 34.937881 55.805538 34.937878 5.714518 -0.296707 -0.082032 1.869689 19.438013 32.669014 19.267685 2.504483 1.336596 1.125043 0.203832 1.523630 3.113664 0.736735 0.717435 3.836471 1.749942 3.773186 2.838780 1.502761 2.402858 4.545000 4.293465,
 1.053833 0.723265 0.221425 0.499902 0.620535 0.929785 1.933475 1.615764 0.902893 0.267640 0.530753 0.259108 0.453312 1.571619 1.554633 1.240654 2.536498 4.178930 2.585865 0.634118 0.781933 0.982228 1.343811 4.497383 7.066610 4.497383 1.343811 0.982228 0.781933 0.634117 2.585865 4.178930 2.536499 1.240654 1.554633 1.571619 0.453311 0.259108 0.530753 0.267640 0.902893 1.615764 1.933475 0.929785 0.620535 0.499902 0.221425 0.723265 1.053833,

Auto-correlations of the modulus of each oriented sub-band
 16.553537 17.334028 17.777170 17.761465 17.202841 16.126268 14.640204 26.973450 30.238684 32.516914 33.212811 32.034637 29.185471 25.244509 37.458523 43.766560 48.331024 49.943813 48.057674 43.157288 36.444454 41.672771 49.523689 55.280289 57.424179 55.280285 49.523689 41.672764 36.444454 43.157288 48.057674 49.943813 48.331024 43.766560 37.458523 25.244505 29.185465 32.034637 33.212811 32.516914 30.238684 26.973450 14.640205 16.126265 17.202841 17.761465 17.777170 17.334028 16.553537,
 30.938179 34.667088 34.274349 29.534311 22.626314 16.339556 12.110164 35.976944 43.527363 46.520206 42.919308 34.324451 24.707037 17.217272 36.385937 47.277252 54.710545 54.620361 46.736336 35.117786 24.471788 31.855005 43.955868 54.831135 59.330780 54.831135 43.955868 31.855005 24.471788 35.117783 46.736340 54.620361 54.710541 47.277256 36.385929 17.217272 24.707033 34.324451 42.919308 46.520206 43.527363 35.976940 12.110164 16.339558 22.626316 29.534311 34.274345 34.667088 30.938179,
 18.755440 27.411358 37.219925 41.561813 36.865444 26.899078 18.170540 20.462221 31.466536 44.057785 49.677746 43.641071 30.884920 19.857529 21.530407 34.252632 48.941895 55.613602 48.656734 33.869305 21.150133 21.769062 35.119915 50.629417 57.820522 50.629417 35.119915 21.769062 21.150133 33.869301 48.656738 55.613602 48.941902 34.252632 21.530405 19.857533 30.884916 43.641071 49.677738 44.057785 31.466541 20.462221 18.170540 26.899073 36.865444 41.561813 37.219925 27.411367 18.755444,
 12.641922 16.165865 21.985022 28.704012 33.424629 33.785652 29.843039 17.166553 23.930182 33.101749 41.569630 45.232609 42.242046 34.517124 23.695066 33.838448 45.192566 53.057377 53.228817 45.804825 34.855980 30.545862 42.460316 53.252357 57.741478 53.252346 42.460327 30.545862 34.855980 45.804825 53.228825 53.057377 45.192558 33.838451 23.695065 34.517128 42.242039 45.232609 41.569637 33.101749 23.930182 17.166550 29.843039 33.785652 33.424629 28.704012 21.985022 16.165865 12.641921,
 11.694870 12.860225 13.844160 14.436580 14.410903 13.714300 12.483881 17.284748 20.574240 23.319115 24.467318 23.327724 20.263695 16.403217 24.937243 32.145721 38.329273 40.838547 38.130749 31.393120 23.459944 28.062370 37.795689 46.232239 49.691647 46.232239 37.795689 28.062366 23.459944 31.393120 38.130749 40.838547 38.329277 32.145725 24.937239 16.403217 20.263695 23.327723 24.467314 23.319120 20.574244 17.284748 12.483879 13.714301 14.410902 14.436580 13.844161 12.860228 11.694870,
 19.986561 23.587315 24.143997 21.122229 17.061888 14.147599 12.263458 24.743704 32.396111 36.403866 33.177475 25.324255 18.242865 13.950088 26.108912 37.464409 47.064449 47.419132 37.911560 26.051220 17.693216 22.859386 34.515377 47.810371 54.121189 47.810383 34.515377 22.859386 17.693216 26.051220 37.911552 47.419132 47.064449 37.464409 26.108908 13.950088 18.242865 25.324253 33.177471 36.403870 32.396111 24.743704 12.263461 14.147597 17.061888 21.122229 24.143997 23.587315 19.986561,
 16.611208 22.525316 30.811272 35.920563 32.423988 23.986704 17.024870 18.534883 27.467482 40.168221 47.572056 41.598988 28.686058 18.784082 20.019796 31.699703 48.254368 57.459263 49.115002 32.399204 20.111734 20.601086 33.615032 51.789967 61.419056 51.789967 33.615032 20.601086 20.111732 32.399204 49.115002 57.459263 48.254368 31.699699 20.019796 18.784084 28.686058 41.598988 47.572056 40.168224 27.467482 18.534883 17.024868 23.986704 32.423988 35.920570 30.811277 22.525314 16.611208,
 12.262717 14.241593 17.582855 22.361284 25.892565 25.117495 20.486776 14.438498 18.740986 26.230722 34.604675 37.858055 32.989288 23.937206 17.746603 26.084003 38.359383 48.188679 47.479599 36.829941 24.420013 21.703911 33.734108 47.739468 54.409122 47.739483 33.734108 21.703911 24.420012 36.829941 47.479599 48.188679 38.359386 26.084003 17.746603 23.937202 32.989288 37.858047 34.604675 26.230726 18.740986 14.438498 20.486776 25.117498 25.892561 22.361284 17.582855 14.241591 12.262717,
 5.461201 5.549502 5.801064 5.993038 5.915281 5.545712 5.029020 6.176683 6.704717 7.419799 7.820882 7.554649 6.747859 5.818714 7.456172 9.071222 10.891283 11.758981 10.972712 9.119104 7.303079 8.148838 10.512034 13.080481 14.274332 13.080481 10.512034 8.148838 7.303078 9.119104 10.972712 11.758981 10.891283 9.071221 7.456172 5.818714 6.747858 7.554647 7.820882 7.419799 6.704716 6.176683 5.029020 5.545712 5.915279 5.993038 5.801064 5.549502 5.461202,
 6.945245 7.450442 7.724163 7.410911 6.632252 5.716275 5.019988 7.887385 9.468932 10.661012 10.201549 8.421476 6.610490 5.489180 8.276337 10.858474 13.653785 14.035981 11.510859 8.404289 6.499399 7.672595 10.320990 14.047822 15.994908 14.047822 10.320989 7.672594 6.499399 8.404289 11.510859 14.035982 13.653784 10.858474 8.276337 5.489180 6.610490 8.421475 10.201549 10.661012 9.468932 7.887384 5.019988 5.716275 6.632254 7.410910 7.724161 7.450442 6.945245,
 6.537615 7.438616 9.228095 10.188569 9.252752 7.293958 5.635312 6.641091 8.331733 11.534940 13.229469 11.456664 8.222464 5.997078 6.758159 9.233426 13.811103 16.335228 13.698032 9.143906 6.408254 6.695653 9.576859 14.735516 17.728937 14.735516 9.576859 6.695653 6.408254 9.143907 13.698033 16.335228 13.811102 9.233426 6.758158 5.997078 8.222464 11.456662 13.229468 11.534940 8.331732 6.641091 5.635312 7.293958 9.252750 10.188570 9.228096 7.438616 6.537615,
 6.176804 6.192310 6.832273 7.710890 8.131307 7.643112 6.582086 6.193284 6.822272 8.512024 10.387543 10.923805 9.559996 7.528170 6.691829 8.478470 11.606171 14.193998 13.855550 10.942703 7.982256 7.532453 10.415224 14.254964 16.227476 14.254964 10.415224 7.532453 7.982255 10.942703 13.855550 14.193997 11.606171 8.478469 6.691829 7.528169 9.559997 10.923806 10.387543 8.512024 6.822272 6.193284 6.582085 7.643111 8.131307 7.710890 6.832273 6.192310 6.176804,

Pairwise cross-correlations of the modulus of all oriented sub-bands at the same scale (size QxQ)
 57.424160 53.071812 46.201702 52.215221,
 53.071812 59.330765 52.896645 49.787312,
 46.201702 52.896645 57.820545 51.900784,
 52.215221 49.787312 51.900784 57.741470,
 49.691643 47.866207 47.153728 47.355728,
 47.866207 54.121174 52.475445 47.185452,
 47.153728 52.475445 61.419048 53.482201,
 47.355728 47.185452 53.482201 54.409126,

Cross-correlations of the modulus of all oriented sub-bands with all oriented sub-bands at the coarser scale (size QxQ)
 47.003067 46.296467 46.443489 46.358719,
 46.135975 51.338005 51.339622 45.909431,
 42.080421 47.719738 54.187840 47.912735,
 45.593643 45.174751 50.803043 50.754173,
 20.280510 20.424095 20.157314 20.215261,
 21.073339 23.040623 22.985542 21.270185,
 21.897547 23.961056 25.855663 23.848614,
 20.998596 21.219778 22.935925 22.807240,

Cross-correlations of the real part of each oriented sub-band with both the real and imaginary part of all phase-doubled oriented sub-bands at the next coarser scale (Q matrices of size 1x2Q, which are computed and stored in a matrix of size Qx2Q)
 -18.319971 -8.817839 -0.752936 -8.605577 0.271828 0.088005 -0.000100 -0.067002,
 -8.126217 -21.431236 -10.056832 -0.883034 0.125736 0.076597 -0.016615 0.020064,
 -0.678018 -9.907750 -23.933136 -10.386179 0.014811 -0.064259 -0.022006 -0.038620,
 -7.815085 -0.843707 -10.531094 -21.521273 0.123608 -0.018764 -0.001141 -0.179585,
 -8.304665 -4.314912 -0.506654 -3.966850 0.033023 0.231039 0.011228 -0.121800,
 -4.041564 -10.350370 -5.100725 -0.531806 -0.006764 0.698492 0.169013 -0.078936,
 -0.472163 -4.875366 -12.331999 -5.471847 0.012526 0.387465 -0.069473 -0.175677,
 -3.572304 -0.487899 -5.738221 -10.442832 0.058603 0.027465 -0.189165 -0.138940,
