Low-band skewness and kurtosis
 -11.360702 145.656448,
 -6.855347 55.678211,
 -3.752467 19.697668,
 -0.488641 5.638258,

High-band variance
 17.440828,

Skewness, kurtosis, variance, mean, maximum and minimum of the reconstructed texture
 -11.429936 138.071518 329.253754 253.292603 255.000000 0.000000,

Auto-correlations of the low-frequency bands at each scale
 -1.210613 -4.062444 -0.970369 3.263880 1.950157 1.932297 7.205977 -4.425628 10.698157 53.207394 79.517021 54.956223 14.638982 2.026707 -0.357729 53.945999 164.343201 226.274841 164.618729 55.147446 2.654539 4.347298 80.243866 226.469620 307.080414 226.469620 80.243874 4.347297 2.654539 55.147438 164.618729 226.274872 164.343185 53.945995 -0.357730 2.026706 14.638981 54.956223 79.517021 53.207394 10.698160 -4.425629 7.205978 1.932297 1.950157 3.263882 -0.970368 -4.062444 -1.210613,
 7.360043 2.295868 -7.336257 -9.430199 -3.418497 4.755919 7.168383 2.355652 -10.562551 -6.329668 5.783782 -0.667101 -5.478165 2.518828 -4.343576 -6.323630 50.851536 98.483498 55.739021 -1.759151 -4.620030 -6.372440 5.549355 97.934570 165.263016 97.934578 5.549355 -6.372440 -4.620030 -1.759151 55.739017 98.483498 50.851536 -6.323631 -4.343576 2.518828 -5.478165 -0.667100 5.783782 -6.329668 -10.562551 2.355651 7.168382 4.755919 -3.418497 -9.430199 -7.336257 2.295868 7.360043,
 1.811855 1.896040 -0.656207 -2.563632 -0.855308 3.265039 3.125429 1.539337 -2.148824 -2.296256 -0.408738 -2.348261 -0.894676 2.563129 -0.836043 -2.280846 14.967313 30.070869 15.888406 -0.454314 0.616893 -1.218108 1.177651 30.576342 53.493889 30.576342 1.177651 -1.218108 0.616893 -0.454314 15.888404 30.070869 14.967313 -2.280846 -0.836043 2.563129 -0.894675 -2.348261 -0.408738 -2.296256 -2.148824 1.539337 3.125429 3.265039 -0.855308 -2.563632 -0.656207 1.896039 1.811856,
 1.012824 0.757831 0.361764 0.631267 0.573803 0.184925 0.830208 1.140721 0.231101 0.075243 0.766761 0.455905 0.156702 1.211561 0.643525 -0.015597 2.067685 4.300382 2.497468 0.281222 0.903968 0.452769 0.272051 3.942987 6.966365 3.942987 0.272051 0.452769 0.903968 0.281222 2.497468 4.300382 2.067685 -0.015597 0.643525 1.211561 0.156702 0.455905 0.766761 0.075244 0.231101 1.140721 0.830209 0.184925 0.573803 0.631267 0.361764 0.757831 1.012824,

Auto-correlations of the modulus of each oriented sub-band
 14.238586 16.025867 17.430424 18.208744 18.195080 17.396999 15.948691 24.557011 28.801167 31.976034 33.375816 32.644016 29.993561 26.039497 35.816605 42.857704 48.024830 50.063171 48.398529 43.520863 36.642788 41.103920 49.379951 55.385136 57.607433 55.385128 49.379963 41.103916 36.642788 43.520863 48.398533 50.063179 48.024830 42.857708 35.816605 26.039497 29.993559 32.644020 33.375813 31.976030 28.801170 24.557011 15.948691 17.396999 18.195080 18.208744 17.430422 16.025867 14.238586,
 29.360916 34.154423 34.268280 29.473934 22.045679 15.013340 10.148350 33.616249 42.350853 45.991768 42.495972 33.539890 23.211735 15.012594 33.519379 45.597069 53.759407 53.845329 45.679840 33.324463 21.804621 28.891825 42.059483 53.698589 58.432724 53.698589 42.059483 28.891823 21.804625 33.324463 45.679840 53.845322 53.759407 45.597073 33.519379 15.012597 23.211731 33.539894 42.495972 45.991760 42.350853 33.616249 10.148351 15.013340 22.045677 29.473934 34.268280 34.154427 29.360916,
 15.084257 25.682093 36.829205 41.741127 36.947422 26.191616 16.028843 16.749983 29.865005 43.916176 50.148907 43.971889 30.245119 17.506491 17.984047 32.856747 48.984669 56.199833 48.996964 33.056217 18.402575 18.575661 34.012745 50.838806 58.424778 50.838806 34.012749 18.575661 18.402576 33.056213 48.996964 56.199833 48.984669 32.856747 17.984047 17.506491 30.245113 43.971889 50.148907 43.916176 29.865005 16.749981 16.028845 26.191612 36.947426 41.741127 36.829205 25.682098 15.084257,
 8.665521 13.814620 21.280645 29.230633 34.618229 35.100597 30.749702 14.037023 22.697731 33.525406 42.977959 46.972824 43.755749 35.197113 21.669304 33.711472 46.469830 54.946438 55.135429 47.120041 34.898758 29.653679 43.231796 55.035011 59.790947 55.035011 43.231804 29.653679 34.898762 47.120029 55.135429 54.946445 46.469830 33.711472 21.669304 35.197113 43.755741 46.972824 42.977962 33.525406 22.697731 14.037023 30.749702 35.100594 34.618233 29.230633 21.280645 13.814620 8.665521,
 8.161897 9.342758 10.150097 10.425211 10.210740 9.758481 9.256115 14.660026 19.088268 22.659658 23.977819 22.552851 19.232744 15.402685 23.846415 32.994740 40.663036 43.565250 40.344273 32.751663 23.992964 28.439623 39.889118 49.750038 53.752796 49.750046 39.889118 28.439623 23.992964 32.751663 40.344273 43.565250 40.663036 32.994740 23.846415 15.402686 19.232748 22.552851 23.977819 22.659658 19.088266 14.660024 9.256115 9.758481 10.210740 10.425211 10.150097 9.342758 8.161896,
 17.493095 22.130404 22.771662 18.735497 12.911578 8.535745 6.467890 22.080118 31.658781 36.671967 33.147804 23.684261 14.470110 9.043703 23.120159 36.926567 48.241936 48.945900 38.326977 24.090536 13.734438 19.507439 33.652924 49.122349 56.114033 49.122349 33.652924 19.507439 13.734439 24.090536 38.326977 48.945900 48.241940 36.926567 23.120159 9.043703 14.470108 23.684259 33.147804 36.671967 31.658783 22.080116 6.467890 8.535745 12.911575 18.735497 22.771664 22.130404 17.493092,
 9.428811 15.672899 23.794872 27.621275 23.068007 14.636853 9.151617 10.596179 19.910679 32.847771 39.277233 32.422638 19.286821 10.426473 11.515546 23.498947 40.648869 49.377445 40.465694 23.240591 11.453911 11.865817 24.878126 43.752087 53.483200 43.752090 24.878126 11.865815 11.453911 23.240589 40.465691 49.377445 40.648869 23.498947 11.515545 10.426472 19.286818 32.422638 39.277233 32.847771 19.910679 10.596179 9.151617 14.636853 23.068005 27.621275 23.794872 15.672899 9.428810,
 6.224338 7.822715 11.279320 16.381252 20.202780 20.027725 16.584867 8.022041 12.510926 20.869194 30.017492 33.632538 29.146467 20.688211 11.922757 21.080549 34.622547 45.201977 44.604172 33.753963 21.069427 17.248497 30.178858 45.123859 52.127949 45.123859 30.178864 17.248497 21.069427 33.753960 44.604168 45.201977 34.622547 21.080553 11.922757 20.688211 29.146463 33.632534 30.017492 20.869194 12.510928 8.022041 16.584867 20.027723 20.202776 16.381252 11.279321 7.822717 6.224338,
 2.893008 2.997944 3.224482 3.416459 3.455441 3.328241 3.052540 3.819749 4.852417 5.917774 6.470293 6.216338 5.326840 4.201859 5.710128 8.280278 10.727550 11.823891 10.941162 8.642238 6.070263 6.972411 10.380010 13.568336 14.925773 13.568336 10.380010 6.972411 6.070263 8.642238 10.941163 11.823891 10.727548 8.280278 5.710128 4.201858 5.326840 6.216338 6.470293 5.917774 4.852417 3.819749 3.052540 3.328240 3.455441 3.416459 3.224482 2.997944 2.893008,
 4.948676 5.931952 6.259448 5.495376 4.307078 3.392112 2.749433 5.982913 8.478518 10.044582 9.170145 6.627985 4.327526 2.988827 6.111233 9.985450 13.606615 13.958831 10.648355 6.544487 3.843285 5.143943 9.077709 13.928825 16.320133 13.928825 9.077709 5.143943 3.843284 6.544487 10.648355 13.958832 13.606614 9.985449 6.111234 2.988827 4.327526 6.627985 9.170144 10.044581 8.478516 5.982913 2.749433 3.392112 4.307080 5.495376 6.259447 5.931951 4.948676,
 2.812726 4.176529 6.501254 7.959822 7.041023 5.020295 3.495670 3.032706 5.295736 9.001101 11.188910 9.359601 5.893157 3.553221 3.329253 6.469365 11.508964 14.425471 11.667117 6.764807 3.614132 3.555589 7.062229 12.637329 15.854145 12.637329 7.062229 3.555590 3.614132 6.764808 11.667117 14.425469 11.508964 6.469365 3.329253 3.553220 5.893157 9.359600 11.188910 9.001101 5.295736 3.032706 3.495670 5.020296 7.041023 7.959822 6.501254 4.176529 2.812726,
 2.359649 2.733248 3.649715 4.928189 5.968431 5.986186 4.969056 2.516584 3.626945 5.816174 8.405298 9.649760 8.472818 5.951653 3.305528 5.820408 9.729327 13.061273 13.053535 9.758514 5.915826 4.723742 8.538360 13.137314 15.397630 13.137314 8.538359 4.723742 5.915826 9.758516 13.053534 13.061271 9.729327 5.820408 3.305528 5.951653 8.472818 9.649758 8.405298 5.816174 3.626945 2.516584 4.969056 5.986186 5.968431 4.928190 3.649715 2.733248 2.359649,

Pairwise cross-correlations of the modulus of all oriented sub-bands at the same scale (size QxQ)
 57.607449 52.265244 46.129906 53.002560,
 52.265244 58.432732 52.717438 49.831451,
 46.129906 52.717438 58.424789 53.297993,
 53.002560 49.831451 53.297993 59.790951,
 53.752796 50.641083 46.233673 48.633705,
 50.641083 56.114029 50.515167 46.886002,
 46.233673 50.515167 53.483204 48.819035,
 48.633705 46.886002 48.819035 52.127949,

Cross-correlations of the modulus of all oriented sub-bands with all oriented sub-bands at the coarser scale (size QxQ)
 49.908604 47.991348 43.449894 45.729282,
 48.020004 52.390610 47.930973 44.172104,
 43.773014 48.381893 50.405361 46.323055,
 48.069778 46.739754 48.110390 50.146484,
 22.001352 21.830616 20.886719 21.561863,
 21.904825 24.007700 22.763763 21.042477,
 19.944613 22.053879 23.337481 21.768764,
 20.622597 20.144665 21.401501 22.288862,

Cross-correlations of the real part of each oriented sub-band with both the real and imaginary part of all phase-doubled oriented sub-bands at the next coarser scale (Q matrices of size 1x2Q, which are computed and stored in a matrix of size Qx2Q)
 -21.901461 -9.997365 -0.729617 -9.455700 -0.012157 -0.008551 -0.007205 -0.047710,
 -9.697902 -23.153477 -9.529804 -0.714696 0.010212 -0.112642 0.035374 0.006904,
 -0.773231 -9.877796 -21.707563 -9.477846 -0.003820 0.002990 0.055025 0.049831,
 -9.246214 -0.750707 -9.185775 -22.061930 -0.027260 0.024984 -0.007116 -0.018065,
 -11.272852 -5.280984 -0.530364 -4.946279 0.236245 0.032676 -0.001434 -0.110652,
 -5.042286 -12.449148 -5.569043 -0.464477 0.061353 0.034692 0.110466 0.014315,
 -0.499985 -5.617727 -12.315368 -5.098008 -0.003630 -0.003938 0.292322 0.077559,
 -4.989207 -0.501914 -5.275045 -11.440986 0.107972 0.002859 0.085618 -0.064268,
