Low-band skewness and kurtosis
 -11.395555 146.325989,
 -7.102769 60.305370,
 -4.120669 24.277288,
 -0.418668 6.763282,

High-band variance
 17.376923,

Skewness, kurtosis, variance, mean, maximum and minimum of the reconstructed texture
 -11.490155 139.492905 326.044739 253.310257 255.000000 0.000000,

Auto-correlations of the low-frequency bands at each scale
 4.203905 4.318778 7.060932 7.946841 3.775645 2.258547 5.723289 3.405532 19.992422 61.211544 84.144188 56.877102 15.327227 1.443653 6.755166 59.688732 166.952545 226.156998 164.179474 56.301250 4.637012 9.245472 82.612648 225.066940 303.924774 225.066940 82.612648 9.245472 4.637013 56.301250 164.179474 226.156982 166.952545 59.688732 6.755166 1.443653 15.327225 56.877094 84.144180 61.211540 19.992420 3.405532 5.723289 2.258547 3.775646 7.946840 7.060932 4.318778 4.203905,
 3.385386 0.229600 -6.071315 -6.134577 2.225364 12.120543 12.517467 1.400332 -9.786637 -3.355525 8.271134 0.705785 -3.593167 5.667710 -2.996974 -1.404839 56.819279 101.178558 55.102772 -3.146403 -4.586360 -6.369647 7.702527 101.166321 168.285507 101.166321 7.702527 -6.369647 -4.586359 -3.146402 55.102772 101.178543 56.819279 -1.404840 -2.996974 5.667710 -3.593167 0.705783 8.271134 -3.355524 -9.786637 1.400333 12.517467 12.120543 2.225364 -6.134577 -6.071314 0.229600 3.385386,
 9.438035 6.927241 2.050547 -0.252811 0.433954 3.026326 4.318865 6.943779 -0.615107 -1.904199 2.258026 0.686839 0.520234 5.283897 1.419468 -2.592758 15.183850 33.143410 19.320047 1.681392 3.734136 0.672656 1.834413 32.378819 56.580612 32.378819 1.834413 0.672656 3.734136 1.681392 19.320047 33.143410 15.183850 -2.592758 1.419469 5.283897 0.520233 0.686839 2.258026 -1.904199 -0.615107 6.943779 4.318865 3.026327 0.433954 -0.252811 2.050547 6.927241 9.438033,
 0.759660 1.013726 1.422398 1.865262 1.841400 1.258475 0.690559 1.048472 0.616057 1.118912 1.686427 1.089000 0.563890 0.763355 1.069258 0.807105 3.283004 5.369109 3.349116 0.871076 0.654917 0.827579 1.410651 5.470843 8.545485 5.470843 1.410651 0.827579 0.654917 0.871076 3.349116 5.369109 3.283004 0.807105 1.069258 0.763355 0.563890 1.089000 1.686428 1.118912 0.616057 1.048472 0.690559 1.258475 1.841400 1.865262 1.422398 1.013726 0.759660,

Auto-correlations of the modulus of each oriented sub-band
 15.256200 16.866894 18.026615 18.544682 18.324425 17.428167 16.017708 25.293276 29.225702 32.025227 33.085800 32.141846 29.435379 25.563673 35.841465 42.553555 47.366810 49.146275 47.409374 42.618080 35.913971 40.530933 48.548485 54.323177 56.447971 54.323174 48.548489 40.530933 35.913975 42.618073 47.409367 49.146275 47.366810 42.553555 35.841461 25.563673 29.435373 32.141846 33.085796 32.025223 29.225702 25.293272 16.017708 17.428167 18.324425 18.544682 18.026619 16.866898 15.256200,
 28.419775 32.988491 33.141300 28.554728 21.445545 14.728875 10.075455 32.631805 40.846592 44.270271 40.859661 32.250263 22.386490 14.527247 32.568680 43.987560 51.704338 51.713669 43.844902 32.056549 21.043264 28.004498 40.538746 51.614918 56.147552 51.614918 40.538750 28.004496 21.043264 32.056549 43.844910 51.713669 51.704346 43.987572 32.568680 14.527248 22.386488 32.250263 40.859661 44.270271 40.846596 32.631805 10.075455 14.728875 21.445543 28.554731 33.141300 32.988491 28.419773,
 15.577617 25.218565 35.203091 39.516575 35.024868 25.100760 15.845761 17.132414 29.052996 41.771221 47.406261 41.679028 28.967831 17.271152 18.216845 31.776903 46.515209 53.145805 46.486004 31.733725 18.267504 18.620649 32.760109 48.259007 55.271244 48.259007 32.760113 18.620647 18.267504 31.733719 46.486004 53.145794 46.515202 31.776905 18.216845 17.271152 28.967829 41.679028 47.406250 41.771221 29.052999 17.132414 15.845762 25.100760 35.024868 39.516575 35.203091 25.218565 15.577616,
 10.250030 15.427446 22.508530 29.831556 34.596317 34.632465 30.189297 15.326795 23.582731 33.666813 42.376400 45.870686 42.518402 34.293846 22.281479 33.562557 45.473587 53.379257 53.396572 45.671535 34.152428 29.470678 42.177464 53.314129 57.846024 53.314129 42.177464 29.470675 34.152428 45.671535 53.396572 53.379250 45.473591 33.562557 22.281479 34.293846 42.518398 45.870686 42.376400 33.666813 23.582733 15.326794 30.189301 34.632458 34.596313 29.831551 22.508530 15.427447 10.250028,
 10.063250 11.190091 12.457686 13.367002 13.611621 13.225907 12.421090 15.716878 19.961512 23.788073 25.611361 24.671888 21.609653 17.799179 24.420612 33.177696 40.720253 43.804920 40.962330 33.744987 25.289034 29.028749 40.026073 49.489532 53.317486 49.489544 40.026073 29.028749 25.289034 33.744987 40.962330 43.804920 40.720257 33.177696 24.420609 17.799179 21.609652 24.671888 25.611361 23.788073 19.961514 15.716878 12.421089 13.225907 13.611624 13.367002 12.457684 11.190091 10.063251,
 18.800526 23.023319 23.890228 20.550190 15.594234 11.777534 9.591885 22.374304 30.883158 35.515587 32.475376 24.205523 16.295370 11.626698 22.978144 35.298424 45.632774 46.293736 36.674191 24.028618 15.092441 19.743145 32.267540 46.333733 52.784222 46.333733 32.267540 19.743145 15.092441 24.028618 36.674191 46.293728 45.632778 35.298431 22.978146 11.626698 16.295368 24.205521 32.475368 35.515587 30.883158 22.374304 9.591885 11.777534 15.594234 20.550186 23.890230 23.023319 18.800526,
 10.744624 17.183783 25.886444 30.256767 26.447245 18.500616 12.180920 11.633386 20.964994 34.206547 41.055523 34.939228 22.498526 13.249969 12.766809 24.550480 41.509270 50.324615 42.028275 25.576809 13.821651 13.640494 26.399364 44.656033 54.060429 44.656033 26.399364 13.640494 13.821651 25.576805 42.028275 50.324615 41.509274 24.550484 12.766809 13.249969 22.498526 34.939228 41.055523 34.206547 20.964994 11.633386 12.180920 18.500616 26.447245 30.256767 25.886444 17.183781 10.744624,
 7.289499 9.317862 13.800411 19.892902 24.388426 24.319426 20.222942 9.099852 14.500006 23.903217 33.729946 37.750561 33.295441 24.181692 13.609389 23.799347 38.021099 48.804234 48.453445 37.581112 24.173157 19.716345 33.539566 48.751621 55.643002 48.751621 33.539566 19.716345 24.173157 37.581104 48.453438 48.804234 38.021095 23.799347 13.609387 24.181694 33.295441 37.750561 33.729946 23.903217 14.500006 9.099850 20.222942 24.319422 24.388426 19.892902 13.800414 9.317862 7.289499,
 6.019965 6.341661 6.538138 6.530867 6.319052 5.991100 5.657102 6.785899 7.867087 8.814529 9.160971 8.688876 7.642061 6.485906 8.378641 10.980612 13.366938 14.344952 13.314375 10.899306 8.265067 9.302605 12.780714 16.022127 17.409632 16.022127 12.780713 9.302605 8.265067 10.899306 13.314375 14.344950 13.366935 10.980612 8.378641 6.485906 7.642062 8.688876 9.160971 8.814529 7.867086 6.785898 5.657102 5.991101 6.319052 6.530867 6.538137 6.341661 6.019964,
 8.798293 10.210237 10.703442 9.727448 8.103932 6.869594 6.201124 9.378659 12.081893 13.791472 12.831201 9.980042 7.417018 6.117160 9.132084 13.078640 16.822788 17.144594 13.602053 9.274420 6.629542 7.897293 11.826432 16.869596 19.374109 16.869596 11.826432 7.897293 6.629543 9.274420 13.602053 17.144596 16.822788 13.078639 9.132083 6.117160 7.417017 9.980042 12.831201 13.791472 12.081892 9.378659 6.201124 6.869595 8.103932 9.727448 10.703441 10.210237 8.798293,
 5.128077 6.428989 8.520409 9.444699 8.093641 6.037229 4.726680 5.190943 7.280377 10.833694 12.616321 10.438025 6.940391 4.890072 5.223711 8.056683 13.039660 15.756148 12.801293 7.880234 5.090353 5.211401 8.337750 13.910901 17.145916 13.910901 8.337750 5.211400 5.090353 7.880234 12.801293 15.756147 13.039660 8.056683 5.223711 4.890072 6.940391 10.438025 12.616321 10.833692 7.280376 5.190942 4.726680 6.037229 8.093641 9.444699 8.520407 6.428988 5.128076,
 4.907526 5.160434 5.689927 6.496048 7.048301 6.770210 5.960621 4.541032 5.332288 7.158671 9.340781 10.135587 8.877167 6.889649 4.629571 6.765791 10.412477 13.496141 13.251019 10.107043 6.828510 5.678394 9.053012 13.446715 15.678412 13.446715 9.053011 5.678394 6.828512 10.107044 13.251019 13.496141 10.412479 6.765790 4.629570 6.889649 8.877168 10.135586 9.340781 7.158671 5.332287 4.541032 5.960621 6.770210 7.048300 6.496048 5.689927 5.160433 4.907526,

Pairwise cross-correlations of the modulus of all oriented sub-bands at the same scale (size QxQ)
 56.447948 50.431393 44.545082 51.610840,
 50.431393 56.147537 50.277473 48.247112,
 44.545082 50.277473 55.271240 50.970455,
 51.610840 48.247112 50.970455 57.846027,
 53.317490 48.541245 45.171440 49.809361,
 48.541245 52.784222 48.167362 45.937729,
 45.171440 48.167362 54.060429 50.311291,
 49.809361 45.937729 50.311291 55.642990,

Cross-correlations of the modulus of all oriented sub-bands with all oriented sub-bands at the coarser scale (size QxQ)
 49.471199 45.833984 43.318638 47.225033,
 46.422108 49.053795 46.582272 44.638142,
 41.947231 44.946468 49.653904 46.669289,
 47.493927 44.071941 47.771534 51.743500,
 24.166533 24.333273 21.293705 21.461626,
 22.906267 25.596527 22.448355 20.233534,
 21.734591 24.268814 23.821009 21.585892,
 23.145767 23.594677 22.895546 22.773191,

Cross-correlations of the real part of each oriented sub-band with both the real and imaginary part of all phase-doubled oriented sub-bands at the next coarser scale (Q matrices of size 1x2Q, which are computed and stored in a matrix of size Qx2Q)
 -20.882097 -9.115981 -0.777781 -9.516651 -0.301295 0.002755 -0.012321 0.088367,
 -9.019509 -20.772718 -8.666023 -0.778828 -0.011241 -0.132785 -0.168839 -0.030790,
 -0.789850 -8.957554 -20.568926 -9.678150 0.020793 -0.081672 -0.084137 -0.005347,
 -9.271377 -0.821620 -9.207321 -22.172550 -0.123696 -0.004579 0.072815 0.109227,
 -12.132068 -5.969144 -0.477662 -5.027153 -0.179567 -0.017702 -0.045287 0.362997,
 -5.723570 -13.208407 -5.547527 -0.458075 -0.058863 -0.333063 -0.147542 0.037576,
 -0.502905 -5.703528 -11.900178 -4.837460 -0.013122 -0.180499 -0.003740 0.024654,
 -5.039739 -0.541705 -4.873565 -11.146361 -0.111799 0.028292 0.001203 0.431528,
