Low-band skewness and kurtosis
 -11.351245 145.403320,
 -6.871026 56.405987,
 -3.579603 17.389105,
 -0.555331 5.984499,

High-band variance
 17.469635,

Skewness, kurtosis, variance, mean, maximum and minimum of the reconstructed texture
 -11.427761 138.026169 329.400543 253.291550 255.000000 0.000000,

Auto-correlations of the low-frequency bands at each scale
 4.304617 2.555923 4.641733 4.822123 -1.337847 -5.052311 -1.465185 -1.744717 15.360799 57.495213 80.318901 51.726200 8.506384 -5.893485 -1.109131 55.689930 166.457199 226.497467 162.656509 51.155445 -3.698804 0.411944 78.996460 226.451065 307.182739 226.451065 78.996468 0.411944 -3.698805 51.155434 162.656509 226.497467 166.457184 55.689930 -1.109131 -5.893486 8.506384 51.726208 80.318893 57.495213 15.360799 -1.744717 -1.465186 -5.052311 -1.337847 4.822124 4.641731 2.555924 4.304617,
 7.777801 8.022029 -2.017229 -10.225404 -5.931816 7.463451 11.008658 1.624909 -5.772717 -0.010570 5.336000 -6.217482 -6.680106 6.240408 -8.055905 -5.519672 55.073177 98.774811 49.546761 -7.402500 -5.501546 -11.531621 0.753953 96.279259 165.961761 96.279266 0.753953 -11.531621 -5.501547 -7.402500 49.546761 98.774803 55.073177 -5.519672 -8.055905 6.240409 -6.680106 -6.217483 5.336000 -0.010569 -5.772717 1.624908 11.008660 7.463451 -5.931818 -10.225402 -2.017228 8.022028 7.777799,
 5.981995 2.660512 -1.489618 -2.117655 0.800974 4.849047 5.125165 4.968525 -0.201367 -1.249832 1.042471 -0.356122 1.008059 4.955500 -0.807465 -2.013758 15.605448 30.284275 15.032327 -2.235943 -0.013781 -3.380378 -1.609353 28.902605 52.392555 28.902605 -1.609352 -3.380378 -0.013781 -2.235943 15.032325 30.284275 15.605445 -2.013758 -0.807465 4.955500 1.008059 -0.356122 1.042470 -1.249831 -0.201367 4.968525 5.125166 4.849048 0.800974 -2.117655 -1.489618 2.660512 5.981995,
 1.450841 1.108039 0.327832 0.292267 0.886281 1.331245 1.455844 1.007540 0.191654 -0.362298 0.134313 0.617502 0.919401 1.196891 0.336660 0.193861 2.006931 4.052603 3.116764 1.235649 0.789451 0.468572 1.294418 4.774021 7.251481 4.774021 1.294418 0.468572 0.789451 1.235648 3.116764 4.052602 2.006931 0.193861 0.336660 1.196891 0.919401 0.617502 0.134313 -0.362298 0.191654 1.007540 1.455844 1.331245 0.886281 0.292267 0.327832 1.108039 1.450841,

Auto-correlations of the modulus of each oriented sub-band
 15.386601 16.954897 17.920279 18.112379 17.496319 16.214497 14.491935 25.163189 29.313082 32.180641 33.117058 31.875862 28.766823 24.467283 35.660847 42.777817 47.862610 49.686924 47.738190 42.536007 35.318401 40.262711 48.776840 54.922794 57.187508 54.922794 48.776844 40.262707 35.318401 42.536007 47.738190 49.686928 47.862606 42.777821 35.660847 24.467283 28.766823 31.875862 33.117058 32.180637 29.313084 25.163187 14.491938 16.214497 17.496323 18.112379 17.920279 16.954901 15.386599,
 29.599356 34.186806 33.918964 28.610928 20.543243 12.911430 7.695379 33.442635 42.143986 45.570354 41.754105 32.287720 21.320688 12.547891 32.824444 45.132912 53.286533 53.244118 44.782013 31.917589 19.760254 27.532223 41.206566 53.107445 57.910130 53.107441 41.206570 27.532219 19.760254 31.917583 44.782021 53.244118 53.286541 45.132919 32.824440 12.547891 21.320688 32.287720 41.754105 45.570354 42.143990 33.442635 7.695379 12.911430 20.543243 28.610926 33.918961 34.186813 29.599354,
 15.707830 26.169634 36.890743 41.341579 36.089066 24.780678 14.227284 16.895119 30.101091 43.950180 49.902077 43.391777 29.085878 15.785751 17.562063 32.755791 48.933418 56.046768 48.656712 32.223740 16.968328 17.596342 33.542225 50.667252 58.302395 50.667240 33.542229 17.596342 16.968330 32.223736 48.656708 56.046768 48.933418 32.755795 17.562059 15.785753 29.085878 43.391769 49.902073 43.950180 30.101095 16.895119 14.227286 24.780682 36.089069 41.341579 36.890743 26.169634 15.707830,
 9.489800 14.601495 21.851772 29.423616 34.334003 34.392326 29.790167 14.270238 22.942820 33.642895 42.822063 46.458660 42.935383 34.183796 21.324369 33.442238 46.192677 54.556610 54.558052 46.342602 33.949940 28.896376 42.606503 54.514912 59.313313 54.514912 42.606510 28.896372 33.949940 46.342602 54.558044 54.556602 46.192677 33.442238 21.324368 34.183796 42.935383 46.458660 42.822063 33.642895 22.942820 14.270239 29.790171 34.392326 34.334003 29.423616 21.851772 14.601496 9.489799,
 10.139296 11.184684 12.015586 12.392839 12.194737 11.533909 10.619812 15.801416 20.132469 23.776609 25.268656 23.875341 20.251434 15.873464 23.956039 33.326405 41.313999 44.568363 41.446285 33.457176 23.962856 28.203047 40.329617 50.681263 54.843533 50.681263 40.329617 28.203047 23.962856 33.457172 41.446281 44.568356 41.314011 33.326405 23.956036 15.873466 20.251434 23.875340 25.268656 23.776611 20.132471 15.801418 10.619813 11.533909 12.194736 12.392839 12.015586 11.184684 10.139295,
 18.091516 22.504381 22.544466 17.962536 12.163442 8.295890 6.706933 21.575294 31.112617 35.820641 31.760767 21.960848 12.876424 7.850072 21.410620 35.173748 46.425663 46.861462 35.923794 21.605188 11.492432 17.087618 31.131895 46.675602 53.728485 46.675602 31.131895 17.087618 11.492432 21.605185 35.923794 46.861462 46.425671 35.173748 21.410618 7.850073 12.876425 21.960844 31.760767 35.820648 31.112623 21.575294 6.706933 8.295888 12.163439 17.962536 22.544470 22.504383 18.091515,
 8.792295 15.338019 23.480551 27.330408 23.149239 15.060329 9.175423 9.582706 19.192057 32.156727 38.617825 31.889244 18.833033 9.655179 10.080355 22.296352 39.561565 48.450596 39.458817 22.084856 10.055537 10.240290 23.458452 42.533371 52.466099 42.533371 23.458452 10.240290 10.055537 22.084856 39.458813 48.450596 39.561565 22.296352 10.080354 9.655181 18.833031 31.889244 38.617825 32.156727 19.192057 9.582706 9.175424 15.060329 23.149235 27.330408 23.480551 15.338019 8.792294,
 7.094669 9.331006 13.912156 20.133574 24.644354 24.314404 19.674061 8.866739 14.604436 24.514679 34.785645 38.766041 33.628826 23.420298 12.793696 23.939358 39.305241 50.756462 50.134949 38.115620 23.192398 18.602751 33.930485 50.519218 57.956669 50.519218 33.930485 18.602747 23.192398 38.115616 50.134949 50.756462 39.305241 23.939362 12.793694 23.420300 33.628826 38.766037 34.785645 24.514681 14.604436 8.866737 19.674061 24.314404 24.644354 20.133574 13.912156 9.331006 7.094669,
 3.800165 3.647584 3.699300 3.874820 3.956530 3.853838 3.681399 4.878095 5.693252 6.595407 7.108254 6.870595 6.034878 5.112014 6.690365 9.055417 11.389786 12.451831 11.541420 9.322968 7.042751 7.904074 11.034307 14.133430 15.500060 14.133430 11.034307 7.904074 7.042751 9.322968 11.541420 12.451831 11.389787 9.055417 6.690365 5.112014 6.034876 6.870596 7.108254 6.595407 5.693252 4.878095 3.681399 3.853838 3.956530 3.874820 3.699299 3.647584 3.800165,
 5.462729 6.076583 6.124550 5.475521 4.602567 3.910435 3.484351 6.583344 8.617567 9.860241 9.054990 6.891082 4.958670 3.989949 6.748559 10.100522 13.333746 13.626707 10.610615 6.935559 4.769021 5.875301 9.241984 13.678164 15.894289 13.678164 9.241984 5.875301 4.769020 6.935560 10.610615 13.626707 13.333747 10.100522 6.748559 3.989948 4.958670 6.891082 9.054990 9.860240 8.617567 6.583344 3.484351 3.910435 4.602567 5.475521 6.124549 6.076583 5.462729,
 3.229336 3.766343 5.586378 6.813575 5.928276 4.135996 2.989345 3.326417 4.597437 7.737190 9.669750 7.906472 4.847133 3.166763 3.385490 5.381793 9.795302 12.504678 9.845512 5.506957 3.319642 3.392971 5.749176 10.682214 13.757830 10.682213 5.749175 3.392971 3.319642 5.506958 9.845512 12.504678 9.795302 5.381793 3.385490 3.166763 4.847133 7.906472 9.669748 7.737190 4.597436 3.326417 2.989345 4.135996 5.928276 6.813575 5.586378 3.766342 3.229337,
 3.327260 3.508251 4.399495 5.842820 6.920399 6.739868 5.577303 3.629697 4.607055 6.874449 9.537254 10.606610 9.211555 6.719076 4.620258 7.014050 11.000542 14.269293 14.077315 10.714680 7.034640 6.094019 9.746485 14.361240 16.600620 14.361240 9.746484 6.094019 7.034640 10.714680 14.077315 14.269293 11.000542 7.014050 4.620258 6.719076 9.211555 10.606611 9.537254 6.874448 4.607055 3.629697 5.577303 6.739868 6.920398 5.842820 4.399495 3.508251 3.327261,

Pairwise cross-correlations of the modulus of all oriented sub-bands at the same scale (size QxQ)
 57.187500 51.885700 46.133850 52.638546,
 51.885700 57.910110 52.579990 49.129154,
 46.133850 52.579990 58.302380 53.116516,
 52.638546 49.129154 53.116516 59.313324,
 54.843529 49.687439 46.006821 52.160400,
 49.687439 53.728489 49.285828 48.489315,
 46.006821 49.285828 52.466099 50.708138,
 52.160400 48.489315 50.708138 57.956657,

Cross-correlations of the modulus of all oriented sub-bands with all oriented sub-bands at the coarser scale (size QxQ)
 51.119518 46.924210 42.739899 48.612888,
 47.962132 50.429352 46.371410 46.032276,
 44.623253 47.165371 49.375172 48.941071,
 49.320110 45.735378 47.856461 53.696461,
 23.518785 22.674749 19.979286 22.459961,
 22.017227 23.038744 20.456339 20.930685,
 20.569561 21.602818 21.198288 21.517118,
 23.076782 22.118505 21.481384 24.145475,

Cross-correlations of the real part of each oriented sub-band with both the real and imaginary part of all phase-doubled oriented sub-bands at the next coarser scale (Q matrices of size 1x2Q, which are computed and stored in a matrix of size Qx2Q)
 -22.440378 -9.442425 -0.743697 -10.618561 -0.003100 0.008317 -0.001115 0.017071,
 -9.350884 -21.872972 -9.160709 -0.750409 0.006947 -0.026203 -0.001587 0.003804,
 -0.778909 -9.296501 -21.587233 -9.987941 -0.006837 -0.023155 0.031891 0.004194,
 -10.123724 -0.718104 -9.479108 -24.078062 -0.021489 0.006281 0.013065 0.030166,
 -12.375972 -5.295665 -0.540539 -5.924519 0.042128 0.066560 0.000770 -0.080033,
 -5.454850 -11.696658 -4.756228 -0.408065 0.098647 0.107596 0.036576 -0.001474,
 -0.584689 -4.793612 -10.923269 -5.226019 0.047471 -0.030360 0.033274 -0.070942,
 -5.812532 -0.386739 -5.084098 -13.027306 0.072347 -0.024747 -0.016597 -0.202726,
