Low-band skewness and kurtosis
 -11.327683 144.829483,
 -6.789243 55.092239,
 -3.840911 22.002562,
 -0.625611 5.453577,

High-band variance
 17.400108,

Skewness, kurtosis, variance, mean, maximum and minimum of the reconstructed texture
 -11.400122 137.364471 330.361389 253.285065 255.000000 0.000000,

Auto-correlations of the low-frequency bands at each scale
 1.904635 -1.650188 -0.346762 1.942733 -0.234094 -0.013831 6.218459 -1.598445 11.867571 52.721119 77.810150 53.347801 14.305155 3.244512 0.566848 53.910316 164.273560 226.233582 164.657745 55.409332 3.406720 4.381220 80.231438 227.249741 308.257629 227.249741 80.231453 4.381220 3.406721 55.409332 164.657776 226.233582 164.273575 53.910316 0.566847 3.244512 14.305155 53.347801 77.810150 52.721119 11.867570 -1.598446 6.218460 -0.013831 -0.234094 1.942734 -0.346761 -1.650187 1.904635,
 5.815825 0.914289 -6.926376 -9.136637 -5.473471 3.299803 7.624727 1.788964 -10.298353 -5.646220 4.787905 -3.798303 -7.391701 3.684360 -4.521296 -4.593973 52.240040 97.866943 54.554512 -0.792152 -1.255708 -4.397490 8.009502 98.957756 165.194672 98.957756 8.009502 -4.397490 -1.255707 -0.792151 54.554512 97.866936 52.240051 -4.593973 -4.521296 3.684360 -7.391700 -3.798301 4.787905 -5.646221 -10.298354 1.788965 7.624726 3.299803 -5.473470 -9.136636 -6.926376 0.914289 5.815825,
 4.285337 1.991528 0.263321 1.518211 3.663874 5.358056 5.143586 4.233213 -2.640352 -3.277668 1.110903 -0.045848 -0.757401 2.791212 0.987374 -2.272977 14.204210 29.981171 16.278835 -1.241256 -0.150297 -0.898516 1.442730 31.059772 53.799995 31.059772 1.442729 -0.898515 -0.150298 -1.241256 16.278835 29.981167 14.204208 -2.272977 0.987374 2.791212 -0.757401 -0.045848 1.110903 -3.277668 -2.640352 4.233213 5.143586 5.358056 3.663874 1.518211 0.263321 1.991527 4.285337,
 0.883484 0.442397 0.561297 1.122104 1.216493 0.907024 0.976882 0.436624 0.020150 0.764382 1.623064 0.931367 0.171527 0.830774 0.372837 0.144513 2.676732 4.786788 2.640349 0.026394 0.450413 0.422528 0.405075 4.202055 7.169397 4.202055 0.405075 0.422528 0.450413 0.026394 2.640349 4.786788 2.676732 0.144513 0.372837 0.830774 0.171527 0.931367 1.623064 0.764383 0.020150 0.436624 0.976882 0.907024 1.216493 1.122104 0.561297 0.442397 0.883484,

Auto-correlations of the modulus of each oriented sub-band
 14.219002 15.791625 16.934425 17.463776 17.279978 16.439438 15.099471 25.055202 29.127153 32.067062 33.250660 32.391655 29.719925 25.839781 36.474804 43.421825 48.444328 50.350033 48.620728 43.737976 36.887360 41.609932 49.856167 55.822369 58.025932 55.822361 49.856167 41.609932 36.887363 43.737968 48.620728 50.350033 48.444324 43.421833 36.474804 25.839781 29.719925 32.391651 33.250660 32.067062 29.127155 25.055202 15.099472 16.439436 17.279982 17.463776 16.934427 15.791628 14.219003,
 30.076548 34.716183 34.692131 29.821878 22.352772 15.324003 10.484515 34.931709 43.595081 47.082867 43.425243 34.316090 23.877104 15.594096 35.022892 47.169880 55.273018 55.239174 46.925674 34.429455 22.741745 30.200478 43.536465 55.242828 59.999886 55.242828 43.536465 30.200476 22.741749 34.429455 46.925678 55.239174 55.273018 47.169872 35.022896 15.594099 23.877100 34.316090 43.425240 47.082863 43.595078 34.931709 10.484516 15.324001 22.352772 29.821875 34.692131 34.716187 30.076546,
 14.911298 25.551579 36.922684 41.952972 36.978451 25.893236 15.670810 16.752872 29.868042 44.109863 50.445133 44.098553 30.069456 17.293161 18.075476 32.929375 49.239880 56.553932 49.213249 33.019154 18.357237 18.647106 34.069366 51.102440 58.798096 51.102440 34.069374 18.647104 18.357241 33.019154 49.213249 56.553932 49.239883 32.929379 18.075476 17.293163 30.069452 44.098557 50.445133 44.109863 29.868042 16.752872 15.670813 25.893234 36.978455 41.952972 36.922688 25.551579 14.911295,
 8.910875 14.056733 21.512339 29.435328 34.693207 35.014114 30.632055 14.534613 23.140440 33.941353 43.382027 47.289345 44.018013 35.549301 22.342237 34.290638 47.010307 55.489212 55.637066 47.650307 35.564156 30.394262 43.846169 55.594555 60.359486 55.594551 43.846172 30.394262 35.564159 47.650295 55.637066 55.489204 47.010307 34.290638 22.342237 35.549301 44.018009 47.289345 43.382027 33.941360 23.140436 14.534613 30.632055 35.014114 34.693207 29.435328 21.512341 14.056735 8.910875,
 8.319920 9.325690 10.287871 10.895417 10.959141 10.543155 9.863690 14.667224 18.767702 22.276342 23.783701 22.657400 19.543163 15.774742 23.741732 32.508400 39.941975 42.924129 40.052120 32.811115 24.253126 28.458876 39.574448 49.045467 52.857239 49.045467 39.574448 28.458876 24.253128 32.811115 40.052120 42.924129 39.941982 32.508396 23.741728 15.774742 19.543163 22.657398 23.783701 22.276344 18.767704 14.667224 9.863691 10.543155 10.959140 10.895417 10.287873 9.325690 8.319920,
 16.848091 21.098797 21.744986 18.256432 13.434685 10.022446 8.385277 21.265276 30.345802 35.122826 31.693275 22.807104 14.495230 9.801051 22.199938 35.423538 46.444710 47.056255 36.647652 23.069870 13.509942 18.718004 32.164692 47.217499 54.138618 47.217506 32.164692 18.718004 13.509942 23.069866 36.647652 47.056255 46.444717 35.423538 22.199936 9.801051 14.495230 22.807102 31.693270 35.122829 30.345802 21.265278 8.385277 10.022446 13.434685 18.256432 21.744986 21.098801 16.848091,
 9.061329 15.138228 23.897873 28.699955 24.831684 16.694473 10.736516 10.410046 19.629305 32.991123 40.057922 33.670544 20.837414 11.711535 11.725050 23.706839 41.069187 50.103027 41.399952 24.339878 12.419501 12.484734 25.569384 44.476517 54.253067 44.476524 25.569384 12.484734 12.419501 24.339878 41.399952 50.103024 41.069187 23.706839 11.725049 11.711535 20.837412 33.670540 40.057926 32.991127 19.629305 10.410046 10.736518 16.694473 24.831684 28.699955 23.897873 15.138229 9.061330,
 5.915710 7.740432 11.822189 17.575212 21.768703 21.500889 17.540495 7.860373 12.678896 21.489241 30.977491 34.750206 30.207119 21.534367 12.258457 21.721354 35.441463 46.071842 45.541748 34.745277 22.009460 18.055008 31.127678 46.029053 52.961246 46.029057 31.127678 18.055004 22.009460 34.745274 45.541744 46.071838 35.441463 21.721354 12.258457 21.534365 30.207119 34.750206 30.977491 21.489243 12.678896 7.860373 17.540497 21.500887 21.768702 17.575214 11.822189 7.740433 5.915710,
 4.183593 4.413539 4.604568 4.682034 4.626036 4.488657 4.372835 5.370162 6.335509 7.176841 7.499777 7.149569 6.350033 5.499424 7.255232 9.578174 11.701427 12.544166 11.610136 9.510730 7.300993 8.283627 11.355326 14.275795 15.539022 14.275795 11.355326 8.283627 7.300993 9.510730 11.610135 12.544166 11.701427 9.578174 7.255232 5.499424 6.350033 7.149569 7.499777 7.176841 6.335508 5.370162 4.372835 4.488657 4.626035 4.682034 4.604568 4.413539 4.183593,
 5.816225 6.646190 6.806276 6.089051 5.112656 4.449856 4.094139 6.997568 9.154034 10.384345 9.474306 7.297988 5.520576 4.640001 7.384407 10.797436 14.019745 14.173662 11.064492 7.533673 5.471499 6.606010 9.936968 14.358572 16.635489 14.358572 9.936967 6.606010 5.471499 7.533671 11.064492 14.173662 14.019745 10.797436 7.384407 4.640000 5.520576 7.297988 9.474306 10.384345 9.154034 6.997569 4.094139 4.449856 5.112656 6.089051 6.806275 6.646190 5.816225,
 4.385310 5.307071 7.499566 9.003661 8.127846 6.071904 4.673103 4.760301 6.485817 10.114543 12.413207 10.659475 7.218008 5.114597 5.159618 7.670973 12.612908 15.615417 12.925926 8.127895 5.402604 5.418063 8.331405 13.769857 16.984735 13.769857 8.331405 5.418063 5.402604 8.127896 12.925928 15.615417 12.612908 7.670971 5.159618 5.114597 7.218008 10.659475 12.413207 10.114542 6.485817 4.760300 4.673103 6.071904 8.127847 9.003663 7.499565 5.307071 4.385310,
 3.379275 3.570699 4.238350 5.436404 6.412158 6.381043 5.565987 3.761047 4.464117 6.311832 8.724996 9.784824 8.583819 6.428747 4.472923 6.353665 9.858691 13.022499 12.919951 9.810270 6.524524 5.615367 8.750173 13.029731 15.239885 13.029729 8.750173 5.615367 6.524524 9.810271 12.919951 13.022499 9.858689 6.353665 4.472923 6.428747 8.583820 9.784824 8.724996 6.311832 4.464117 3.761046 5.565988 6.381043 6.412158 5.436404 4.238350 3.570698 3.379275,

Pairwise cross-correlations of the modulus of all oriented sub-bands at the same scale (size QxQ)
 58.025955 53.168987 46.428185 53.567066,
 53.168987 59.999893 53.748791 50.769379,
 46.428185 53.748791 58.798084 53.721733,
 53.567066 50.769379 53.721733 60.359489,
 52.857227 49.177750 45.957996 48.814201,
 49.177750 54.138622 50.011929 46.322430,
 45.957996 50.011929 54.253067 49.449623,
 48.814201 46.322430 49.449623 52.961235,

Cross-correlations of the modulus of all oriented sub-bands with all oriented sub-bands at the coarser scale (size QxQ)
 49.546661 46.920521 43.725101 46.124546,
 47.795879 51.833050 48.345905 44.906952,
 43.706013 47.646446 50.818439 46.798534,
 47.960171 46.108719 48.824635 51.102455,
 22.357735 22.015469 21.390511 21.183697,
 21.989985 23.831678 23.122892 20.738218,
 20.557051 22.470154 24.020548 21.548100,
 21.216511 20.832201 22.464470 22.205921,

Cross-correlations of the real part of each oriented sub-band with both the real and imaginary part of all phase-doubled oriented sub-bands at the next coarser scale (Q matrices of size 1x2Q, which are computed and stored in a matrix of size Qx2Q)
 -21.236078 -9.667666 -0.821588 -9.596230 0.033190 -0.004233 -0.009733 0.024300,
 -9.204661 -23.093021 -10.012234 -0.792387 -0.007457 -0.011823 0.009983 0.000605,
 -0.731074 -10.187581 -22.629839 -9.843608 -0.020573 0.038443 0.068015 -0.027255,
 -9.114792 -0.759437 -9.710664 -22.577957 -0.026286 0.016857 0.031179 -0.030139,
 -11.149675 -5.454299 -0.482140 -4.772284 0.107971 -0.228110 -0.019400 -0.065717,
 -5.137046 -12.776883 -5.611171 -0.483618 -0.054427 -0.394142 0.005622 -0.012904,
 -0.501641 -5.769109 -12.432044 -5.141074 -0.014204 -0.060571 0.141140 -0.029808,
 -4.785160 -0.502297 -5.297875 -11.144884 0.116239 0.007984 0.071324 -0.126695,
