Low-band skewness and kurtosis
 -11.351643 145.627182,
 -6.691820 52.575333,
 -3.339222 15.215875,
 -0.498187 5.623582,

High-band variance
 17.760918,

Skewness, kurtosis, variance, mean, maximum and minimum of the reconstructed texture
 -11.434435 138.192322 328.555206 253.294678 255.000000 0.000000,

Auto-correlations of the low-frequency bands at each scale
 -0.434541 -3.050954 -1.116502 0.900942 -2.851072 -5.010068 -0.910965 -3.759343 10.033232 51.223457 76.404007 50.670647 8.782058 -5.430523 -1.656363 51.829002 162.075623 224.159286 162.142059 51.186790 -3.423450 0.483156 77.525757 224.907135 305.976624 224.907135 77.525764 0.483156 -3.423451 51.186783 162.142075 224.159271 162.075623 51.829010 -1.656363 -5.430523 8.782056 50.670639 76.404007 51.223457 10.033234 -3.759344 -0.910965 -5.010068 -2.851072 0.900943 -1.116501 -3.050954 -0.434541,
 3.923266 -0.149834 -7.047922 -10.481436 -8.425419 0.093219 6.282739 -1.870802 -12.486827 -6.522883 2.913596 -8.547055 -13.320455 1.061067 -7.381665 -7.062179 51.038383 96.200333 49.416145 -8.455785 -6.334610 -8.871491 2.305123 95.442360 163.427231 95.442360 2.305123 -8.871491 -6.334610 -8.455785 49.416138 96.200333 51.038395 -7.062179 -7.381664 1.061067 -13.320453 -8.547055 2.913596 -6.522883 -12.486827 -1.870802 6.282739 0.093219 -8.425419 -10.481436 -7.047922 -0.149834 3.923267,
 5.401601 5.052360 2.338242 0.465931 0.777664 3.002143 4.320960 5.376565 0.446313 -0.864075 0.883347 -2.372384 -2.363729 3.267296 2.437493 -1.592703 12.929321 27.344463 13.087231 -2.330017 1.789114 0.944860 0.114742 26.762287 48.911716 26.762281 0.114742 0.944860 1.789114 -2.330018 13.087231 27.344463 12.929321 -1.592703 2.437493 3.267296 -2.363729 -2.372384 0.883347 -0.864075 0.446313 5.376565 4.320959 3.002143 0.777664 0.465931 2.338242 5.052359 5.401601,
 1.058102 0.690312 0.468922 0.474539 0.295766 0.312180 0.560893 0.538979 -0.257110 -0.092262 0.532280 0.154498 0.075469 0.852076 0.002848 -0.417976 1.714142 3.866546 2.448795 0.729997 1.228043 0.699716 0.758241 4.036861 6.675993 4.036861 0.758241 0.699716 1.228043 0.729997 2.448795 3.866546 1.714142 -0.417976 0.002848 0.852077 0.075469 0.154498 0.532280 -0.092262 -0.257110 0.538979 0.560893 0.312180 0.295766 0.474539 0.468922 0.690312 1.058102,

Auto-correlations of the modulus of each oriented sub-band
 13.698114 15.242790 16.309774 16.695366 16.312790 15.263935 13.764318 24.524420 28.606012 31.507189 32.553200 31.460691 28.521242 24.419657 35.904808 42.919174 47.968674 49.810585 47.915550 42.817501 35.764767 40.874844 49.256901 55.328835 57.572796 55.328827 49.256901 40.874840 35.764767 42.817497 47.915550 49.810574 47.968666 42.919174 35.904808 24.419657 28.521238 31.460686 32.553196 31.507189 28.606014 24.524420 13.764319 15.263936 16.312790 16.695366 16.309774 15.242790 13.698114,
 29.480736 34.296719 34.185577 28.883608 20.691103 12.815576 7.316968 34.202099 43.208046 46.773838 42.890633 33.219257 21.932941 12.804965 34.045708 46.734589 55.075485 55.000977 46.365200 33.175404 20.607889 28.743126 42.831341 54.991856 59.859463 54.991856 42.831345 28.743122 20.607889 33.175404 46.365204 55.000977 55.075485 46.734596 34.045708 12.804968 21.932940 33.219261 42.890633 46.773834 43.208046 34.202099 7.316969 12.815576 20.691103 28.883614 34.185577 34.296726 29.480736,
 14.210375 25.380619 36.969238 41.948551 36.703365 25.014206 13.920530 15.716036 29.556808 44.186935 50.575317 43.993698 29.286184 15.496951 16.739870 32.496449 49.342213 56.781994 49.240307 32.352108 16.621094 17.071562 33.521988 51.197430 59.061356 51.197430 33.521992 17.071562 16.621094 32.352108 49.240307 56.781994 49.342213 32.496449 16.739870 15.496951 29.286180 43.993698 50.575317 44.186935 29.556808 15.716036 13.920532 25.014206 36.703369 41.948551 36.969242 25.380619 14.210375,
 7.746904 13.024617 20.592400 28.584900 33.905910 34.197178 29.587883 13.045682 21.836880 32.820938 42.384796 46.365627 42.973633 34.168320 20.585894 32.796974 45.768272 54.385750 54.546967 46.328388 33.861534 28.546230 42.341129 54.369328 59.220867 54.369328 42.341137 28.546230 33.861538 46.328388 54.546967 54.385746 45.768269 32.796978 20.585894 34.168320 42.973633 46.365627 42.384796 32.820938 21.836882 13.045682 29.587883 34.197178 33.905910 28.584900 20.592400 13.024617 7.746903,
 9.402863 10.049155 10.689522 10.947767 10.588000 9.772693 8.899553 14.878995 18.974390 22.691065 24.282005 22.860058 19.189102 14.982071 24.021208 33.173134 41.221977 44.545757 41.361477 33.344494 24.116220 28.811642 40.564785 50.816288 54.985229 50.816296 40.564785 28.811636 24.116220 33.344494 41.361477 44.545757 41.221985 33.173134 24.021206 14.982071 19.189098 22.860058 24.282005 22.691065 18.974392 14.878993 8.899554 9.772693 10.588000 10.947767 10.689522 10.049155 9.402863,
 16.957201 21.048187 21.384470 17.092978 11.254471 7.386038 6.061819 20.340101 29.510614 34.534863 30.852161 21.029612 11.929531 7.388352 20.597013 34.069633 45.697399 46.530609 35.451405 20.916130 11.207314 16.722237 30.477812 46.390282 53.746136 46.390282 30.477812 16.722237 11.207314 20.916132 35.451405 46.530609 45.697403 34.069633 20.597010 7.388353 11.929532 21.029608 30.852163 34.534866 29.510611 20.340101 6.061820 7.386040 11.254471 17.092978 21.384472 21.048187 16.957199,
 10.013023 15.753575 24.314222 28.555464 23.943089 15.133899 8.916625 10.388825 19.577017 33.276169 40.181763 32.999893 19.170841 9.746055 10.794883 22.994514 41.139202 50.408539 41.008125 22.806242 10.529325 10.921672 24.354723 44.315006 54.602173 44.315006 24.354723 10.921672 10.529324 22.806242 41.008121 50.408539 41.139206 22.994516 10.794884 9.746055 19.170841 32.999893 40.181763 33.276169 19.577017 10.388825 8.916624 15.133899 23.943083 28.555462 24.314226 15.753575 10.013023,
 7.559840 8.340436 11.920864 17.601662 21.828461 21.382442 17.017433 8.361485 12.773872 21.857819 31.749142 35.645412 30.746750 21.362232 12.151740 22.008472 36.589756 47.752323 47.185089 35.694557 21.967655 17.913080 31.921125 47.788494 55.042313 47.788494 31.921125 17.913080 21.967655 35.694557 47.185085 47.752316 36.589756 22.008471 12.151740 21.362232 30.746744 35.645412 31.749142 21.857819 12.773872 8.361486 17.017431 21.382439 21.828461 17.601662 11.920864 8.340436 7.559840,
 4.897970 4.845305 4.778533 4.668802 4.508288 4.311912 4.099716 5.723587 6.528878 7.215731 7.408369 6.964517 6.108017 5.204168 7.188614 9.451926 11.503613 12.308007 11.385855 9.308840 7.095428 8.113750 11.180341 14.055408 15.284463 14.055408 11.180341 8.113750 7.095429 9.308840 11.385855 12.308005 11.503612 9.451924 7.188614 5.204168 6.108017 6.964517 7.408369 7.215730 6.528878 5.723587 4.099716 4.311912 4.508289 4.668802 4.778533 4.845305 4.897970,
 5.931151 6.321563 6.081287 5.035150 3.876203 3.297303 3.235986 6.796865 8.616870 9.549601 8.398754 6.093067 4.377770 3.715857 6.717064 9.821260 12.825370 12.847031 9.696411 6.328269 4.514006 5.682160 8.709223 12.939408 15.185292 12.939405 8.709223 5.682159 4.514006 6.328269 9.696411 12.847033 12.825370 9.821259 6.717064 3.715858 4.377771 6.093068 8.398754 9.549601 8.616869 6.796864 3.235986 3.297303 3.876203 5.035150 6.081287 6.321563 5.931151,
 4.387179 5.146511 6.581895 7.430092 6.536966 4.991482 4.218813 4.717350 6.087890 8.835861 10.543885 8.850402 5.918518 4.469995 4.918371 6.910824 11.002324 13.578703 11.028902 6.801367 4.737271 4.920705 7.210796 11.940264 14.900795 11.940263 7.210795 4.920705 4.737271 6.801367 11.028902 13.578703 11.002324 6.910823 4.918371 4.469995 5.918518 8.850402 10.543885 8.835861 6.087889 4.717350 4.218813 4.991482 6.536966 7.430092 6.581895 5.146511 4.387179,
 4.203690 4.339362 4.804303 5.580298 6.201375 6.104142 5.370700 4.375699 5.052570 6.573647 8.509986 9.279189 8.116134 6.171820 4.833525 6.584505 9.719971 12.554110 12.334421 9.365108 6.344188 5.671342 8.567569 12.574430 14.702844 12.574430 8.567568 5.671342 6.344188 9.365108 12.334421 12.554111 9.719969 6.584505 4.833525 6.171820 8.116134 9.279189 8.509986 6.573647 5.052570 4.375700 5.370700 6.104143 6.201376 5.580298 4.804303 4.339362 4.203690,

Pairwise cross-correlations of the modulus of all oriented sub-bands at the same scale (size QxQ)
 57.572773 53.068157 46.199310 52.659515,
 53.068157 59.859421 53.909206 50.340729,
 46.199310 53.909206 59.061329 53.472832,
 52.659515 50.340729 53.472832 59.220860,
 54.985222 50.320068 47.251400 51.108635,
 50.320068 53.746132 50.234394 47.663532,
 47.251400 50.234394 54.602161 50.777767,
 51.108635 47.663532 50.777767 55.042316,

Cross-correlations of the modulus of all oriented sub-bands with all oriented sub-bands at the coarser scale (size QxQ)
 50.947216 46.960567 43.827194 47.777840,
 49.210705 51.730267 48.898640 46.681313,
 44.921291 47.618813 51.226589 48.430180,
 49.156773 45.753265 48.750061 52.548759,
 22.772913 21.878931 20.867966 21.282469,
 21.537910 22.606619 21.636909 19.938530,
 20.576010 21.762484 22.799561 21.174259,
 21.989992 21.053841 22.203499 22.413065,

Cross-correlations of the real part of each oriented sub-band with both the real and imaginary part of all phase-doubled oriented sub-bands at the next coarser scale (Q matrices of size 1x2Q, which are computed and stored in a matrix of size Qx2Q)
 -23.106159 -10.190261 -0.728286 -10.292637 -0.002872 0.007555 -0.002758 0.014541,
 -9.792077 -23.809151 -9.933208 -0.770752 -0.000320 0.007301 -0.011030 0.007290,
 -0.732043 -10.207608 -23.415903 -10.246265 -0.002079 0.003345 -0.011814 0.004379,
 -10.034848 -0.782897 -10.063791 -23.917549 -0.005520 0.006735 -0.000433 0.019782,
 -12.288606 -5.396183 -0.458174 -5.585275 0.023482 0.095673 0.000715 0.001231,
 -5.348994 -12.417866 -5.373473 -0.511270 0.071871 0.239453 0.082076 -0.014718,
 -0.487253 -5.437882 -12.138159 -5.423463 0.010620 0.080652 0.181906 0.006625,
 -5.469214 -0.462369 -5.228921 -12.389959 -0.036942 -0.015053 0.048931 0.070953,
