Low-band skewness and kurtosis
 -11.399333 146.494705,
 -6.970359 58.461868,
 -3.730981 19.183321,
 -0.415325 7.029527,

High-band variance
 17.235703,

Skewness, kurtosis, variance, mean, maximum and minimum of the reconstructed texture
 -11.479380 139.223846 327.353546 253.305649 255.000000 0.000000,

Auto-correlations of the low-frequency bands at each scale
 2.362228 1.177973 4.784543 7.989652 4.439879 1.312768 3.763984 -2.590049 14.393312 58.453369 84.395805 57.193306 13.014883 -2.234121 -2.624869 53.167812 165.037842 227.144363 164.125275 52.088757 -2.347927 -0.512990 76.759354 224.417206 305.474915 224.417175 76.759354 -0.512990 -2.347926 52.088749 164.125290 227.144363 165.037827 53.167816 -2.624869 -2.234121 13.014882 57.193314 84.395798 58.453362 14.393312 -2.590049 3.763984 1.312768 4.439881 7.989653 4.784543 1.177973 2.362227,
 6.856751 1.325520 -5.830719 -6.386274 -2.789708 2.701704 5.131166 0.772113 -10.858963 -4.344819 8.155087 -0.890495 -7.778013 1.383399 -7.056274 -6.465065 52.591450 99.586014 54.155746 -4.551716 -6.071253 -9.583473 3.336345 97.210167 165.496429 97.210182 3.336345 -9.583472 -6.071253 -4.551715 54.155739 99.586021 52.591457 -6.465065 -7.056274 1.383399 -7.778013 -0.890495 8.155087 -4.344818 -10.858963 0.772113 5.131166 2.701704 -2.789707 -6.386274 -5.830719 1.325520 6.856751,
 3.355033 1.912761 -1.379128 -2.013739 1.354234 5.154856 4.323920 2.873286 -2.409030 -2.913438 0.134437 -0.531126 0.924035 4.060003 0.116361 -2.504226 14.619182 29.997444 15.384483 -0.816197 1.394471 -0.648705 0.315570 29.600958 53.097069 29.600958 0.315570 -0.648705 1.394471 -0.816197 15.384483 29.997444 14.619181 -2.504226 0.116361 4.060004 0.924035 -0.531127 0.134437 -2.913438 -2.409029 2.873286 4.323920 5.154856 1.354233 -2.013739 -1.379128 1.912761 3.355033,
 0.913640 0.656631 -0.205911 -0.089041 0.988780 1.214597 0.496654 0.853135 -0.089803 -0.558291 0.354176 0.967010 1.021881 1.212884 0.585106 -0.307711 1.866800 4.667548 3.191556 0.880062 1.204919 0.788010 0.466692 4.466109 7.847995 4.466109 0.466692 0.788010 1.204919 0.880062 3.191556 4.667548 1.866800 -0.307711 0.585106 1.212884 1.021881 0.967010 0.354176 -0.558291 -0.089803 0.853135 0.496654 1.214597 0.988780 -0.089041 -0.205910 0.656631 0.913640,

Auto-correlations of the modulus of each oriented sub-band
 15.164250 17.008888 18.359312 18.975889 18.736080 17.718988 16.129673 25.582539 29.912590 33.057629 34.322968 33.395615 30.546839 26.441656 36.655540 43.798325 48.977211 50.956757 49.199829 44.209839 37.202709 41.759991 50.144356 56.195679 58.425045 56.195679 50.144356 41.759991 37.202709 44.209839 49.199829 50.956757 48.977211 43.798325 36.655540 26.441658 30.546837 33.395618 34.322968 33.057629 29.912590 25.582542 16.129677 17.718987 18.736080 18.975885 18.359312 17.008888 15.164248,
 29.247484 33.799480 33.629345 28.680304 21.215504 14.162745 9.231344 33.554001 42.125362 45.459324 41.759403 32.738716 22.363413 14.051289 33.300018 45.370235 53.307838 53.207630 45.007748 32.632587 20.965336 28.348194 41.632069 53.192722 57.852772 53.192722 41.632069 28.348192 20.965336 32.632587 45.007748 53.207630 53.307838 45.370232 33.300018 14.051289 22.363409 32.738716 41.759403 45.459324 42.125370 33.553997 9.231344 14.162744 21.215504 28.680304 33.629341 33.799480 29.247480,
 13.618547 23.648664 34.253338 39.048576 34.576824 24.136679 14.132043 15.162483 27.672070 41.119228 47.175434 41.341335 28.021414 15.549909 16.257263 30.559080 46.098846 53.087749 46.206154 30.741890 16.470812 16.727413 31.677530 47.971188 55.284027 47.971188 31.677530 16.727413 16.470812 30.741884 46.206158 53.087757 46.098839 30.559084 16.257263 15.549910 28.021412 41.341339 47.175434 41.119228 27.672073 15.162482 14.132046 24.136675 34.576824 39.048576 34.253334 23.648664 13.618547,
 8.631238 14.116000 21.712801 29.560301 34.674309 34.870316 30.339750 14.022328 22.861425 33.641552 42.877369 46.640144 43.327633 34.789616 21.558193 33.618740 46.206543 54.470306 54.590855 46.680317 34.576328 29.427292 42.912823 54.518017 59.167774 54.518017 42.912823 29.427292 34.576328 46.680317 54.590862 54.470310 46.206543 33.618740 21.558193 34.789616 43.327625 46.640144 42.877369 33.641552 22.861425 14.022326 30.339752 34.870316 34.674313 29.560303 21.712799 14.116001 8.631237,
 9.275284 10.438156 11.441623 11.902420 11.651824 10.891636 9.946880 15.813108 20.364897 24.290831 25.879425 24.344213 20.554468 16.171806 24.803411 34.197559 42.324883 45.585575 42.270035 34.199665 24.934044 29.375992 41.200443 51.492496 55.685223 51.492500 41.200451 29.375992 24.934048 34.199657 42.270035 45.585583 42.324883 34.197563 24.803411 16.171806 20.554466 24.344212 25.879425 24.290831 20.364897 15.813107 9.946881 10.891636 11.651824 11.902420 11.441626 10.438156 9.275282,
 17.350309 21.627447 22.040852 17.957352 12.299136 8.441086 7.269811 21.416473 30.760273 35.651920 32.098850 22.658712 13.644447 8.855641 21.856895 35.437210 46.718327 47.454361 36.848240 22.706430 12.811111 18.137503 31.951748 47.380077 54.395267 47.380085 31.951754 18.137503 12.811112 22.706429 36.848236 47.454361 46.718334 35.437210 21.856895 8.855641 13.644447 22.658710 32.098850 35.651920 30.760273 21.416475 7.269811 8.441086 12.299135 17.957352 22.040854 21.627447 17.350313,
 7.845620 14.108914 22.700909 27.034998 23.045811 15.202853 9.645575 8.861726 18.304518 31.697001 38.411682 31.790031 19.018162 10.216866 9.821550 21.831285 39.213902 48.035580 39.182877 22.173071 10.555941 10.448919 23.326340 42.157433 51.888416 42.157433 23.326340 10.448920 10.555941 22.173071 39.182877 48.035580 39.213902 21.831287 9.821550 10.216866 19.018160 31.790028 38.411682 31.697001 18.304522 8.861727 9.645575 15.202853 23.045811 27.034998 22.700911 14.108914 7.845620,
 5.468018 7.009281 11.226830 17.289394 21.661259 21.414831 17.419119 7.358983 12.329034 21.637506 31.392345 35.024868 30.180601 21.151203 11.694410 21.701973 36.092129 46.899239 46.104885 34.823738 21.475990 17.481958 31.267408 46.802338 53.927433 46.802345 31.267408 17.481958 21.475990 34.823730 46.104874 46.899239 36.092129 21.701973 11.694410 21.151203 30.180597 35.024868 31.392342 21.637506 12.329034 7.358984 17.419121 21.414829 21.661259 17.289396 11.226830 7.009283 5.468019,
 3.784315 3.932617 4.162966 4.383241 4.480741 4.410587 4.224432 5.326986 6.161089 6.928981 7.267519 6.955112 6.136913 5.180380 7.310207 9.676314 11.848150 12.745584 11.789945 9.534131 7.058557 8.231049 11.586043 14.717725 16.059828 14.717725 11.586043 8.231048 7.058557 9.534131 11.789945 12.745586 11.848150 9.676314 7.310206 5.180380 6.136914 6.955111 7.267519 6.928981 6.161089 5.326985 4.224432 4.410587 4.480741 4.383241 4.162967 3.932617 3.784315,
 5.412805 6.330800 6.762382 6.235419 5.260122 4.429867 3.896208 6.718040 8.934898 10.465005 9.760463 7.482924 5.416226 4.272457 7.018642 10.473536 13.925082 14.320397 11.159673 7.353504 5.030553 6.174133 9.638786 14.239232 16.592875 14.239232 9.638786 6.174132 5.030553 7.353504 11.159673 14.320398 13.925082 10.473536 7.018641 4.272457 5.416226 7.482924 9.760463 10.465005 8.934897 6.718040 3.896209 4.429866 5.260122 6.235418 6.762382 6.330800 5.412804,
 3.286278 4.543629 6.500957 7.623237 6.865798 5.366165 4.327604 3.676220 5.625813 8.959579 10.920564 9.295004 6.270154 4.403079 4.032302 6.664402 11.315415 14.075416 11.505006 6.994631 4.385052 4.273762 7.194325 12.378140 15.445874 12.378140 7.194325 4.273762 4.385051 6.994632 11.505007 14.075416 11.315415 6.664402 4.032301 4.403079 6.270153 9.295002 10.920562 8.959579 5.625813 3.676220 4.327604 5.366165 6.865798 7.623236 6.500957 4.543629 3.286278,
 3.437964 3.636346 4.218865 5.369324 6.419068 6.418911 5.412482 3.889119 4.685622 6.654620 9.191232 10.266982 8.839972 6.295579 4.565502 6.736347 10.565091 13.886838 13.641270 10.126067 6.393637 5.588523 9.139533 13.810260 16.177975 13.810260 9.139533 5.588524 6.393637 10.126067 13.641268 13.886838 10.565091 6.736347 4.565502 6.295579 8.839972 10.266981 9.191230 6.654619 4.685622 3.889119 5.412481 6.418911 6.419068 5.369323 4.218865 3.636346 3.437964,

Pairwise cross-correlations of the modulus of all oriented sub-bands at the same scale (size QxQ)
 58.425068 52.315704 45.023018 53.005245,
 52.315704 57.852772 50.890751 49.238541,
 45.023018 50.890751 55.284027 51.815495,
 53.005245 49.238541 51.815495 59.167789,
 55.685207 51.132076 46.398933 50.902927,
 51.132076 54.395271 48.845634 47.058434,
 46.398933 48.845634 51.888416 48.626617,
 50.902927 47.058434 48.626617 53.927433,

Cross-correlations of the modulus of all oriented sub-bands with all oriented sub-bands at the coarser scale (size QxQ)
 52.090500 47.896351 43.210007 47.929195,
 48.513668 51.131207 46.887062 45.232666,
 43.375366 46.024162 48.294460 46.105667,
 48.964439 45.561008 47.343861 51.616455,
 24.229055 23.130894 21.446686 23.186047,
 22.934933 24.127819 22.089893 21.605700,
 20.828011 22.053970 22.409609 21.890926,
 22.635706 21.472799 22.101290 23.863344,

Cross-correlations of the real part of each oriented sub-band with both the real and imaginary part of all phase-doubled oriented sub-bands at the next coarser scale (Q matrices of size 1x2Q, which are computed and stored in a matrix of size Qx2Q)
 -22.699917 -10.024552 -0.732264 -9.840592 0.012442 -0.011824 -0.011688 -0.016507,
 -9.928229 -22.465797 -8.874487 -0.700557 -0.024935 -0.060372 -0.018346 -0.004558,
 -0.793176 -9.401047 -20.346027 -9.214769 -0.006222 -0.032114 -0.064240 -0.039816,
 -9.801042 -0.751832 -8.749455 -22.259583 -0.003369 0.002474 -0.058317 -0.071049,
 -12.321387 -5.841039 -0.486160 -5.238406 -0.202196 -0.051786 0.028550 -0.127474,
 -5.624892 -12.874288 -5.248323 -0.443553 -0.110721 -0.064692 -0.062593 0.033176,
 -0.507747 -5.399374 -11.815331 -5.159193 0.032805 -0.006014 -0.180410 -0.049674,
 -5.343841 -0.450357 -5.196414 -11.950735 0.039421 0.002013 -0.020757 -0.316356,
