Low-band skewness and kurtosis
 -11.328467 144.900009,
 -6.783174 54.361065,
 -3.590697 17.548285,
 -0.782055 6.148449,

High-band variance
 17.457340,

Skewness, kurtosis, variance, mean, maximum and minimum of the reconstructed texture
 -11.417299 137.796570 329.312286 253.289932 255.000000 0.000000,

Auto-correlations of the low-frequency bands at each scale
 1.246683 -0.740041 0.784868 1.632621 -1.843467 -1.997903 4.148204 -3.353711 11.880342 54.163216 78.894844 52.534561 11.494872 -0.351463 -1.453393 52.853695 164.114853 226.138275 163.466370 52.807205 0.205531 2.033667 78.297264 225.845840 307.143646 225.845840 78.297279 2.033668 0.205531 52.807201 163.466370 226.138245 164.114853 52.853699 -1.453392 -0.351463 11.494873 52.534561 78.894844 54.163212 11.880344 -3.353710 4.148204 -1.997902 -1.843469 1.632621 0.784871 -0.740041 1.246683,
 8.948516 1.420996 -6.828260 -9.546979 -7.372353 1.305702 9.112036 4.763471 -10.315744 -5.572952 4.955012 -4.751902 -7.828518 4.767019 -2.087307 -5.566775 51.009300 97.335197 53.355751 -1.068659 -0.461264 -3.395561 6.614323 96.887993 163.945984 96.887993 6.614322 -3.395561 -0.461264 -1.068659 53.355751 97.335197 51.009300 -5.566776 -2.087307 4.767019 -7.828517 -4.751901 4.955012 -5.572954 -10.315744 4.763471 9.112036 1.305702 -7.372351 -9.546980 -6.828263 1.420996 8.948516,
 3.579024 1.775722 -1.477853 -1.239920 2.612872 5.687004 4.148603 3.805449 -1.063681 -3.127618 -0.482718 0.026781 0.292425 1.297084 0.999195 -0.274895 15.112481 29.039114 16.525198 -0.271864 -1.059100 -1.269771 2.193019 30.875431 52.240025 30.875431 2.193020 -1.269771 -1.059100 -0.271864 16.525196 29.039114 15.112481 -0.274895 0.999195 1.297084 0.292425 0.026781 -0.482718 -3.127617 -1.063681 3.805449 4.148603 5.687004 2.612872 -1.239920 -1.477853 1.775722 3.579024,
 1.014963 0.996470 0.563109 0.804977 1.204562 1.034799 0.599559 1.014686 0.296490 -0.077026 0.629747 0.753246 0.358383 0.466124 0.787191 -0.021330 1.684749 4.004927 2.745380 0.464378 0.436478 0.574290 0.527417 4.035343 6.840078 4.035343 0.527417 0.574290 0.436478 0.464377 2.745380 4.004927 1.684749 -0.021330 0.787191 0.466124 0.358383 0.753246 0.629747 -0.077026 0.296490 1.014686 0.599559 1.034799 1.204561 0.804977 0.563109 0.996470 1.014963,

Auto-correlations of the modulus of each oriented sub-band
 14.824047 16.298643 17.415295 17.976454 17.866665 17.125599 15.880533 25.197170 29.242123 32.230511 33.485905 32.692287 30.085495 26.270851 36.417088 43.415543 48.526943 50.508678 48.813232 43.934509 37.075558 41.641701 49.957401 55.981178 58.205853 55.981178 49.957401 41.641701 37.075558 43.934505 48.813232 50.508678 48.526943 43.415543 36.417088 26.270855 30.085491 32.692287 33.485905 32.230511 29.242128 25.197170 15.880536 17.125597 17.866665 17.976450 17.415293 16.298645 14.824046,
 30.152456 34.744667 34.554108 29.406397 21.756334 14.771746 10.208883 34.600296 43.256016 46.713772 42.901237 33.642071 23.201069 15.156985 34.450851 46.539474 54.664341 54.587955 46.192348 33.674919 22.169605 29.570593 42.782322 54.511604 59.287701 54.511604 42.782322 29.570593 22.169603 33.674915 46.192348 54.587955 54.664333 46.539478 34.450851 15.156986 23.201069 33.642071 42.901237 46.713772 43.256016 34.600288 10.208885 14.771746 21.756334 29.406395 34.554104 34.744667 30.152456,
 14.785020 25.217958 36.319347 41.229866 36.440071 25.680298 15.759666 16.567751 29.487436 43.493576 49.731434 43.559200 29.800728 17.279196 17.861094 32.538063 48.648010 55.869823 48.676483 32.697956 18.239668 18.455999 33.704384 50.548817 58.130928 50.548813 33.704388 18.455999 18.239668 32.697952 48.676479 55.869812 48.648006 32.538067 17.861094 17.279196 29.800728 43.559204 49.731434 43.493576 29.487440 16.567751 15.759668 25.680294 36.440075 41.229874 36.319347 25.217958 14.785020,
 9.247760 14.338980 21.804195 29.799974 35.214226 35.722248 31.495800 14.682858 23.305145 34.182884 43.732895 47.771229 44.568108 36.113674 22.381866 34.387768 47.210499 55.783352 55.976524 47.944328 35.808144 30.455725 43.971485 55.812405 60.618706 55.812401 43.971489 30.455725 35.808144 47.944324 55.976528 55.783344 47.210499 34.387764 22.381866 36.113674 44.568108 47.771229 43.732895 34.182884 23.305145 14.682858 31.495804 35.722240 35.214226 29.799978 21.804195 14.338980 9.247760,
 10.562505 11.195352 11.706022 11.966856 11.844014 11.292173 10.324241 17.054705 21.021940 24.263544 25.499331 24.113800 20.652124 16.336477 25.610264 34.559376 41.974438 44.825699 41.727962 34.103886 24.966331 29.622581 41.172413 50.843018 54.687622 50.843018 41.172413 29.622576 24.966328 34.103882 41.727962 44.825703 41.974438 34.559376 25.610264 16.336477 20.652124 24.113798 25.499331 24.263544 21.021940 17.054703 10.324241 11.292172 11.844014 11.966856 11.706024 11.195352 10.562507,
 17.917356 21.378897 21.460485 17.790394 13.059017 9.848610 8.373740 22.709114 31.212152 35.463413 31.806149 22.954292 14.721092 9.998948 23.523527 36.396950 46.991150 47.428299 37.105835 23.693062 14.098361 19.720934 33.024422 47.765396 54.540123 47.765396 33.024426 19.720934 14.098360 23.693056 37.105835 47.428307 46.991158 36.396950 23.523527 9.998948 14.721090 22.954290 31.806149 35.463421 31.212156 22.709112 8.373741 9.848608 13.059017 17.790394 21.460487 21.378897 17.917356,
 10.119903 15.487052 23.665293 28.291403 24.888798 17.685606 12.391224 11.909376 20.271132 32.921623 39.701653 33.549629 21.571459 13.242457 13.305453 24.316444 40.875698 49.662457 41.096825 24.874155 13.884556 13.985726 26.063406 44.116570 53.727901 44.116570 26.063406 13.985726 13.884554 24.874155 41.096821 49.662457 40.875702 24.316444 13.305453 13.242455 21.571455 33.549629 39.701653 32.921627 20.271135 11.909376 12.391221 17.685606 24.888794 28.291403 23.665295 15.487053 10.119903,
 6.872490 8.581778 12.528006 18.231659 22.557108 22.608650 18.854094 8.804616 13.614649 22.342930 31.735762 35.537819 31.110840 22.243050 12.778186 22.498262 36.347118 46.970245 46.387669 35.451241 22.220528 18.211645 31.786348 46.941044 53.952812 46.941044 31.786350 18.211645 22.220526 35.451241 46.387657 46.970245 36.347126 22.498264 12.778186 22.243050 31.110840 35.537815 31.735762 22.342930 13.614649 8.804618 18.854094 22.608650 22.557102 18.231659 12.528008 8.581778 6.872490,
 3.455118 3.647608 4.014402 4.411224 4.612668 4.529819 4.255175 4.668628 5.392123 6.172158 6.574088 6.287362 5.467535 4.578333 6.159235 8.180190 10.134480 10.947419 10.010840 7.895165 5.734216 6.747851 9.675185 12.544863 13.801415 12.544863 9.675184 6.747850 5.734217 7.895167 10.010840 10.947419 10.134480 8.180190 6.159235 4.578333 5.467535 6.287362 6.574088 6.172159 5.392123 4.668628 4.255176 4.529819 4.612668 4.411224 4.014402 3.647608 3.455118,
 5.092346 5.965221 6.424701 6.217601 5.655795 5.141202 4.780316 6.581679 8.676141 10.060428 9.565737 7.669658 5.801801 4.647807 7.121775 10.505281 13.672338 14.039325 11.205744 7.604064 5.172461 6.325307 9.839815 14.176860 16.320972 14.176860 9.839814 6.325307 5.172461 7.604065 11.205744 14.039325 13.672339 10.505281 7.121774 4.647807 5.801800 7.669658 9.565737 10.060426 8.676141 6.581678 4.780316 5.141202 5.655795 6.217601 6.424701 5.965222 5.092345,
 4.207732 5.128968 7.078423 8.517471 8.019871 6.445327 5.141373 4.462107 6.174737 9.550331 11.746382 10.271291 7.146475 4.998588 4.639251 7.169084 11.913996 14.860080 12.321017 7.688428 4.852164 4.748456 7.744642 13.050560 16.214527 13.050560 7.744641 4.748456 4.852164 7.688428 12.321015 14.860078 11.913996 7.169083 4.639251 4.998588 7.146475 10.271290 11.746382 9.550331 6.174736 4.462107 5.141373 6.445329 8.019871 8.517471 7.078423 5.128967 4.207732,
 3.430654 3.889713 4.937170 6.337617 7.213856 6.866043 5.654032 3.795650 4.871988 7.070965 9.470879 10.193753 8.592151 6.133074 4.402087 6.679471 10.426219 13.420392 12.992562 9.607721 6.115650 5.352135 8.776469 13.212510 15.412133 13.212510 8.776469 5.352135 6.115649 9.607721 12.992562 13.420390 10.426217 6.679472 4.402086 6.133074 8.592151 10.193753 9.470879 7.070963 4.871988 3.795650 5.654032 6.866042 7.213857 6.337617 4.937170 3.889713 3.430654,

Pairwise cross-correlations of the modulus of all oriented sub-bands at the same scale (size QxQ)
 58.205837 53.070835 46.465984 53.975639,
 53.070835 59.287701 53.140926 50.952621,
 46.465984 53.140926 58.130939 53.670837,
 53.975639 50.952621 53.670837 60.618710,
 54.687622 50.421711 46.893002 50.477226,
 50.421711 54.540123 49.898750 47.117928,
 46.893002 49.898750 53.727894 49.508160,
 50.477226 47.117928 49.508160 53.952801,

Cross-correlations of the modulus of all oriented sub-bands with all oriented sub-bands at the coarser scale (size QxQ)
 51.009506 47.611923 43.987793 47.548691,
 48.900284 51.902988 48.287922 45.868507,
 44.347057 47.653305 50.540829 47.535656,
 49.314045 46.582127 48.667583 51.942982,
 21.281599 22.301537 21.656635 22.352695,
 20.483141 23.548645 22.997440 21.336191,
 19.188030 22.324261 23.813473 22.315203,
 20.307747 21.237040 22.590328 23.170900,

Cross-correlations of the real part of each oriented sub-band with both the real and imaginary part of all phase-doubled oriented sub-bands at the next coarser scale (Q matrices of size 1x2Q, which are computed and stored in a matrix of size Qx2Q)
 -21.562723 -9.790771 -0.766918 -9.889441 0.011272 0.004492 0.002617 0.025420,
 -9.329793 -22.940773 -9.699683 -0.735506 0.000839 0.013934 -0.012219 0.008926,
 -0.759423 -9.982836 -22.081173 -9.611816 -0.009216 -0.010443 -0.025175 0.027539,
 -9.422233 -0.769472 -9.415484 -22.643129 -0.021889 -0.004074 0.004755 0.034965,
 -10.979371 -5.106749 -0.505505 -4.376818 0.330186 -0.042746 0.043482 0.066747,
 -5.106648 -11.915400 -5.390117 -0.501646 0.092726 -0.333568 -0.000663 0.041391,
 -0.524973 -5.410121 -12.127952 -5.125603 -0.039568 -0.160186 0.020992 0.175367,
 -4.647831 -0.492289 -5.333325 -10.727519 0.114240 0.021682 0.101689 0.262165,
