Low-band skewness and kurtosis
 -11.342802 145.183945,
 -6.845738 55.733067,
 -3.510641 17.131670,
 -0.329147 5.538814,

High-band variance
 17.522009,

Skewness, kurtosis, variance, mean, maximum and minimum of the reconstructed texture
 -11.427237 137.985031 329.297089 253.292374 255.000000 0.000000,

Auto-correlations of the low-frequency bands at each scale
 2.992542 1.073673 2.145200 3.204112 -0.933760 -3.616008 -0.412667 -1.002718 15.185917 56.819805 81.158203 54.384811 11.609974 -2.928035 -1.989175 53.799145 165.239441 227.089188 164.186966 52.360100 -2.206703 -0.658569 77.190590 225.605804 307.038849 225.605759 77.190598 -0.658570 -2.206702 52.360100 164.186966 227.089157 165.239410 53.799145 -1.989175 -2.928035 11.609974 54.384819 81.158203 56.819801 15.185920 -1.002719 -0.412666 -3.616007 -0.933760 3.204112 2.145201 1.073672 2.992542,
 4.687837 -0.912189 -8.662836 -11.460339 -8.720998 -0.482612 4.813373 -0.540974 -12.051704 -6.306817 3.248211 -8.499546 -13.648406 -0.260939 -7.103102 -6.116815 52.918022 98.513878 50.912888 -6.855560 -4.522453 -7.099578 4.269850 97.766342 166.491150 97.766342 4.269850 -7.099578 -4.522453 -6.855560 50.912880 98.513870 52.918022 -6.116815 -7.103103 -0.260939 -13.648404 -8.499546 3.248211 -6.306816 -12.051704 -0.540974 4.813374 -0.482612 -8.720997 -11.460339 -8.662836 -0.912188 4.687837,
 3.620029 4.756773 1.387933 -1.337135 0.411429 3.657609 3.287235 1.841643 -2.967107 -3.890677 -1.719129 -2.422043 -0.249998 2.873406 -0.790851 -3.911206 12.641797 27.754578 14.030759 -1.373436 0.242056 -1.435086 -0.279330 28.555733 51.482323 28.555733 -0.279330 -1.435086 0.242056 -1.373436 14.030760 27.754576 12.641797 -3.911206 -0.790851 2.873406 -0.249998 -2.422043 -1.719129 -3.890677 -2.967107 1.841643 3.287235 3.657609 0.411429 -1.337135 1.387933 4.756773 3.620029,
 0.171739 0.485870 0.692076 0.874184 0.677780 0.434353 0.796574 0.115759 0.132600 0.693706 1.102760 0.178167 -0.437971 0.277308 0.285110 0.315762 2.619811 4.235950 1.786795 -0.543936 0.019512 0.260284 0.211684 3.753237 6.669006 3.753237 0.211684 0.260284 0.019512 -0.543936 1.786795 4.235950 2.619812 0.315762 0.285110 0.277308 -0.437971 0.178167 1.102760 0.693706 0.132600 0.115759 0.796574 0.434354 0.677780 0.874184 0.692076 0.485870 0.171739,

Auto-correlations of the modulus of each oriented sub-band
 13.542039 15.260386 16.443834 16.885729 16.505728 15.421754 13.866944 24.332615 28.627350 31.704306 32.888077 31.889187 29.000898 24.914928 35.666473 42.845512 48.044006 50.022545 48.239628 43.209900 36.177032 40.877197 49.321861 55.427513 57.679955 55.427513 49.321869 40.877197 36.177032 43.209892 48.239628 50.022541 48.043999 42.845516 35.666473 24.914925 29.000898 31.889187 32.888077 31.704309 28.627354 24.332611 13.866946 15.421752 16.505728 16.885729 16.443834 15.260387 13.542038,
 29.422482 34.066891 33.821770 28.526878 20.493217 12.839909 7.504962 34.120159 42.894428 46.286736 42.407516 32.939484 21.954367 13.079241 33.983368 46.356567 54.446835 54.325058 45.889847 33.051041 20.818811 28.804150 42.530468 54.359402 59.092079 54.359394 42.530468 28.804150 20.818813 33.051037 45.889847 54.325050 54.446827 46.356571 33.983368 13.079242 21.954367 32.939480 42.407516 46.286732 42.894436 34.120163 7.504962 12.839909 20.493217 28.526878 33.821770 34.066891 29.422482,
 13.458103 23.771168 34.632591 39.437176 34.534714 23.525183 13.228462 14.910051 27.668844 41.430038 47.584400 41.337002 27.450817 14.706756 15.868121 30.385784 46.291283 53.470867 46.231594 30.257122 15.748475 16.168310 31.327417 48.049477 55.639111 48.049477 31.327417 16.168310 15.748475 30.257120 46.231594 53.470871 46.291279 30.385786 15.868119 14.706756 27.450813 41.337002 47.584400 41.430038 27.668848 14.910051 13.228462 23.525183 34.534721 39.437176 34.632591 23.771168 13.458104,
 8.103582 13.558296 21.103323 28.898237 33.976524 34.136799 29.564320 13.913760 22.747700 33.514126 42.723461 46.447666 43.075485 34.484844 21.781424 33.833698 46.409206 54.638649 54.720291 46.774063 34.661942 29.724142 43.191517 54.786358 59.423588 54.786358 43.191517 29.724142 34.661942 46.774063 54.720295 54.638649 46.409206 33.833698 21.781424 34.484852 43.075485 46.447666 42.723465 33.514126 22.747700 13.913760 29.564323 34.136791 33.976524 28.898237 21.103321 13.558299 8.103582,
 6.946293 8.013775 9.045367 9.669455 9.686904 9.243903 8.590974 13.638468 18.248135 22.261377 23.992359 22.673437 19.094576 14.840342 23.424850 33.146225 41.460213 44.827362 41.656567 33.633316 24.205711 28.695528 40.859829 51.244690 55.416958 51.244690 40.859829 28.695528 24.205713 33.633312 41.656567 44.827354 41.460213 33.146229 23.424852 14.840342 19.094574 22.673437 23.992359 22.261377 18.248135 13.638468 8.590974 9.243903 9.686903 9.669454 9.045368 8.013775 6.946294,
 15.659877 20.124456 20.597200 16.373497 10.653569 6.937201 5.856568 19.589716 29.101812 34.103176 30.241966 20.403477 11.417641 6.966006 19.946966 33.713165 45.333241 45.971344 34.790886 20.328932 10.610818 16.019485 29.917608 45.800747 53.150066 45.800747 29.917608 16.019485 10.610819 20.328932 34.790882 45.971344 45.333241 33.713165 19.946968 6.966006 11.417641 20.403475 30.241966 34.103176 29.101812 19.589714 5.856569 6.937200 10.653567 16.373497 20.597202 20.124456 15.659877,
 7.899021 14.408518 23.730127 28.591112 24.168118 15.313818 9.196578 8.860444 18.725885 32.895893 40.253742 33.379593 19.592113 10.015458 9.914851 22.639320 40.895580 50.280033 41.208927 23.160110 10.580012 10.584209 24.414394 44.239964 54.320438 44.239964 24.414394 10.584211 10.580012 23.160110 41.208927 50.280033 40.895580 22.639322 9.914851 10.015458 19.592112 33.379593 40.253742 32.895893 18.725885 8.860444 9.196576 15.313818 24.168118 28.591112 23.730127 14.408518 7.899021,
 4.074100 5.892988 10.445114 16.766806 21.282974 21.044739 17.033997 5.805396 11.384173 21.388803 31.736013 35.593349 30.525517 21.147423 10.583900 21.467535 36.751961 48.178600 47.353474 35.510448 21.505264 17.076485 31.735575 48.079906 55.576447 48.079906 31.735575 17.076485 21.505266 35.510448 47.353474 48.178600 36.751968 21.467535 10.583901 21.147423 30.525511 35.593338 31.736013 21.388807 11.384173 5.805397 17.033997 21.044737 21.282970 16.766804 10.445114 5.892989 4.074100,
 3.363500 3.516953 3.551222 3.467027 3.312627 3.138791 2.949934 4.289664 5.068367 5.810415 6.116868 5.751218 4.880380 3.882351 6.277473 8.479043 10.623726 11.534078 10.543118 8.248143 5.819273 7.203452 10.379368 13.490781 14.863787 13.490781 10.379368 7.203452 5.819274 8.248143 10.543118 11.534078 10.623724 8.479043 6.277473 3.882351 4.880380 5.751218 6.116868 5.810415 5.068365 4.289663 2.949934 3.138791 3.312627 3.467027 3.551222 3.516953 3.363500,
 5.230843 6.715612 7.174762 6.274918 4.905879 3.878333 3.317725 6.081099 8.831646 10.546999 9.654880 7.071443 4.775179 3.560322 6.292971 10.124106 13.774732 14.114854 10.799041 6.793265 4.324601 5.485397 9.186144 13.968089 16.356922 13.968089 9.186144 5.485397 4.324602 6.793265 10.799041 14.114853 13.774734 10.124105 6.292971 3.560322 4.775178 7.071443 9.654880 10.546999 8.831645 6.081099 3.317725 3.878332 4.905879 6.274918 7.174761 6.715612 5.230842,
 3.697204 5.293806 7.423694 8.228895 6.634252 4.384827 3.174404 3.800802 6.278654 9.972961 11.643672 9.180026 5.438578 3.314929 3.844452 7.066770 12.259048 14.968083 11.747316 6.551150 3.536952 3.750393 7.205492 13.032275 16.415815 13.032273 7.205492 3.750393 3.536952 6.551149 11.747316 14.968083 12.259048 7.066770 3.844452 3.314929 5.438578 9.180026 11.643672 9.972962 6.278654 3.800802 3.174405 4.384827 6.634252 8.228895 7.423692 5.293806 3.697203,
 3.736890 3.983086 4.263604 4.943403 5.689436 5.642156 4.751341 3.796188 4.389707 6.000024 8.309553 9.410696 8.081345 5.578190 4.040126 5.968913 9.667904 13.063942 12.914961 9.368397 5.575240 4.782355 8.275631 13.039914 15.506454 13.039914 8.275631 4.782355 5.575240 9.368398 12.914961 13.063942 9.667902 5.968913 4.040126 5.578190 8.081345 9.410697 8.309553 6.000023 4.389707 3.796188 4.751341 5.642156 5.689436 4.943403 4.263604 3.983086 3.736889,

Pairwise cross-correlations of the modulus of all oriented sub-bands at the same scale (size QxQ)
 57.679955 52.821445 44.758835 52.899479,
 52.821445 59.092094 51.619255 49.901501,
 44.758835 51.619255 55.639107 51.731682,
 52.899479 49.901501 51.731682 59.423595,
 55.416954 49.915791 47.683765 51.523994,
 49.915791 53.150063 49.783340 46.658321,
 47.683765 49.783340 54.320438 50.711346,
 51.523994 46.658321 50.711346 55.576439,

Cross-correlations of the modulus of all oriented sub-bands with all oriented sub-bands at the coarser scale (size QxQ)
 51.362812 46.784428 44.128601 47.941799,
 49.109161 51.315350 48.690834 46.268513,
 43.522285 45.814026 49.978138 46.936359,
 49.249645 44.901039 48.884102 52.671299,
 22.699322 22.678776 21.780178 22.072718,
 21.114658 23.343973 22.410818 20.385511,
 20.244244 22.659908 23.845367 21.768772,
 21.850853 21.661608 22.838221 23.233871,

Cross-correlations of the real part of each oriented sub-band with both the real and imaginary part of all phase-doubled oriented sub-bands at the next coarser scale (Q matrices of size 1x2Q, which are computed and stored in a matrix of size Qx2Q)
 -22.670570 -9.816833 -0.782241 -10.365163 0.006994 0.006538 0.003776 -0.013258,
 -9.590593 -22.883219 -9.522312 -0.717554 0.003842 0.003327 -0.004756 -0.002988,
 -0.763140 -9.787230 -22.066641 -10.086045 -0.000718 0.004784 -0.021928 -0.021921,
 -9.959160 -0.729048 -9.624419 -24.067347 0.001637 0.000493 -0.004766 -0.041551,
 -12.468008 -5.536439 -0.489499 -5.488821 -0.036624 -0.001960 0.002951 0.024379,
 -5.451737 -13.085757 -5.987718 -0.458670 0.014882 -0.005846 0.027915 0.012681,
 -0.488689 -5.937212 -13.475775 -5.748403 0.019480 -0.003623 0.011947 0.012896,
 -5.443968 -0.494688 -5.759662 -12.967560 -0.004890 0.004903 -0.005838 0.008646,
