Low-band skewness and kurtosis
 -11.368715 145.660126,
 -7.008146 58.819302,
 -4.083602 22.806946,
 -0.522930 6.827526,

High-band variance
 17.376886,

Skewness, kurtosis, variance, mean, maximum and minimum of the reconstructed texture
 -11.445463 138.368622 329.131866 253.296341 255.000000 0.000000,

Auto-correlations of the low-frequency bands at each scale
 4.740764 1.198116 1.780178 3.246039 -0.071347 -1.686386 2.971479 0.580936 14.786756 55.290627 79.692543 55.014473 15.513235 3.511917 4.421800 57.248699 165.714203 226.518311 166.360641 59.426029 8.555335 10.305382 84.260269 227.935654 307.087921 227.935623 84.260284 10.305381 8.555337 59.426022 166.360641 226.518341 165.714203 57.248695 4.421799 3.511917 15.513233 55.014473 79.692543 55.290627 14.786755 0.580936 2.971480 -1.686385 -0.071346 3.246040 1.780177 1.198117 4.740763,
 7.020709 5.811195 1.025303 -2.388027 -0.714741 5.150912 6.850585 2.935062 -6.449314 -0.599368 7.585701 -1.643572 -4.676686 4.834684 -3.758849 -1.211780 55.349789 98.444138 55.858463 2.550807 0.159623 -3.433066 11.964289 101.629425 166.044083 101.629425 11.964289 -3.433066 0.159623 2.550807 55.858456 98.444122 55.349789 -1.211780 -3.758849 4.834684 -4.676686 -1.643571 7.585701 -0.599369 -6.449314 2.935062 6.850585 5.150911 -0.714739 -2.388027 1.025301 5.811195 7.020710,
 5.016022 2.448636 0.821164 1.799645 1.501963 2.434090 5.543796 3.372020 -1.899174 -0.178121 4.261794 -0.101484 -1.948690 4.121159 3.039792 -0.379803 17.870062 34.072674 17.519833 -1.070117 2.518583 3.199527 2.913800 33.057018 57.152962 33.057018 2.913799 3.199526 2.518583 -1.070116 17.519833 34.072674 17.870060 -0.379802 3.039791 4.121160 -1.948690 -0.101484 4.261794 -0.178121 -1.899174 3.372020 5.543797 2.434090 1.501963 1.799646 0.821164 2.448636 5.016021,
 1.453385 1.333422 0.646204 0.063271 0.435441 1.618191 1.480500 1.781172 0.602797 -0.124425 0.368317 0.840355 1.334749 1.341835 1.335412 0.457003 2.447203 5.090827 3.743141 1.255306 0.829975 0.811279 1.144904 5.397909 8.687141 5.397909 1.144904 0.811279 0.829975 1.255306 3.743141 5.090827 2.447204 0.457004 1.335412 1.341834 1.334749 0.840355 0.368317 -0.124425 0.602798 1.781173 1.480500 1.618191 0.435441 0.063271 0.646204 1.333422 1.453385,

Auto-correlations of the modulus of each oriented sub-band
 16.173109 17.726137 18.794870 19.188280 18.822107 17.770952 16.204071 25.888508 29.841280 32.673782 33.763721 32.844963 30.159128 26.290993 36.658249 43.401176 48.275833 50.119373 48.445362 43.722660 37.075256 41.679684 49.667786 55.432777 57.556446 55.432774 49.667786 41.679684 37.075253 43.722660 48.445354 50.119373 48.275822 43.401176 36.658249 26.290989 30.159130 32.844963 33.763721 32.673779 29.841284 25.888508 16.204071 17.770952 18.822109 19.188280 18.794870 17.726137 16.173109,
 30.524090 35.159096 35.201435 30.537642 23.414249 16.729797 12.080057 34.807796 43.314693 46.774860 43.248199 34.483204 24.500750 16.600771 34.740181 46.551483 54.506306 54.500713 46.430069 34.377491 23.186216 30.166092 43.025791 54.421284 59.084656 54.421284 43.025791 30.166090 23.186220 34.377491 46.430069 54.500713 54.506306 46.551483 34.740177 16.600771 24.500748 34.483204 43.248203 46.774857 43.314693 34.807796 12.080058 16.729797 23.414253 30.537640 35.201435 35.159096 30.524086,
 17.728058 27.618675 37.890995 42.406586 37.706146 27.177050 17.336210 19.177038 31.419195 44.553768 50.413113 44.418411 31.110769 18.930977 20.151384 34.092968 49.348473 56.225113 49.269035 33.928757 20.032944 20.465408 35.013912 51.081745 58.372974 51.081745 35.013916 20.465406 20.032946 33.928753 49.269039 56.225117 49.348480 34.092968 20.151379 18.930977 31.110764 44.418419 50.413105 44.553768 31.419195 19.177038 17.336212 27.177048 37.706146 42.406586 37.890995 27.618675 17.728058,
 11.519105 16.106821 22.686783 29.677116 34.220058 34.232361 29.967695 16.159521 24.060240 33.940617 42.544067 45.960590 42.676880 34.615162 23.048334 34.196991 46.071011 53.961262 53.958645 46.285648 34.851654 30.302202 42.961769 54.089779 58.633144 54.089779 42.961773 30.302200 34.851654 46.285648 53.958656 53.961262 46.071011 34.196999 23.048332 34.615162 42.676880 45.960590 42.544067 33.940617 24.060246 16.159519 29.967695 34.232357 34.220058 29.677120 22.686783 16.106821 11.519103,
 11.230782 12.779083 13.960505 14.247805 13.525306 12.140287 10.635704 16.876781 20.857718 24.171803 25.331470 23.739847 20.201023 16.228268 24.564478 32.511986 39.424892 42.126850 39.120590 32.035942 24.067720 28.259295 38.418228 47.464706 51.203968 47.464710 38.418228 28.259295 24.067720 32.035938 39.120586 42.126854 39.424896 32.511986 24.564476 16.228268 20.201023 23.739847 25.331470 24.171806 20.857718 16.876781 10.635704 12.140287 13.525304 14.247805 13.960505 12.779085 11.230780,
 18.350092 22.906164 24.216198 21.112654 15.870544 11.454311 8.991581 22.633144 31.295132 36.185390 33.206604 24.655703 16.303740 11.397195 23.701397 35.931675 46.394218 47.041706 37.148407 24.333359 15.427299 20.476664 32.785778 46.937752 53.557102 46.937752 32.785782 20.476665 15.427299 24.333353 37.148407 47.041710 46.394218 35.931683 23.701395 11.397195 16.303740 24.655703 33.206608 36.185394 31.295137 22.633144 8.991581 11.454311 15.870544 21.112654 24.216200 22.906164 18.350092,
 11.547506 18.388571 27.364452 31.608425 27.179701 18.368450 11.611091 13.278557 23.003424 36.258003 42.799484 36.163647 23.015112 13.272661 14.646845 26.848852 43.830719 52.432072 43.813408 26.865114 14.606581 15.153255 28.382845 46.884357 56.344391 46.884369 28.382847 15.153255 14.606581 26.865112 43.813408 52.432072 43.830727 26.848858 14.646845 13.272664 23.015112 36.163647 42.799484 36.258007 23.003426 13.278557 11.611091 18.368450 27.179697 31.608425 27.364456 18.388571 11.547506,
 8.917633 11.231192 15.517162 20.570520 23.479959 22.060066 17.491278 11.031944 15.851267 24.238886 32.787838 35.617855 30.432564 21.380659 14.468000 23.425762 36.527000 46.561626 45.696831 34.736839 21.992321 18.881079 31.508608 46.135635 52.973244 46.135643 31.508608 18.881075 21.992323 34.736839 45.696823 46.561626 36.527004 23.425764 14.468000 21.380663 30.432568 35.617859 32.787838 24.238886 15.851267 11.031944 17.491280 22.060062 23.479959 20.570520 15.517162 11.231193 8.917631,
 6.356648 6.440812 6.536345 6.596202 6.628758 6.715495 6.904319 7.606427 8.555836 9.534328 10.022652 9.737930 8.947587 8.163116 9.731158 12.074292 14.416674 15.509182 14.622914 12.410779 10.120132 11.032911 14.135619 17.206976 18.562075 17.206976 14.135619 11.032911 10.120132 12.410779 14.622914 15.509182 14.416674 12.074292 9.731158 8.163116 8.947587 9.737930 10.022652 9.534327 8.555834 7.606427 6.904318 6.715495 6.628758 6.596202 6.536345 6.440811 6.356649,
 6.935012 7.708440 7.736012 6.834229 5.758907 5.235556 5.305074 7.530165 9.527553 10.845559 10.043459 7.909706 6.213595 5.594498 7.869508 10.885098 14.061979 14.407448 11.498224 8.174368 6.371712 7.363602 10.284257 14.472393 16.698618 14.472393 10.284255 7.363602 6.371711 8.174369 11.498226 14.407449 14.061979 10.885097 7.869508 5.594499 6.213595 7.909706 10.043458 10.845557 9.527551 7.530164 5.305074 5.235556 5.758907 6.834228 7.736011 7.708440 6.935012,
 6.697285 7.137510 8.456180 9.196469 8.148301 6.617000 6.073934 6.642062 8.014241 10.838037 12.423093 10.664120 7.726590 6.269192 6.605136 8.853012 13.108879 15.541131 13.047279 8.744292 6.432945 6.549935 9.186986 14.061231 16.891506 14.061231 9.186986 6.549935 6.432944 8.744294 13.047280 15.541131 13.108876 8.853013 6.605136 6.269191 7.726590 10.664121 12.423093 10.838036 8.014240 6.642062 6.073934 6.617000 8.148301 9.196469 8.456180 7.137510 6.697285,
 6.015780 5.888552 6.159902 6.740488 7.136184 6.962016 6.413022 6.373879 6.733908 8.042909 9.748628 10.363533 9.178102 7.253608 6.794204 8.272008 11.277831 13.960316 13.694984 10.656701 7.550716 7.235982 10.071532 14.096270 16.187887 14.096270 10.071531 7.235982 7.550716 10.656701 13.694984 13.960314 11.277831 8.272008 6.794204 7.253607 9.178105 10.363531 9.748628 8.042909 6.733906 6.373880 6.413022 6.962017 7.136185 6.740488 6.159902 5.888552 6.015780,

Pairwise cross-correlations of the modulus of all oriented sub-bands at the same scale (size QxQ)
 57.556450 52.686268 46.412689 52.508961,
 52.686268 59.084644 53.168556 49.730270,
 46.412689 53.168556 58.372963 52.811237,
 52.508961 49.730270 52.811237 58.633148,
 51.203960 47.660488 45.685356 47.744701,
 47.660488 53.557098 50.604172 46.074764,
 45.685356 50.604172 56.344395 49.660885,
 47.744701 46.074764 49.660885 52.973232,

Cross-correlations of the modulus of all oriented sub-bands with all oriented sub-bands at the coarser scale (size QxQ)
 48.552567 46.315777 44.681385 46.092770,
 47.241306 50.820118 49.278923 45.170918,
 43.000793 47.105659 51.697994 46.866093,
 46.481728 44.613567 48.984138 50.336811,
 24.683659 21.963793 20.602592 21.990086,
 24.070505 23.638971 22.755970 21.593357,
 23.453680 23.365208 24.433491 22.998285,
 24.206244 21.378769 22.173981 23.387903,

Cross-correlations of the real part of each oriented sub-band with both the real and imaginary part of all phase-doubled oriented sub-bands at the next coarser scale (Q matrices of size 1x2Q, which are computed and stored in a matrix of size Qx2Q)
 -20.132648 -9.013226 -0.717565 -9.167894 0.173045 0.023717 -0.004316 -0.085330,
 -8.673209 -21.471363 -9.359401 -0.762165 0.035138 -0.077728 -0.030656 0.032110,
 -0.707514 -9.778474 -21.143515 -9.126200 0.007100 -0.109389 -0.033043 -0.142738,
 -8.872931 -0.853118 -8.940282 -21.082767 0.108959 0.000330 -0.023339 -0.366847,
 -11.452949 -5.046559 -0.443277 -5.035227 0.012829 0.045840 0.014141 -0.035090,
 -4.971569 -11.153977 -4.829200 -0.511584 -0.004964 -0.221680 -0.255959 0.025701,
 -0.455712 -4.989448 -10.900702 -4.706977 0.026888 -0.239923 -0.562568 -0.195641,
 -5.004666 -0.559750 -4.701192 -10.867042 0.077906 0.001450 -0.152592 -0.341499,
