Low-band skewness and kurtosis
 -11.457085 148.167786,
 -7.023390 58.866840,
 -4.151183 23.917028,
 -0.120789 5.465738,

High-band variance
 17.325235,

Skewness, kurtosis, variance, mean, maximum and minimum of the reconstructed texture
 -11.516701 140.122574 325.858276 253.314209 255.000000 0.000000,

Auto-correlations of the low-frequency bands at each scale
 9.014038 4.137872 3.498849 3.948426 1.671342 2.952040 8.072757 6.112528 17.860256 56.138832 79.537201 54.578129 14.821006 1.416505 6.297108 57.722477 164.394531 224.293182 163.309998 55.233101 2.648268 6.706484 81.204803 224.741074 303.908203 224.741043 81.204811 6.706484 2.648268 55.233101 163.309998 224.293198 164.394531 57.722485 6.297107 1.416505 14.821006 54.578129 79.537209 56.138832 17.860256 6.112528 8.072758 2.952041 1.671343 3.948426 3.498849 4.137871 9.014038,
 9.820584 6.888358 -0.073427 -3.283780 3.449741 12.031351 9.428262 6.638091 -3.596088 -0.058619 7.586105 1.067964 -2.072087 3.958465 -0.871430 1.339184 56.242989 97.986099 54.552189 -1.172258 -4.919398 -6.249536 8.909014 99.479454 164.301941 99.479477 8.909014 -6.249536 -4.919399 -1.172258 54.552185 97.986099 56.242989 1.339184 -0.871430 3.958464 -2.072087 1.067963 7.586106 -0.058619 -3.596087 6.638091 9.428262 12.031351 3.449740 -3.283780 -0.073426 6.888358 9.820585,
 8.484906 6.046460 1.378325 2.837895 8.293070 9.871011 5.654134 5.940962 1.298880 0.678025 5.502592 4.920557 3.316302 5.450627 3.711484 1.245035 18.634562 34.170635 18.309202 0.177627 4.358518 3.685595 2.467185 32.160061 55.993412 32.160061 2.467185 3.685594 4.358518 0.177627 18.309202 34.170635 18.634562 1.245035 3.711484 5.450627 3.316301 4.920557 5.502591 0.678025 1.298880 5.940960 5.654135 9.871011 8.293070 2.837895 1.378325 6.046460 8.484905,
 0.206910 0.864820 1.630809 1.988513 1.708966 1.844585 2.229495 0.700757 0.916520 1.599068 2.106990 1.365173 1.168545 1.874384 1.200712 1.389096 3.430531 4.980789 2.943285 0.951561 1.336335 1.363100 1.564000 4.738029 7.303690 4.738029 1.564000 1.363100 1.336335 0.951561 2.943285 4.980789 3.430531 1.389096 1.200712 1.874384 1.168545 1.365174 2.106990 1.599068 0.916520 0.700757 2.229495 1.844585 1.708966 1.988514 1.630809 0.864820 0.206910,

Auto-correlations of the modulus of each oriented sub-band
 16.996099 18.396076 19.345915 19.642130 19.181765 18.039816 16.406731 26.468134 30.276459 32.939709 33.814941 32.624435 29.640900 25.515995 36.615612 43.321358 48.118439 49.811077 47.892105 42.864933 35.931618 40.904400 49.045734 54.939857 57.114384 54.939850 49.045738 40.904400 35.931618 42.864925 47.892105 49.811085 48.118435 43.321358 36.615612 25.515997 29.640898 32.624435 33.814941 32.939705 30.276461 26.468130 16.406733 18.039814 19.181768 19.642130 19.345913 18.396080 16.996096,
 31.613834 35.731529 35.341785 30.302206 22.940720 16.226271 11.773495 35.807396 43.858982 46.961735 43.179913 34.221226 24.097425 16.154001 35.480724 46.984650 54.644566 54.490612 46.384659 34.289207 23.013575 30.473661 43.256104 54.496811 59.069950 54.496811 43.256104 30.473661 23.013575 34.289207 46.384663 54.490616 54.644558 46.984650 35.480724 16.154001 24.097422 34.221230 43.179913 46.961735 43.858982 35.807396 11.773495 16.226271 22.940722 30.302206 35.341785 35.731533 31.613834,
 17.343088 26.603287 36.654770 41.200947 36.827541 27.056376 17.930721 18.686478 30.356915 43.273594 49.172562 43.402386 30.631504 18.984339 19.596130 33.039146 48.073269 54.978210 48.146221 33.168816 19.712477 19.950258 34.058365 49.867374 57.128880 49.867367 34.058369 19.950258 19.712477 33.168816 48.146229 54.978210 48.073257 33.039150 19.596130 18.984339 30.631500 43.402390 49.172562 43.273594 30.356916 18.686478 17.930721 27.056376 36.827541 41.200947 36.654770 26.603289 17.343084,
 12.664427 17.063164 23.568119 30.710100 35.614697 35.854168 31.370762 17.022249 24.762983 34.622208 43.384083 47.034824 43.724018 35.282063 23.496273 34.614010 46.586643 54.632050 54.700485 46.833641 35.047379 30.439014 43.273235 54.607697 59.230946 54.607689 43.273235 30.439014 35.047379 46.833641 54.700489 54.632050 46.586643 34.614010 23.496269 35.282063 43.724018 47.034824 43.384083 34.622208 24.762981 17.022245 31.370764 35.854172 35.614697 30.710100 23.568123 17.063164 12.664427,
 15.311693 15.921017 16.449917 16.708128 16.528309 15.961442 15.242212 20.008991 22.953260 25.444208 26.305288 24.998930 22.168940 19.122005 26.362465 33.549099 39.821274 42.186203 39.262260 32.608604 25.341772 29.221228 38.845318 47.536827 51.150272 47.536827 38.845325 29.221226 25.341772 32.608601 39.262260 42.186203 39.821274 33.549099 26.362465 19.122005 22.168940 24.998930 26.305286 25.444212 22.953262 20.008991 15.242212 15.961440 16.528309 16.708128 16.449917 15.921021 15.311694,
 21.625481 24.719887 25.041817 22.033138 17.791767 14.737596 13.478539 24.909920 32.699055 36.894485 33.966518 26.015026 18.482168 14.396128 24.931181 36.768982 46.797989 47.506596 38.036694 25.643187 17.100206 21.438326 33.574146 47.382622 53.800236 47.382629 33.574146 21.438326 17.100204 25.643187 38.036682 47.506588 46.797997 36.768978 24.931181 14.396128 18.482168 26.015026 33.966518 36.894493 32.699055 24.909920 13.478539 14.737596 17.791763 22.033138 25.041817 24.719889 21.625483,
 14.119245 19.000156 26.730045 31.141111 27.917591 20.573868 14.956646 14.889234 22.854212 35.024422 41.510098 35.611343 23.747803 15.314600 15.456150 26.051647 42.068176 50.498417 42.245529 26.415106 15.616584 15.703234 27.393024 44.903652 54.163063 44.903660 27.393028 15.703234 15.616585 26.415106 42.245525 50.498417 42.068176 26.051647 15.456149 15.314603 23.747803 35.611336 41.510098 35.024429 22.854212 14.889234 14.956647 20.573868 27.917591 31.141111 26.730047 19.000156 14.119244,
 12.367044 14.197813 18.289083 23.692720 27.270206 26.262497 21.517443 14.096616 18.547098 26.839201 35.548580 38.566296 33.404079 24.346878 17.212618 26.002636 39.053890 49.052673 48.122517 37.156445 24.613987 21.519501 33.971916 48.531380 55.344902 48.531384 33.971916 21.519501 24.613983 37.156441 48.122517 49.052673 39.053894 26.002640 17.212618 24.346878 33.404079 38.566288 35.548580 26.839207 18.547098 14.096617 21.517443 26.262497 27.270206 23.692720 18.289085 14.197813 12.367046,
 8.034837 8.365097 8.833295 9.288491 9.419541 9.067350 8.349071 8.705928 9.732033 10.831917 11.493451 11.297938 10.388490 9.267007 10.426570 12.512195 14.698771 15.810046 15.052816 13.060199 11.012541 11.773759 14.483422 17.304010 18.600660 17.304010 14.483422 11.773757 11.012541 13.060198 15.052816 15.810046 14.698770 12.512195 10.426570 9.267006 10.388489 11.297938 11.493451 10.831916 9.732032 8.705928 8.349071 9.067350 9.419541 9.288491 8.833295 8.365097 8.034836,
 8.803429 9.604093 9.752830 9.261309 8.793910 8.530738 8.042207 9.313226 11.210723 12.372975 11.741435 10.232270 9.170477 8.519297 9.465857 12.132337 14.969992 15.251842 12.786567 10.226665 8.917738 9.266940 11.578280 15.159157 17.139704 15.159157 11.578282 9.266940 8.917738 10.226665 12.786567 15.251842 14.969991 12.132337 9.465858 8.519296 9.170477 10.232270 11.741433 12.372975 11.210722 9.313226 8.042207 8.530738 8.793910 9.261307 9.752828 9.604093 8.803428,
 7.256598 8.125240 9.446111 10.266068 9.612331 8.002569 6.698244 7.497449 8.888780 11.234378 12.720887 11.495144 8.942732 7.233851 7.737033 9.651888 13.050885 15.181093 13.234597 9.724547 7.651487 7.827177 10.006154 13.910219 16.282837 13.910219 10.006154 7.827177 7.651487 9.724546 13.234597 15.181092 13.050885 9.651888 7.737033 7.233851 8.942734 11.495145 12.720887 11.234377 8.888779 7.497449 6.698244 8.002569 9.612331 10.266068 9.446109 8.125239 7.256598,
 8.026718 8.176207 8.708529 9.592092 10.101926 9.546909 8.334171 8.117380 8.814635 10.417438 12.329527 12.891989 11.468855 9.437116 8.683510 10.377434 13.369132 15.941566 15.613289 12.775384 9.993153 9.557134 12.222653 15.891715 17.806913 15.891717 12.222653 9.557134 9.993153 12.775385 15.613289 15.941566 13.369132 10.377434 8.683509 9.437116 11.468855 12.891989 12.329527 10.417437 8.814635 8.117380 8.334171 9.546909 10.101926 9.592091 8.708529 8.176207 8.026718,

Pairwise cross-correlations of the modulus of all oriented sub-bands at the same scale (size QxQ)
 57.114388 52.651321 46.055515 52.845932,
 52.651321 59.069954 52.498280 50.386311,
 46.055515 52.498280 57.128883 52.478088,
 52.845932 50.386311 52.478088 59.230934,
 51.150272 48.146851 45.012672 48.529305,
 48.146851 53.800228 49.435390 47.288021,
 45.012672 49.435390 54.163067 50.524624,
 48.529305 47.288021 50.524624 55.344906,

Cross-correlations of the modulus of all oriented sub-bands with all oriented sub-bands at the coarser scale (size QxQ)
 48.350861 46.555424 43.891773 47.739182,
 46.690655 50.173561 47.656738 46.536884,
 42.372849 46.497784 49.828712 47.826477,
 46.805027 45.629982 47.970505 51.852478,
 24.266665 21.653872 20.484238 22.359818,
 24.113697 23.741100 22.026619 22.128086,
 23.079403 22.448738 22.806395 23.123985,
 24.539080 21.819450 22.393229 24.283844,

Cross-correlations of the real part of each oriented sub-band with both the real and imaginary part of all phase-doubled oriented sub-bands at the next coarser scale (Q matrices of size 1x2Q, which are computed and stored in a matrix of size Qx2Q)
 -20.012653 -9.072894 -0.818431 -9.033067 -0.154784 0.209003 0.010509 0.003733,
 -8.741777 -21.165960 -8.895962 -0.739317 0.097035 0.377781 -0.098500 0.042736,
 -0.799686 -9.118484 -20.886702 -9.621486 0.031569 0.011943 -0.218481 -0.084213,
 -8.879930 -0.685947 -9.415182 -21.592506 -0.120631 -0.043017 -0.084000 -0.216063,
 -10.678747 -5.474244 -0.526145 -4.733976 -0.263812 0.070221 -0.020589 0.202029,
 -5.152494 -11.082830 -4.254761 -0.488874 -0.084235 0.122968 -0.022587 0.019875,
 -0.555051 -4.427268 -9.601405 -4.624215 0.026330 0.037324 0.007180 -0.002471,
 -4.615123 -0.534808 -4.652536 -10.493867 -0.081568 0.013290 -0.111838 0.274789,
