Low-band skewness and kurtosis
 -11.310160 144.076981,
 -7.070823 59.880592,
 -4.049027 23.925367,
 -0.678228 8.330596,

High-band variance
 17.534237,

Skewness, kurtosis, variance, mean, maximum and minimum of the reconstructed texture
 -11.411345 137.599792 330.132050 253.288086 255.000000 0.000000,

Auto-correlations of the low-frequency bands at each scale
 2.283352 0.941976 5.172982 9.394448 6.665046 3.409448 4.908444 2.176800 17.192633 59.609268 85.744003 60.283260 17.111425 0.343144 6.684185 59.344589 167.828949 228.945267 167.532028 57.429989 2.390953 8.038486 83.577614 228.119476 307.739105 228.119476 83.577621 8.038485 2.390954 57.429989 167.532028 228.945267 167.828918 59.344597 6.684184 0.343144 17.111423 60.283268 85.744003 59.609261 17.192636 2.176800 4.908444 3.409449 6.665046 9.394449 5.172982 0.941976 2.283352,
 7.489263 2.362952 -5.229835 -6.869835 -3.026845 2.893196 4.977497 2.597926 -9.322189 -3.593444 7.507053 -1.868130 -8.310278 0.973451 -3.775367 -2.197822 56.365128 102.026176 56.345512 -2.731828 -5.243632 -6.683888 8.240455 102.450157 170.141815 102.450180 8.240455 -6.683890 -5.243632 -2.731827 56.345505 102.026176 56.365135 -2.197822 -3.775368 0.973452 -8.310277 -1.868128 7.507053 -3.593445 -9.322189 2.597926 4.977497 2.893196 -3.026843 -6.869834 -5.229836 2.362952 7.489264,
 6.742315 6.420570 2.381043 -1.976995 -2.323570 1.781769 3.021183 5.396333 2.264813 1.154551 1.413597 -2.412603 -2.232082 1.695025 1.685699 0.173747 17.395535 32.145065 16.082743 -2.209699 -0.818857 -0.856682 1.022108 31.798279 55.868282 31.798279 1.022108 -0.856682 -0.818858 -2.209699 16.082743 32.145065 17.395533 0.173748 1.685700 1.695025 -2.232082 -2.412603 1.413597 1.154551 2.264813 5.396333 3.021184 1.781769 -2.323570 -1.976995 2.381042 6.420570 6.742315,
 0.727011 0.637977 0.465290 0.556096 0.650417 0.676330 0.563115 0.755831 -0.027996 -0.116415 0.451119 0.275636 0.260029 0.840185 0.579256 0.044369 2.378659 4.801180 3.066268 0.686165 0.839682 0.723273 0.955870 5.107010 8.332750 5.107010 0.955870 0.723273 0.839682 0.686165 3.066268 4.801180 2.378659 0.044369 0.579256 0.840185 0.260029 0.275636 0.451119 -0.116415 -0.027996 0.755831 0.563114 0.676330 0.650417 0.556096 0.465290 0.637977 0.727011,

Auto-correlations of the modulus of each oriented sub-band
 15.388828 16.878639 17.874395 18.186037 17.735506 16.612587 14.998282 25.620747 29.599445 32.395657 33.368359 32.267952 29.379995 25.335190 36.333717 43.153458 48.035397 49.788818 47.934162 42.987858 36.130699 40.984047 49.122734 55.003105 57.171223 55.003105 49.122738 40.984047 36.130699 42.987846 47.934162 49.788811 48.035397 43.153461 36.333717 25.335192 29.379995 32.267952 33.368359 32.395657 29.599445 25.620750 14.998282 16.612585 17.735506 18.186037 17.874395 16.878641 15.388829,
 29.039261 33.296059 33.158821 28.409914 21.176676 14.291250 9.394594 33.561096 41.669827 44.889751 41.355774 32.639851 22.573856 14.427676 33.615116 45.137783 52.780178 52.720795 44.811218 32.849724 21.520599 28.900448 41.694012 52.839233 57.349224 52.839233 41.694012 28.900448 21.520599 32.849720 44.811218 52.720795 52.780174 45.137783 33.615116 14.427676 22.573856 32.639854 41.355774 44.889751 41.669827 33.561092 9.394594 14.291247 21.176682 28.409918 33.158821 33.296062 29.039261,
 15.109935 24.735630 34.834110 39.263096 34.769657 24.620962 14.902329 16.639107 28.723255 41.690735 47.442219 41.636051 28.650681 16.538916 17.683313 31.540964 46.633533 53.400677 46.598919 31.500683 17.640762 18.046787 32.554230 48.439621 55.610283 48.439621 32.554230 18.046785 17.640762 31.500683 46.598919 53.400684 46.633533 31.540964 17.683310 16.538916 28.650681 41.636051 47.442219 41.690735 28.723259 16.639107 14.902330 24.620962 34.769653 39.263096 34.834110 24.735634 15.109934,
 8.829018 13.794496 20.837471 28.235901 33.132736 33.300110 28.842281 13.868000 22.135578 32.359135 41.255875 44.929466 41.629749 33.232792 20.947992 32.417900 44.567043 52.675175 52.781258 44.933117 33.122452 28.324892 41.324768 52.705650 57.334572 52.705650 41.324772 28.324890 33.122452 44.933117 52.781261 52.675167 44.567051 32.417900 20.947992 33.232792 41.629742 44.929466 41.255875 32.359135 22.135580 13.868000 28.842283 33.300110 33.132744 28.235901 20.837471 13.794497 8.829018,
 10.177042 10.897172 11.322494 11.156479 10.235796 8.717834 6.954214 16.265152 20.267200 23.605692 24.743664 22.889744 18.738224 13.887288 24.784786 33.659035 41.283920 44.285484 40.965137 32.899452 23.531895 28.703247 40.254539 50.256062 54.315716 50.256062 40.254543 28.703247 23.531895 32.899448 40.965134 44.285484 41.283920 33.659035 24.784786 13.887290 18.738224 22.889744 24.743664 23.605694 20.267200 16.265150 6.954215 8.717835 10.235797 11.156479 11.322494 10.897172 10.177041,
 18.340153 22.353477 22.661476 18.219728 11.717773 6.525100 3.755393 22.165197 31.118755 35.884846 32.185852 22.259451 12.386392 6.349378 22.383032 35.746449 46.917885 47.614784 36.764458 22.176636 11.506166 17.973326 32.034546 47.554096 54.636330 47.554108 32.034546 17.973326 11.506166 22.176636 36.764458 47.614784 46.917889 35.746449 22.383032 6.349378 12.386392 22.259449 32.185852 35.884846 31.118755 22.165195 3.755393 6.525101 11.717772 18.219730 22.661476 22.353477 18.340155,
 11.223186 17.081696 25.125219 28.930779 23.967148 14.632532 7.759401 11.777475 21.167912 34.283936 40.817951 33.630463 19.612869 9.365390 12.055838 24.548536 42.019493 50.860535 41.749760 23.817522 10.830954 11.790246 25.692120 45.045746 54.881569 45.045753 25.692120 11.790246 10.830954 23.817522 41.749760 50.860535 42.019493 24.548540 12.055838 9.365390 19.612869 33.630463 40.817944 34.283943 21.167910 11.777475 7.759401 14.632532 23.967148 28.930780 25.125219 17.081696 11.223186,
 8.365492 9.316736 12.672504 17.892559 21.669867 20.976770 16.378927 9.433193 13.877942 22.536863 31.832561 35.306488 30.265772 20.655910 12.803514 22.502373 36.498192 47.083679 46.374828 35.077724 21.348280 17.815514 31.635712 46.996346 53.972584 46.996349 31.635712 17.815514 21.348282 35.077724 46.374825 47.083679 36.498199 22.502373 12.803515 20.655910 30.265770 35.306488 31.832561 22.536863 13.877942 9.433193 16.378927 20.976770 21.669867 17.892559 12.672504 9.316736 8.365492,
 3.949014 4.099026 4.048828 3.822880 3.482160 3.109789 2.782202 5.174051 6.095726 6.784456 6.864051 6.161442 4.969598 3.798059 7.060870 9.531415 11.787271 12.664951 11.506230 8.936542 6.220542 7.892960 11.391191 14.698989 16.121792 14.698986 11.391191 7.892960 6.220544 8.936542 11.506230 12.664951 11.787271 9.531415 7.060870 3.798059 4.969597 6.161442 6.864050 6.784456 6.095725 5.174051 2.782202 3.109789 3.482160 3.822880 4.048828 4.099026 3.949014,
 5.385753 6.451783 6.619147 5.509708 4.031336 3.179906 2.928490 6.482547 9.055726 10.583803 9.479573 6.562884 4.100504 3.025010 6.587231 10.519664 14.195363 14.461959 10.845852 6.476390 3.860484 5.391475 9.352161 14.397153 16.898207 14.397153 9.352161 5.391475 3.860485 6.476392 10.845852 14.461959 14.195361 10.519664 6.587230 3.025010 4.100504 6.562883 9.479573 10.583803 9.055725 6.482546 2.928490 3.179906 4.031335 5.509708 6.619147 6.451783 5.385753,
 3.531233 4.943521 6.943629 7.770958 6.397374 4.210410 2.870730 3.696045 5.903873 9.401435 11.133121 8.844061 5.088911 2.992581 3.733051 6.674429 11.715469 14.480034 11.359079 6.131735 3.266705 3.572908 6.798622 12.587425 15.954675 12.587425 6.798622 3.572908 3.266705 6.131735 11.359079 14.480034 11.715469 6.674429 3.733051 2.992581 5.088912 8.844061 11.133121 9.401435 5.903873 3.696045 2.870730 4.210410 6.397374 7.770958 6.943630 4.943521 3.531233,
 4.358644 4.883856 5.437269 6.051770 6.429028 5.949347 4.729659 4.761920 5.879354 7.602369 9.542730 10.137835 8.455828 5.848433 5.308880 7.621522 11.249747 14.279594 13.824696 10.126846 6.343455 5.980840 9.583822 14.305366 16.703085 14.305366 9.583821 5.980840 6.343455 10.126846 13.824695 14.279593 11.249748 7.621521 5.308880 5.848433 8.455828 10.137835 9.542730 7.602369 5.879354 4.761920 4.729659 5.949348 6.429028 6.051770 5.437269 4.883856 4.358644,

Pairwise cross-correlations of the modulus of all oriented sub-bands at the same scale (size QxQ)
 57.171215 51.629238 44.578430 51.437374,
 51.629238 57.349213 50.761543 48.353333,
 44.578430 50.761543 55.610271 50.835968,
 51.437374 48.353333 50.835968 57.334572,
 54.315704 50.378910 45.939724 49.289761,
 50.378910 54.636333 49.812023 46.652626,
 45.939724 49.812023 54.881546 50.192593,
 49.289761 46.652626 50.192593 53.972588,

Cross-correlations of the modulus of all oriented sub-bands with all oriented sub-bands at the coarser scale (size QxQ)
 50.442490 47.109737 43.651108 46.976810,
 47.571804 50.805973 47.650688 44.646881,
 42.426987 46.279064 50.146694 46.319809,
 47.352894 44.869110 47.723694 50.736340,
 23.758947 22.912649 21.103483 22.617321,
 22.701487 24.248158 22.598793 21.791887,
 21.305788 23.380424 23.899511 23.188984,
 22.366388 21.827871 22.454166 24.119602,

Cross-correlations of the real part of each oriented sub-band with both the real and imaginary part of all phase-doubled oriented sub-bands at the next coarser scale (Q matrices of size 1x2Q, which are computed and stored in a matrix of size Qx2Q)
 -21.645084 -9.789948 -0.706533 -9.298546 -0.107606 0.223646 -0.003017 0.123414,
 -9.425525 -22.543045 -9.097450 -0.813781 0.079763 0.340626 -0.058207 0.023428,
 -0.731096 -9.605562 -21.418909 -9.545735 0.007160 0.038079 -0.213333 -0.064801,
 -9.277363 -0.768829 -9.341143 -21.576620 -0.140948 -0.034498 -0.098361 -0.013267,
 -12.564818 -5.356674 -0.482519 -5.834621 0.034756 0.006051 -0.015049 0.037710,
 -5.440661 -12.198185 -5.296734 -0.453481 0.059738 -0.282334 -0.060320 0.004208,
 -0.475396 -5.216650 -12.260573 -5.677454 -0.001001 -0.081238 -0.063576 -0.118989,
 -5.624757 -0.420787 -5.469976 -13.204789 -0.005513 0.036881 -0.080307 -0.052632,
