Low-band skewness and kurtosis
 -11.343542 145.391663,
 -6.706179 53.045742,
 -3.508063 16.611366,
 -0.562787 5.586550,

High-band variance
 17.514198,

Skewness, kurtosis, variance, mean, maximum and minimum of the reconstructed texture
 -11.417299 137.796570 329.312286 253.289932 255.000000 0.000000,

Auto-correlations of the low-frequency bands at each scale
 1.223225 -4.079553 -2.276501 1.111564 -0.596831 -0.420460 4.125935 -2.209422 10.213278 51.830761 77.770187 52.200588 10.463604 -3.760637 -2.215847 51.398411 162.852142 225.569077 162.712982 50.616554 -4.338284 -1.410794 76.228981 225.125565 307.063171 225.125519 76.228981 -1.410794 -4.338284 50.616550 162.712982 225.569077 162.852127 51.398418 -2.215848 -3.760637 10.463604 52.200596 77.770187 51.830761 10.213280 -2.209422 4.125935 -0.420459 -0.596830 1.111565 -2.276501 -4.079553 1.223225,
 6.039188 0.354067 -7.318520 -6.574143 1.453995 8.012090 6.516068 4.598837 -9.701696 -7.329007 4.839586 -0.923445 -7.750461 -0.724394 -1.547873 -4.227061 50.328621 95.884911 51.360710 -8.137262 -9.754329 -8.594753 2.626706 95.314453 162.980057 95.314476 2.626705 -8.594753 -9.754330 -8.137261 51.360699 95.884903 50.328621 -4.227061 -1.547873 -0.724394 -7.750461 -0.923444 4.839586 -7.329007 -9.701696 4.598837 6.516068 8.012089 1.453994 -6.574143 -7.318520 0.354067 6.039188,
 3.692264 3.270465 -0.002119 -1.189587 0.130904 3.173733 4.249447 1.436232 -2.241219 -2.480422 -0.091664 -1.992470 0.221001 6.307380 0.016289 -2.003632 14.336003 28.837486 14.579902 -0.216607 3.366891 0.656772 1.429288 29.053642 51.368130 29.053642 1.429288 0.656772 3.366891 -0.216607 14.579902 28.837490 14.336003 -2.003632 0.016290 6.307380 0.221001 -1.992470 -0.091664 -2.480422 -2.241219 1.436232 4.249447 3.173733 0.130904 -1.189587 -0.002120 3.270465 3.692264,
 0.931493 1.040313 0.984751 0.808820 0.745072 1.100081 1.091450 1.063108 0.744142 0.371480 0.363775 0.323092 0.692873 0.872233 1.054569 0.889441 2.242808 3.566018 2.175949 0.429741 0.187497 0.518704 0.968204 4.032100 6.358936 4.032100 0.968204 0.518704 0.187497 0.429741 2.175949 3.566018 2.242808 0.889441 1.054569 0.872233 0.692873 0.323092 0.363775 0.371480 0.744142 1.063108 1.091450 1.100080 0.745072 0.808820 0.984751 1.040313 0.931493,

Auto-correlations of the modulus of each oriented sub-band
 15.298107 16.765783 17.803802 18.184587 17.764513 16.590839 14.864099 25.923477 29.940432 32.798744 33.799671 32.606907 29.472378 25.094612 36.891781 43.991718 49.098316 50.940811 48.951157 43.637188 36.284534 41.496185 50.113640 56.351013 58.652447 56.351013 50.113640 41.496185 36.284538 43.637188 48.951149 50.940811 49.098316 43.991726 36.891781 25.094612 29.472378 32.606907 33.799671 32.798744 29.940432 25.923477 14.864101 16.590837 17.764515 18.184591 17.803802 16.765785 15.298108,
 30.159304 34.620174 34.406349 29.291870 21.545202 14.244247 9.201223 35.021835 43.632381 47.007122 43.154388 33.724812 22.847494 14.140150 34.903252 47.219372 55.354961 55.241905 46.715366 33.798592 21.596960 29.612503 43.353855 55.304684 60.114555 55.304684 43.353855 29.612503 21.596964 33.798588 46.715355 55.241913 55.354958 47.219372 34.903252 14.140150 22.847492 33.724815 43.154385 47.007122 43.632381 35.021835 9.201224 14.244246 21.545202 29.291870 34.406345 34.620174 30.159304,
 13.782141 24.275017 35.624836 40.867523 36.291759 25.538681 15.197003 15.471539 28.604990 42.963589 49.526127 43.416355 29.459742 16.398697 16.699265 31.749949 48.277679 55.783596 48.505806 32.180618 17.152760 17.283770 33.037327 50.302513 58.092358 50.302505 33.037327 17.283768 17.152760 32.180614 48.505806 55.783585 48.277679 31.749949 16.699265 16.398697 29.459742 43.416355 49.526134 42.963589 28.604990 15.471539 15.197004 25.538681 36.291759 40.867527 35.624832 24.275021 13.782142,
 8.922119 13.988056 21.604807 29.806183 35.313168 35.617832 30.772114 13.936699 22.691202 33.821316 43.551926 47.596729 44.114849 35.000301 21.269026 33.655220 46.836575 55.561832 55.714935 47.343784 34.527596 29.165728 43.280941 55.516827 60.420506 55.516823 43.280941 29.165726 34.527596 47.343777 55.714928 55.561829 46.836582 33.655220 21.269024 35.000301 44.114849 47.596733 43.551926 33.821316 22.691202 13.936697 30.772118 35.617832 35.313168 29.806183 21.604809 13.988057 8.922119,
 8.329619 9.663770 10.827214 11.516552 11.540040 11.033343 10.360981 15.314113 19.609407 23.182449 24.579519 23.154064 19.711269 15.837919 24.563564 33.472324 41.053280 43.970318 40.680042 32.897808 24.106998 28.813368 40.196110 50.153122 54.210667 50.153130 40.196110 28.813364 24.106998 32.897804 40.680042 43.970322 41.053280 33.472324 24.563564 15.837921 19.711269 23.154064 24.579519 23.182449 19.609407 15.314112 10.360982 11.033344 11.540038 11.516552 10.827214 9.663770 8.329619,
 16.779852 20.920391 21.517830 17.947123 12.784503 9.015690 7.443473 21.553024 30.630501 35.381298 32.025276 22.928074 14.133528 9.234126 22.576250 36.034569 47.086033 47.763718 37.260265 23.229969 13.264460 18.834753 32.706280 48.006241 54.945389 48.006241 32.706280 18.834753 13.264460 23.229969 37.260258 47.763710 47.086033 36.034569 22.576250 9.234126 14.133527 22.928074 32.025276 35.381298 30.630503 21.553024 7.443473 9.015688 12.784501 17.947123 21.517834 20.920395 16.779852,
 8.414722 14.250000 22.774605 27.594778 23.972961 15.693353 9.416476 9.532153 18.577612 32.009529 39.200966 32.789505 19.629076 10.300316 10.462531 22.246078 39.823235 49.074551 40.169655 22.780725 10.863685 10.945763 23.857384 43.015121 53.046268 43.015125 23.857386 10.945763 10.863685 22.780725 40.169655 49.074554 39.823238 22.246078 10.462531 10.300315 19.629076 32.789494 39.200962 32.009533 18.577612 9.532153 9.416476 15.693352 23.972961 27.594778 22.774607 14.249999 8.414722,
 5.754635 7.439639 11.565921 17.602139 22.017944 21.651735 17.554510 8.047697 12.752624 21.835577 31.688862 35.472588 30.476759 21.385874 12.289159 21.778444 36.044685 47.082169 46.373306 34.877140 21.645927 17.762514 31.142693 46.795685 54.075722 46.795689 31.142693 17.762514 21.645927 34.877140 46.373302 47.082169 36.044693 21.778444 12.289159 21.385872 30.476755 35.472588 31.688862 21.835581 12.752624 8.047697 17.554510 21.651735 22.017944 17.602139 11.565922 7.439639 5.754635,
 3.829950 4.150424 4.406745 4.475505 4.284287 3.890732 3.431014 4.507769 5.581494 6.641959 7.198324 6.975604 6.162903 5.182641 6.464970 8.862988 11.212593 12.349599 11.608083 9.567133 7.321752 8.003837 11.105816 14.090671 15.394592 14.090672 11.105816 8.003837 7.321752 9.567134 11.608084 12.349600 11.212594 8.862987 6.464970 5.182640 6.162904 6.975604 7.198323 6.641959 5.581494 4.507769 3.431014 3.890732 4.284287 4.475505 4.406746 4.150424 3.829950,
 5.146830 6.408998 6.825197 6.078105 4.927915 4.067763 3.389256 5.666553 8.165480 9.839980 9.123547 6.857437 4.995269 4.042852 5.918980 9.304398 12.795852 13.245298 10.192918 6.704321 4.785477 5.539236 8.632159 13.037406 15.370888 13.037406 8.632159 5.539236 4.785478 6.704321 10.192918 13.245298 12.795852 9.304398 5.918980 4.042851 4.995269 6.857438 9.123546 9.839980 8.165480 5.666553 3.389256 4.067763 4.927914 6.078104 6.825198 6.408998 5.146830,
 3.918565 5.145894 6.893095 7.667539 6.480738 4.520462 3.301927 4.030891 5.977719 9.115909 10.697951 8.768500 5.577961 3.690521 4.172073 6.740786 11.219594 13.689961 10.997191 6.550108 4.038631 4.209252 7.004533 12.034332 15.013187 12.034332 7.004532 4.209252 4.038631 6.550109 10.997190 13.689961 11.219595 6.740784 4.172073 3.690521 5.577962 8.768499 10.697951 9.115909 5.977719 4.030891 3.301928 4.520462 6.480738 7.667539 6.893095 5.145893 3.918565,
 3.755549 3.779984 4.343356 5.293694 5.964061 5.734501 4.727300 3.533944 4.368105 6.283878 8.531080 9.474396 8.239318 5.919767 4.101658 6.258226 9.825204 12.862060 12.770210 9.640231 6.190825 5.300094 8.645187 12.925088 15.048882 12.925088 8.645187 5.300094 6.190825 9.640233 12.770211 12.862060 9.825203 6.258226 4.101658 5.919767 8.239318 9.474395 8.531080 6.283879 4.368105 3.533944 4.727300 5.734502 5.964061 5.293694 4.343356 3.779984 3.755549,

Pairwise cross-correlations of the modulus of all oriented sub-bands at the same scale (size QxQ)
 58.652443 53.961868 46.790283 53.933205,
 53.961868 60.114563 53.512489 51.169876,
 46.790283 53.512489 58.092346 53.808849,
 53.933205 51.169876 53.808849 60.420490,
 54.210663 50.897461 46.276966 49.693554,
 50.897461 54.945377 49.470531 47.587517,
 46.276966 49.470531 53.046272 49.904144,
 49.693554 47.587517 49.904144 54.075722,

Cross-correlations of the modulus of all oriented sub-bands with all oriented sub-bands at the coarser scale (size QxQ)
 51.159401 48.269985 43.766472 47.960426,
 49.012123 52.412231 48.201756 46.520481,
 44.269573 47.704044 49.756218 47.616806,
 48.970310 46.867889 48.311111 52.304844,
 22.825603 21.834858 20.301502 21.252832,
 22.074295 23.085812 21.553465 20.400671,
 20.500925 21.355135 21.601297 20.961077,
 21.953596 20.875338 21.233046 22.401562,

Cross-correlations of the real part of each oriented sub-band with both the real and imaginary part of all phase-doubled oriented sub-bands at the next coarser scale (Q matrices of size 1x2Q, which are computed and stored in a matrix of size Qx2Q)
 -22.916441 -10.392905 -0.741993 -9.700414 0.027980 -0.018210 0.000906 -0.003733,
 -10.235715 -23.357962 -9.256186 -0.739080 -0.026077 -0.012593 0.001009 -0.011281,
 -0.788808 -9.622320 -21.908087 -10.009557 -0.012303 -0.001996 -0.015220 -0.019619,
 -9.632986 -0.722337 -9.722432 -22.944635 0.009624 -0.003404 -0.019257 -0.003209,
 -12.051261 -5.549337 -0.558882 -5.117829 -0.009330 0.009476 -0.006426 -0.103909,
 -5.363136 -11.915871 -4.988586 -0.464035 0.022398 -0.057543 -0.101221 0.018706,
 -0.455986 -4.997267 -11.546588 -5.148276 0.013110 -0.079663 -0.149617 -0.047720,
 -5.252405 -0.514930 -5.243206 -11.700668 0.006432 -0.001396 -0.023259 -0.281698,
