Low-band skewness and kurtosis
 -11.409126 146.830994,
 -6.995986 58.431862,
 -3.798546 20.352016,
 -0.141020 7.163936,

High-band variance
 17.442053,

Skewness, kurtosis, variance, mean, maximum and minimum of the reconstructed texture
 -11.475582 139.095764 327.638977 253.304794 255.000000 0.000000,

Auto-correlations of the low-frequency bands at each scale
 -0.751096 -0.635944 7.120987 12.375155 5.543497 -2.704672 -2.098224 -3.714939 13.259248 59.706955 87.060745 58.025280 11.270053 -4.655359 -1.405533 53.005157 165.303192 228.025360 164.313934 51.782055 -2.052829 1.092059 76.828392 224.173050 305.516296 224.173050 76.828392 1.092059 -2.052830 51.782055 164.313950 228.025360 165.303162 53.005161 -1.405534 -4.655359 11.270052 58.025284 87.060745 59.706955 13.259248 -3.714938 -2.098225 -2.704671 5.543497 12.375155 7.120987 -0.635945 -0.751096,
 6.325395 5.421977 1.485103 -3.990395 -6.763586 0.701302 8.984267 1.064174 -8.735873 0.531373 10.148682 -4.820755 -10.641633 5.196315 -8.009980 -7.745759 53.547974 100.851036 52.454685 -5.973274 -2.797671 -9.131698 2.020136 97.031921 166.836273 97.031944 2.020136 -9.131698 -2.797671 -5.973273 52.454678 100.851036 53.547977 -7.745760 -8.009981 5.196315 -10.641633 -4.820755 10.148682 0.531373 -8.735873 1.064174 8.984267 0.701302 -6.763586 -3.990396 1.485105 5.421977 6.325395,
 6.467468 4.547332 1.537273 -0.222533 -0.218076 1.620837 2.046146 5.054765 -0.591650 -1.208749 0.946285 -1.356609 0.333204 5.486215 0.731633 -1.837176 15.210027 30.410597 16.131794 1.066844 3.861917 0.319207 1.600543 30.257559 53.251934 30.257559 1.600543 0.319207 3.861918 1.066844 16.131794 30.410597 15.210027 -1.837175 0.731633 5.486216 0.333204 -1.356609 0.946285 -1.208749 -0.591649 5.054765 2.046146 1.620837 -0.218075 -0.222533 1.537272 4.547332 6.467468,
 0.988773 0.923252 0.397243 -0.118029 -0.502209 -0.151717 1.324351 1.068045 -0.237215 -0.518701 0.428894 0.462096 0.735965 2.324147 0.935371 -0.180818 2.046491 5.045438 3.539550 1.254373 1.812715 1.039744 0.919248 5.050232 8.482481 5.050232 0.919247 1.039744 1.812715 1.254373 3.539550 5.045438 2.046491 -0.180818 0.935371 2.324147 0.735965 0.462097 0.428894 -0.518701 -0.237215 1.068045 1.324351 -0.151717 -0.502209 -0.118029 0.397243 0.923252 0.988773,

Auto-correlations of the modulus of each oriented sub-band
 16.275887 18.078558 19.298727 19.704155 19.230085 18.046379 16.436932 26.716953 31.082556 34.157009 35.247227 34.101452 31.071489 26.884853 37.741535 44.968231 50.136295 52.008167 50.094261 44.955349 37.837074 42.627537 51.111385 57.226440 59.480469 57.226440 51.111389 42.627529 37.837078 44.955341 50.094261 52.008167 50.136299 44.968231 37.741531 26.884853 31.071491 34.101452 35.247223 34.157009 31.082560 26.716949 16.436932 18.046379 19.230087 19.704155 19.298727 18.078562 16.275888,
 28.348928 32.882347 32.878262 28.098955 20.669699 13.513854 8.498468 32.615059 40.991573 44.347458 40.807285 31.949635 21.638641 13.313948 32.516109 44.348858 52.177799 52.127247 44.083302 31.858347 20.278708 27.674198 40.781307 52.186699 56.779118 52.186699 40.781315 27.674198 20.278711 31.858347 44.083305 52.127247 52.177799 44.348866 32.516106 13.313948 21.638641 31.949635 40.807285 44.347458 40.991577 32.615055 8.498470 13.513854 20.669699 28.098955 32.878258 32.882355 28.348928,
 13.841340 23.990295 34.615311 39.271957 34.460392 23.599874 13.363641 15.057506 27.729898 41.263607 47.292812 41.270481 27.616373 14.863587 15.920852 30.442711 46.113155 53.129269 46.166756 30.445724 15.871114 16.235077 31.460587 47.940521 55.295666 47.940517 31.460587 16.235075 15.871117 30.445721 46.166759 53.129269 46.113152 30.442711 15.920849 14.863589 27.616373 41.270481 47.292812 41.263603 27.729898 15.057505 13.363641 23.599874 34.460392 39.271957 34.615307 23.990297 13.841339,
 9.013555 14.027071 21.150133 28.561951 33.325748 33.341915 28.932343 13.713107 22.088636 32.472160 41.405144 44.955570 41.583782 33.285915 20.671701 32.270233 44.562115 52.677494 52.712044 44.855099 33.092201 28.131750 41.194435 52.631073 57.265091 52.631073 41.194443 28.131750 33.092201 44.855091 52.712051 52.677494 44.562111 32.270233 20.671701 33.285915 41.583782 44.955563 41.405140 32.472160 22.088636 13.713106 28.932343 33.341915 33.325748 28.561947 21.150133 14.027071 9.013555,
 10.784081 11.982647 13.112714 13.700774 13.534492 12.828213 11.944308 17.240923 21.909454 26.086493 27.974562 26.650644 22.918571 18.497913 26.121145 35.790298 44.308189 47.969112 44.854374 36.693913 27.144117 31.033129 43.245346 53.871117 58.212852 53.871124 43.245346 31.033129 27.144119 36.693913 44.854370 47.969112 44.308189 35.790302 26.121145 18.497913 22.918571 26.650644 27.974558 26.086494 21.909454 17.240923 11.944308 12.828213 13.534492 13.700774 13.112716 11.982647 10.784081,
 18.285782 22.391754 22.619654 18.194120 12.420921 8.886284 7.997632 22.079556 31.066351 35.772926 31.920326 22.350334 13.775414 9.662523 22.326365 35.351528 46.400604 46.926399 36.193565 22.433201 13.361876 18.520620 31.603201 46.731541 53.730007 46.731541 31.603203 18.520620 13.361876 22.433201 36.193565 46.926399 46.400616 35.351528 22.326365 9.662523 13.775414 22.350334 31.920326 35.772930 31.066353 22.079554 7.997632 8.886284 12.420921 18.194120 22.619654 22.391756 18.285782,
 9.289414 15.220088 23.647303 27.502050 22.873331 14.885043 9.887691 10.139256 19.157452 32.350815 38.796238 31.813097 19.020073 10.753042 10.925328 22.491009 39.695206 48.411839 39.432369 22.461279 11.303637 11.376228 23.822475 42.552277 52.272560 42.552277 23.822477 11.376228 11.303638 22.461279 39.432365 48.411835 39.695210 22.491009 10.925328 10.753043 19.020071 31.813091 38.796238 32.350815 19.157454 10.139256 9.887691 14.885043 22.873331 27.502047 23.647306 15.220088 9.289414,
 7.458809 8.978130 12.798174 18.223879 22.240799 22.180338 18.583160 9.321329 14.091512 22.910486 32.230934 35.964066 31.658884 23.049210 13.452486 23.207386 37.247646 47.926579 47.501244 36.691971 23.549290 19.297390 32.949253 48.240955 55.213772 48.240963 32.949253 19.297390 23.549290 36.691963 47.501244 47.926579 37.247650 23.207386 13.452486 23.049210 31.658884 35.964062 32.230934 22.910484 14.091512 9.321328 18.583160 22.180336 22.240799 18.223879 12.798175 8.978130 7.458809,
 4.577573 4.519444 4.622874 4.697893 4.596375 4.363710 4.158272 5.638909 6.427824 7.229246 7.569608 7.192089 6.314597 5.398547 7.351785 9.809714 12.079519 12.978704 11.960443 9.675673 7.270819 8.284049 11.633138 14.817880 16.192472 14.817880 11.633138 8.284048 7.270819 9.675674 11.960443 12.978704 12.079519 9.809714 7.351784 5.398547 6.314597 7.192089 7.569608 7.229245 6.427824 5.638908 4.158272 4.363710 4.596375 4.697893 4.622874 4.519444 4.577573,
 6.129754 6.668856 6.771987 6.018962 4.939626 4.225618 3.973041 7.335374 9.221107 10.409109 9.502099 7.195957 5.293875 4.423215 7.491311 10.690599 13.851973 14.047745 10.916286 7.317788 5.261815 6.494044 9.720277 14.091933 16.346067 14.091933 9.720277 6.494044 5.261816 7.317788 10.916288 14.047745 13.851973 10.690599 7.491312 4.423215 5.293875 7.195956 9.502099 10.409109 9.221106 7.335374 3.973041 4.225619 4.939626 6.018962 6.771987 6.668856 6.129754,
 4.670663 5.170090 6.942756 7.930915 6.673372 5.018730 4.337602 4.811822 6.114835 9.256430 10.998732 8.820873 5.737317 4.392881 4.835282 6.886188 11.356471 14.003949 11.024100 6.572495 4.550226 4.733427 7.078274 12.120439 15.328161 12.120439 7.078274 4.733427 4.550226 6.572496 11.024100 14.003947 11.356469 6.886187 4.835282 4.392880 5.737317 8.820873 10.998732 9.256429 6.114834 4.811822 4.337602 5.018731 6.673372 7.930915 6.942756 5.170090 4.670663,
 4.378079 4.338563 4.877275 5.814215 6.449313 6.137840 5.187311 4.258922 4.899835 6.726271 8.968349 9.792683 8.431963 6.254542 4.633420 6.685811 10.304091 13.408650 13.173414 9.935721 6.563130 5.705567 9.059686 13.460474 15.698337 13.460474 9.059685 5.705567 6.563130 9.935721 13.173414 13.408650 10.304091 6.685810 4.633420 6.254541 8.431963 9.792683 8.968349 6.726270 4.899834 4.258922 5.187311 6.137840 6.449313 5.814215 4.877274 4.338562 4.378079,

Pairwise cross-correlations of the modulus of all oriented sub-bands at the same scale (size QxQ)
 59.480488 52.424389 45.136738 52.505127,
 52.424389 56.779099 50.599728 48.457100,
 45.136738 50.599728 55.295673 50.910229,
 52.505127 48.457100 50.910229 57.265083,
 58.212856 51.363911 46.376373 52.528343,
 51.363911 53.729996 48.997295 47.680618,
 46.376373 48.997295 52.272549 49.181011,
 52.528343 47.680618 49.181011 55.213783,

Cross-correlations of the modulus of all oriented sub-bands with all oriented sub-bands at the coarser scale (size QxQ)
 53.468990 47.951340 43.590294 48.955204,
 48.866577 50.461777 46.706612 45.347874,
 43.744961 45.706989 48.270611 46.033562,
 49.290932 44.982815 46.796593 51.252541,
 24.236376 23.450609 21.368353 23.020281,
 21.816498 23.278994 21.530237 20.974083,
 20.035479 21.752062 22.205389 21.497835,
 22.255419 21.788954 21.975935 23.282135,

Cross-correlations of the real part of each oriented sub-band with both the real and imaginary part of all phase-doubled oriented sub-bands at the next coarser scale (Q matrices of size 1x2Q, which are computed and stored in a matrix of size Qx2Q)
 -23.864822 -9.888733 -0.691758 -10.501256 -0.024849 -0.022121 0.019809 0.047036,
 -9.950233 -21.999216 -8.799773 -0.822051 -0.011599 -0.028141 0.018374 -0.008412,
 -0.709758 -9.316804 -20.237030 -9.381476 0.000796 0.062606 0.040096 -0.061048,
 -10.383795 -0.841790 -8.665646 -22.848516 -0.015193 0.059656 0.007707 0.014789,
 -12.786734 -5.335533 -0.451362 -5.463356 -0.054350 -0.115865 0.017110 0.012871,
 -5.409564 -12.259429 -5.308878 -0.470238 0.057220 -0.105444 0.306608 0.006966,
 -0.434272 -5.423911 -11.747084 -4.920560 -0.004236 0.083251 0.374803 -0.059397,
 -5.631795 -0.479037 -5.024895 -11.804296 -0.115567 -0.011887 0.023122 -0.074392,
