Low-band skewness and kurtosis
 -11.422218 147.070175,
 -7.086008 59.423794,
 -4.011133 22.505409,
 -0.737785 7.388026,

High-band variance
 17.707237,

Skewness, kurtosis, variance, mean, maximum and minimum of the reconstructed texture
 -11.488894 139.373383 327.234802 253.308929 255.000000 0.000000,

Auto-correlations of the low-frequency bands at each scale
 6.829237 5.231856 5.551944 6.438287 3.935931 3.809334 8.380897 5.304288 21.151575 60.152782 82.611740 57.495358 18.881834 6.720043 6.766606 60.285080 166.937698 225.988220 165.439362 59.624107 9.040449 10.289840 84.060020 226.165451 304.689117 226.165451 84.060020 10.289840 9.040449 59.624100 165.439362 225.988220 166.937698 60.285091 6.766606 6.720042 18.881836 57.495358 82.611732 60.152782 21.151575 5.304288 8.380896 3.809334 3.935931 6.438287 5.551945 5.231857 6.829237,
 8.659114 2.057834 -8.770099 -9.015707 -0.667014 6.250018 4.285121 0.143338 -10.244307 -4.967606 6.974890 1.518172 -3.707907 1.188882 -7.510942 -2.455683 56.573368 101.262413 58.325989 0.547251 -6.048717 -9.367272 9.411955 102.999069 168.525818 102.999077 9.411955 -9.367272 -6.048717 0.547251 58.325985 101.262421 56.573372 -2.455684 -7.510941 1.188882 -3.707906 1.518172 6.974889 -4.967606 -10.244307 0.143338 4.285121 6.250018 -0.667014 -9.015708 -8.770099 2.057835 8.659113,
 4.025554 4.647632 3.769841 2.732150 2.983606 3.616229 2.417700 2.407369 -2.355347 -0.707533 2.894784 -0.797866 -3.253631 0.113342 -1.226694 -4.480236 15.565545 33.208752 16.544737 -4.517671 -3.440157 -3.596600 -2.116226 31.673689 57.553291 31.673693 -2.116225 -3.596600 -3.440157 -4.517671 16.544737 33.208752 15.565545 -4.480236 -1.226694 0.113342 -3.253631 -0.797866 2.894784 -0.707533 -2.355347 2.407369 2.417699 3.616229 2.983606 2.732150 3.769841 4.647632 4.025554,
 0.178590 0.618450 1.181264 0.533259 -0.440875 0.656382 2.438099 0.161313 0.230923 1.566084 1.604914 -0.320789 -0.321012 1.712674 -0.196171 -0.201503 3.466500 5.682780 2.340266 -0.630438 0.435158 -0.273814 -0.327829 4.697964 8.561562 4.697964 -0.327829 -0.273814 0.435158 -0.630438 2.340266 5.682780 3.466500 -0.201503 -0.196171 1.712674 -0.321012 -0.320789 1.604914 1.566084 0.230923 0.161313 2.438099 0.656382 -0.440875 0.533259 1.181264 0.618450 0.178590,

Auto-correlations of the modulus of each oriented sub-band
 14.206100 16.034945 17.397478 18.087622 17.981190 17.105536 15.587502 24.180042 28.320316 31.335236 32.616245 31.877304 29.315876 25.462101 34.783016 41.625832 46.584366 48.521561 46.946629 42.293781 35.635757 39.803745 47.854843 53.639240 55.765518 53.639244 47.854843 39.803745 35.635765 42.293774 46.946632 48.521568 46.584366 41.625835 34.783012 25.462103 29.315876 31.877306 32.616245 31.335239 28.320320 24.180038 15.587502 17.105536 17.981190 18.087622 17.397480 16.034945 14.206100,
 29.650959 34.025787 33.798576 29.025311 21.943287 15.233033 10.343550 33.769924 42.002583 45.167397 41.555416 32.969814 23.170647 15.172592 33.544132 45.051022 52.638023 52.493862 44.644424 32.945835 21.878319 28.888100 41.474701 52.462574 56.931473 52.462566 41.474701 28.888100 21.878319 32.945835 44.644421 52.493862 52.638023 45.051022 33.544132 15.172592 23.170643 32.969814 41.555416 45.167385 42.002583 33.769920 10.343550 15.233032 21.943291 29.025309 33.798576 34.025787 29.650959,
 15.290358 24.696545 34.753124 39.525707 35.495430 25.837175 16.582897 17.017191 28.732038 41.483482 47.469917 42.044060 29.571993 17.991383 18.312952 31.687256 46.410500 53.253872 46.711880 32.134506 18.838306 18.961107 32.919643 48.331100 55.399506 48.331100 32.919651 18.961107 18.838306 32.134502 46.711880 53.253872 46.410500 31.687258 18.312952 17.991383 29.571989 42.044056 47.469913 41.483482 28.732042 17.017191 16.582897 25.837175 35.495430 39.525707 34.753124 24.696545 15.290356,
 9.364082 14.988832 22.392132 29.822313 34.486622 34.436111 29.958645 14.993831 23.758495 34.132095 42.859985 46.204884 42.785152 34.485359 22.466526 34.194843 46.271446 54.114712 54.019882 46.264103 34.591423 29.934309 42.936436 54.121651 58.637939 54.121651 42.936436 29.934309 34.591423 46.264099 54.019890 54.114716 46.271450 34.194843 22.466526 34.485359 42.785149 46.204884 42.859985 34.132095 23.758495 14.993831 29.958647 34.436108 34.486622 29.822313 22.392132 14.988833 9.364081,
 9.278440 10.569427 11.463612 11.661146 11.052343 9.792944 8.205514 14.553591 18.777933 22.201603 23.393669 21.801207 18.152115 13.808842 22.410282 31.076126 38.368111 41.105328 37.938839 30.499720 21.855356 26.204493 37.161816 46.579227 50.390804 46.579231 37.161816 26.204493 21.855354 30.499720 37.938835 41.105328 38.368118 31.076128 22.410282 13.808842 18.152113 21.801201 23.393669 22.201603 18.777935 14.553591 8.205514 9.792942 11.052343 11.661146 11.463614 10.569427 9.278440,
 18.551935 23.323709 24.002422 20.113646 14.260331 9.308990 6.193400 21.889694 31.525673 36.470104 33.114620 23.793783 14.196746 7.883824 21.884611 35.733135 46.820618 47.576305 37.299313 23.054424 12.099000 17.800659 32.196461 47.400627 54.147655 47.400635 32.196461 17.800659 12.098999 23.054422 37.299309 47.576305 46.820618 35.733135 21.884611 7.883823 14.196745 23.793783 33.114616 36.470108 31.525673 21.889694 6.193401 9.308989 14.260331 20.113646 24.002428 23.323709 18.551935,
 9.285680 16.668350 25.359447 29.301155 24.737745 15.635162 8.176858 9.940406 20.642759 34.046391 40.359261 33.443573 19.738974 9.025569 10.391361 23.951195 41.529171 50.064117 41.144283 23.430845 9.890948 10.409255 25.099361 44.414448 54.028725 44.414452 25.099361 10.409255 9.890948 23.430841 41.144283 50.064121 41.529171 23.951195 10.391361 9.025569 19.738974 33.443565 40.359261 34.046391 20.642759 9.940406 8.176858 15.635162 24.737745 29.301155 25.359449 16.668350 9.285680,
 5.999276 8.263176 12.758372 18.609188 22.389799 21.271706 16.211258 7.111328 12.810743 22.384958 32.034672 35.359928 29.982920 20.058029 10.807144 21.591560 36.162601 46.861435 45.988880 34.459923 20.327116 16.327381 30.887707 46.540077 53.583900 46.540077 30.887709 16.327381 20.327114 34.459923 45.988880 46.861439 36.162609 21.591560 10.807142 20.058029 29.982924 35.359924 32.034672 22.384958 12.810744 7.111328 16.211258 21.271704 22.389795 18.609186 12.758375 8.263177 5.999276,
 5.422368 6.040415 6.427630 6.403473 5.944378 5.274234 4.683600 6.278286 7.643649 8.802451 9.163941 8.456461 7.061961 5.673616 8.065689 10.960729 13.653651 14.756741 13.535717 10.707170 7.728514 9.046810 12.891653 16.553635 18.127766 16.553635 12.891651 9.046810 7.728515 10.707171 13.535718 14.756741 13.653651 10.960730 8.065689 5.673616 7.061961 8.456462 9.163941 8.802451 7.643649 6.278286 4.683599 5.274234 5.944378 6.403472 6.427630 6.040416 5.422368,
 5.708450 7.102110 7.647552 6.884704 5.424164 4.223345 3.757922 6.775008 9.640710 11.453322 10.634915 7.838168 5.130181 3.840358 6.956731 11.297567 15.315446 15.722479 12.075175 7.390513 4.485246 5.852442 10.226618 15.707230 18.363384 15.707230 10.226618 5.852441 4.485246 7.390514 12.075176 15.722478 15.315446 11.297567 6.956731 3.840358 5.130181 7.838168 10.634915 11.453321 9.640710 6.775008 3.757922 4.223345 5.424164 6.884704 7.647552 7.102110 5.708450,
 3.648212 5.141987 7.734717 9.170559 7.668380 4.765817 3.000606 3.658775 5.999311 10.211221 12.582298 10.194287 5.699914 3.089723 3.583922 6.759387 12.501774 15.748320 12.500396 6.576100 3.235813 3.424436 7.008790 13.462008 17.094414 13.462008 7.008790 3.424436 3.235813 6.576100 12.500395 15.748319 12.501774 6.759387 3.583922 3.089723 5.699914 10.194287 12.582297 10.211221 5.999311 3.658775 3.000606 4.765817 7.668380 9.170559 7.734718 5.141986 3.648211,
 3.917708 4.266356 5.070349 6.174356 6.750067 6.081690 4.619563 4.098653 4.976639 7.058137 9.478072 10.226071 8.426016 5.674875 4.486768 6.712416 10.723805 14.108059 13.766757 9.973276 6.054478 5.356694 9.044526 14.051282 16.562620 14.051282 9.044526 5.356694 6.054478 9.973278 13.766757 14.108059 10.723805 6.712417 4.486768 5.674875 8.426016 10.226073 9.478071 7.058137 4.976639 4.098653 4.619563 6.081690 6.750069 6.174356 5.070348 4.266356 3.917708,

Pairwise cross-correlations of the modulus of all oriented sub-bands at the same scale (size QxQ)
 55.765530 50.388645 44.134850 51.688511,
 50.388645 56.931465 50.712593 48.784657,
 44.134850 50.712593 55.399494 51.147713,
 51.688511 48.784657 51.147713 58.637932,
 50.390800 47.503448 43.913418 47.159267,
 47.503448 54.147667 49.552917 44.983868,
 43.913418 49.552917 54.028709 49.006966,
 47.159267 44.983868 49.006966 53.583912,

Cross-correlations of the modulus of all oriented sub-bands with all oriented sub-bands at the coarser scale (size QxQ)
 47.176918 45.731796 42.998440 45.211872,
 45.349789 50.483879 47.587746 43.961929,
 40.646114 46.227425 49.555222 45.193886,
 45.765190 44.616268 47.707085 50.414368,
 24.343824 23.075308 20.878946 21.846313,
 23.986311 25.456940 23.166632 21.434462,
 22.630394 23.825542 24.497673 22.948273,
 23.564583 22.304670 22.743176 23.717550,

Cross-correlations of the real part of each oriented sub-band with both the real and imaginary part of all phase-doubled oriented sub-bands at the next coarser scale (Q matrices of size 1x2Q, which are computed and stored in a matrix of size Qx2Q)
 -19.775433 -9.176729 -0.832091 -9.084450 -0.081256 0.018356 -0.012214 0.008301,
 -8.784764 -21.727350 -9.374952 -0.744916 -0.049391 0.031186 -0.007305 0.027996,
 -0.864610 -9.607090 -21.225878 -9.412545 0.021015 -0.033362 0.109671 0.021374,
 -8.737393 -0.775653 -9.225769 -21.624929 0.030306 -0.018030 0.054560 0.013229,
 -13.043278 -5.921288 -0.491117 -5.482975 -0.126161 0.041553 -0.036071 0.125902,
 -6.108733 -13.198638 -5.329149 -0.446552 0.013392 -0.010903 -0.184437 -0.033524,
 -0.561928 -5.527977 -12.285164 -5.452117 0.002175 -0.018819 -0.435535 -0.183063,
 -5.548685 -0.455435 -5.390328 -12.578768 -0.093296 -0.003130 -0.191445 0.046776,
