Low-band skewness and kurtosis
 -11.394250 146.580475,
 -6.850675 55.387058,
 -3.661267 18.233252,
 -0.284347 7.152010,

High-band variance
 17.432947,

Skewness, kurtosis, variance, mean, maximum and minimum of the reconstructed texture
 -11.477328 139.212433 326.103363 253.307587 255.000000 0.000000,

Auto-correlations of the low-frequency bands at each scale
 3.646703 -2.169386 -1.380091 2.866379 3.946875 5.058577 7.785383 1.965890 13.266963 52.934261 78.738976 55.720551 15.719210 0.139005 1.141609 53.333084 162.393066 224.037643 162.735397 52.435585 -2.749053 -0.151542 76.495384 223.248047 303.937988 223.248047 76.495384 -0.151542 -2.749053 52.435574 162.735428 224.037674 162.393066 53.333084 1.141609 0.139004 15.719206 55.720551 78.738976 52.934258 13.266961 1.965890 7.785383 5.058576 3.946875 2.866380 -1.380091 -2.169387 3.646703,
 5.317830 4.003456 -3.456374 -7.288147 -4.097256 2.020069 2.762759 2.256845 -8.337393 -4.290314 6.507768 -1.164704 -7.963556 -1.713675 -3.507540 -3.375832 52.000412 97.300423 53.860001 -4.726729 -9.066673 -9.086851 4.645050 96.442390 162.764633 96.442390 4.645051 -9.086851 -9.066674 -4.726729 53.859985 97.300438 52.000412 -3.375832 -3.507540 -1.713674 -7.963556 -1.164705 6.507768 -4.290314 -8.337392 2.256845 2.762760 2.020069 -4.097257 -7.288146 -3.456373 4.003455 5.317829,
 2.813141 2.076621 1.508487 0.002400 0.503701 5.061616 6.990935 4.009281 -1.522818 -0.115198 1.841761 -2.986053 -2.326192 3.305428 2.400642 -1.447605 16.013313 30.574862 13.183072 -4.247018 -0.931122 -0.010302 -0.295695 29.119505 53.055740 29.119509 -0.295695 -0.010302 -0.931122 -4.247018 13.183072 30.574862 16.013313 -1.447605 2.400642 3.305428 -2.326193 -2.986053 1.841761 -0.115197 -1.522818 4.009280 6.990935 5.061616 0.503701 0.002400 1.508488 2.076621 2.813141,
 0.706054 0.903239 0.279541 0.019780 0.391182 0.592845 0.698928 0.733898 0.216116 -0.270648 -0.084066 -0.285596 -0.323963 0.537081 0.698966 0.314023 2.177512 4.106104 2.201070 0.122444 0.828190 1.010344 0.889682 4.456086 7.475995 4.456086 0.889682 1.010344 0.828191 0.122444 2.201070 4.106104 2.177512 0.314023 0.698966 0.537081 -0.323963 -0.285596 -0.084066 -0.270648 0.216116 0.733898 0.698928 0.592845 0.391182 0.019780 0.279541 0.903239 0.706054,

Auto-correlations of the modulus of each oriented sub-band
 15.363919 16.853600 17.843613 18.141283 17.640499 16.399738 14.591434 25.686375 29.601591 32.316807 33.202850 31.981140 28.908623 24.624092 36.395088 43.272305 48.158535 49.861343 47.871822 42.696251 35.550629 40.790127 49.166218 55.214039 57.442280 55.214039 49.166222 40.790119 35.550629 42.696239 47.871822 49.861351 48.158535 43.272308 36.395077 24.624094 28.908619 31.981140 33.202847 32.316807 29.601589 25.686375 14.591436 16.399738 17.640499 18.141283 17.843613 16.853600 15.363921,
 30.405432 34.987122 34.990257 30.188168 22.655367 15.246251 9.751719 35.212963 43.730644 47.123299 43.544601 34.524246 23.887093 15.061934 35.266476 47.328239 55.235722 55.194805 47.060596 34.567219 22.517588 30.281101 43.737030 55.278835 59.891666 55.278835 43.737030 30.281101 22.517588 34.567215 47.060596 55.194805 55.235718 47.328243 35.266472 15.061934 23.887087 34.524246 43.544605 47.123306 43.730648 35.212963 9.751719 15.246251 22.655365 30.188169 34.990257 34.987122 30.405432,
 14.625572 24.568586 35.303513 40.174725 35.501759 24.871002 14.708116 15.966154 28.372931 42.068367 48.360916 42.320480 28.760994 16.174295 16.945293 31.160101 46.992382 54.288269 47.165291 31.422998 17.101795 17.365450 32.285568 48.873539 56.478157 48.873539 32.285568 17.365450 17.101795 31.422995 47.165291 54.288269 46.992378 31.160101 16.945292 16.174297 28.760992 42.320480 48.360916 42.068367 28.372931 15.966154 14.708116 24.871000 35.501759 40.174725 35.303513 24.568586 14.625574,
 9.595043 14.701182 22.111116 29.955219 35.103985 35.165649 30.206240 14.433178 23.197800 34.128880 43.573536 47.377140 43.757473 34.583935 21.490751 33.813614 46.800243 55.331150 55.375751 46.991486 34.206345 29.066200 43.086437 55.197128 60.049889 55.197128 43.086437 29.066198 34.206345 46.991486 55.375751 55.331150 46.800243 33.813614 21.490751 34.583939 43.757469 47.377144 43.573536 34.128880 23.197803 14.433177 30.206240 35.165649 35.103985 29.955223 22.111115 14.701182 9.595043,
 9.635892 10.833098 11.686375 11.666698 10.684681 9.152739 7.620651 15.405090 19.509687 22.974720 24.137911 22.237576 18.176155 13.655952 23.856369 32.416946 39.887207 42.841839 39.509682 31.627779 22.720894 27.736231 38.793362 48.599419 52.661896 48.599419 38.793362 27.736231 22.720894 31.627775 39.509678 42.841839 39.887215 32.416946 23.856369 13.655952 18.176153 22.237576 24.137911 22.974722 19.509689 15.405090 7.620651 9.152738 10.684681 11.666698 11.686375 10.833098 9.635892,
 17.429308 22.295794 23.397070 19.342098 12.766145 7.508954 5.095261 21.443947 30.911509 36.293587 33.043079 23.180614 13.214315 7.432962 22.139280 35.633770 47.072933 48.030018 37.330051 22.741810 12.297122 18.301552 32.238491 47.781040 54.847713 47.781044 32.238491 18.301552 12.297121 22.741810 37.330051 48.030018 47.072933 35.633770 22.139280 7.432962 13.214316 23.180611 33.043087 36.293587 30.911509 21.443947 5.095260 7.508954 12.766142 19.342102 23.397072 22.295794 17.429310,
 10.082059 16.838516 25.129755 28.380272 23.057337 14.058289 7.891871 10.649195 20.323511 33.320229 39.218727 31.691433 18.103563 8.699164 10.895535 23.054991 40.122166 48.494255 39.219406 21.823097 9.748672 10.596079 23.733955 42.536983 52.226189 42.536983 23.733955 10.596079 9.748672 21.823097 39.219406 48.494255 40.122166 23.054991 10.895535 8.699164 18.103563 31.691433 39.218727 33.320229 20.323513 10.649195 7.891871 14.058289 23.057335 28.380272 25.129759 16.838518 10.082059,
 7.867938 9.382370 12.632648 17.316210 20.783039 20.285650 16.182205 9.281896 13.658176 21.683340 30.263800 33.493732 28.696228 19.634098 12.589132 21.699194 34.963238 45.086082 44.370041 33.387371 20.261255 17.144238 30.272160 45.166260 51.991566 45.166260 30.272160 17.144241 20.261251 33.387371 44.370037 45.086082 34.963238 21.699194 12.589133 19.634096 28.696228 33.493732 30.263803 21.683340 13.658175 9.281896 16.182205 20.285650 20.783039 17.316210 12.632648 9.382370 7.867939,
 5.124127 5.253528 5.468816 5.571842 5.402117 5.003003 4.538342 6.742593 7.684053 8.535884 8.821317 8.249792 7.062597 5.816381 8.890390 11.234734 13.403815 14.253963 13.119565 10.642407 8.081160 9.694712 12.921092 16.027552 17.380337 16.027552 12.921092 9.694711 8.081160 10.642406 13.119565 14.253963 13.403815 11.234732 8.890390 5.816380 7.062597 8.249792 8.821317 8.535884 7.684052 6.742592 4.538342 5.003004 5.402117 5.571843 5.468816 5.253527 5.124127,
 5.643121 6.075028 6.113949 5.363369 4.453501 4.062354 4.078552 6.642722 8.292411 9.368308 8.464835 6.319109 4.760768 4.360165 6.856508 9.694361 12.637831 12.795150 9.794693 6.547900 5.034471 6.060093 8.805311 12.896289 15.081471 12.896289 8.805310 6.060093 5.034471 6.547900 9.794692 12.795150 12.637832 9.694361 6.856508 4.360165 4.760768 6.319108 8.464835 9.368308 8.292411 6.642722 4.078552 4.062354 4.453500 5.363369 6.113949 6.075028 5.643121,
 4.570615 5.258765 6.913986 7.951762 7.166945 5.649092 4.768924 4.771719 6.210104 9.279356 11.198138 9.645235 6.658781 4.942169 4.892109 7.149283 11.625148 14.367151 11.927766 7.475527 5.004143 4.976401 7.675888 12.760804 15.751753 12.760803 7.675888 4.976400 5.004143 7.475527 11.927767 14.367151 11.625148 7.149283 4.892109 4.942169 6.658781 9.645235 11.198138 9.279356 6.210102 4.771719 4.768924 5.649092 7.166945 7.951762 6.913986 5.258765 4.570614,
 4.913908 5.145921 5.847938 7.067011 8.062276 7.898754 6.628111 5.150064 5.930372 7.928925 10.443492 11.478894 9.926344 7.173405 5.569842 7.615661 11.434884 14.788487 14.536193 10.881426 7.050006 6.313782 9.784705 14.542771 16.980383 14.542771 9.784705 6.313781 7.050006 10.881427 14.536193 14.788486 11.434886 7.615662 5.569842 7.173404 9.926345 11.478892 10.443492 7.928926 5.930372 5.150064 6.628110 7.898754 8.062275 7.067012 5.847938 5.145921 4.913908,

Pairwise cross-correlations of the modulus of all oriented sub-bands at the same scale (size QxQ)
 57.442257 53.375271 45.538010 52.966427,
 53.375271 59.891663 52.559044 51.088768,
 45.538010 52.559044 56.478168 52.795078,
 52.966427 51.088768 52.795078 60.049896,
 52.661896 49.649467 45.324951 47.299740,
 49.649467 54.847710 48.978474 45.187420,
 45.324951 48.978474 52.226200 48.194817,
 47.299740 45.187420 48.194817 51.991562,

Cross-correlations of the modulus of all oriented sub-bands with all oriented sub-bands at the coarser scale (size QxQ)
 49.583977 47.244083 43.272446 45.947693,
 48.191822 52.015926 47.909222 44.518452,
 42.910118 46.744518 48.939243 45.380581,
 48.131393 46.235455 47.897785 50.562012,
 24.296753 21.254778 20.770380 22.679434,
 23.807056 22.833523 22.149963 21.901953,
 21.965387 20.817085 22.700089 22.952200,
 22.784012 19.670462 21.896395 24.063961,

Cross-correlations of the real part of each oriented sub-band with both the real and imaginary part of all phase-doubled oriented sub-bands at the next coarser scale (Q matrices of size 1x2Q, which are computed and stored in a matrix of size Qx2Q)
 -21.688602 -9.911491 -0.849901 -9.320415 0.010564 -0.043075 -0.001519 -0.001512,
 -9.694671 -22.843695 -8.997540 -0.763678 -0.002802 -0.106569 -0.022454 0.001588,
 -0.777626 -9.450813 -20.705076 -9.592741 0.000254 -0.040981 -0.049982 -0.005414,
 -9.187198 -0.675462 -9.217187 -21.971001 0.005144 0.000046 -0.023708 0.003388,
 -12.274698 -5.458623 -0.423049 -5.742013 -0.142603 -0.042346 0.017085 0.021679,
 -5.298881 -11.806450 -4.886882 -0.506808 -0.014918 -0.005095 0.052285 -0.000550,
 -0.492279 -4.842864 -11.819698 -5.467869 -0.001489 0.061065 0.158989 0.009336,
 -5.607445 -0.468591 -5.382029 -12.616425 -0.083316 0.008364 0.036380 0.046754,
