Low-band skewness and kurtosis
 -11.411654 146.789841,
 -6.965860 57.607540,
 -3.999625 22.116842,
 -0.892444 7.244872,

High-band variance
 17.083397,

Skewness, kurtosis, variance, mean, maximum and minimum of the reconstructed texture
 -11.489308 139.496078 325.977356 253.309784 255.000000 0.000000,

Auto-correlations of the low-frequency bands at each scale
 7.221229 1.216755 2.159889 6.829678 4.600683 0.329731 1.561840 3.616773 15.106404 54.188461 80.100998 55.841763 13.836741 -1.364392 4.227366 55.870369 163.108810 224.543777 164.558182 56.005707 2.342880 6.135527 81.224213 224.989975 304.240234 224.989975 81.224220 6.135527 2.342880 56.005707 164.558197 224.543777 163.108810 55.870369 4.227366 -1.364392 13.836741 55.841763 80.100998 54.188461 15.106405 3.616772 1.561840 0.329731 4.600683 6.829678 2.159890 1.216755 7.221229,
 4.308018 -0.312529 -4.035377 -1.200926 1.665537 4.747327 6.436369 1.464354 -8.322240 -0.566315 12.169436 1.192567 -7.139644 2.524158 -4.052536 -2.006333 55.095989 99.673203 53.907845 -3.337877 -3.984818 -5.944602 7.219342 97.825935 163.933395 97.825958 7.219342 -5.944602 -3.984818 -3.337876 53.907845 99.673203 55.095997 -2.006333 -4.052536 2.524158 -7.139642 1.192567 12.169436 -0.566314 -8.322240 1.464354 6.436371 4.747326 1.665538 -1.200926 -4.035378 -0.312529 4.308018,
 5.896657 1.322007 -1.234623 -0.833995 0.032950 2.403699 4.149460 5.563642 -3.183292 -3.082725 1.839181 -1.296206 -2.531728 2.860975 1.129441 -3.387432 15.274118 32.915802 16.707512 -2.859729 -0.281253 -1.702128 -0.771846 31.483292 56.743473 31.483292 -0.771846 -1.702128 -0.281252 -2.859729 16.707510 32.915802 15.274119 -3.387432 1.129441 2.860974 -2.531728 -1.296206 1.839181 -3.082725 -3.183292 5.563643 4.149460 2.403700 0.032949 -0.833995 -1.234623 1.322007 5.896657,
 0.867341 0.769644 0.286162 -0.269305 0.288801 1.616905 1.897913 0.239243 -0.332977 -0.053853 0.110100 -0.068788 0.610634 1.096351 0.118727 -0.350430 2.203522 4.378810 2.573584 0.628382 0.756315 0.619808 0.658208 4.503600 7.595327 4.503600 0.658208 0.619808 0.756315 0.628382 2.573584 4.378810 2.203521 -0.350430 0.118727 1.096351 0.610634 -0.068788 0.110100 -0.053853 -0.332977 0.239243 1.897913 1.616904 0.288801 -0.269305 0.286162 0.769644 0.867341,

Auto-correlations of the modulus of each oriented sub-band
 15.725003 17.449965 18.571339 18.892836 18.349579 17.065668 15.269896 25.391184 29.527317 32.417393 33.402882 32.230377 29.214794 25.029800 35.663773 42.630684 47.641167 49.463844 47.583763 42.548519 35.578281 40.249252 48.513802 54.504841 56.723091 54.504841 48.513802 40.249252 35.578281 42.548527 47.583767 49.463844 47.641167 42.630688 35.663773 25.029800 29.214788 32.230377 33.402885 32.417393 29.527317 25.391184 15.269897 17.065666 18.349579 18.892836 18.571339 17.449968 15.725003,
 29.962534 34.610825 34.693844 30.003183 22.710701 15.694219 10.645597 34.627544 43.261841 46.738041 43.140553 34.142284 23.742414 15.337541 34.531826 46.683990 54.745045 54.697800 46.434750 33.969975 22.214470 29.605417 42.978012 54.662849 59.394638 54.662846 42.978012 29.605417 22.214466 33.969975 46.434750 54.697807 54.745045 46.683990 34.531826 15.337541 23.742411 34.142284 43.140560 46.738033 43.261845 34.627544 10.645596 15.694220 22.710705 30.003187 34.693844 34.610825 29.962534,
 15.413550 25.932634 37.136497 42.410290 37.837646 26.728653 15.846650 17.190048 30.116270 44.049541 50.475132 44.482796 30.567123 17.354031 18.360861 33.065411 49.021275 56.291965 49.220207 33.259357 18.397438 18.774607 34.187401 50.900429 58.436790 50.900429 34.187405 18.774607 18.397440 33.259357 49.220207 56.291962 49.021278 33.065411 18.360861 17.354031 30.567120 44.482792 50.475132 44.049541 30.116270 17.190048 15.846650 26.728653 37.837646 42.410290 37.136497 25.932640 15.413550,
 10.383162 15.847938 23.068096 30.280994 34.655037 34.178585 29.240643 15.344380 23.811609 34.005451 42.592155 45.751415 42.010063 33.393181 22.080980 33.571774 45.614929 53.448212 53.258018 45.262493 33.429035 29.014547 41.974720 53.301044 57.885750 53.301044 41.974720 29.014547 33.429039 45.262486 53.258011 53.448212 45.614925 33.571777 22.080980 33.393181 42.010063 45.751419 42.592155 34.005451 23.811609 15.344379 29.240648 34.178581 34.655037 30.280993 23.068096 15.847940 10.383160,
 9.400039 10.509293 11.655258 12.355031 12.233843 11.353524 10.138716 15.932331 20.194036 23.946405 25.621748 24.332207 20.639585 16.143852 24.296024 33.156822 40.762722 43.907825 40.956055 33.301277 24.221167 28.377926 39.696369 49.364883 53.260033 49.364891 39.696369 28.377922 24.221167 33.301277 40.956043 43.907825 40.762726 33.156822 24.296024 16.143852 20.639585 24.332207 25.621748 23.946409 20.194038 15.932329 10.138717 11.353524 12.233842 12.355031 11.655260 10.509294 9.400039,
 16.272312 19.993788 20.791866 17.838108 13.089327 8.954989 6.440437 20.446772 28.633842 33.045769 30.024323 21.774097 13.531800 8.259891 20.986460 33.268272 43.536316 44.103004 34.329098 21.462147 12.046603 17.245728 29.966087 44.166149 50.719719 44.166157 29.966087 17.245726 12.046603 21.462145 34.329098 44.103004 43.536316 33.268269 20.986460 8.259891 13.531800 21.774097 30.024321 33.045776 28.633844 20.446772 6.440437 8.954991 13.089328 17.838108 20.791866 19.993790 16.272312,
 7.697352 13.962553 22.845867 27.738165 24.009228 15.559654 9.016761 8.933649 18.288330 31.590549 38.710144 32.605652 19.643824 10.021830 10.073112 22.109972 39.160301 48.072784 39.760571 22.899698 10.702384 10.748214 23.919069 42.415432 51.849632 42.415440 23.919073 10.748214 10.702384 22.899698 39.760571 48.072788 39.160305 22.109972 10.073112 10.021830 19.643822 32.605644 38.710144 31.590549 18.288330 8.933649 9.016761 15.559654 24.009226 27.738165 22.845869 13.962553 7.697351,
 4.919365 7.134716 11.862370 17.891209 21.813444 21.042595 16.698395 6.812585 12.280284 21.578232 30.970903 34.404171 29.628759 20.693310 11.043146 21.182594 35.126446 45.555401 44.991875 34.216377 21.083769 16.889414 30.568964 45.544106 52.348560 45.544106 30.568970 16.889414 21.083769 34.216377 44.991875 45.555401 35.126446 21.182598 11.043147 20.693310 29.628759 34.404171 30.970900 21.578230 12.280284 6.812585 16.698395 21.042593 21.813438 17.891209 11.862370 7.134716 4.919365,
 4.753994 4.915632 4.948112 4.811364 4.488531 4.064315 3.657873 6.287836 7.407849 8.368560 8.668149 8.041947 6.778501 5.452571 8.581235 11.347101 13.879932 14.879185 13.667010 10.948295 8.086434 9.624121 13.328518 16.840313 18.347506 16.840313 13.328518 9.624121 8.086434 10.948295 13.667008 14.879185 13.879932 11.347101 8.581235 5.452570 6.778502 8.041947 8.668151 8.368560 7.407849 6.287836 3.657873 4.064314 4.488530 4.811363 4.948111 4.915632 4.753994,
 6.270182 7.177957 7.221325 6.194749 4.858034 4.038906 3.755989 7.559117 9.963836 11.249420 10.151249 7.511390 5.338012 4.399806 7.887985 11.682463 15.116989 15.270153 11.841431 7.808609 5.478078 6.900946 10.636603 15.445327 17.843975 15.445327 10.636603 6.900946 5.478078 7.808609 11.841431 15.270154 15.116989 11.682463 7.887984 4.399806 5.338012 7.511390 10.151249 11.249420 9.963835 7.559117 3.755989 4.038906 4.858034 6.194749 7.221323 7.177956 6.270182,
 4.400719 5.316400 7.199287 8.311879 7.102422 5.029846 3.840056 4.344980 6.035282 9.508639 11.575363 9.499038 5.943009 4.053484 4.378366 6.803768 11.727467 14.685085 11.736407 6.789255 4.271334 4.390103 7.144736 12.682134 16.031038 12.682132 7.144736 4.390103 4.271334 6.789255 11.736408 14.685085 11.727467 6.803767 4.378366 4.053484 5.943009 9.499037 11.575361 9.508639 6.035281 4.344980 3.840056 5.029846 7.102422 8.311879 7.199287 5.316399 4.400719,
 3.649107 3.579649 4.117587 5.414408 6.578698 6.605910 5.559914 3.763371 4.347685 6.370203 9.068299 10.340028 9.093183 6.597166 4.481359 6.495166 10.398513 13.863236 13.842140 10.434703 6.722051 5.730505 9.219384 13.938102 16.315819 13.938102 9.219384 5.730504 6.722050 10.434703 13.842142 13.863236 10.398511 6.495165 4.481358 6.597166 9.093183 10.340028 9.068299 6.370202 4.347684 3.763371 5.559914 6.605910 6.578698 5.414408 4.117586 3.579649 3.649107,

Pairwise cross-correlations of the modulus of all oriented sub-bands at the same scale (size QxQ)
 56.723087 52.509754 45.837303 51.573116,
 52.509754 59.394657 53.029205 49.883160,
 45.837303 53.029205 58.436806 52.889435,
 51.573116 49.883160 52.889435 57.885735,
 53.260040 47.748955 44.770924 47.714466,
 47.748955 50.719704 47.009827 44.009861,
 44.770924 47.009827 51.849632 47.817421,
 47.714466 44.009861 47.817421 52.348545,

Cross-correlations of the modulus of all oriented sub-bands with all oriented sub-bands at the coarser scale (size QxQ)
 49.258701 44.988342 42.677605 45.773079,
 47.700504 49.383957 47.391548 44.984821,
 43.225266 44.873081 49.643501 46.224949,
 46.830650 42.827946 47.049728 49.820095,
 24.869280 23.973711 21.141087 22.247564,
 22.970015 24.374380 21.760557 20.327881,
 21.919798 23.320871 23.015141 21.653780,
 23.115545 22.413109 22.241415 23.176758,

Cross-correlations of the real part of each oriented sub-band with both the real and imaginary part of all phase-doubled oriented sub-bands at the next coarser scale (Q matrices of size 1x2Q, which are computed and stored in a matrix of size Qx2Q)
 -20.842514 -9.413134 -0.738937 -9.016400 0.036028 -0.051879 -0.005450 0.036613,
 -9.107102 -21.191957 -8.517107 -0.739895 -0.038574 -0.054857 -0.023480 -0.014759,
 -0.734207 -9.090938 -19.718014 -9.225325 -0.009722 0.021262 -0.009919 -0.007637,
 -8.867028 -0.802684 -8.715602 -21.200260 0.000066 0.015997 -0.018216 0.105243,
 -13.282164 -5.608042 -0.455957 -5.279755 0.258783 0.058286 -0.025975 0.126634,
 -5.970494 -12.138342 -4.869094 -0.513926 0.167460 0.111690 -0.133602 -0.017461,
 -0.457533 -5.075854 -11.029862 -5.097898 0.013243 -0.081269 -0.102076 0.217677,
 -5.499538 -0.480705 -4.830881 -11.775949 0.032383 -0.032146 0.035139 0.516828,
