Low-band skewness and kurtosis
 -1.492557 4.639101,
 -1.293927 4.017303,
 -1.029470 3.210790,
 -1.144821 3.352894,
 -0.707650 2.063242,

High-band variance
 98.474998,

Skewness, kurtosis, variance, mean, maximum and minimum of the reconstructed texture
 115.000000 255.000000 240.547897 610.768677 -1.694063 5.063383

Auto-correlations of the low-frequency bands at each scale
 211.220108 195.305649 182.912399 178.203812 181.206070 190.410889 203.658310 244.981628 222.082245 196.934402 184.957504 194.634399 220.983246 249.909409 317.573303 337.746552 352.945099 358.152924 353.087158 343.294434 332.963745 371.539673 423.882660 472.534485 493.054657 472.534485 423.882660 371.539642 332.963806 343.294403 353.087128 358.152954 352.945160 337.746613 317.573242 249.909454 220.983231 194.634354 184.957504 196.934418 222.082245 244.981628 203.658386 190.410873 181.206024 178.203796 182.912430 195.305649 211.220108,
 210.173996 200.401093 193.791519 191.745483 192.005020 193.727798 196.974854 217.032715 201.477631 185.395325 177.717773 182.990829 199.117844 217.599289 251.039688 263.799194 273.896149 277.854401 275.790466 272.621552 270.484802 290.322235 322.228821 352.324921 365.244324 352.324921 322.228821 290.322235 270.484802 272.621552 275.790436 277.854401 273.896149 263.799194 251.039688 217.599289 199.117874 182.990829 177.717789 185.395325 201.477646 217.032684 196.974854 193.727783 192.005005 191.745514 193.791489 200.401108 210.174042,
 196.956009 192.995941 190.726898 191.267426 193.072693 195.087265 196.756577 209.556076 201.135864 191.468384 186.607071 189.605972 198.799469 208.223419 226.591232 231.911514 236.555023 238.175781 236.317429 233.877609 232.118515 242.522293 258.706146 275.454529 282.961334 275.454529 258.706146 242.522293 232.118484 233.877609 236.317444 238.175781 236.555008 231.911514 226.591202 208.223404 198.799454 189.605972 186.607071 191.468353 201.135864 209.556046 196.756561 195.087265 193.072693 191.267426 190.726868 192.995911 196.956009,
 9.820926 15.554519 18.962738 21.962387 27.173536 33.187668 35.565418 15.177504 18.078112 20.742031 26.923052 34.652058 37.838467 34.345268 17.682806 20.259466 26.881126 36.207054 40.272106 35.715038 27.725225 20.855345 27.248343 36.672398 41.597836 36.672398 27.248343 20.855345 27.725222 35.715038 40.272114 36.207054 26.881126 20.259470 17.682806 34.345268 37.838467 34.652061 26.923048 20.742027 18.078115 15.177501 35.565418 33.187675 27.173540 21.962387 18.962738 15.554514 9.820924,

Auto-correlations of the modulus of each oriented sub-band
 1.297736 1.401399 1.468628 1.475665 1.415026 1.306036 1.180441 1.393140 1.544864 1.640343 1.655637 1.586715 1.450178 1.281758 1.460597 1.683342 1.846214 1.898402 1.821029 1.638197 1.404662 1.475679 1.786450 2.079224 2.209083 2.079224 1.786450 1.475679 1.404662 1.638197 1.821029 1.898402 1.846214 1.683342 1.460597 1.281758 1.450178 1.586715 1.655637 1.640342 1.544864 1.393140 1.180441 1.306036 1.415026 1.475665 1.468628 1.401399 1.297736,
 18.832474 19.612776 20.617468 21.647074 22.420866 22.915726 23.206877 20.886808 22.328579 24.035786 25.431332 25.965370 25.807440 25.316895 23.516676 25.651041 28.028332 29.541632 29.303059 27.964342 26.419006 25.730303 27.988659 30.342300 31.489872 30.342300 27.988659 25.730303 26.419008 27.964342 29.303059 29.541632 28.028336 25.651045 23.516672 25.316893 25.807440 25.965366 25.431332 24.035784 22.328579 20.886808 23.206875 22.915726 22.420862 21.647074 20.617466 19.612782 18.832472,
 52.679489 53.971939 55.384579 56.022594 55.343338 54.097080 53.228973 57.320030 60.797527 64.768356 66.635582 64.684502 60.885406 57.856297 61.943241 68.012840 75.276176 78.848648 75.183548 68.031242 62.273312 64.045715 71.235191 80.129158 84.711746 80.129158 71.235191 64.045715 62.273312 68.031242 75.183548 78.848648 75.276176 68.012840 61.943222 57.856285 60.885391 64.684502 66.635582 64.768364 60.797527 57.320019 53.228977 54.097069 55.343338 56.022602 55.384579 53.971947 52.679489,
 23.545517 23.385319 22.861418 21.927366 20.755041 19.757591 19.147409 25.265711 26.060814 26.380854 25.771040 24.147051 22.255777 20.820898 26.018505 27.995819 29.720495 30.042667 28.253378 25.488144 23.135654 25.209455 27.866295 30.704678 32.088860 30.704678 27.866297 25.209455 23.135656 25.488140 28.253378 30.042664 29.720491 27.995819 26.018505 20.820898 22.255772 24.147051 25.771042 26.380854 26.060812 25.265711 19.147411 19.757591 20.755041 21.927366 22.861418 23.385323 23.545517,
 0.889916 1.061527 1.195297 1.238408 1.167758 1.011358 0.828573 0.933870 1.149683 1.315112 1.367465 1.282426 1.093592 0.871836 0.960612 1.239626 1.475530 1.563771 1.456375 1.209026 0.928564 0.972931 1.299680 1.605241 1.737614 1.605242 1.299680 0.972931 0.928564 1.209026 1.456375 1.563771 1.475530 1.239626 0.960612 0.871836 1.093592 1.282426 1.367465 1.315112 1.149682 0.933870 0.828573 1.011358 1.167758 1.238408 1.195297 1.061527 0.889916,
 12.630107 13.015277 13.489944 13.969391 14.334403 14.505860 14.472572 13.754467 14.612421 15.539735 16.224304 16.449659 16.228796 15.702598 15.215625 16.617928 18.067184 18.877369 18.650110 17.707977 16.534346 16.362223 17.937571 19.479795 20.186398 19.479797 17.937572 16.362223 16.534344 17.707973 18.650108 18.877369 18.067188 16.617931 15.215624 15.702596 16.228796 16.449659 16.224306 15.539735 14.612422 13.754464 14.472572 14.505858 14.334403 13.969391 13.489944 13.015278 12.630109,
 34.954369 36.420898 37.845463 38.425587 37.787876 36.534138 35.433693 37.461193 40.358833 43.449554 44.813499 43.385548 40.468082 37.906879 40.179394 44.770111 49.965363 52.411423 49.941532 44.857628 40.459377 41.494080 46.843945 53.072430 56.134178 53.072441 46.843945 41.494080 40.459377 44.857635 49.941532 52.411411 49.965363 44.770111 40.179394 37.906879 40.468082 43.385544 44.813499 43.449554 40.358833 37.461193 35.433689 36.534138 37.787876 38.425587 37.845470 36.420898 34.954369,
 13.766932 14.026167 13.974557 13.558808 12.892161 12.224002 11.752992 14.657285 15.513618 16.014891 15.844885 14.916481 13.618927 12.516175 15.023151 16.584383 17.977079 18.401062 17.316183 15.360539 13.594889 14.599800 16.574041 18.648714 19.633123 18.648714 16.574043 14.599800 13.594891 15.360540 17.316185 18.401062 17.977079 16.584381 15.023153 12.516175 13.618927 14.916481 15.844885 16.014891 15.513619 14.657285 11.752991 12.224000 12.892161 13.558808 13.974559 14.026168 13.766932,
 0.484837 0.624015 0.741503 0.785850 0.734010 0.610676 0.465915 0.493285 0.643144 0.772422 0.828516 0.783623 0.656935 0.500093 0.521144 0.701766 0.864831 0.936184 0.874744 0.714448 0.529188 0.551850 0.766616 0.970055 1.058648 0.970055 0.766616 0.551850 0.529188 0.714448 0.874744 0.936184 0.864831 0.701766 0.521144 0.500093 0.656935 0.783623 0.828516 0.772422 0.643144 0.493285 0.465915 0.610676 0.734010 0.785850 0.741503 0.624015 0.484837,
 5.465485 5.878002 6.269965 6.549547 6.631700 6.499992 6.220411 6.035731 6.716782 7.369085 7.759212 7.764554 7.415088 6.849079 6.678410 7.670395 8.650795 9.123264 8.862213 8.121909 7.236242 7.156101 8.243903 9.313864 9.805277 9.313864 8.243902 7.156101 7.236242 8.121909 8.862213 9.123264 8.650795 7.670396 6.678409 6.849079 7.415088 7.764553 7.759211 7.369084 6.716781 6.035731 6.220410 6.499992 6.631700 6.549547 6.269965 5.878003 5.465486,
 13.806761 14.768445 15.775646 16.458237 16.430248 15.890539 15.238925 15.226111 16.942999 18.807590 19.941393 19.536299 18.059099 16.516283 16.735329 19.331785 22.252476 23.843884 22.777176 20.075117 17.518316 17.648159 20.668133 24.050327 25.691965 24.050327 20.668133 17.648159 17.518316 20.075117 22.777176 23.843887 22.252476 19.331787 16.735329 16.516281 18.059099 19.536297 19.941393 18.807590 16.942997 15.226109 15.238925 15.890539 16.430250 16.458235 15.775644 14.768446 13.806761,
 6.834954 7.276514 7.617595 7.680511 7.375297 6.792584 6.168983 7.118687 7.855391 8.524498 8.778530 8.377597 7.493890 6.591627 7.284773 8.351295 9.453573 9.982718 9.448161 8.205046 7.004655 7.257532 8.539964 9.924030 10.582727 9.924032 8.539964 7.257531 7.004655 8.205046 9.448161 9.982718 9.453572 8.351295 7.284772 6.591627 7.493890 8.377597 8.778530 8.524498 7.855390 7.118686 6.168983 6.792583 7.375297 7.680511 7.617594 7.276514 6.834953,

Pairwise cross-correlations of the modulus of all oriented sub-bands at the same scale (size QxQ)
 2.209082 3.595246 5.463737 4.535441 3.595246 31.489880 39.762756 10.084697 5.463737 39.762756 84.711769 37.529938 4.535441 10.084697 37.529938 32.088848,
 1.737614 1.966973 3.183385 2.880689 1.966973 20.186392 26.642525 5.816399 3.183385 26.642525 56.134182 22.968655 2.880689 5.816399 22.968655 19.633121,
 1.058648 1.289633 2.087429 1.630883 1.289633 9.805278 11.777332 2.268299 2.087429 11.777332 25.691961 11.424234 1.630883 2.268299 11.424234 10.582726,

Cross-correlations of the modulus of all oriented sub-bands with all oriented sub-bands at the coarser scale (size QxQ)
 1.533180 2.314135 3.831490 2.968774 2.154728 16.847267 22.498291 5.759484 3.888541 23.514948 44.194149 19.687243 3.237215 7.424118 22.011106 17.006516,
 1.063945 1.232315 2.174770 1.794198 1.583327 9.584150 12.092313 3.225177 2.688131 12.406182 23.370745 10.871924 1.816664 2.785430 11.108356 9.239592,

Cross-correlations of the real part of each oriented sub-band with both the real and imaginary part of all phase-doubled oriented sub-bands at the next coarser scale (Q matrices of size 1x2Q, which are computed and stored in a matrix of size Qx2Q)
 0.086865 -0.340471 -0.494893 -0.769531 -0.015609 -0.025123 0.005435 0.064245 -0.212123 -5.192650 -5.664571 -0.916970 -0.022379 -0.692946 -1.453507 -0.193419 -0.694383 -6.719777 -11.814648 -5.623007 -0.036120 -1.270584 -3.212795 -0.400753 -0.758578 -1.152044 -4.962802 -5.651166 -0.038420 -0.316335 -0.916239 0.074109,
 0.188933 -0.202588 -0.272056 -0.338526 0.021533 0.048659 0.012045 -0.021734 -0.076318 -2.505141 -2.321519 -0.312100 0.023546 0.099370 -0.243915 -0.036964 -0.358023 -3.004419 -5.580410 -2.878616 0.025593 -0.168647 -0.533453 -0.004572 -0.322239 -0.493913 -2.873176 -3.039788 0.029984 -0.044935 -0.075732 0.001498,
