Low-band skewness and kurtosis
 -1.598903 5.049125,
 -1.434147 4.549264,
 -1.305883 4.101383,
 -1.551776 4.997780,
 -0.808452 2.236423,

High-band variance
 98.368881,

Skewness, kurtosis, variance, mean, maximum and minimum of the reconstructed texture
 116.000000 255.000000 240.636887 635.768860 -1.777534 5.415323

Auto-correlations of the low-frequency bands at each scale
 273.310608 259.230286 248.165741 243.705276 248.148010 260.880035 276.590973 305.170959 278.106964 251.279343 240.987381 253.615097 280.064697 303.644012 361.663574 375.554230 388.289062 395.310730 391.126282 376.758728 358.272614 394.055695 446.650360 497.228241 518.847046 497.228241 446.650360 394.055695 358.272614 376.758667 391.126282 395.310669 388.289062 375.554321 361.663574 303.643982 280.064636 253.615097 240.987381 251.279312 278.106903 305.170990 276.590973 260.880035 248.148010 243.705276 248.165741 259.230255 273.310547,
 261.611969 253.887161 248.866043 247.516830 250.436646 258.477264 268.919708 280.898041 263.708160 247.494202 242.029602 250.400360 267.368256 282.650269 312.148499 318.669891 324.994568 328.490448 325.106903 316.003479 305.303406 324.526520 355.453613 386.228271 399.695618 386.228271 355.453644 324.526550 305.303406 316.003479 325.106903 328.490448 324.994568 318.669891 312.148529 282.650238 267.368256 250.400330 242.029602 247.494232 263.708191 280.898071 268.919678 258.477234 250.436630 247.516800 248.866074 253.887161 261.612061,
 249.953888 247.618118 246.045670 245.271286 245.037430 246.474884 249.468735 266.687958 259.394196 251.597565 248.173889 250.762817 257.445618 263.508667 284.843475 287.888855 291.103027 293.010986 291.341034 286.922699 281.475403 291.894958 306.806854 322.231201 329.176147 322.231201 306.806793 291.894958 281.475403 286.922729 291.341034 293.011017 291.102966 287.888855 284.843445 263.508698 257.445618 250.762802 248.173874 251.597565 259.394196 266.687927 249.468781 246.474884 245.037399 245.271286 246.045670 247.618134 249.953873,
 1.372621 8.748425 13.912163 19.419016 28.595404 37.197243 38.205551 9.887486 14.917747 19.335407 28.357309 38.768955 41.510147 35.711838 16.504959 20.217411 28.420170 40.234104 44.820381 38.254925 29.234863 22.225203 28.836012 40.173553 46.485065 40.173553 28.836012 22.225203 29.234863 38.254925 44.820389 40.234104 28.420170 20.217411 16.504959 35.711834 41.510147 38.768959 28.357309 19.335405 14.917747 9.887485 38.205547 37.197243 28.595406 19.419014 13.912161 8.748424 1.372621,

Auto-correlations of the modulus of each oriented sub-band
 1.283345 1.418513 1.524716 1.582622 1.577448 1.511441 1.400942 1.389161 1.586350 1.739710 1.811760 1.786377 1.671584 1.496321 1.521498 1.791886 1.996128 2.086936 2.038525 1.857746 1.592332 1.596090 1.940540 2.262070 2.405094 2.262070 1.940540 1.596089 1.592332 1.857746 2.038525 2.086936 1.996128 1.791886 1.521498 1.496321 1.671584 1.786377 1.811760 1.739710 1.586350 1.389161 1.400942 1.511441 1.577448 1.582622 1.524716 1.418513 1.283345,
 19.883165 20.961147 22.381191 23.825466 24.903454 25.570066 25.910814 21.810045 23.699400 25.961081 27.801525 28.501637 28.299673 27.643250 24.455767 27.092056 30.055328 31.963490 31.672977 30.034962 28.128208 26.919252 29.645664 32.491726 33.899216 32.491726 29.645664 26.919252 28.128206 30.034958 31.672977 31.963490 30.055325 27.092052 24.455765 27.643255 28.299669 28.501637 27.801519 25.961079 23.699398 21.810051 25.910814 25.570066 24.903454 23.825472 22.381191 20.961147 19.883165,
 54.595383 55.822704 57.095661 57.728954 57.309708 56.399467 55.625622 58.616817 61.833660 65.298737 66.963448 65.480255 62.409683 59.723595 62.791622 68.314514 74.514320 77.551567 74.610909 68.674622 63.519527 64.860893 71.343315 78.837227 82.623871 78.837227 71.343315 64.860878 63.519516 68.674622 74.610909 77.551575 74.514320 68.314499 62.791618 59.723602 62.409691 65.480247 66.963448 65.298737 61.833656 58.616817 55.625629 56.399471 57.309708 57.728951 57.095661 55.822704 54.595379,
 25.077375 24.794575 24.252033 23.447514 22.432093 21.465439 20.740936 27.022703 27.538031 27.653955 27.079811 25.662426 23.950375 22.530094 27.892408 29.509256 30.837420 31.041927 29.487103 27.077553 24.907917 27.044159 29.383097 31.762901 32.917923 31.762897 29.383101 27.044159 24.907917 27.077551 29.487097 31.041925 30.837418 29.509251 27.892406 22.530096 23.950373 25.662426 27.079811 27.653959 27.538029 27.022699 20.740938 21.465437 22.432093 23.447514 24.252033 24.794579 25.077375,
 0.855515 1.054552 1.223476 1.301577 1.259257 1.119284 0.937077 0.922345 1.159085 1.353745 1.438245 1.381553 1.208094 0.980574 0.991292 1.287054 1.537147 1.639202 1.543774 1.300541 1.011719 1.030838 1.369109 1.678141 1.810495 1.678141 1.369109 1.030838 1.011719 1.300541 1.543774 1.639202 1.537147 1.287054 0.991292 0.980574 1.208094 1.381553 1.438245 1.353745 1.159085 0.922345 0.937077 1.119284 1.259257 1.301577 1.223476 1.054552 0.855515,
 11.716784 12.272942 12.946660 13.629118 14.178288 14.487253 14.504232 12.601739 13.668496 14.831755 15.717042 16.063370 15.860386 15.262210 13.839468 15.491765 17.203993 18.183615 17.961693 16.874245 15.487044 14.959281 16.802658 18.594170 19.412313 18.594173 16.802658 14.959281 15.487044 16.874243 17.961691 18.183615 17.203995 15.491764 13.839465 15.262211 15.860386 16.063368 15.717042 14.831755 13.668494 12.601739 14.504232 14.487253 14.178288 13.629120 12.946660 12.272942 11.716786,
 29.023457 29.710375 30.542906 31.004606 30.787981 30.160667 29.526209 31.094297 32.919189 34.982780 35.998394 35.102043 33.049885 31.139034 33.208046 36.647263 40.477329 42.309650 40.470284 36.539551 32.992561 33.993813 38.292278 43.124664 45.475624 43.124668 38.292278 33.993813 32.992565 36.539555 40.470284 42.309650 40.477337 36.647259 33.208046 31.139040 33.049885 35.102043 35.998394 34.982788 32.919182 31.094296 29.526209 30.160673 30.787981 31.004612 30.542910 29.710375 29.023453,
 15.258186 15.326052 15.141726 14.721786 14.179043 13.666290 13.249699 16.483572 17.001532 17.137527 16.804552 16.041330 15.064916 14.165753 17.084229 18.249481 19.089457 19.220310 18.366129 16.887415 15.441443 16.636955 18.231281 19.734274 20.417145 19.734274 18.231281 16.636955 15.441443 16.887415 18.366127 19.220306 19.089460 18.249481 17.084229 14.165753 15.064914 16.041330 16.804552 17.137529 17.001532 16.483570 13.249701 13.666290 14.179042 14.721786 15.141728 15.326052 15.258184,
 0.425281 0.570589 0.694157 0.745255 0.699676 0.580019 0.438023 0.442213 0.602088 0.738881 0.796283 0.748010 0.615130 0.452237 0.459055 0.652379 0.827986 0.903843 0.837714 0.665787 0.467918 0.486965 0.709178 0.919741 1.011244 0.919741 0.709178 0.486965 0.467918 0.665787 0.837714 0.903843 0.827986 0.652379 0.459055 0.452237 0.615130 0.748010 0.796283 0.738881 0.602088 0.442213 0.438023 0.580019 0.699676 0.745255 0.694157 0.570589 0.425281,
 5.303346 5.618583 5.982140 6.325800 6.538651 6.582725 6.481234 5.778512 6.332743 6.956179 7.415788 7.533780 7.328743 6.921146 6.362103 7.213445 8.145189 8.674427 8.494847 7.845273 7.067491 6.854479 7.826294 8.826314 9.306453 8.826314 7.826294 6.854479 7.067492 7.845273 8.494847 8.674427 8.145190 7.213445 6.362102 6.921146 7.328741 7.533779 7.415788 6.956179 6.332742 5.778510 6.481234 6.582725 6.538651 6.325800 5.982140 5.618583 5.303346,
 13.573867 14.029269 14.258071 14.121551 13.570680 12.818160 12.176664 14.452004 15.628777 16.641134 16.885054 16.009144 14.503796 13.090919 15.095219 17.159435 19.221281 20.062937 18.843437 16.484808 14.239070 15.065014 17.623093 20.303434 21.592800 20.303434 17.623093 15.065014 14.239070 16.484810 18.843439 20.062937 19.221277 17.159435 15.095219 13.090919 14.503795 16.009144 16.885052 16.641130 15.628776 14.452004 12.176662 12.818158 13.570681 14.121552 14.258073 14.029269 13.573866,
 6.356126 6.507562 6.466784 6.209326 5.831171 5.464741 5.164729 6.966751 7.436395 7.587125 7.359695 6.847893 6.207856 5.619646 7.237535 8.056964 8.634450 8.718695 8.161677 7.206084 6.294741 6.955366 7.969208 8.945763 9.396143 8.945762 7.969208 6.955366 6.294741 7.206084 8.161676 8.718695 8.634450 8.056963 7.237535 5.619646 6.207856 6.847893 7.359694 7.587124 7.436395 6.966750 5.164729 5.464741 5.831170 6.209326 6.466784 6.507562 6.356125,

Pairwise cross-correlations of the modulus of all oriented sub-bands at the same scale (size QxQ)
 2.405093 4.615763 5.632178 3.856801 4.615763 33.899220 37.611328 7.825385 5.632178 37.611328 82.623886 38.469349 3.856801 7.825385 38.469349 32.917923,
 1.810495 2.685849 3.175861 2.244531 2.685849 19.412312 19.578005 2.953321 3.175861 19.578005 45.475624 22.151379 2.244531 2.953321 22.151379 20.417145,
 1.011244 1.289001 1.620786 1.151742 1.289001 9.306452 9.481459 1.313212 1.620786 9.481459 21.592796 10.161956 1.151742 1.313212 10.161956 9.396143,

Cross-correlations of the modulus of all oriented sub-bands with all oriented sub-bands at the coarser scale (size QxQ)
 1.630272 2.829250 3.627894 2.398461 2.917866 17.642578 19.290327 4.043164 3.749384 18.763380 39.765488 20.479349 2.419571 3.755543 20.562567 17.691866,
 1.049217 1.496200 1.937892 1.276886 1.544164 9.093276 9.698112 1.407249 2.183142 9.305507 20.224812 10.415234 1.351181 1.521999 10.430356 9.507495,

Cross-correlations of the real part of each oriented sub-band with both the real and imaginary part of all phase-doubled oriented sub-bands at the next coarser scale (Q matrices of size 1x2Q, which are computed and stored in a matrix of size Qx2Q)
 -0.002357 -0.867179 -0.683344 -0.554321 0.026245 0.012033 -0.019289 -0.010469 -0.836574 -5.882542 -4.734452 -0.711384 0.027774 -0.196053 -0.355454 -0.100378 -0.859339 -5.242167 -9.081337 -4.928212 0.008971 -0.328682 -0.942852 -0.496058 -0.482227 -0.648523 -4.372191 -4.832347 -0.000669 -0.049570 -0.446109 -0.314801,
 0.159752 -0.255824 -0.240374 -0.215833 0.020481 -0.051522 -0.069093 -0.078323 -0.225683 -1.395560 -1.013752 -0.158332 -0.023931 -0.785866 -0.827895 -0.119968 -0.292569 -0.981990 -1.930728 -1.536583 -0.007575 -0.846182 -1.439704 -0.609422 -0.133819 -0.102001 -1.200717 -1.701200 0.040133 -0.091958 -0.517748 -0.563370,
