Low-band skewness and kurtosis
 -1.469957 4.538993,
 -1.236695 3.809551,
 -0.973559 2.946908,
 -1.169688 3.446631,
 -0.559985 1.942832,

High-band variance
 99.002785,

Skewness, kurtosis, variance, mean, maximum and minimum of the reconstructed texture
 109.000000 255.000000 240.512207 611.421814 -1.676454 4.973862

Auto-correlations of the low-frequency bands at each scale
 223.550552 206.666809 194.685898 190.507462 194.467850 205.952072 222.130310 258.110138 232.930374 206.631195 195.040421 205.580688 231.790695 258.575439 325.412109 343.269348 357.051483 362.527374 357.718323 345.997589 331.857391 371.974304 424.130768 472.967041 493.546265 472.967041 424.130859 371.974304 331.857361 345.997589 357.718323 362.527374 357.051422 343.269379 325.412109 258.575439 231.790665 205.580673 195.040375 206.631195 232.930374 258.110107 222.130310 205.952026 194.467850 190.507462 194.685898 206.666809 223.550552,
 213.220306 204.963608 200.885498 201.180801 203.987198 209.368179 216.829742 226.989120 211.065353 195.747040 190.466690 198.549957 216.159225 233.997467 265.080261 274.741241 282.759552 286.461914 284.359192 279.419403 274.225922 295.802155 326.029572 355.566101 368.371521 355.566101 326.029602 295.802155 274.225952 279.419373 284.359192 286.461914 282.759552 274.741241 265.080231 233.997513 216.159225 198.549957 190.466690 195.747040 211.065384 226.989044 216.829803 209.368179 203.987198 201.180832 200.885452 204.963608 213.220276,
 204.794205 202.047852 200.519485 199.599091 198.526825 198.540939 200.213654 212.691010 206.460220 200.940002 199.665268 203.532364 210.942581 217.823868 234.173019 238.906647 244.120667 248.177429 249.052246 247.562973 244.730515 254.795776 269.040100 283.113922 289.372375 283.113922 269.040100 254.795776 244.730530 247.562958 249.052231 248.177444 244.120651 238.906662 234.173019 217.823868 210.942581 203.532333 199.665298 200.940002 206.460220 212.690933 200.213654 198.540909 198.526825 199.599091 200.519485 202.047852 204.794205,
 8.791904 15.563503 20.270306 24.494474 30.674036 36.810654 38.876408 16.030037 20.520760 24.237572 30.992500 38.801338 41.713020 38.675297 21.297668 24.834560 31.530552 40.710880 44.538929 40.159798 33.233810 26.371874 32.301380 41.167469 45.968761 41.167469 32.301376 26.371874 33.233807 40.159801 44.538929 40.710880 31.530552 24.834555 21.297672 38.675297 41.713020 38.801331 30.992500 24.237574 20.520758 16.030041 38.876408 36.810654 30.674028 24.494474 20.270306 15.563499 8.791907,

Auto-correlations of the modulus of each oriented sub-band
 1.216051 1.309525 1.375946 1.397744 1.369129 1.302395 1.214626 1.313657 1.449222 1.546037 1.580508 1.541861 1.439179 1.301276 1.413208 1.626240 1.783928 1.840326 1.780088 1.620412 1.407271 1.455692 1.745043 2.031116 2.162713 2.031116 1.745043 1.455692 1.407271 1.620412 1.780088 1.840326 1.783928 1.626241 1.413208 1.301276 1.439179 1.541862 1.580508 1.546037 1.449222 1.313657 1.214626 1.302395 1.369129 1.397744 1.375946 1.309525 1.216051,
 20.360365 21.099932 22.041681 23.016043 23.754498 24.166103 24.285658 22.148226 23.643517 25.378923 26.760273 27.232477 26.922411 26.190020 24.495197 26.812912 29.321068 30.870611 30.548267 28.994106 27.142025 26.492920 29.041811 31.603323 32.824799 31.603323 29.041811 26.492920 27.142029 28.994102 30.548264 30.870611 29.321068 26.812914 24.495197 26.190020 26.922415 27.232475 26.760275 25.378923 23.643520 22.148224 24.285656 24.166103 23.754498 23.016039 22.041681 21.099936 20.360363,
 55.573368 56.968788 58.383816 59.010857 58.350739 56.950939 55.708885 59.390018 62.911144 66.878212 68.813354 67.037338 63.223251 59.906200 63.313602 69.378815 76.545906 80.143112 76.750771 69.740814 63.811382 65.245712 72.476959 81.184669 85.600349 81.184669 72.476967 65.245712 63.811378 69.740814 76.750771 80.143105 76.545891 69.378815 63.313610 59.906197 63.223251 67.037346 68.813347 66.878204 62.911144 59.390018 55.708878 56.950939 58.350735 59.010849 58.383816 56.968788 55.573380,
 25.001322 24.848310 24.373959 23.532520 22.445187 21.456985 20.768225 26.735975 27.523989 27.849476 27.297447 25.739494 23.864698 22.367859 27.448767 29.411419 31.100397 31.436300 29.692797 26.973734 24.607632 26.629564 29.268522 32.045025 33.401550 32.045025 29.268522 26.629560 24.607632 26.973730 29.692797 31.436298 31.100391 29.411419 27.448765 22.367855 23.864700 25.739494 27.297447 27.849476 27.523987 26.735975 20.768229 21.456985 22.445189 23.532520 24.373959 24.848309 25.001326,
 0.901179 1.074287 1.215118 1.270967 1.218976 1.083073 0.914930 0.938290 1.136118 1.296650 1.361050 1.302484 1.145624 0.950223 0.986091 1.239354 1.459151 1.549717 1.461143 1.239820 0.983775 1.022163 1.328840 1.616735 1.741956 1.616735 1.328840 1.022163 0.983775 1.239820 1.461143 1.549717 1.459151 1.239354 0.986091 0.950223 1.145624 1.302484 1.361050 1.296650 1.136118 0.938290 0.914930 1.083073 1.218976 1.270967 1.215118 1.074287 0.901179,
 12.622508 13.062881 13.546336 13.977326 14.240653 14.299425 14.203231 13.583800 14.527262 15.552832 16.259314 16.385672 15.997903 15.344535 14.813021 16.342276 18.000620 18.923323 18.571430 17.378870 16.020960 15.813820 17.563442 19.375118 20.231392 19.375120 17.563442 15.813818 16.020958 17.378870 18.571430 18.923323 18.000620 16.342272 14.813018 15.344536 15.997903 16.385670 16.259314 15.552834 14.527260 13.583800 14.203231 14.299428 14.240651 13.977326 13.546336 13.062880 12.622508,
 34.884525 35.877968 36.822460 37.097172 36.448143 35.398308 34.589809 37.068382 39.652508 42.339348 43.387104 41.884651 39.065399 36.669518 39.310200 43.724926 48.645252 50.840767 48.307449 43.286385 38.997169 40.182667 45.406666 51.491501 54.473225 51.491493 45.406666 40.182667 38.997173 43.286377 48.307449 50.840767 48.645252 43.724926 39.310192 36.669518 39.065399 41.884644 43.387104 42.339348 39.652508 37.068382 34.589809 35.398308 36.448147 37.097172 36.822468 35.877972 34.884525,
 15.417404 15.543380 15.356483 14.844569 14.198434 13.612371 13.165009 16.508436 17.185886 17.461016 17.126043 16.217850 15.036415 14.017436 17.017050 18.409452 19.555824 19.806744 18.754053 16.952810 15.323746 16.543530 18.360849 20.236469 21.123890 20.236469 18.360851 16.543530 15.323746 16.952808 18.754051 19.806742 19.555824 18.409452 17.017050 14.017435 15.036415 16.217848 17.126043 17.461014 17.185888 16.508438 13.165007 13.612370 14.198432 14.844569 15.356485 15.543381 15.417407,
 0.446501 0.596152 0.726593 0.783822 0.741373 0.620651 0.474580 0.470004 0.629310 0.762191 0.813861 0.763250 0.634724 0.480491 0.495028 0.681060 0.845833 0.910672 0.842012 0.681336 0.501621 0.521999 0.730968 0.929650 1.015894 0.929650 0.730968 0.521999 0.501621 0.681336 0.842012 0.910672 0.845833 0.681060 0.495028 0.480491 0.634724 0.763250 0.813861 0.762191 0.629310 0.470004 0.474580 0.620651 0.741373 0.783822 0.726593 0.596152 0.446501,
 6.271860 6.500981 6.730411 6.934245 7.021535 6.941473 6.743305 6.795942 7.240938 7.718450 8.027472 8.025439 7.716446 7.240985 7.314920 8.113588 8.979933 9.420545 9.155153 8.428435 7.608747 7.643476 8.627613 9.655210 10.141895 9.655209 8.627613 7.643476 7.608747 8.428434 9.155153 9.420546 8.979933 8.113588 7.314919 7.240985 7.716446 8.025439 8.027472 7.718450 7.240938 6.795942 6.743304 6.941473 7.021535 6.934245 6.730410 6.500981 6.271860,
 15.519761 15.988370 16.440699 16.509785 16.117426 15.700935 15.585493 16.722273 17.888020 19.186083 19.670059 18.797285 17.443487 16.605286 17.866665 19.962168 22.487408 23.671894 22.234148 19.661757 17.775644 18.325241 20.817511 24.008879 25.686937 24.008879 20.817511 18.325241 17.775644 19.661757 22.234150 23.671892 22.487408 19.962168 17.866665 16.605286 17.443487 18.797281 19.670059 19.186081 17.888016 16.722273 15.585493 15.700935 16.117426 16.509785 16.440697 15.988368 15.519761,
 5.217264 5.430174 5.465018 5.347178 5.190417 5.071326 4.960662 5.620530 6.095211 6.324511 6.259060 5.970531 5.567576 5.183063 5.809464 6.573653 7.217968 7.443806 7.025046 6.193713 5.440858 5.707933 6.614149 7.593601 8.077024 7.593600 6.614148 5.707932 5.440858 6.193715 7.025047 7.443806 7.217968 6.573653 5.809464 5.183063 5.567577 5.970531 6.259061 6.324511 6.095209 5.620530 4.960662 5.071326 5.190417 5.347178 5.465017 5.430174 5.217265,

Pairwise cross-correlations of the modulus of all oriented sub-bands at the same scale (size QxQ)
 2.162714 4.162869 5.913635 4.407832 4.162869 32.824795 39.941612 10.264668 5.913635 39.941612 85.600319 39.480377 4.407832 10.264668 39.480377 33.401535,
 1.741956 2.639891 4.156501 2.887418 2.639891 20.231394 25.457464 6.171988 4.156501 25.457464 54.473217 24.768244 2.887418 6.171988 24.768244 21.123888,
 1.015894 1.530464 2.088154 1.355481 1.530464 10.141896 12.415893 3.086088 2.088154 12.415893 25.686935 10.323709 1.355481 3.086088 10.323709 8.077024,

Cross-correlations of the modulus of all oriented sub-bands with all oriented sub-bands at the coarser scale (size QxQ)
 1.515837 2.655943 4.197327 2.808265 2.990689 17.244915 22.335901 6.438780 4.763103 22.291561 43.517227 21.917730 3.236861 6.819382 22.258142 18.158209,
 1.030309 1.616243 2.452816 1.620060 1.730143 9.389208 12.320643 3.589278 2.917253 12.724443 24.067923 11.191592 1.719457 3.679955 11.717313 8.771729,

Cross-correlations of the real part of each oriented sub-band with both the real and imaginary part of all phase-doubled oriented sub-bands at the next coarser scale (Q matrices of size 1x2Q, which are computed and stored in a matrix of size Qx2Q)
 0.128122 -0.486473 -0.471749 -0.592315 0.013892 0.028732 0.012949 0.004827 -0.393561 -4.727219 -4.127244 -0.741830 0.036734 0.037810 0.227210 0.044491 -0.720467 -4.953094 -8.697699 -4.875420 0.027703 -0.030157 0.254979 0.078848 -0.530208 -0.668842 -4.059100 -4.873953 0.022397 -0.009913 -0.046831 0.000366,
 0.287445 -0.082030 -0.123669 -0.078843 0.028552 -0.016438 -0.027079 -0.059922 0.023087 -1.574344 -2.152323 -0.335489 -0.015842 -0.237506 -0.478376 -0.136316 -0.122791 -2.114368 -4.123369 -1.455974 0.036947 -0.383017 -1.193256 -0.605144 0.004109 -0.369225 -1.353854 -1.124977 0.099073 -0.104440 -0.539373 -0.496362,
