Low-band skewness and kurtosis
 -1.542565 4.824248,
 -1.362005 4.254387,
 -1.212928 3.669814,
 -1.497033 4.669308,
 -0.760392 2.138818,

High-band variance
 98.935272,

Skewness, kurtosis, variance, mean, maximum and minimum of the reconstructed texture
 114.000000 255.000000 240.590500 618.582642 -1.727880 5.202092

Auto-correlations of the low-frequency bands at each scale
 237.954910 223.642609 213.487808 210.818710 215.384689 226.218887 241.758209 272.052673 248.355698 223.130005 211.217453 220.436844 245.564774 272.131195 341.843811 357.633575 369.353973 372.033173 364.576996 351.241821 335.576111 380.857788 432.441620 480.375732 500.525604 480.375702 432.441620 380.857727 335.576141 351.241760 364.577057 372.033112 369.353973 357.633575 341.843781 272.131195 245.564758 220.436874 211.217468 223.130020 248.355698 272.052612 241.758179 226.218887 215.384720 210.818741 213.487808 223.642578 237.954865,
 228.683868 218.337173 210.207764 206.657852 207.277267 212.683487 222.271851 246.325409 228.996246 212.155334 205.109360 211.613892 228.475555 246.138031 280.612030 289.253143 297.393219 300.978729 297.939789 291.342590 283.476257 303.804077 335.096100 365.502136 378.653595 365.502136 335.096100 303.804077 283.476257 291.342590 297.939789 300.978729 297.393250 289.253143 280.612030 246.138031 228.475555 211.613907 205.109360 212.155334 228.996246 246.325409 222.271820 212.683472 207.277298 206.657852 210.207779 218.337173 228.683868,
 201.602554 199.554092 199.625473 201.210022 202.949493 205.462601 209.287842 217.303207 212.775665 207.353027 205.018997 207.848114 215.308731 223.450195 250.681091 255.678619 259.019867 259.470978 256.649994 252.925064 249.557739 268.501862 282.863037 297.088654 303.410034 297.088654 282.863037 268.501862 249.557709 252.925064 256.650024 259.470947 259.019928 255.678604 250.681076 223.450180 215.308731 207.848114 205.018997 207.353043 212.775696 217.303177 209.287796 205.462585 202.949493 201.210007 199.625473 199.554092 201.602554,
 8.494105 14.478298 16.134104 16.730400 22.978823 32.162117 35.173450 13.429065 15.014740 15.443672 22.471426 34.084248 38.716198 33.251228 14.903986 15.810755 23.005962 36.314053 42.462589 35.503033 25.178881 17.621307 24.163692 37.002712 44.398289 37.002712 24.163692 17.621305 25.178881 35.503033 42.462582 36.314053 23.005966 15.810752 14.903986 33.251228 38.716198 34.084251 22.471426 15.443675 15.014738 13.429065 35.173450 32.162117 22.978819 16.730400 16.134106 14.478298 8.494105,

Auto-correlations of the modulus of each oriented sub-band
 1.187350 1.280840 1.330763 1.322653 1.254231 1.141556 1.011033 1.262248 1.402898 1.493015 1.506591 1.434726 1.291787 1.113098 1.326869 1.548970 1.702100 1.742546 1.659326 1.474679 1.238908 1.329759 1.631779 1.918538 2.047168 1.918538 1.631780 1.329759 1.238908 1.474679 1.659326 1.742546 1.702100 1.548970 1.326869 1.113098 1.291787 1.434726 1.506591 1.493015 1.402898 1.262248 1.011033 1.141556 1.254231 1.322653 1.330763 1.280840 1.187350,
 17.405651 18.144928 19.131855 20.132164 20.878807 21.322048 21.535067 19.093697 20.568203 22.321589 23.698330 24.178879 23.925947 23.321451 21.367783 23.615364 26.106195 27.627779 27.307236 25.813082 24.104528 23.351856 25.773794 28.289381 29.495403 28.289377 25.773798 23.351852 24.104530 25.813078 27.307240 27.627779 26.106192 23.615366 21.367779 23.321453 23.925945 24.178881 23.698330 22.321583 20.568201 19.093693 21.535067 21.322048 20.878811 20.132164 19.131855 18.144926 17.405647,
 52.317566 53.524334 54.884983 55.452251 54.662689 53.145683 51.821239 56.924068 60.141422 63.859341 65.626114 63.746346 59.873260 56.473717 61.312717 67.035172 73.806694 77.171654 73.815674 66.957962 61.089691 63.136707 70.117165 78.457237 82.678596 78.457237 70.117165 63.136700 61.089691 66.957954 73.815674 77.171661 73.806686 67.035164 61.312714 56.473717 59.873257 63.746338 65.626114 63.859333 60.141430 56.924068 51.821239 53.145679 54.662689 55.452244 54.884983 53.524334 52.317562,
 24.155867 23.881269 23.281605 22.308308 21.030619 19.786930 18.809612 26.036470 26.733780 26.979267 26.380800 24.748569 22.710285 20.955708 26.796156 28.703455 30.321312 30.651911 28.932467 26.168573 23.637489 25.904884 28.585878 31.319773 32.644756 31.319775 28.585878 25.904884 23.637491 26.168573 28.932465 30.651911 30.321314 28.703453 26.796154 20.955704 22.710285 24.748569 26.380800 26.979275 26.733778 26.036470 18.809616 19.786930 21.030615 22.308308 23.281605 23.881268 24.155865,
 0.878118 1.058152 1.200560 1.249628 1.178912 1.013348 0.813326 0.940081 1.158627 1.325438 1.380521 1.298640 1.106646 0.872517 0.967218 1.250006 1.488824 1.580233 1.473349 1.221362 0.933067 0.983683 1.318147 1.629230 1.763413 1.629230 1.318147 0.983683 0.933067 1.221362 1.473349 1.580233 1.488824 1.250007 0.967218 0.872517 1.106646 1.298640 1.380521 1.325438 1.158627 0.940081 0.813326 1.013348 1.178912 1.249628 1.200560 1.058152 0.878118,
 12.384717 12.880439 13.451538 14.000563 14.364039 14.441879 14.278421 13.378934 14.294240 15.295432 16.035442 16.250336 15.942246 15.309267 14.591929 16.039852 17.555504 18.410400 18.158613 17.136301 15.877689 15.597466 17.234163 18.842474 19.582701 18.842474 17.234163 15.597466 15.877690 17.136299 18.158609 18.410397 17.555508 16.039854 14.591928 15.309267 15.942247 16.250336 16.035442 15.295433 14.294242 13.378931 14.278422 14.441879 14.364040 14.000562 13.451539 12.880442 12.384717,
 28.541412 29.438967 30.608076 31.235085 30.688875 29.429731 28.362448 30.790850 32.994896 35.635769 36.860077 35.336655 32.311043 29.834076 32.732651 36.678001 41.418461 43.678566 41.046074 35.946693 31.813478 33.145374 38.001175 43.983341 47.042221 43.983341 38.001175 33.145378 31.813473 35.946693 41.046074 43.678566 41.418457 36.678001 32.732655 29.834072 32.311043 35.336655 36.860077 35.635765 32.994900 30.790850 28.362448 29.429731 30.688875 31.235085 30.608076 29.438961 28.541412,
 13.584296 13.613306 13.371096 12.828643 12.097135 11.381264 10.837836 14.481520 15.086381 15.365945 15.058696 14.112610 12.860144 11.785361 14.898825 16.259344 17.422890 17.697107 16.637346 14.816377 13.161275 14.419133 16.244143 18.125256 19.009180 18.125254 16.244143 14.419133 13.161277 14.816378 16.637342 17.697107 17.422890 16.259344 14.898827 11.785362 12.860142 14.112610 15.058695 15.365945 15.086382 14.481518 10.837837 11.381264 12.097135 12.828645 13.371096 13.613306 13.584296,
 0.390095 0.527964 0.646289 0.693553 0.645409 0.523911 0.379521 0.397284 0.551989 0.685985 0.742049 0.692644 0.559235 0.397768 0.411853 0.594750 0.761073 0.833420 0.769579 0.603032 0.412142 0.426428 0.640269 0.842522 0.929835 0.842522 0.640269 0.426428 0.412142 0.603032 0.769579 0.833420 0.761073 0.594750 0.411853 0.397768 0.559235 0.692644 0.742048 0.685986 0.551989 0.397284 0.379521 0.523911 0.645409 0.693553 0.646289 0.527964 0.390095,
 4.119457 4.275052 4.527565 4.797958 4.975515 5.001030 4.898331 4.332424 4.751434 5.299441 5.733149 5.872609 5.704387 5.325732 4.729126 5.486832 6.406570 6.952726 6.796987 6.174569 5.449156 5.182258 6.084939 7.097070 7.590181 7.097070 6.084939 5.182258 5.449155 6.174569 6.796987 6.952726 6.406569 5.486833 4.729126 5.325732 5.704387 5.872608 5.733149 5.299441 4.751433 4.332423 4.898330 5.001030 4.975515 4.797958 4.527564 4.275052 4.119457,
 15.435149 15.858581 16.307859 16.391056 16.008635 15.467562 14.871965 16.537729 17.763214 19.146183 19.809622 19.169916 17.770918 16.298220 17.540087 19.763660 22.270197 23.561083 22.457052 19.956142 17.508209 17.974092 20.775331 23.837229 25.337761 23.837229 20.775331 17.974092 17.508209 19.956139 22.457052 23.561081 22.270197 19.763657 17.540087 16.298218 17.770916 19.169916 19.809622 19.146183 17.763214 16.537727 14.871966 15.467560 16.008633 16.391056 16.307859 15.858581 15.435147,
 6.076772 6.366886 6.468023 6.318899 5.998961 5.650635 5.324996 6.554165 7.154747 7.562870 7.553085 7.085365 6.380285 5.709364 6.767131 7.734930 8.611525 8.914805 8.338387 7.241276 6.195119 6.614729 7.796549 9.010876 9.581634 9.010876 7.796549 6.614729 6.195119 7.241276 8.338385 8.914805 8.611524 7.734930 6.767130 5.709363 6.380284 7.085365 7.553084 7.562869 7.154747 6.554164 5.324996 5.650635 5.998960 6.318900 6.468023 6.366886 6.076772,

Pairwise cross-correlations of the modulus of all oriented sub-bands at the same scale (size QxQ)
 2.047168 3.364189 5.331201 4.248440 3.364189 29.495398 36.668423 9.187930 5.331201 36.668423 82.678596 38.532497 4.248440 9.187930 38.532497 32.644749,
 1.763412 2.296748 3.139126 2.600856 2.296748 19.582701 21.924114 4.379105 3.139126 21.924114 47.042221 21.040636 2.600856 4.379105 21.040636 19.009174,
 0.929835 0.971894 1.594762 1.249013 0.971894 7.590181 9.836603 1.996396 1.594762 9.836603 25.337761 11.499501 1.249013 1.996396 11.499501 9.581634,

Cross-correlations of the modulus of all oriented sub-bands with all oriented sub-bands at the coarser scale (size QxQ)
 1.490234 2.200055 3.420637 2.739877 2.445075 16.292885 19.672298 5.168628 4.109627 20.403378 39.488724 20.032534 2.966194 5.465810 19.905552 17.123955,
 1.014900 1.250726 1.892243 1.415771 1.258066 8.334578 10.479771 2.417326 2.085665 9.773472 20.922358 10.109265 1.563830 2.315639 10.771394 8.775841,

Cross-correlations of the real part of each oriented sub-band with both the real and imaginary part of all phase-doubled oriented sub-bands at the next coarser scale (Q matrices of size 1x2Q, which are computed and stored in a matrix of size Qx2Q)
 0.084809 -0.542380 -0.645245 -0.779481 -0.004017 0.005658 -0.005481 -0.028793 -0.444567 -5.386073 -4.420362 -0.779494 -0.007084 0.149046 0.531965 0.118506 -0.861151 -5.489064 -9.420966 -5.759015 0.000903 0.365620 1.476090 0.361281 -0.724504 -0.731897 -4.847790 -5.989210 0.002048 0.115114 0.523824 0.083633,
 0.234586 -0.131712 -0.199055 -0.256299 -0.011813 -0.012023 -0.010675 0.029897 -0.014638 -1.205556 -1.125623 -0.215012 0.013979 -0.421940 -0.988381 -0.126361 -0.259491 -1.268952 -2.530286 -1.713161 -0.016210 -0.780321 -2.189787 -0.282094 -0.233443 -0.213613 -1.394407 -1.882865 -0.038158 -0.199041 -0.679481 0.046070,
