Low-band skewness and kurtosis
 -1.442940 4.452472,
 -1.199788 3.745682,
 -0.977673 3.093887,
 -1.116485 3.673054,
 -0.630032 2.015059,

High-band variance
 102.005547,

Skewness, kurtosis, variance, mean, maximum and minimum of the reconstructed texture
 114.000000 255.000000 240.506897 602.759399 -1.669984 4.971309

Auto-correlations of the low-frequency bands at each scale
 201.304764 186.572952 176.707397 173.027390 175.424530 184.111359 198.602554 238.662872 208.553085 181.514328 170.997101 182.743118 211.025208 242.476166 310.744415 325.642151 337.907745 343.598572 340.188019 329.839844 315.110260 354.013794 410.883636 460.599304 480.999390 460.599304 410.883698 354.013763 315.110229 329.839783 340.188019 343.598572 337.907745 325.642181 310.744415 242.476166 211.025177 182.743118 170.997086 181.514328 208.553116 238.662872 198.602554 184.111328 175.424500 173.027405 176.707382 186.572983 201.304764,
 190.756165 184.237228 181.711273 182.170074 183.935410 188.185822 195.648560 211.877380 193.988998 178.129807 172.046539 178.491531 195.197052 214.647888 251.756134 259.202759 265.333038 268.006927 265.226135 259.081604 251.600494 273.967010 307.460144 337.587463 350.204224 337.587463 307.460144 273.966980 251.600494 259.081604 265.226135 268.006927 265.333038 259.202759 251.756134 214.647888 195.197021 178.491562 172.046539 178.129776 193.988953 211.877380 195.648605 188.185822 183.935425 182.170074 181.711273 184.237228 190.756119,
 193.419739 190.280762 188.201157 187.159073 186.382874 186.605362 188.394867 201.484543 190.215530 180.399643 177.122574 181.832855 192.511307 203.778137 217.017181 221.083588 225.452667 228.346161 228.149887 226.143463 223.285294 229.957138 248.421097 265.929657 273.463013 265.929657 248.421066 229.957138 223.285294 226.143463 228.149887 228.346161 225.452667 221.083588 217.017197 203.778091 192.511337 181.832825 177.122574 180.399628 190.215515 201.484512 188.394867 186.605423 186.382843 187.159073 188.201202 190.280731 193.419754,
 10.953191 16.056913 19.187384 22.476753 28.100924 33.573269 34.968739 15.920254 18.391579 21.199490 27.793415 35.489624 38.148350 34.815620 18.194916 20.931438 27.893724 37.400997 41.251671 36.595501 29.060036 21.876743 28.326139 37.788445 42.786015 37.788445 28.326143 21.876743 29.060036 36.595501 41.251671 37.400997 27.893723 20.931442 18.194916 34.815624 38.148346 35.489624 27.793409 21.199490 18.391582 15.920257 34.968739 33.573265 28.100924 22.476755 19.187382 16.056913 10.953193,

Auto-correlations of the modulus of each oriented sub-band
 1.036734 1.143640 1.229499 1.268985 1.247980 1.178470 1.084246 1.120534 1.261037 1.371866 1.421626 1.393479 1.292529 1.153626 1.226400 1.423683 1.563701 1.613577 1.568797 1.439854 1.252339 1.245844 1.508068 1.791394 1.928187 1.791394 1.508068 1.245844 1.252339 1.439854 1.568797 1.613577 1.563701 1.423683 1.226399 1.153626 1.292529 1.393479 1.421625 1.371866 1.261037 1.120534 1.084246 1.178470 1.247980 1.268985 1.229499 1.143640 1.036734,
 20.402479 21.175167 22.201151 23.313992 24.188206 24.756359 25.077206 22.410460 23.948933 25.777189 27.328993 27.987137 27.917822 27.470734 25.187574 27.490892 30.038383 31.722515 31.551636 30.222281 28.625250 27.702211 30.118128 32.588207 33.804657 32.588207 30.118128 27.702211 28.625250 30.222279 31.551634 31.722511 30.038387 27.490892 25.187574 27.470732 27.917822 27.987137 27.328989 25.777187 23.948936 22.410460 25.077206 24.756359 24.188204 23.313995 22.201155 21.175165 20.402475,
 52.755123 54.216984 55.779800 56.490330 55.750450 54.219639 52.851894 57.315067 61.066471 65.355171 67.370239 65.229500 60.938030 57.260761 61.664585 68.127823 75.884010 79.710938 75.753143 67.982414 61.569057 63.447800 71.172974 80.681534 85.584343 80.681534 71.172981 63.447796 61.569057 67.982407 75.753136 79.710938 75.884010 68.127831 61.664585 57.260773 60.938030 65.229500 67.370232 65.355171 61.066479 57.315063 52.851906 54.219635 55.750450 56.490341 55.779800 54.216980 52.755123,
 23.292208 23.189726 22.745604 21.945591 20.907566 19.985765 19.340374 25.463160 26.173212 26.440378 25.900764 24.414917 22.696291 21.340960 26.633823 28.386347 29.909973 30.219639 28.550613 26.050333 23.913528 26.036028 28.414289 30.964624 32.262077 30.964628 28.414289 26.036028 23.913528 26.050337 28.550613 30.219639 29.909979 28.386353 26.633825 21.340960 22.696291 24.414919 25.900764 26.440378 26.173208 25.463160 19.340372 19.985764 20.907566 21.945591 22.745602 23.189730 23.292208,
 0.779305 0.974063 1.137051 1.208395 1.159634 1.014977 0.833623 0.824409 1.043370 1.223893 1.299720 1.243032 1.080328 0.874756 0.876657 1.139196 1.366368 1.463512 1.382900 1.166941 0.909209 0.916361 1.217038 1.496851 1.617969 1.496852 1.217038 0.916361 0.909209 1.166941 1.382900 1.463512 1.366368 1.139196 0.876657 0.874756 1.080328 1.243032 1.299720 1.223893 1.043370 0.824409 0.833623 1.014977 1.159634 1.208395 1.137051 0.974063 0.779305,
 11.223650 11.764882 12.406321 13.071193 13.612481 13.918050 13.971729 12.462542 13.459337 14.566945 15.448761 15.854031 15.768710 15.324443 14.072769 15.574786 17.166100 18.124475 18.007408 17.125528 15.976480 15.472128 17.093113 18.685755 19.418089 18.685757 17.093113 15.472128 15.976480 17.125528 18.007406 18.124475 17.166100 15.574785 14.072771 15.324443 15.768708 15.854033 15.448760 14.566945 13.459337 12.462542 13.971729 13.918049 13.612482 13.071192 12.406323 11.764882 11.223650,
 29.270348 30.210751 31.500198 32.347996 31.980881 30.763000 29.587681 31.411106 33.719406 36.819603 38.691631 37.606522 34.652222 31.955250 33.614388 37.711662 43.015736 45.965923 43.656460 38.447586 34.032658 34.727299 39.816212 46.181305 49.450802 46.181305 39.816212 34.727299 34.032658 38.447586 43.656460 45.965923 43.015736 37.711662 33.614388 31.955250 34.652222 37.606514 38.691635 36.819603 33.719406 31.411106 29.587681 30.763000 31.980881 32.347996 31.500198 30.210751 29.270350,
 13.216019 13.388257 13.358681 13.091235 12.641458 12.121354 11.646091 14.505957 15.117702 15.416432 15.246471 14.563975 13.557932 12.585809 15.326318 16.582140 17.572723 17.822321 16.987398 15.450236 13.930150 15.084450 16.765854 18.373169 19.103542 18.373169 16.765852 15.084450 13.930150 15.450235 16.987398 17.822321 17.572723 16.582140 15.326316 12.585809 13.557935 14.563976 15.246471 15.416430 15.117699 14.505957 11.646089 12.121356 12.641459 13.091236 13.358682 13.388256 13.216019,
 0.448965 0.602919 0.737182 0.792894 0.742548 0.611733 0.457669 0.456104 0.621176 0.762491 0.819530 0.765872 0.627430 0.464130 0.477108 0.667038 0.839007 0.910675 0.840160 0.669309 0.481143 0.498841 0.714071 0.922279 1.013787 0.922279 0.714071 0.498841 0.481143 0.669309 0.840160 0.910675 0.839007 0.667038 0.477108 0.464130 0.627430 0.765872 0.819530 0.762491 0.621176 0.456104 0.457669 0.611733 0.742548 0.792894 0.737182 0.602919 0.448965,
 6.563652 7.058317 7.544743 7.914752 8.084277 8.021366 7.767018 7.122669 7.870438 8.612736 9.082582 9.150772 8.861863 8.339407 7.819133 8.833517 9.843203 10.362975 10.151416 9.460012 8.606312 8.403130 9.477312 10.513174 10.987407 10.513174 9.477312 8.403130 8.606314 9.460013 10.151416 10.362975 9.843203 8.833517 7.819131 8.339408 8.861861 9.150771 9.082582 8.612736 7.870438 7.122667 7.767017 8.021366 8.084277 7.914751 7.544743 7.058317 6.563653,
 14.326593 15.574764 17.115915 17.840307 17.220819 15.984972 14.959343 15.379343 17.450399 19.936728 21.055063 19.850475 17.575279 15.751603 16.266571 19.183275 22.743811 24.420361 22.594666 19.138069 16.397470 16.638203 19.865633 23.910141 25.969456 23.910141 19.865633 16.638203 16.397470 19.138069 22.594666 24.420361 22.743813 19.183273 16.266571 15.751603 17.575279 19.850475 21.055063 19.936728 17.450399 15.379343 14.959343 15.984972 17.220819 17.840307 17.115915 15.574764 14.326591,
 6.603448 6.908964 7.030939 6.931218 6.639500 6.243654 5.839892 7.091426 7.660020 8.047113 8.088397 7.716863 7.058055 6.366259 7.363807 8.261577 9.047997 9.343791 8.881769 7.903983 6.900361 7.287060 8.390075 9.463541 9.951095 9.463541 8.390074 7.287060 6.900361 7.903984 8.881769 9.343790 9.047997 8.261576 7.363806 6.366260 7.058055 7.716862 8.088397 8.047113 7.660020 7.091425 5.839892 6.243654 6.639499 6.931217 7.030939 6.908963 6.603448,

Pairwise cross-correlations of the modulus of all oriented sub-bands at the same scale (size QxQ)
 1.928187 3.950237 5.686424 3.892775 3.950237 33.804657 40.831474 10.828931 5.686424 40.831474 85.584335 39.592308 3.892775 10.828931 39.592308 32.262074,
 1.617969 2.296533 3.188980 2.288985 2.296533 19.418085 22.932724 5.443698 3.188980 22.932724 49.450806 22.750334 2.288985 5.443698 22.750334 19.103539,
 1.013787 1.370931 1.812088 1.285425 1.370931 10.987408 12.394725 2.924162 1.812088 12.394725 25.969458 11.765686 1.285425 2.924162 11.765686 9.951096,

Cross-correlations of the modulus of all oriented sub-bands with all oriented sub-bands at the coarser scale (size QxQ)
 1.389348 2.497090 3.741608 2.515195 2.668391 16.956171 21.388868 7.133198 4.124240 20.774687 40.827374 22.150045 2.639975 6.127051 21.034868 17.139475,
 1.030865 1.445567 1.856765 1.317655 1.659981 10.003744 11.948640 3.562543 2.526761 11.544282 21.206100 10.944666 1.532073 3.048346 10.301057 8.412430,

Cross-correlations of the real part of each oriented sub-band with both the real and imaginary part of all phase-doubled oriented sub-bands at the next coarser scale (Q matrices of size 1x2Q, which are computed and stored in a matrix of size Qx2Q)
 0.166624 -0.487465 -0.516995 -0.456771 -0.004958 0.031068 0.043776 -0.005304 -0.394831 -5.699079 -5.545033 -1.009767 0.010356 0.278942 0.264376 0.089947 -0.642938 -6.557437 -12.080775 -6.349727 0.012148 0.341609 0.935309 0.656219 -0.347912 -1.048237 -5.483779 -5.432254 0.013373 0.076348 0.625394 0.436637,
 0.218025 -0.205604 -0.187348 -0.114820 0.004712 0.026650 -0.014235 -0.065250 -0.154631 -1.919070 -1.796455 -0.338325 0.009417 0.253119 -0.038994 -0.136351 -0.255862 -1.988618 -3.828095 -2.210367 0.019552 0.179388 -0.999500 -1.035672 -0.044582 -0.280207 -1.714139 -1.823707 0.014767 -0.002946 -0.788036 -0.894831,
