Low-band skewness and kurtosis
 -1.447002 4.453974,
 -1.226538 3.797223,
 -1.051435 3.332535,
 -1.091373 3.613121,
 -0.552980 2.003619,

High-band variance
 98.516266,

Skewness, kurtosis, variance, mean, maximum and minimum of the reconstructed texture
 116.000000 255.000000 240.540939 600.404297 -1.658854 4.900819

Auto-correlations of the low-frequency bands at each scale
 196.496674 181.847443 172.014877 167.204056 168.152191 176.242386 189.969452 233.645142 205.786407 181.420929 171.876862 181.122513 203.154541 225.650284 316.429565 329.115723 339.615570 345.168549 341.605927 329.240753 311.894867 367.643524 418.886505 463.867645 482.344574 463.867645 418.886505 367.643524 311.894836 329.240753 341.605865 345.168579 339.615570 329.115723 316.429535 225.650284 203.154541 181.122528 171.876892 181.420914 205.786407 233.645096 189.969421 176.242386 168.152191 167.204056 172.014847 181.847458 196.496689,
 187.795776 179.807465 175.694763 174.485413 175.373932 179.983612 187.903519 213.214539 192.454254 172.545013 162.834015 166.811325 181.737320 199.116714 255.737198 262.105774 265.737091 265.709503 260.019379 250.829666 241.723801 276.850525 310.200012 340.961884 353.957306 340.961945 310.200012 276.850525 241.723831 250.829697 260.019348 265.709503 265.737122 262.105774 255.737183 199.116714 181.737366 166.811295 162.834030 172.545059 192.454224 213.214539 187.903488 179.983627 175.373947 174.485428 175.694824 179.807434 187.795761,
 175.385147 170.958954 169.435776 171.068344 174.736969 179.705368 184.578522 193.151581 182.203934 171.747467 167.108246 170.130920 179.444061 190.548920 218.746933 223.306152 225.479004 224.381531 219.880783 214.929108 211.892853 229.801132 247.690582 264.563538 271.811646 264.563538 247.690582 229.801132 211.892853 214.929108 219.880798 224.381531 225.479004 223.306152 218.746887 190.548889 179.444046 170.130890 167.108246 171.747452 182.203949 193.151535 184.578537 179.705383 174.736954 171.068298 169.435776 170.958954 175.385132,
 11.314384 16.290003 18.966333 21.492380 27.226686 34.380669 37.290550 16.525106 18.797764 20.866188 27.170341 35.857933 39.873253 36.649097 18.918835 21.048120 27.703405 37.802483 42.599018 38.153259 30.187176 22.524366 28.882643 38.779106 44.047348 38.779099 28.882643 22.524366 30.187180 38.153263 42.599018 37.802483 27.703405 21.048120 18.918833 36.649097 39.873257 35.857933 27.170347 20.866184 18.797758 16.525103 37.290550 34.380669 27.226686 21.492380 18.966333 16.290001 11.314383,

Auto-correlations of the modulus of each oriented sub-band
 0.945447 1.045503 1.126572 1.169561 1.159181 1.099830 1.012885 1.016879 1.149835 1.258160 1.304168 1.279222 1.197379 1.077519 1.117613 1.308007 1.449509 1.505532 1.459117 1.322529 1.138231 1.151362 1.407194 1.669304 1.792356 1.669304 1.407194 1.151362 1.138231 1.322528 1.459117 1.505532 1.449509 1.308007 1.117613 1.077520 1.197379 1.279222 1.304168 1.258160 1.149835 1.016879 1.012885 1.099829 1.159181 1.169561 1.126572 1.045503 0.945447,
 18.775518 19.280655 20.101908 21.063425 21.829607 22.303896 22.521790 20.358545 21.662458 23.362661 24.830887 25.374598 25.119131 24.454456 22.596594 24.791737 27.347206 29.028723 28.733843 27.157663 25.338064 24.600739 27.090122 29.724958 31.023483 29.724958 27.090128 24.600739 25.338058 27.157660 28.733845 29.028725 27.347206 24.791739 22.596594 24.454453 25.119131 25.374598 24.830877 23.362659 21.662460 20.358541 22.521791 22.303894 21.829607 21.063425 20.101906 19.280657 18.775517,
 51.858883 53.040413 54.212128 54.672916 54.053627 52.918301 51.863529 57.143440 60.587822 64.355782 65.992477 63.999840 60.191177 56.900524 62.120945 68.269043 75.420059 78.806816 75.102615 67.902138 61.862961 64.108665 71.503540 80.384888 84.904297 80.384888 71.503532 64.108665 61.862961 67.902138 75.102631 78.806808 75.420044 68.269043 62.120945 56.900517 60.191177 63.999840 65.992485 64.355774 60.587822 57.143440 51.863529 52.918304 54.053627 54.672916 54.212116 53.040401 51.858894,
 19.887547 19.568674 19.083858 18.423620 17.631569 16.918522 16.427391 22.087505 22.438076 22.513947 22.018091 20.788525 19.314306 18.142271 23.193644 24.560484 25.781439 26.005247 24.584223 22.383183 20.486530 22.534319 24.589685 26.802713 27.901823 26.802717 24.589685 22.534317 20.486532 22.383183 24.584219 26.005245 25.781433 24.560474 23.193640 18.142271 19.314306 20.788521 22.018091 22.513947 22.438076 22.087503 16.427391 16.918524 17.631567 18.423620 19.083860 19.568674 19.887545,
 0.789603 0.978854 1.137117 1.201218 1.142430 0.988884 0.802956 0.848706 1.061162 1.233378 1.298409 1.227802 1.051390 0.837442 0.891767 1.150879 1.371374 1.457949 1.364026 1.137103 0.875380 0.910221 1.214435 1.495819 1.616759 1.495819 1.214435 0.910221 0.875380 1.137103 1.364026 1.457949 1.371374 1.150879 0.891767 0.837442 1.051390 1.227802 1.298409 1.233378 1.061162 0.848706 0.802956 0.988884 1.142429 1.201219 1.137117 0.978854 0.789603,
 11.410227 11.902320 12.442842 12.903871 13.123857 12.998697 12.605754 12.255944 13.251449 14.324024 15.030992 15.064462 14.478471 13.601693 13.337380 14.917946 16.605057 17.508587 17.069307 15.736043 14.263302 14.167394 15.975451 17.844730 18.721653 17.844734 15.975453 14.167394 14.263302 15.736043 17.069304 17.508587 16.605059 14.917946 13.337380 13.601695 14.478471 15.064460 15.030992 14.324025 13.251451 12.255943 12.605754 12.998697 13.123857 12.903872 12.442842 11.902323 11.410229,
 29.894630 30.930944 32.269150 33.115738 32.787346 31.516525 30.165548 32.320107 34.921364 38.108536 39.858318 38.690914 35.644764 32.802124 34.829765 39.390915 44.892616 47.736546 45.315208 39.938747 35.261604 36.105335 41.633907 48.244652 51.534290 48.244652 41.633907 36.105328 35.261608 39.938751 45.315205 47.736549 44.892616 39.390915 34.829758 32.802124 35.644768 38.690918 39.858318 38.108536 34.921364 32.320107 30.165554 31.516525 32.787346 33.115738 32.269150 30.930944 29.894629,
 14.759063 14.606730 14.287413 13.804224 13.215716 12.635978 12.163770 16.168783 16.590534 16.691422 16.350168 15.540038 14.439724 13.381449 16.823603 18.039120 18.983070 19.178450 18.271887 16.626699 14.978373 16.341400 18.095261 19.772701 20.533260 19.772701 18.095261 16.341400 14.978371 16.626698 18.271887 19.178450 18.983070 18.039122 16.823603 13.381449 14.439724 15.540036 16.350168 16.691422 16.590534 16.168783 12.163770 12.635978 13.215716 13.804224 14.287414 14.606730 14.759063,
 0.464288 0.600682 0.719175 0.770047 0.729783 0.616425 0.475877 0.473792 0.617610 0.743214 0.799147 0.759238 0.638427 0.486014 0.490638 0.665956 0.831666 0.909631 0.849995 0.685160 0.498238 0.509034 0.719223 0.927333 1.019958 0.927333 0.719223 0.509034 0.498238 0.685161 0.849995 0.909631 0.831666 0.665956 0.490639 0.486014 0.638427 0.759238 0.799147 0.743214 0.617610 0.473792 0.475877 0.616425 0.729782 0.770047 0.719175 0.600682 0.464288,
 4.735690 5.086058 5.405543 5.610648 5.674026 5.611136 5.459009 5.240902 5.820786 6.359874 6.638649 6.590992 6.310024 5.915400 5.828551 6.677328 7.499026 7.869981 7.603828 6.960662 6.241144 6.225616 7.151581 8.063204 8.481643 8.063204 7.151581 6.225616 6.241144 6.960662 7.603827 7.869981 7.499026 6.677328 5.828551 5.915400 6.310024 6.590991 6.638650 6.359873 5.820785 5.240901 5.459009 5.611135 5.674026 5.610648 5.405542 5.086057 4.735690,
 13.820662 14.627508 15.740775 16.485159 16.422256 15.916037 15.351361 14.745008 16.468988 18.757341 20.119066 19.553600 17.913927 16.424673 16.007305 18.714849 22.246353 24.215750 22.846478 19.744026 17.170334 17.038345 20.154650 24.125177 26.172689 24.125181 20.154650 17.038345 17.170334 19.744026 22.846472 24.215750 22.246355 18.714848 16.007305 16.424673 17.913927 19.553600 20.119066 18.757341 16.468990 14.745006 15.351361 15.916035 16.422256 16.485161 15.740775 14.627508 13.820662,
 7.948506 8.277749 8.476302 8.478316 8.310848 8.023524 7.642810 8.894790 9.497825 9.927217 9.999825 9.659369 9.019022 8.289751 9.531787 10.492269 11.319934 11.614100 11.127850 10.111153 9.032299 9.561539 10.741860 11.864655 12.365794 11.864655 10.741859 9.561539 9.032299 10.111153 11.127848 11.614100 11.319934 10.492269 9.531787 8.289751 9.019022 9.659369 9.999825 9.927217 9.497825 8.894790 7.642810 8.023525 8.310848 8.478317 8.476301 8.277749 7.948505,

Pairwise cross-correlations of the modulus of all oriented sub-bands at the same scale (size QxQ)
 1.792356 3.932595 4.926046 2.958501 3.932595 31.023481 38.565048 10.263514 4.926046 38.565048 84.904305 37.171593 2.958501 10.263514 37.171593 27.901823,
 1.616758 2.421189 3.157455 2.200844 2.421189 18.721653 22.485037 5.298564 3.157455 22.485037 51.534279 24.122334 2.200844 5.298564 24.122334 20.533260,
 1.019958 1.487706 1.859117 1.723630 1.487706 8.481642 10.432341 3.373278 1.859117 10.432341 26.172686 13.567004 1.723630 3.373278 13.567004 12.365794,

Cross-correlations of the modulus of all oriented sub-bands with all oriented sub-bands at the coarser scale (size QxQ)
 1.349515 2.604526 3.431393 2.123904 2.737228 16.393543 20.555563 5.881542 3.887436 20.976383 41.593529 20.508642 2.301614 6.592102 21.112162 16.045135,
 1.022416 1.719859 1.973027 1.703875 1.581326 8.074488 9.895171 2.797173 2.444482 10.652835 22.037657 11.966453 1.528322 3.785298 12.766121 10.429295,

Cross-correlations of the real part of each oriented sub-band with both the real and imaginary part of all phase-doubled oriented sub-bands at the next coarser scale (Q matrices of size 1x2Q, which are computed and stored in a matrix of size Qx2Q)
 0.148501 -0.523275 -0.486140 -0.438835 -0.038812 -0.063129 -0.019231 0.031193 -0.462581 -5.766150 -6.467683 -1.264828 -0.044626 -0.589039 -0.443769 0.024768 -0.645720 -7.128209 -14.941846 -7.212413 -0.007940 -0.682185 -0.645153 0.053127 -0.289140 -1.345061 -6.490083 -5.828210 -0.008949 -0.095888 -0.132997 0.073557,
 0.246081 -0.090057 -0.216059 -0.293995 -0.051426 -0.066828 0.048184 0.088193 -0.013990 -1.993852 -2.096071 -0.421026 -0.085241 -0.458167 -0.442150 -0.069693 -0.321189 -2.717721 -5.041245 -3.395032 -0.071119 -0.554626 -0.814327 0.226858 -0.209600 -0.518406 -2.505310 -3.246834 -0.059901 -0.108632 0.021677 0.506478,
