Low-band skewness and kurtosis
 -1.290845 4.006970,
 -1.017019 3.274095,
 -0.798901 2.776946,
 -0.753556 2.593801,
 -0.228942 1.633918,

High-band variance
 104.721558,

Skewness, kurtosis, variance, mean, maximum and minimum of the reconstructed texture
 123.000000 255.000000 240.495987 557.005493 -1.558962 4.561766

Auto-correlations of the low-frequency bands at each scale
 142.468185 131.773285 125.145103 122.659416 123.437592 127.937737 136.566376 163.779663 139.468018 118.314613 109.875626 118.109993 139.538025 164.897934 260.004791 271.879700 281.243561 285.408875 282.832031 276.040863 267.574493 332.948975 377.317017 415.703522 431.411255 415.703522 377.317017 332.948975 267.574493 276.040924 282.832031 285.408875 281.243530 271.879639 260.004791 164.897934 139.538055 118.110016 109.875610 118.314590 139.468018 163.779648 136.566376 127.937744 123.437614 122.659424 125.145088 131.773254 142.468170,
 138.421783 133.462555 130.855179 130.142120 129.860031 131.151749 134.991211 149.013428 135.127686 123.259392 118.472702 122.187271 133.387405 147.323959 199.234940 205.104507 210.213898 212.603897 210.623734 206.584076 202.228485 239.189240 263.946106 286.052460 295.381256 286.052521 263.946106 239.189240 202.228470 206.584076 210.623734 212.603897 210.213913 205.104507 199.234940 147.323975 133.387405 122.187256 118.472702 123.259399 135.127701 149.013428 134.991226 131.151764 129.860016 130.142120 130.855209 133.462555 138.421814,
 132.632019 128.469559 125.802002 124.781334 124.772072 126.212479 129.089874 135.687286 127.747948 121.368011 119.375313 122.272331 129.258286 137.578064 165.419327 169.580887 173.053879 174.558914 173.022079 170.125320 167.260406 188.050095 202.422134 215.252182 220.713913 215.252182 202.422134 188.050049 167.260406 170.125351 173.022064 174.558884 173.053879 169.580887 165.419312 137.578064 129.258286 122.272324 119.375313 121.368011 127.747948 135.687256 129.089890 126.212502 124.772057 124.781334 125.802010 128.469574 132.631989,
 16.055159 20.164511 22.481348 24.626642 29.180630 34.649899 36.586693 20.305717 22.220650 23.857649 28.830591 35.677650 38.583923 35.584114 22.409611 23.913965 29.071657 37.146259 40.812172 36.858429 30.321629 24.892860 29.651960 37.648445 42.014038 37.648449 29.651960 24.892862 30.321629 36.858429 40.812176 37.146263 29.071657 23.913969 22.409611 35.584114 38.583935 35.677650 28.830591 23.857649 22.220650 20.305716 36.586685 34.649906 29.180630 24.626642 22.481352 20.164511 16.055157,

Auto-correlations of the modulus of each oriented sub-band
 0.879512 0.991814 1.072641 1.099217 1.061626 0.971533 0.855373 0.950916 1.087010 1.187862 1.222472 1.179459 1.073291 0.935632 1.023474 1.209247 1.346987 1.398813 1.349921 1.211947 1.024361 1.055536 1.301363 1.542966 1.653108 1.542966 1.301363 1.055536 1.024361 1.211947 1.349921 1.398813 1.346987 1.209247 1.023474 0.935631 1.073291 1.179459 1.222472 1.187862 1.087010 0.950915 0.855373 0.971533 1.061626 1.099217 1.072641 0.991814 0.879512,
 14.556715 15.159029 15.959412 16.758699 17.321459 17.630915 17.772594 16.485895 17.776478 19.316429 20.497206 20.823999 20.518858 19.971952 18.949484 20.955509 23.224455 24.601875 24.219814 22.805084 21.293076 20.905466 23.067684 25.396290 26.547909 25.396290 23.067684 20.905464 21.293079 22.805084 24.219816 24.601875 23.224455 20.955509 18.949482 19.971952 20.518858 20.823999 20.497206 19.316427 17.776478 16.485891 17.772598 17.630915 17.321459 16.758698 15.959412 15.159029 14.556715,
 49.468830 50.936146 52.388630 53.034012 52.382439 50.972221 49.593933 55.269474 59.190952 63.395523 65.350464 63.451977 59.370762 55.621845 61.153584 68.026352 75.736404 79.429657 75.784782 68.183395 61.455769 63.837307 72.063980 81.498833 86.137939 81.498833 72.063965 63.837307 61.455761 68.183388 75.784790 79.429665 75.736397 68.026344 61.153580 55.621845 59.370758 63.451973 65.350471 63.395519 59.190945 55.269474 49.593929 50.972233 52.382439 53.034012 52.388630 50.936138 49.468830,
 17.405266 17.337719 17.089666 16.520647 15.640385 14.746983 14.067248 19.379383 20.038677 20.470762 20.188393 18.948393 17.335672 16.002031 20.580236 22.214470 23.787251 24.244797 22.808632 20.449169 18.390961 20.231365 22.487408 24.953611 26.179396 24.953611 22.487408 20.231363 18.390961 20.449165 22.808630 24.244791 23.787251 22.214474 20.580233 16.002031 17.335670 18.948393 20.188389 20.470762 20.038683 19.379379 14.067250 14.746977 15.640384 16.520647 17.089666 17.337725 17.405264,
 0.693301 0.880306 1.028676 1.077611 1.002910 0.834784 0.637258 0.735187 0.946464 1.112597 1.167639 1.086779 0.902375 0.683917 0.763261 1.019952 1.235186 1.315702 1.220091 0.996183 0.738964 0.773122 1.067381 1.336843 1.451765 1.336843 1.067381 0.773122 0.738964 0.996183 1.220091 1.315702 1.235186 1.019952 0.763261 0.683918 0.902375 1.086779 1.167639 1.112597 0.946464 0.735187 0.637258 0.834784 1.002910 1.077611 1.028676 0.880306 0.693301,
 7.731367 8.128747 8.526198 8.835657 8.977280 8.930459 8.755666 8.605599 9.397725 10.181004 10.653476 10.663168 10.300507 9.763535 9.683709 10.950473 12.224018 12.845585 12.489406 11.534901 10.474373 10.453579 11.862924 13.283978 13.946420 13.283979 11.862924 10.453579 10.474372 11.534900 12.489408 12.845585 12.224018 10.950473 9.683709 9.763535 10.300507 10.663168 10.653476 10.181003 9.397727 8.605600 8.755665 8.930459 8.977280 8.835657 8.526198 8.128748 7.731369,
 23.626328 24.726223 25.803198 26.311762 25.873838 24.838869 23.789898 26.372704 29.027439 31.813404 33.118221 31.922707 29.213825 26.615162 29.239391 33.846767 38.859337 41.233883 38.966908 34.036236 29.481850 30.628986 36.150936 42.252678 45.183285 42.252678 36.150936 30.628986 29.481850 34.036240 38.966908 41.233875 38.859333 33.846764 29.239391 26.615162 29.213825 31.922709 33.118221 31.813404 29.027437 26.372704 23.789898 24.838873 25.873838 26.311764 25.803194 24.726219 23.626331,
 8.799406 8.844412 8.739454 8.455717 8.044765 7.620975 7.269668 9.779998 10.280646 10.572520 10.448881 9.844594 8.976446 8.181052 10.392203 11.486201 12.474839 12.802496 12.056656 10.657675 9.344449 10.238314 11.709701 13.244071 13.975300 13.244071 11.709701 10.238314 9.344449 10.657675 12.056656 12.802497 12.474840 11.486201 10.392203 8.181053 8.976446 9.844594 10.448882 10.572520 10.280648 9.780000 7.269668 7.620975 8.044765 8.455717 8.739455 8.844412 8.799405,
 0.342491 0.470230 0.581727 0.628650 0.587962 0.478711 0.347570 0.369516 0.512284 0.632508 0.680553 0.634525 0.513435 0.365891 0.393678 0.567398 0.720944 0.782034 0.716899 0.561957 0.387230 0.407202 0.604593 0.792711 0.874748 0.792711 0.604593 0.407202 0.387230 0.561957 0.716898 0.782034 0.720944 0.567398 0.393678 0.365891 0.513435 0.634525 0.680553 0.632508 0.512284 0.369516 0.347570 0.478711 0.587962 0.628650 0.581727 0.470230 0.342491,
 3.729264 4.017593 4.341742 4.601778 4.665579 4.533919 4.321587 4.151744 4.672386 5.211867 5.530939 5.495961 5.160921 4.703605 4.656519 5.461471 6.310444 6.708715 6.426479 5.743658 4.996416 4.998722 5.911193 6.865429 7.325206 6.865429 5.911193 4.998722 4.996416 5.743657 6.426479 6.708715 6.310444 5.461472 4.656519 4.703605 5.160920 5.495961 5.530939 5.211867 4.672386 4.151743 4.321587 4.533919 4.665579 4.601778 4.341741 4.017594 3.729264,
 13.004553 13.595394 14.333588 14.606709 14.012503 13.006798 12.314466 13.963089 15.401454 17.144135 17.928137 16.869678 14.877650 13.341973 14.945552 17.424475 20.430286 21.897217 20.287094 17.126543 14.575292 15.268711 18.272038 21.958109 23.833927 21.958111 18.272038 15.268708 14.575294 17.126547 20.287094 21.897217 20.430288 17.424475 14.945549 13.341975 14.877651 16.869675 17.928137 17.144135 15.401454 13.963088 12.314466 13.006798 14.012502 14.606709 14.333588 13.595394 13.004553,
 4.304214 4.392412 4.387764 4.256589 4.050747 3.854395 3.715516 4.749844 5.103880 5.354000 5.353855 5.074900 4.637575 4.234864 5.078844 5.740206 6.364351 6.610113 6.242858 5.493450 4.784651 5.112144 5.939515 6.809139 7.219973 6.809139 5.939515 5.112144 4.784651 5.493450 6.242858 6.610113 6.364351 5.740205 5.078844 4.234864 4.637575 5.074899 5.353855 5.354001 5.103879 4.749844 3.715516 3.854395 4.050747 4.256589 4.387764 4.392412 4.304214,

Pairwise cross-correlations of the modulus of all oriented sub-bands at the same scale (size QxQ)
 1.653107 2.847536 4.318557 3.059071 2.847536 26.547899 37.598999 10.846317 4.318557 37.598999 86.137939 36.535156 3.059071 10.846317 36.535156 26.179392,
 1.451765 1.554443 2.202438 1.687780 1.554443 13.946418 19.278847 4.939984 2.202438 19.278847 45.183285 18.793152 1.687780 4.939984 18.793152 13.975297,
 0.874748 0.962764 1.264644 1.085527 0.962764 7.325206 10.351111 3.212150 1.264644 10.351111 23.833925 9.664932 1.085527 3.212150 9.664932 7.219973,

Cross-correlations of the modulus of all oriented sub-bands with all oriented sub-bands at the coarser scale (size QxQ)
 1.243224 1.733081 2.578585 1.833366 1.889207 11.943247 17.334801 5.959431 3.152879 17.929989 36.409344 17.530502 2.166141 6.330615 17.465433 12.311872,
 0.915870 1.067378 1.468432 1.237405 1.041170 5.565669 8.592806 3.572647 1.661642 8.209076 17.129272 8.926416 1.138518 2.930239 8.103308 5.966629,

Cross-correlations of the real part of each oriented sub-band with both the real and imaginary part of all phase-doubled oriented sub-bands at the next coarser scale (Q matrices of size 1x2Q, which are computed and stored in a matrix of size Qx2Q)
 0.240762 -0.319372 -0.361439 -0.392480 -0.009773 0.007430 0.031419 0.093022 -0.178391 -5.207664 -5.821532 -1.251816 -0.010544 0.039362 -0.141760 0.024809 -0.513755 -6.893880 -13.247349 -6.687558 -0.048451 -0.062134 -0.325909 0.496414 -0.293681 -1.252982 -5.414693 -5.280119 -0.067950 -0.043338 0.020794 0.637045,
 0.270713 -0.076151 -0.141321 -0.175328 -0.007522 -0.032766 0.033854 0.070286 -0.001786 -1.472762 -1.671459 -0.435106 -0.024007 -0.021204 0.662100 0.174147 -0.223478 -1.902555 -4.100788 -2.543887 -0.040624 0.305760 1.779110 0.995098 -0.081405 -0.328041 -1.848951 -2.160936 -0.045840 0.124742 0.752452 0.839449,
