Low-band skewness and kurtosis
 -1.576907 4.838561,
 -1.389899 4.241086,
 -1.230994 3.740781,
 -1.177664 3.959334,
 -0.802346 2.289352,

High-band variance
 98.548378,

Skewness, kurtosis, variance, mean, maximum and minimum of the reconstructed texture
 113.000000 255.000000 240.635300 649.601074 -1.767133 5.277887

Auto-correlations of the low-frequency bands at each scale
 278.972015 262.942413 251.826248 248.458176 252.839890 264.068481 280.114532 320.012634 294.306580 267.645447 256.109833 267.661255 295.703125 324.300232 371.992126 391.323334 406.010193 411.547791 406.395508 394.355743 379.251038 402.571777 458.650177 510.542480 532.338562 510.542480 458.650177 402.571777 379.251038 394.355743 406.395508 411.547699 406.010193 391.323395 371.992126 324.300232 295.703125 267.661285 256.109833 267.645416 294.306549 320.012634 280.114502 264.068481 252.839890 248.458176 251.826248 262.942383 278.972015,
 269.186279 257.786499 248.568176 243.226562 241.687210 245.102295 253.326019 285.799072 267.451202 250.022018 242.938828 249.873917 267.217712 285.231903 313.046356 324.159973 334.489105 340.207825 338.729095 332.308563 323.134583 334.214813 369.683685 402.945038 417.098419 402.945038 369.683685 334.214813 323.134552 332.308594 338.729034 340.207825 334.489105 324.159973 313.046387 285.231903 267.217712 249.873962 242.938782 250.022003 267.451202 285.799072 253.326019 245.102295 241.687225 243.226532 248.568176 257.786499 269.186279,
 256.808319 251.538742 246.680786 243.480362 241.941711 242.659271 245.389297 273.122345 262.079163 249.460373 242.018051 243.219955 251.567383 260.816772 287.845825 293.042725 296.909515 297.297638 293.271606 287.335815 281.419861 293.423309 313.708405 333.811584 342.582886 333.811554 313.708405 293.423370 281.419861 287.335846 293.271637 297.297668 296.909485 293.042725 287.845825 260.816772 251.567352 243.219955 242.018051 249.460342 262.079102 273.122314 245.389267 242.659286 241.941711 243.480331 246.680756 251.538666 256.808289,
 3.201330 9.293420 15.436966 22.303442 30.417091 37.722542 40.617165 9.074852 14.914312 21.732580 31.023710 40.201775 44.155529 41.365738 15.527472 22.672001 32.645203 43.446888 48.084511 43.879444 35.295059 24.824648 34.470516 45.121681 50.233475 45.121681 34.470516 24.824644 35.295059 43.879448 48.084507 43.446888 32.645203 22.671991 15.527469 41.365738 44.155537 40.201775 31.023706 21.732578 14.914304 9.074848 40.617165 37.722542 30.417093 22.303442 15.436967 9.293416 3.201331,

Auto-correlations of the modulus of each oriented sub-band
 1.318789 1.400281 1.445728 1.441309 1.384143 1.291037 1.180749 1.411516 1.556869 1.650669 1.667224 1.598052 1.456199 1.284735 1.504832 1.729167 1.877675 1.915014 1.839565 1.665699 1.427682 1.484977 1.790438 2.105982 2.255435 2.105982 1.790438 1.484977 1.427682 1.665698 1.839565 1.915014 1.877675 1.729167 1.504832 1.284735 1.456199 1.598052 1.667224 1.650669 1.556869 1.411516 1.180749 1.291037 1.384142 1.441309 1.445728 1.400281 1.318789,
 21.928694 22.623329 23.513979 24.465561 25.214277 25.691992 25.913311 23.570406 25.002697 26.669785 28.057211 28.618147 28.476049 27.908077 25.927320 28.141001 30.538036 32.087910 31.878883 30.529425 28.841503 28.053255 30.462290 32.856045 34.018986 32.856045 30.462290 28.053253 28.841503 30.529425 31.878887 32.087910 30.538036 28.140997 25.927315 27.908077 28.476053 28.618145 28.057211 26.669781 25.002697 23.570400 25.913315 25.691996 25.214277 24.465565 23.513975 22.623322 21.928696,
 54.654919 55.572235 56.587189 57.035511 56.330956 54.965149 53.745152 57.905540 60.727802 63.983158 65.628990 63.943523 60.405140 57.241280 61.170574 66.402649 72.571869 75.750313 72.632790 66.285309 60.800888 62.468861 68.960403 76.675758 80.660294 76.675774 68.960411 62.468861 60.800888 66.285309 72.632797 75.750313 72.571869 66.402641 61.170567 57.241283 60.405132 63.943516 65.628983 63.983158 60.727806 57.905533 53.745152 54.965149 56.330956 57.035507 56.587189 55.572235 54.654922,
 28.250326 27.972206 27.297289 26.205259 24.831419 23.554302 22.546137 30.077528 30.696142 30.777958 30.011837 28.276794 26.246340 24.490250 30.756626 32.558109 33.953621 34.106163 32.330898 29.661789 27.175102 29.651567 32.243149 34.783787 36.030090 34.783787 32.243149 29.651567 27.175106 29.661783 32.330902 34.106163 33.953621 32.558109 30.756628 24.490250 26.246340 28.276798 30.011833 30.777952 30.696144 30.077526 22.546137 23.554302 24.831423 26.205259 27.297287 27.972206 28.250328,
 0.923625 1.097113 1.229110 1.266006 1.187704 1.021795 0.824663 0.954077 1.166635 1.331892 1.385554 1.302577 1.112662 0.882705 0.997686 1.272065 1.502775 1.588941 1.484474 1.240405 0.957146 1.012529 1.339053 1.638838 1.767169 1.638838 1.339053 1.012529 0.957146 1.240405 1.484474 1.588941 1.502775 1.272065 0.997686 0.882705 1.112662 1.302577 1.385554 1.331892 1.166635 0.954077 0.824663 1.021795 1.187703 1.266007 1.229110 1.097113 0.923625,
 15.425378 15.941667 16.630505 17.361689 17.924969 18.159576 18.043818 16.319826 17.369806 18.611448 19.641329 20.111933 19.925297 19.230349 17.684311 19.350937 21.144117 22.256960 22.163069 21.124329 19.682323 19.048155 20.921883 22.723633 23.538673 22.723635 20.921885 19.048155 19.682327 21.124327 22.163069 22.256960 21.144121 19.350937 17.684309 19.230349 19.925297 20.111933 19.641329 18.611448 17.369806 16.319828 18.043818 18.159576 17.924969 17.361691 16.630505 15.941669 15.425377,
 32.866566 33.871941 34.808846 35.163002 34.678802 33.764301 32.904213 34.471828 36.869839 39.371044 40.452953 39.287548 36.893475 34.664574 36.294395 40.324253 44.723026 46.747166 44.666832 40.354614 36.426487 37.167942 41.943218 47.258091 49.828011 47.258091 41.943218 37.167942 36.426487 40.354614 44.666832 46.747166 44.723026 40.324249 36.294392 34.664574 36.893482 39.287548 40.452953 39.371044 36.869839 34.471828 32.904213 33.764301 34.678802 35.163002 34.808849 33.871941 32.866566,
 15.468493 15.506772 15.172483 14.543320 13.834621 13.238936 12.794677 16.402645 17.045324 17.174646 16.686333 15.706471 14.573261 13.628143 16.699169 18.057980 19.048847 19.145739 18.078636 16.388435 14.854673 16.086584 17.832266 19.551903 20.350279 19.551907 17.832266 16.086582 14.854673 16.388435 18.078636 19.145739 19.048847 18.057980 16.699171 13.628143 14.573261 15.706471 16.686333 17.174646 17.045328 16.402643 12.794677 13.238937 13.834621 14.543320 15.172485 15.506772 15.468492,
 0.532399 0.660061 0.762207 0.793247 0.733042 0.605409 0.462508 0.547930 0.696444 0.818305 0.861291 0.802886 0.665224 0.503922 0.564599 0.754622 0.927128 0.998296 0.924092 0.745627 0.546185 0.584060 0.810660 1.031425 1.129252 1.031425 0.810660 0.584060 0.546185 0.745627 0.924092 0.998296 0.927128 0.754622 0.564599 0.503922 0.665224 0.802886 0.861291 0.818305 0.696444 0.547930 0.462508 0.605409 0.733042 0.793247 0.762207 0.660061 0.532399,
 7.634670 8.053717 8.477550 8.816107 8.988611 8.940559 8.690197 8.343284 9.031520 9.735563 10.202948 10.282902 9.969192 9.386844 9.137459 10.154473 11.174208 11.721957 11.520153 10.769082 9.811480 9.719613 10.870726 11.957858 12.446152 11.957858 10.870726 9.719613 9.811479 10.769082 11.520153 11.721957 11.174208 10.154473 9.137459 9.386844 9.969192 10.282901 10.202946 9.735563 9.031520 8.343284 8.690197 8.940559 8.988610 8.816107 8.477549 8.053716 7.634671,
 17.758064 18.156498 18.739605 19.069902 18.749123 17.926563 17.108433 19.065090 20.400173 21.924801 22.682026 21.978819 20.286858 18.605732 20.298243 22.740807 25.434238 26.735958 25.513500 22.750889 20.100920 20.777943 23.808702 27.103626 28.669201 27.103626 23.808702 20.777945 20.100920 22.750893 25.513500 26.735958 25.434238 22.740805 20.298243 18.605734 20.286856 21.978821 22.682026 21.924801 20.400169 19.065090 17.108431 17.926559 18.749119 19.069902 18.739603 18.156496 17.758064,
 8.570731 8.741530 8.762848 8.561487 8.165291 7.680646 7.200276 9.498780 10.052073 10.357737 10.265121 9.754172 8.951468 8.100574 10.033729 11.043071 11.825097 12.046784 11.468323 10.331037 9.130041 9.892685 11.177901 12.352996 12.880546 12.352996 11.177901 9.892685 9.130041 10.331038 11.468323 12.046786 11.825097 11.043070 10.033729 8.100574 8.951466 9.754172 10.265120 10.357737 10.052073 9.498780 7.200276 7.680646 8.165291 8.561489 8.762848 8.741530 8.570731,

Pairwise cross-correlations of the modulus of all oriented sub-bands at the same scale (size QxQ)
 2.255436 4.060846 6.162559 4.861397 4.060846 34.018990 39.170933 8.892619 6.162559 39.170933 80.660301 38.990238 4.861397 8.892619 38.990238 36.030087,
 1.767169 2.620659 3.801214 2.789208 2.620659 23.538675 25.730228 4.056098 3.801214 25.730228 49.828018 21.729458 2.789208 4.056098 21.729458 20.350277,
 1.129252 1.498123 2.228734 1.902415 1.498123 12.446149 13.659760 2.402935 2.228734 13.659760 28.669197 13.298889 1.902415 2.402935 13.298889 12.880546,

Cross-correlations of the modulus of all oriented sub-bands with all oriented sub-bands at the coarser scale (size QxQ)
 1.566965 2.758167 4.344645 3.033847 2.838409 20.018143 23.561453 5.226444 4.432829 22.631180 42.458435 21.270866 3.192529 5.303668 21.821699 19.456060,
 1.099738 1.628208 2.297008 1.813134 1.617245 11.797441 12.744010 2.116588 2.882214 13.408758 24.300465 11.845199 2.055031 2.543388 12.087371 11.246264,

Cross-correlations of the real part of each oriented sub-band with both the real and imaginary part of all phase-doubled oriented sub-bands at the next coarser scale (Q matrices of size 1x2Q, which are computed and stored in a matrix of size Qx2Q)
 0.047142 -0.553257 -0.659831 -0.717675 0.018169 0.041116 0.069572 0.071205 -0.515468 -5.215157 -4.491175 -0.522760 0.017786 0.388232 0.232182 -0.015736 -0.784171 -5.163502 -7.834466 -4.534620 -0.043485 0.333946 -0.050707 0.233551 -0.581933 -0.609932 -3.725690 -5.144067 -0.048173 0.015873 0.001907 0.430944,
 0.195500 -0.259686 -0.285525 -0.326141 0.010968 0.118889 0.107498 0.025277 -0.132674 -2.169465 -1.227956 -0.179005 0.057395 1.314096 1.159898 0.057469 -0.355617 -1.762862 -2.107757 -1.548573 0.004121 1.257336 1.263363 0.160520 -0.245252 -0.127741 -1.258935 -1.970131 -0.046092 0.100079 0.195165 0.171299,
