Low-band skewness and kurtosis
 -1.808332 5.914767,
 -1.710805 5.604282,
 -1.638190 5.419341,
 -1.621247 5.923950,
 -0.873399 2.434487,

High-band variance
 92.005005,

Skewness, kurtosis, variance, mean, maximum and minimum of the reconstructed texture
 107.000000 255.000000 240.856674 679.844788 -1.920920 6.048808

Auto-correlations of the low-frequency bands at each scale
 336.889526 317.078796 304.042969 299.559082 303.861176 316.650879 334.308441 374.222900 346.736786 318.517883 307.081390 319.362061 346.682556 371.780823 416.312836 435.433258 449.671173 455.536713 450.215027 436.074951 418.350372 439.877777 495.362762 548.020264 570.259827 548.020325 495.362854 439.877777 418.350311 436.074890 450.214996 455.536713 449.671173 435.433258 416.312897 371.780792 346.682465 319.362061 307.081299 318.517914 346.736847 374.222931 334.308441 316.650879 303.861145 299.559052 304.042999 317.078857 336.889526,
 310.741211 300.735840 294.719391 292.121948 292.043182 295.963562 303.163910 343.051819 325.029053 305.976746 296.997101 302.200653 317.406616 332.356079 367.179993 376.756500 384.186523 387.504639 384.059326 375.705963 365.880768 378.269562 411.501556 444.251556 458.447479 444.251556 411.501556 378.269592 365.880737 375.705902 384.059387 387.504669 384.186493 376.756500 367.179993 332.356079 317.406616 302.200684 296.997101 305.976715 325.029022 343.051727 303.163940 295.963562 292.043213 292.121979 294.719391 300.735840 310.741211,
 286.105988 279.866302 275.737610 274.343414 275.664856 280.452545 287.428925 310.496368 299.951813 288.924744 283.430420 285.483063 292.876617 300.226410 334.383606 340.080627 344.047699 344.924561 341.004211 333.833710 325.929535 344.471375 364.162506 383.179504 391.438324 383.179504 364.162506 344.471375 325.929535 333.833771 341.004211 344.924561 344.047699 340.080566 334.383606 300.226379 292.876587 285.483063 283.430389 288.924683 299.951813 310.496368 287.428894 280.452545 275.664856 274.343414 275.737549 279.866272 286.106018,
 -7.590976 0.742546 9.600921 20.093853 33.740692 46.090004 49.634121 -0.177190 7.320824 17.196203 32.706421 49.016609 55.607746 48.912632 5.638628 15.919481 33.022358 52.571205 61.221394 52.991840 35.858253 17.162657 34.538353 54.382500 63.774490 54.382500 34.538349 17.162659 35.858253 52.991840 61.221394 52.571205 33.022362 15.919480 5.638629 48.912628 55.607746 49.016609 32.706425 17.196203 7.320821 -0.177189 49.634117 46.090004 33.740685 20.093853 9.600923 0.742543 -7.590976,

Auto-correlations of the modulus of each oriented sub-band
 1.296099 1.396859 1.482830 1.532052 1.526142 1.470368 1.382977 1.383474 1.539524 1.662852 1.718715 1.696020 1.602141 1.462902 1.506717 1.728584 1.891322 1.960639 1.920366 1.770766 1.552612 1.563038 1.843727 2.127057 2.260637 2.127057 1.843727 1.563038 1.552612 1.770765 1.920366 1.960639 1.891322 1.728584 1.506717 1.462902 1.602141 1.696020 1.718714 1.662852 1.539524 1.383474 1.382977 1.470368 1.526142 1.532052 1.482829 1.396859 1.296099,
 24.255671 24.942532 25.896759 27.023714 28.042948 28.781990 29.105947 26.017918 27.428337 29.119297 30.652206 31.466236 31.528370 30.953400 28.451567 30.637424 32.979557 34.582668 34.583046 33.407349 31.694208 30.713039 33.111897 35.370483 36.439285 35.370483 33.111897 30.713039 31.694208 33.407345 34.583038 34.582664 32.979553 30.637428 28.451565 30.953400 31.528370 31.466230 30.652206 29.119295 27.428343 26.017918 29.105946 28.781990 28.042948 27.023718 25.896759 24.942533 24.255671,
 55.022274 55.760574 56.573532 56.968796 56.723351 56.119785 55.462067 59.235130 61.632580 64.119049 65.219467 64.069473 61.729836 59.473682 63.187668 67.561165 72.239227 74.417068 72.136826 67.550529 63.318756 64.898468 70.147652 75.922714 78.778778 75.922714 70.147659 64.898468 63.318752 67.550522 72.136833 74.417068 72.239227 67.561165 63.187668 59.473679 61.729836 64.069473 65.219467 64.119034 61.632584 59.235123 55.462063 56.119789 56.723351 56.968800 56.573532 55.760574 55.022278,
 29.454973 28.897156 28.061232 27.000978 25.852224 24.896704 24.277411 31.547764 31.879297 31.666967 30.730946 29.073412 27.283775 25.888281 32.151028 33.748566 34.860378 34.771484 33.026463 30.547356 28.343431 30.836519 33.227009 35.560368 36.671619 35.560364 33.227013 30.836517 28.343431 30.547356 33.026463 34.771481 34.860374 33.748566 32.151028 25.888283 27.283773 29.073420 30.730946 31.666958 31.879297 31.547762 24.277414 24.896706 25.852228 27.000975 28.061228 28.897156 29.454979,
 0.953876 1.149650 1.312133 1.383588 1.335398 1.188084 0.997946 1.005137 1.233829 1.422419 1.503222 1.443186 1.266310 1.039123 1.068276 1.353622 1.598798 1.703533 1.614971 1.376890 1.090188 1.110550 1.439695 1.737281 1.863255 1.737281 1.439695 1.110550 1.090188 1.376890 1.614971 1.703533 1.598798 1.353622 1.068276 1.039123 1.266310 1.443186 1.503222 1.422419 1.233829 1.005137 0.997947 1.188084 1.335398 1.383588 1.312133 1.149650 0.953876,
 15.314845 15.922395 16.659933 17.404724 17.953133 18.127344 17.864201 16.212261 17.263802 18.455719 19.431351 19.863686 19.626102 18.827555 17.455620 19.031174 20.686285 21.699270 21.591055 20.584278 19.160866 18.622898 20.390654 22.059835 22.809660 22.059839 20.390654 18.622896 19.160866 20.584274 21.591055 21.699270 20.686287 19.031176 17.455622 18.827555 19.626101 19.863686 19.431351 18.455721 17.263803 16.212261 17.864201 18.127340 17.953133 17.404724 16.659933 15.922398 15.314843,
 32.043407 32.442043 33.023552 33.499344 33.444672 32.972160 32.367504 34.105282 35.400185 36.936821 37.899113 37.417427 35.909447 34.295975 36.261082 38.835991 41.722263 43.281216 42.068127 39.144421 36.313629 37.227089 40.544720 44.178326 45.957661 44.178326 40.544720 37.227089 36.313629 39.144421 42.068127 43.281216 41.722263 38.835987 36.261086 34.295975 35.909447 37.417427 37.899113 36.936821 35.400181 34.105282 32.367500 32.972164 33.444675 33.499344 33.023556 32.442043 32.043407,
 17.557787 17.307501 16.760155 16.049973 15.315516 14.654429 14.092538 18.849588 19.171400 18.987020 18.337059 17.343912 16.207644 15.164674 19.220425 20.349895 21.010572 20.911804 19.889996 18.305593 16.751223 18.367765 20.019335 21.505011 22.166101 21.505011 20.019335 18.367765 16.751221 18.305590 19.889992 20.911804 21.010572 20.349894 19.220423 15.164675 16.207644 17.343912 18.337059 18.987020 19.171400 18.849588 14.092538 14.654429 15.315518 16.049974 16.760153 17.307501 17.557787,
 0.493392 0.639977 0.767394 0.827210 0.795801 0.688871 0.552564 0.523279 0.690475 0.830034 0.889513 0.846277 0.719556 0.561263 0.557073 0.758002 0.936774 1.013447 0.946375 0.774403 0.578979 0.592182 0.819577 1.035559 1.129583 1.035559 0.819577 0.592182 0.578979 0.774403 0.946375 1.013447 0.936774 0.758002 0.557073 0.561263 0.719556 0.846277 0.889513 0.830034 0.690475 0.523279 0.552564 0.688871 0.795801 0.827210 0.767394 0.639977 0.493392,
 7.096052 7.608479 8.148380 8.637398 8.963017 9.053979 8.904177 7.798323 8.605357 9.410874 10.008445 10.250896 10.107205 9.644676 8.726968 9.813384 10.859343 11.450955 11.371515 10.785753 9.942266 9.578016 10.692053 11.691256 12.131154 11.691257 10.692053 9.578016 9.942265 10.785752 11.371514 11.450955 10.859343 9.813384 8.726966 9.644676 10.107205 10.250896 10.008445 9.410874 8.605357 7.798322 8.904177 9.053978 8.963017 8.637398 8.148380 7.608479 7.096051,
 20.153872 20.549566 21.042320 21.290474 21.211473 21.038416 20.808640 21.671385 22.768496 23.963898 24.578588 24.276789 23.584358 22.863522 23.480127 25.239763 27.113058 28.071653 27.359016 25.861050 24.410170 24.664953 26.598011 28.650230 29.690298 28.650230 26.598011 24.664953 24.410168 25.861050 27.359016 28.071650 27.113056 25.239763 23.480127 22.863522 23.584358 24.276789 24.578587 23.963898 22.768496 21.671385 20.808640 21.038416 21.211473 21.290472 21.042316 20.549566 20.153872,
 10.472431 10.325483 9.975510 9.480938 8.924887 8.391746 7.934432 11.260610 11.534043 11.478081 11.067790 10.380161 9.583282 8.868194 11.494964 12.296844 12.809639 12.781503 12.096564 11.028565 9.989480 11.009990 12.132387 13.153429 13.606153 13.153429 12.132387 11.009990 9.989481 11.028565 12.096564 12.781503 12.809638 12.296844 11.494962 8.868194 9.583282 10.380161 11.067790 11.478079 11.534043 11.260607 7.934432 8.391746 8.924887 9.480940 9.975509 10.325483 10.472430,

Pairwise cross-correlations of the modulus of all oriented sub-bands at the same scale (size QxQ)
 2.260637 4.832931 6.294431 4.259738 4.832931 36.439293 37.994270 6.015435 6.294431 37.994270 78.778786 38.356972 4.259738 6.015435 38.356972 36.671623,
 1.863255 3.014807 3.989468 2.749197 3.014807 22.809656 22.856756 2.219866 3.989468 22.856756 45.957657 21.279171 2.749197 2.219866 21.279171 22.166096,
 1.129583 1.894013 2.269588 1.540228 1.894013 12.131153 12.617513 1.691469 2.269588 12.617513 29.690298 14.143493 1.540228 1.691469 14.143493 13.606153,

Cross-correlations of the modulus of all oriented sub-bands with all oriented sub-bands at the coarser scale (size QxQ)
 1.599436 3.021294 4.135747 2.621031 3.364363 20.503654 21.771467 3.268752 4.654510 20.239208 40.610542 20.571436 2.886391 2.525934 20.622686 20.180517,
 1.143735 1.928693 2.491684 1.777417 1.896314 11.673987 12.058339 1.354811 2.729324 11.973873 25.420361 12.307421 1.726972 1.298990 12.681888 12.435214,

Cross-correlations of the real part of each oriented sub-band with both the real and imaginary part of all phase-doubled oriented sub-bands at the next coarser scale (Q matrices of size 1x2Q, which are computed and stored in a matrix of size Qx2Q)
 0.113279 -0.496392 -0.572597 -0.531186 0.032539 0.079117 0.031299 -0.050035 -0.501663 -3.300469 -2.777601 -0.404565 0.055581 0.455135 0.614169 0.075315 -0.719225 -2.852707 -5.668305 -3.803287 0.072862 0.425130 1.171306 0.188378 -0.459498 -0.375609 -3.463508 -4.336776 0.066040 0.068633 0.330656 -0.061927,
 0.232575 -0.225121 -0.247028 -0.177568 0.020643 0.183777 0.080800 -0.013412 -0.175397 -1.955667 -2.183914 -0.434275 0.152902 1.139232 0.529777 -0.032952 -0.303642 -2.095610 -4.755979 -2.178661 0.077134 0.854660 0.178953 -0.201412 -0.074849 -0.371669 -2.075809 -1.804294 -0.012370 0.048000 -0.113670 -0.169723,
