Low-band skewness and kurtosis
 -1.888111 6.283726,
 -1.827873 6.343994,
 -1.792211 6.353349,
 -1.588783 7.107751,
 -0.774301 2.493458,

High-band variance
 87.590332,

Skewness, kurtosis, variance, mean, maximum and minimum of the reconstructed texture
 102.000000 255.000000 241.025726 702.431152 -1.996122 6.410214

Auto-correlations of the low-frequency bands at each scale
 371.739685 354.533417 339.985107 334.260040 339.555725 354.263306 373.041077 402.908417 381.194366 356.196442 345.498413 358.006256 385.008942 407.864410 446.752228 465.753510 482.350861 489.860260 484.438080 469.172180 449.482819 470.193878 523.271118 575.847900 598.571411 575.847900 523.271057 470.193878 449.482819 469.172150 484.438141 489.860260 482.350800 465.753479 446.752197 407.864349 385.008942 358.006256 345.498413 356.196442 381.194305 402.908356 373.041016 354.263306 339.555725 334.260040 339.985107 354.533386 371.739716,
 358.603546 348.268036 338.993195 334.426880 335.526794 342.791260 353.675049 378.955963 363.861053 345.890747 337.014923 343.090424 359.511078 374.275116 398.659424 408.615082 417.938751 422.320282 418.472717 408.780792 397.068634 408.319214 441.254852 475.435730 490.575104 475.435730 441.254852 408.319214 397.068665 408.780792 418.472717 422.320282 417.938751 408.615082 398.659424 374.275116 359.511078 343.090424 337.014923 345.890747 363.861053 378.955902 353.675049 342.791260 335.526764 334.426849 338.993195 348.268036 358.603546,
 317.496582 314.853485 314.149719 315.751129 318.004974 320.431122 322.533264 346.765778 341.074188 333.335083 330.090759 334.139221 342.458130 348.204285 370.785370 377.887878 382.679504 383.426147 379.577393 373.743011 367.905579 378.605957 396.193420 414.849609 423.286926 414.849609 396.193420 378.605957 367.905640 373.743011 379.577393 383.426086 382.679504 377.887909 370.785370 348.204224 342.458160 334.139282 330.090759 333.335022 341.074188 346.765717 322.533264 320.431122 318.005035 315.751129 314.149719 314.853485 317.496613,
 -22.826550 -17.602924 -3.972629 18.746332 45.121567 64.029411 67.159630 -17.133417 -4.502902 17.589401 45.868198 68.856384 74.939629 63.391552 -3.030149 18.040035 46.532383 72.500938 81.485100 69.355255 45.582348 19.922741 46.762321 72.974075 84.412582 72.974083 46.762325 19.922745 45.582340 69.355255 81.485100 72.500946 46.532383 18.040041 -3.030148 63.391552 74.939629 68.856384 45.868198 17.589401 -4.502902 -17.133417 67.159637 64.029411 45.121571 18.746336 -3.972630 -17.602926 -22.826546,

Auto-correlations of the modulus of each oriented sub-band
 1.648343 1.755740 1.821586 1.828782 1.773374 1.675843 1.557585 1.752382 1.942906 2.066519 2.097501 2.030545 1.877434 1.678723 1.861376 2.139978 2.334134 2.392009 2.306711 2.101584 1.821083 1.875512 2.220800 2.540773 2.684056 2.540773 2.220800 1.875512 1.821083 2.101584 2.306711 2.392009 2.334134 2.139978 1.861376 1.678723 1.877434 2.030545 2.097501 2.066519 1.942906 1.752382 1.557585 1.675843 1.773374 1.828782 1.821586 1.755740 1.648343,
 23.674919 24.618950 25.969481 27.529928 28.964657 30.082581 30.727558 25.590263 27.310976 29.409647 31.359577 32.565311 32.981709 32.658821 28.514420 30.959051 33.584030 35.457855 35.695168 34.726856 33.106552 31.484987 33.992119 36.296322 37.386196 36.296322 33.992119 31.484987 33.106552 34.726849 35.695168 35.457855 33.584026 30.959051 28.514414 32.658821 32.981705 32.565308 31.359575 29.409647 27.310978 25.590263 30.727558 30.082581 28.964657 27.529930 25.969481 24.618950 23.674917,
 56.096050 56.670334 57.115818 57.244572 56.958668 56.511112 56.093250 59.982883 61.965008 63.766296 64.489182 63.529438 61.706200 59.912205 63.799377 67.593948 71.313965 72.979736 71.114540 67.379402 63.728130 65.404305 70.039574 74.786392 77.087036 74.786392 70.039589 65.404305 63.728130 67.379387 71.114540 72.979736 71.313972 67.593971 63.799377 59.912189 61.706184 63.529438 64.489182 63.766289 61.965012 59.982880 56.093246 56.511101 56.958668 57.244579 57.115822 56.670338 56.096050,
 29.007236 28.607578 27.702118 26.420893 24.982729 23.711786 22.770809 30.636356 31.138670 30.909559 29.850254 28.045816 26.085711 24.462547 30.939344 32.590820 33.636765 33.473377 31.720373 29.244436 26.952034 29.498144 31.889490 34.117500 35.165276 34.117500 31.889490 29.498142 26.952034 29.244434 31.720375 33.473377 33.636761 32.590824 30.939339 24.462547 26.085711 28.045816 29.850254 30.909559 31.138672 30.636353 22.770809 23.711784 24.982731 26.420895 27.702114 28.607580 29.007236,
 1.190660 1.374868 1.512183 1.555322 1.487011 1.334766 1.149860 1.238323 1.483990 1.667480 1.725752 1.638466 1.441583 1.203439 1.285478 1.611041 1.875064 1.969000 1.850834 1.579959 1.265386 1.308223 1.674745 1.997211 2.131183 1.997211 1.674745 1.308223 1.265386 1.579959 1.850834 1.969000 1.875064 1.611042 1.285478 1.203439 1.441583 1.638466 1.725752 1.667480 1.483990 1.238323 1.149860 1.334766 1.487011 1.555322 1.512183 1.374868 1.190660,
 15.436948 16.220116 17.141476 18.158628 19.126896 19.853529 20.182541 16.800394 18.096733 19.478134 20.689894 21.505981 21.757286 21.377104 18.686563 20.470684 22.225952 23.364258 23.537348 22.853895 21.587749 20.548857 22.381680 23.957640 24.630865 23.957642 22.381680 20.548857 21.587749 22.853895 23.537348 23.364262 22.225952 20.470686 18.686563 21.377106 21.757284 21.505981 20.689896 19.478138 18.096733 16.800392 20.182543 19.853529 19.126894 18.158628 17.141476 16.220116 15.436946,
 32.860374 33.076576 33.227863 33.248421 33.018665 32.663635 32.339020 35.370655 36.618443 37.612652 37.938213 37.291965 36.040138 34.722725 37.914974 40.523663 42.768566 43.649708 42.513302 40.093246 37.468708 38.886585 42.162189 45.144135 46.467945 45.144135 42.162197 38.886585 37.468704 40.093243 42.513306 43.649700 42.768566 40.523663 37.914974 34.722721 36.040138 37.291965 37.938213 37.612656 36.618446 35.370655 32.339020 32.663635 33.018665 33.248421 33.227863 33.076580 32.860378,
 18.245678 17.941965 17.350075 16.624666 15.939094 15.404475 15.013918 19.641169 19.929026 19.668510 18.921591 17.863743 16.749651 15.820966 20.007074 21.163912 21.796761 21.597576 20.476557 18.861975 17.342787 19.051802 20.729336 22.235737 22.905573 22.235744 20.729336 19.051800 17.342787 18.861975 20.476555 21.597570 21.796762 21.163912 20.007074 15.820967 16.749651 17.863743 18.921591 19.668516 19.929022 19.641171 15.013918 15.404472 15.939092 16.624668 17.350075 17.941965 18.245680,
 0.572437 0.720426 0.838781 0.881934 0.831682 0.711025 0.567254 0.599862 0.766135 0.900349 0.950154 0.894259 0.757630 0.593348 0.623345 0.827640 1.005196 1.076810 1.003355 0.823790 0.618792 0.644749 0.879475 1.094972 1.186407 1.094972 0.879475 0.644749 0.618792 0.823790 1.003355 1.076810 1.005196 0.827640 0.623345 0.593348 0.757630 0.894259 0.950154 0.900349 0.766135 0.599862 0.567254 0.711025 0.831682 0.881934 0.838781 0.720426 0.572437,
 5.761447 6.293026 6.859617 7.424215 7.910530 8.216700 8.273925 6.606072 7.375967 8.154302 8.777773 9.149641 9.202716 8.911353 7.647382 8.649701 9.632049 10.223700 10.237055 9.793688 9.070748 8.596601 9.606616 10.511345 10.913235 10.511345 9.606616 8.596601 9.070750 9.793689 10.237055 10.223700 9.632048 8.649700 7.647382 8.911353 9.202717 9.149640 8.777773 8.154303 7.375966 6.606072 8.273925 8.216700 7.910531 7.424217 6.859617 6.293025 5.761447,
 16.324961 16.393154 16.594351 16.891129 17.111774 17.156754 17.036341 17.626953 18.260754 19.009022 19.584112 19.646713 19.228374 18.598572 19.013859 20.295898 21.664646 22.457642 22.105560 20.956039 19.688908 19.867674 21.446344 23.049419 23.807587 23.049423 21.446344 19.867676 19.688906 20.956039 22.105562 22.457640 21.664646 20.295897 19.013859 18.598570 19.228373 19.646713 19.584106 19.009018 18.260752 17.626951 17.036339 17.156754 17.111774 16.891129 16.594351 16.393152 16.324961,
 9.909411 10.068023 10.017839 9.732262 9.245339 8.643273 8.005482 10.493316 10.939178 11.110278 10.927113 10.398869 9.636096 8.821609 10.707215 11.496097 12.050441 12.143664 11.620318 10.665183 9.660363 10.374466 11.392347 12.311806 12.719045 12.311806 11.392346 10.374468 9.660363 10.665186 11.620318 12.143662 12.050442 11.496097 10.707215 8.821609 9.636096 10.398869 10.927113 11.110278 10.939177 10.493317 8.005481 8.643273 9.245339 9.732262 10.017838 10.068023 9.909411,

Pairwise cross-correlations of the modulus of all oriented sub-bands at the same scale (size QxQ)
 2.684057 4.715556 6.077125 4.901389 4.715556 37.386185 37.483849 4.651799 6.077125 37.483849 77.087013 35.831802 4.901389 4.651799 35.831802 35.165268,
 2.131183 3.067401 3.625326 3.034718 3.067401 24.630863 22.610521 0.722882 3.625326 22.610521 46.467949 21.037155 3.034718 0.722882 21.037155 22.905573,
 1.186407 1.635977 2.112730 1.727372 1.635977 10.913236 10.062229 0.304137 2.112730 10.062229 23.807589 11.732844 1.727372 0.304137 11.732844 12.719045,

Cross-correlations of the modulus of all oriented sub-bands with all oriented sub-bands at the coarser scale (size QxQ)
 1.902303 3.102352 4.056496 3.118801 3.161840 22.974777 21.855255 0.918760 3.968562 21.406897 42.639633 18.831720 3.098235 1.609443 20.945257 20.830011,
 1.197874 1.673115 2.036725 1.595199 1.676411 11.348021 10.643276 -0.131661 2.178727 10.491710 23.523756 11.081674 1.595993 0.271609 11.547134 11.897974,

Cross-correlations of the real part of each oriented sub-band with both the real and imaginary part of all phase-doubled oriented sub-bands at the next coarser scale (Q matrices of size 1x2Q, which are computed and stored in a matrix of size Qx2Q)
 -0.118637 -1.000266 -0.955329 -0.890140 -0.042012 0.036531 0.031295 0.052585 -0.924802 -5.994164 -4.103158 -0.328781 0.047909 0.720804 0.624287 -0.007772 -1.072367 -4.532481 -5.768476 -3.366839 -0.003658 0.771525 0.334088 -0.241470 -0.858447 -0.394911 -3.049287 -4.683623 -0.087835 0.046102 -0.269134 -0.054845,
 0.153583 -0.272652 -0.330230 -0.312996 -0.010055 0.105297 0.019006 -0.071274 -0.219289 -1.675959 -1.414140 -0.255205 0.072719 1.052605 1.038314 0.027694 -0.330440 -1.495418 -3.378721 -2.053050 0.108915 1.022890 0.607493 -0.357742 -0.208350 -0.265702 -2.111495 -2.252542 0.093144 0.057999 -0.530456 -0.500588,
