Low-band skewness and kurtosis
 -1.464069 4.524727,
 -1.254794 3.918383,
 -1.045706 3.306364,
 -1.010519 3.078627,
 -0.604171 1.980393,

High-band variance
 101.535927,

Skewness, kurtosis, variance, mean, maximum and minimum of the reconstructed texture
 118.000000 255.000000 240.548035 607.276184 -1.681300 4.995148

Auto-correlations of the low-frequency bands at each scale
 203.518311 186.888138 175.579742 171.324356 173.109512 180.417786 193.221863 244.274841 216.246384 188.955673 176.516373 185.679398 211.660187 241.630142 312.545441 331.311615 345.133270 350.025360 345.548218 336.082611 324.557251 361.304321 416.729706 465.823242 486.068665 465.823242 416.729706 361.304321 324.557281 336.082611 345.548218 350.025360 345.133240 331.311584 312.545349 241.630142 211.660156 185.679413 176.516373 188.955627 216.246338 244.274826 193.221893 180.417831 173.109543 171.324326 175.579742 186.888107 203.518295,
 189.835587 180.625946 175.677277 174.760666 175.332458 177.198669 181.161636 207.234619 190.012817 173.123764 165.927429 172.475296 190.200577 210.376709 248.252609 259.709015 267.941193 270.534790 267.632965 263.513672 260.082092 281.046204 314.269287 345.097443 358.172668 345.097443 314.269287 281.046204 260.082123 263.513611 267.632935 270.534790 267.941193 259.709015 248.252579 210.376740 190.200562 172.475296 165.927429 173.123764 190.012848 207.234619 181.161652 177.198639 175.332458 174.760696 175.677277 180.625977 189.835602,
 186.341873 180.843964 176.985458 174.856339 173.762299 174.460159 177.392319 193.427444 183.182449 173.385422 168.743103 171.026886 179.281998 189.359756 214.922318 220.355377 224.897995 227.028351 225.645111 222.614441 219.279541 233.621582 252.071121 269.034332 276.268707 269.034302 252.071121 233.621582 219.279510 222.614441 225.645142 227.028336 224.897934 220.355377 214.922363 189.359756 179.281998 171.026917 168.743073 173.385406 183.182449 193.427475 177.392303 174.460159 173.762314 174.856308 176.985443 180.843979 186.341873,
 9.357941 15.920465 20.370049 23.038555 27.029551 32.042446 34.364937 15.545870 19.690723 22.251041 27.153601 34.038925 37.590328 36.063438 19.996273 23.091402 28.631344 36.992836 41.231293 38.118252 32.461765 25.470058 30.815363 38.715805 43.067394 38.715805 30.815363 25.470055 32.461765 38.118248 41.231293 36.992836 28.631338 23.091402 19.996275 36.063438 37.590332 34.038929 27.153597 22.251043 19.690723 15.545868 34.364941 32.042446 27.029551 23.038551 20.370047 15.920470 9.357941,

Auto-correlations of the modulus of each oriented sub-band
 1.050927 1.147858 1.220725 1.246815 1.214023 1.132580 1.024418 1.154968 1.295751 1.401186 1.440325 1.397577 1.283503 1.134480 1.270346 1.479232 1.627337 1.679954 1.625050 1.472064 1.257785 1.291492 1.571110 1.857906 1.993203 1.857906 1.571110 1.291492 1.257785 1.472064 1.625050 1.679954 1.627338 1.479232 1.270345 1.134480 1.283503 1.397577 1.440325 1.401186 1.295751 1.154968 1.024418 1.132580 1.214023 1.246815 1.220725 1.147859 1.050927,
 18.106379 18.840973 19.785109 20.819099 21.678198 22.286528 22.702776 20.231445 21.673176 23.356758 24.796278 25.468927 25.486767 25.156101 23.090355 25.257158 27.611298 29.157455 29.042706 27.855217 26.395803 25.574295 27.839773 30.117569 31.219059 30.117569 27.839773 25.574295 26.395803 27.855211 29.042709 29.157454 27.611298 25.257162 23.090359 25.156101 25.486765 25.468925 24.796278 23.356758 21.673174 20.231443 22.702776 22.286526 21.678198 20.819099 19.785109 18.840971 18.106382,
 50.169849 51.866474 53.666046 54.420418 53.705830 52.374535 51.312473 54.592243 58.436066 62.891140 65.009506 63.073238 59.188694 55.970806 59.181671 65.567017 73.290604 77.155487 73.490654 66.178780 60.185925 61.566963 69.028641 78.232574 82.963737 78.232574 69.028648 61.566963 60.185925 66.178780 73.490654 77.155479 73.290604 65.567024 59.181671 55.970795 59.188683 63.073238 65.009499 62.891140 58.436077 54.592239 51.312466 52.374523 53.705830 54.420422 53.666050 51.866486 50.169849,
 24.042692 23.642097 22.936943 21.899473 20.620901 19.455549 18.640133 26.234138 26.742069 26.794853 26.025751 24.284410 22.270575 20.672363 27.081806 28.822123 30.278059 30.453978 28.602221 25.845905 23.455400 25.995113 28.540167 31.211573 32.541832 31.211575 28.540167 25.995111 23.455402 25.845903 28.602221 30.453972 30.278055 28.822121 27.081802 20.672369 22.270575 24.284414 26.025745 26.794853 26.742069 26.234138 18.640133 19.455549 20.620901 21.899473 22.936943 23.642097 24.042688,
 0.770604 0.934191 1.070209 1.123465 1.065831 0.920227 0.743376 0.818171 1.017695 1.184874 1.255468 1.195346 1.027083 0.815272 0.883478 1.147975 1.379774 1.481113 1.397804 1.170252 0.895328 0.931785 1.251479 1.544926 1.670509 1.544926 1.251479 0.931785 0.895329 1.170252 1.397804 1.481113 1.379774 1.147976 0.883478 0.815272 1.027082 1.195346 1.255468 1.184875 1.017695 0.818171 0.743376 0.920227 1.065831 1.123465 1.070209 0.934191 0.770604,
 10.808840 11.264977 11.805877 12.330356 12.721733 12.896115 12.846677 11.937025 12.936901 14.011750 14.796634 15.074844 14.877879 14.336706 13.470512 15.029515 16.627771 17.542740 17.347780 16.390516 15.152067 14.788398 16.486334 18.111788 18.856808 18.111788 16.486334 14.788398 15.152065 16.390516 17.347782 17.542742 16.627771 15.029515 13.470510 14.336704 14.877881 15.074847 14.796634 14.011750 12.936901 11.937025 12.846677 12.896114 12.721735 12.330355 11.805875 11.264977 10.808840,
 31.305117 32.238750 33.337715 33.801655 33.320766 32.454418 31.806828 33.940296 36.456341 39.416576 40.812191 39.515797 36.866905 34.696354 36.522865 40.841534 46.034916 48.580105 46.133427 41.166592 37.092487 37.828640 42.898396 49.108322 52.237099 49.108330 42.898396 37.828644 37.092487 41.166592 46.133427 48.580105 46.034916 40.841530 36.522865 34.696354 36.866901 39.515797 40.812191 39.416584 36.456341 33.940296 31.806826 32.454418 33.320763 33.801655 33.337723 32.238750 31.305120,
 15.109083 15.098168 14.910796 14.453480 13.791808 13.144685 12.675926 16.453426 17.020403 17.303341 17.010763 16.070009 14.836960 13.773778 17.110870 18.458353 19.591984 19.834290 18.769478 16.971016 15.302381 16.646486 18.477097 20.317961 21.174850 20.317961 18.477097 16.646486 15.302381 16.971016 18.769476 19.834290 19.591986 18.458353 17.110870 13.773778 14.836960 16.070009 17.010765 17.303341 17.020405 16.453428 12.675928 13.144685 13.791808 14.453480 14.910796 15.098168 15.109085,
 0.419131 0.565467 0.689803 0.742050 0.697068 0.576656 0.431390 0.427614 0.591535 0.727952 0.783528 0.734775 0.604438 0.447189 0.452021 0.643255 0.815513 0.890722 0.826378 0.659668 0.471261 0.480306 0.695368 0.904591 0.997297 0.904591 0.695368 0.480306 0.471261 0.659668 0.826378 0.890722 0.815513 0.643255 0.452021 0.447189 0.604438 0.734775 0.783528 0.727952 0.591535 0.427614 0.431390 0.576656 0.697068 0.742050 0.689803 0.565466 0.419131,
 6.172254 6.561840 6.994066 7.390313 7.631080 7.630968 7.418837 6.739855 7.377744 8.046681 8.500189 8.588637 8.326523 7.840758 7.430635 8.359422 9.325528 9.829038 9.604112 8.912343 8.095057 7.964099 8.987419 10.018395 10.501987 10.018395 8.987419 7.964099 8.095057 8.912344 9.604112 9.829037 9.325528 8.359422 7.430635 7.840758 8.326523 8.588637 8.500189 8.046681 7.377742 6.739855 7.418837 7.630968 7.631080 7.390313 6.994066 6.561839 6.172254,
 17.194765 17.935566 18.913061 19.514137 19.349640 18.787977 18.303015 17.966972 19.556427 21.669725 22.995411 22.566433 21.070131 19.684105 19.268955 21.881149 25.271431 27.222448 26.053308 23.104527 20.572699 20.409079 23.501850 27.364906 29.316053 27.364901 23.501850 20.409079 20.572697 23.104527 26.053308 27.222450 25.271431 21.881149 19.268955 19.684101 21.070131 22.566429 22.995411 21.669724 19.556423 17.966969 18.303011 18.787977 19.349642 19.514137 18.913059 17.935566 17.194769,
 6.586606 6.952099 7.121427 7.038136 6.722268 6.301682 5.905051 7.054921 7.684383 8.113934 8.139356 7.719090 7.045063 6.404529 7.395351 8.318223 9.130856 9.420701 8.909734 7.906436 6.965203 7.368904 8.433524 9.536256 10.058355 9.536256 8.433524 7.368904 6.965203 7.906436 8.909733 9.420702 9.130856 8.318222 7.395352 6.404529 7.045063 7.719090 8.139356 8.113933 7.684382 7.054920 5.905053 6.301682 6.722268 7.038136 7.121426 6.952099 6.586605,

Pairwise cross-correlations of the modulus of all oriented sub-bands at the same scale (size QxQ)
 1.993202 3.443559 5.385560 4.169219 3.443559 31.219065 39.259575 9.976842 5.385560 39.259575 82.963745 37.782890 4.169219 9.976842 37.782890 32.541821,
 1.670508 2.024811 3.323556 2.812085 2.024811 18.856808 23.763945 5.168832 3.323556 23.763945 52.237099 23.544853 2.812085 5.168832 23.544853 21.174849,
 0.997297 1.247055 2.021727 1.438331 1.247055 10.501987 13.622215 3.243228 2.021727 13.622215 29.316053 12.348339 1.438331 3.243228 12.348339 10.058355,

Cross-correlations of the modulus of all oriented sub-bands with all oriented sub-bands at the coarser scale (size QxQ)
 1.445957 2.293080 3.790927 2.797212 2.216352 16.493189 21.594761 5.972455 3.888334 21.358763 41.213718 21.016678 2.955662 6.342130 21.317871 18.157305,
 1.007253 1.269024 2.295689 1.572181 1.492248 9.138225 13.488510 4.313066 2.466773 12.041363 24.203775 12.080568 1.606230 3.216593 10.808159 8.863863,

Cross-correlations of the real part of each oriented sub-band with both the real and imaginary part of all phase-doubled oriented sub-bands at the next coarser scale (Q matrices of size 1x2Q, which are computed and stored in a matrix of size Qx2Q)
 0.182273 -0.437515 -0.566594 -0.611815 -0.022988 -0.013449 0.003815 0.031264 -0.323101 -6.006858 -6.213898 -0.936992 -0.008753 -0.244801 -0.043456 0.102808 -0.723115 -7.091447 -12.427903 -6.398871 -0.008432 -0.328156 0.550341 0.528318 -0.504228 -1.053844 -5.280117 -6.044943 -0.029341 -0.044432 0.451730 0.367928,
 0.247359 -0.123694 -0.191908 -0.238205 0.002113 -0.052320 -0.032628 0.012699 -0.044304 -2.103535 -2.208862 -0.411824 -0.021719 -0.592591 -0.887515 -0.156279 -0.217114 -2.571796 -4.222455 -2.535639 -0.001173 -0.875786 -2.434490 -0.674051 -0.069748 -0.351886 -1.749870 -2.349537 0.016420 -0.209717 -1.027641 -0.353536,
