Low-band skewness and kurtosis
 -1.865945 6.184355,
 -1.777363 5.993786,
 -1.714899 5.932625,
 -1.551177 6.024863,
 -0.862499 2.660738,

High-band variance
 90.524139,

Skewness, kurtosis, variance, mean, maximum and minimum of the reconstructed texture
 102.000000 255.000000 240.983871 699.805603 -1.980881 6.310091

Auto-correlations of the low-frequency bands at each scale
 351.839996 336.128845 324.484680 320.828827 327.403564 344.475525 367.352509 392.550415 364.218811 335.873047 325.000275 339.171204 369.892395 399.376190 441.356140 457.029694 470.290375 476.573700 471.312805 455.727478 435.103241 458.819702 516.096497 569.919250 592.625366 569.919250 516.096558 458.819702 435.103210 455.727325 471.312805 476.573700 470.290283 457.029724 441.356079 399.376099 369.892395 339.171204 325.000244 335.873016 364.218811 392.550446 367.352478 344.475525 327.403564 320.828827 324.484680 336.128876 351.840057,
 341.250061 330.659973 323.793671 321.727356 323.771179 330.719330 341.236237 358.597839 343.305573 329.446594 325.719208 334.540161 350.955597 365.139221 383.391693 393.855347 403.864197 410.023438 409.082062 402.210175 391.854675 401.018494 432.931213 463.618347 476.843994 463.618347 432.931213 401.018494 391.854675 402.210175 409.082062 410.023438 403.864197 393.855347 383.391663 365.139221 350.955597 334.540100 325.719208 329.446564 343.305573 358.597778 341.236237 330.719299 323.771149 321.727417 323.793671 330.659973 341.250061,
 314.144897 312.478790 309.864014 306.336700 302.746857 301.632568 303.421509 340.316193 331.524017 321.981812 317.970245 321.374756 328.889862 333.686462 358.052856 361.866180 366.836426 371.141510 371.193207 366.291748 357.718750 365.366394 384.141815 403.190582 411.593597 403.190582 384.141815 365.366394 357.718750 366.291748 371.193207 371.141510 366.836395 361.866211 358.052917 333.686462 328.889862 321.374756 317.970215 321.981781 331.523987 340.316193 303.421509 301.632568 302.746857 306.336700 309.864014 312.478760 314.144928,
 -18.887148 -10.492509 2.467222 20.463629 42.116657 60.476746 66.861702 -9.555899 2.627459 20.569405 44.472408 66.480858 74.847626 65.975357 4.360442 21.911207 46.622250 71.193130 81.146942 70.674217 48.596821 24.428873 48.186058 72.749275 83.784554 72.749275 48.186058 24.428873 48.596821 70.674217 81.146942 71.193130 46.622257 21.911205 4.360442 65.975349 74.847626 66.480858 44.472408 20.569407 2.627460 -9.555899 66.861702 60.476746 42.116657 20.463631 2.467227 -10.492508 -18.887150,

Auto-correlations of the modulus of each oriented sub-band
 1.408347 1.514517 1.601136 1.648340 1.641286 1.589835 1.512210 1.510140 1.674156 1.787930 1.828448 1.797349 1.705349 1.575515 1.625959 1.850379 2.012129 2.071913 2.018861 1.867558 1.656981 1.653076 1.942766 2.236877 2.375256 2.236877 1.942766 1.653076 1.656981 1.867558 2.018861 2.071913 2.012129 1.850379 1.625959 1.575515 1.705349 1.797349 1.828448 1.787930 1.674156 1.510139 1.512210 1.589835 1.641286 1.648340 1.601136 1.514517 1.408347,
 24.946695 25.977102 27.299778 28.775240 30.060675 30.991756 31.449276 27.010351 28.701004 30.693977 32.502522 33.483177 33.656681 33.150963 29.695536 32.030785 34.560131 36.338753 36.378605 35.224781 33.534241 32.209156 34.643974 36.969868 38.110523 36.969872 34.643978 32.209152 33.534241 35.224773 36.378605 36.338760 34.560127 32.030785 29.695534 33.150963 33.656673 33.483177 32.502522 30.693975 28.701006 27.010351 31.449276 30.991753 30.060680 28.775236 27.299776 25.977108 24.946695,
 59.555775 60.326668 61.056328 61.370762 61.088245 60.536472 59.960468 64.150314 66.320114 68.415932 69.278282 68.123146 65.944168 63.840302 68.268288 72.241531 76.368248 78.243576 76.020187 71.731331 67.758018 69.699532 74.568169 79.864906 82.521164 79.864899 74.568169 69.699532 67.758011 71.731331 76.020187 78.243576 76.368233 72.241531 68.268288 63.840302 65.944160 68.123146 69.278282 68.415924 66.320114 64.150314 59.960468 60.536472 61.088249 61.370766 61.056335 60.326668 59.555763,
 32.727295 32.253754 31.473223 30.513859 29.495234 28.650341 28.023823 34.702496 35.007496 34.749413 33.884769 32.417694 30.891344 29.678997 35.411419 36.802052 37.706963 37.600777 36.043648 33.910427 32.016670 34.314529 36.383980 38.386635 39.373672 38.386635 36.383980 34.314526 32.016670 33.910419 36.043648 37.600777 37.706963 36.802052 35.411419 29.679003 30.891342 32.417698 33.884766 34.749413 35.007496 34.702496 28.023819 28.650337 29.495234 30.513855 31.473219 32.253757 32.727295,
 0.923016 1.106651 1.261168 1.329807 1.283857 1.144377 0.964644 0.957026 1.179574 1.366505 1.447650 1.390729 1.222228 1.005989 0.999453 1.277464 1.518596 1.620606 1.534437 1.306558 1.033885 1.043394 1.355806 1.636674 1.755074 1.636674 1.355805 1.043394 1.033885 1.306558 1.534436 1.620606 1.518596 1.277464 0.999453 1.005989 1.222228 1.390729 1.447650 1.366505 1.179575 0.957026 0.964645 1.144377 1.283857 1.329807 1.261169 1.106651 0.923016,
 14.717833 15.142283 15.709068 16.375881 17.025761 17.517729 17.734718 15.710526 16.562513 17.585142 18.545334 19.190901 19.353012 18.997679 17.205460 18.586994 20.062187 21.076777 21.224068 20.584801 19.462246 18.726194 20.289322 21.702957 22.325729 21.702957 20.289322 18.726194 19.462250 20.584801 21.224072 21.076777 20.062191 18.586998 17.205458 18.997679 19.353012 19.190901 18.545330 17.585142 16.562513 15.710526 17.734718 17.517731 17.025761 16.375881 15.709069 15.142285 14.717831,
 32.122589 32.580051 32.911728 32.960396 32.648243 32.230591 31.856941 35.099907 36.558277 37.834499 38.290321 37.548473 36.120594 34.631245 37.951122 40.716179 43.328220 44.413372 43.093521 40.336174 37.504860 38.973217 42.424774 45.820866 47.394646 45.820869 42.424778 38.973217 37.504860 40.336170 43.093517 44.413372 43.328220 40.716183 37.951115 34.631252 36.120590 37.548466 38.290321 37.834499 36.558277 35.099915 31.856941 32.230591 32.648247 32.960396 32.911724 32.580051 32.122585,
 16.617456 16.533733 16.106688 15.474927 14.844271 14.352710 14.007855 18.054424 18.455149 18.336710 17.719841 16.790348 15.809693 15.015685 18.708311 19.780195 20.421474 20.295918 19.296940 17.843853 16.518639 18.045984 19.535234 20.932003 21.561487 20.932003 19.535234 18.045984 16.518639 17.843853 19.296938 20.295918 20.421474 19.780197 18.708311 15.015686 15.809691 16.790348 17.719841 18.336712 18.455151 18.054424 14.007857 14.352709 14.844271 15.474927 16.106688 16.533733 16.617456,
 0.538281 0.671065 0.786940 0.839232 0.804378 0.700984 0.575237 0.553863 0.699670 0.824489 0.877298 0.837680 0.726811 0.591526 0.585488 0.758121 0.913989 0.980678 0.923922 0.778046 0.611249 0.617527 0.812335 0.997009 1.076967 0.997009 0.812335 0.617527 0.611249 0.778046 0.923922 0.980678 0.913989 0.758121 0.585488 0.591526 0.726811 0.837680 0.877298 0.824489 0.699670 0.553863 0.575237 0.700984 0.804378 0.839232 0.786940 0.671065 0.538281,
 8.813983 9.327765 9.772394 10.142037 10.417441 10.564430 10.556670 9.638557 10.404738 11.083724 11.550312 11.746701 11.668888 11.343882 10.580034 11.606626 12.533283 13.028135 12.943833 12.426227 11.672746 11.363596 12.412897 13.326603 13.721178 13.326603 12.412894 11.363596 11.672745 12.426227 12.943833 13.028135 12.533283 11.606626 10.580032 11.343882 11.668889 11.746701 11.550312 11.083722 10.404737 9.638557 10.556670 10.564430 10.417441 10.142037 9.772394 9.327764 8.813983,
 17.088926 17.230021 17.424633 17.588604 17.605789 17.543528 17.419947 18.574314 19.208963 19.858656 20.189035 19.926243 19.360638 18.802202 19.780319 21.116198 22.481890 23.107796 22.435310 21.086443 19.828936 20.228077 21.877283 23.637098 24.500851 23.637098 21.877283 20.228079 19.828936 21.086443 22.435310 23.107796 22.481890 21.116199 19.780321 18.802200 19.360638 19.926239 20.189039 19.858656 19.208963 18.574314 17.419945 17.543528 17.605789 17.588604 17.424633 17.230021 17.088926,
 7.695633 7.698939 7.587954 7.381124 7.111707 6.806357 6.466264 8.303822 8.540030 8.555718 8.359992 7.988510 7.515059 7.041592 8.530775 9.099362 9.470956 9.501101 9.079708 8.369600 7.674611 8.261142 9.028118 9.744415 10.075817 9.744417 9.028118 8.261142 7.674611 8.369600 9.079708 9.501101 9.470956 9.099361 8.530775 7.041592 7.515059 7.988509 8.359992 8.555718 8.540029 8.303821 6.466265 6.806357 7.111706 7.381124 7.587954 7.698937 7.695632,

Pairwise cross-correlations of the modulus of all oriented sub-bands at the same scale (size QxQ)
 2.375256 4.960897 6.693411 4.743267 4.960897 38.110523 38.691814 5.928799 6.693411 38.691814 82.521172 41.497532 4.743267 5.928799 41.497532 39.373699,
 1.755074 2.911599 3.607127 2.523531 2.911599 22.325729 22.141809 2.118422 3.607127 22.141809 47.394650 22.299963 2.523531 2.118422 22.299963 21.561487,
 1.076967 1.848933 2.020609 1.184840 1.848933 13.721176 12.363653 0.632859 2.020609 12.363653 24.500851 10.485213 1.184840 0.632859 10.485213 10.075817,

Cross-correlations of the modulus of all oriented sub-bands with all oriented sub-bands at the coarser scale (size QxQ)
 1.587001 2.957386 4.247964 2.924740 3.207214 21.270573 22.054079 2.930470 4.211213 20.233585 41.528881 20.417988 2.764760 1.941443 21.132978 20.372929,
 1.106000 1.813683 2.107846 1.361759 2.132252 13.389264 12.596047 1.092888 2.873957 12.406350 23.711922 11.124103 1.662272 0.535239 10.974770 10.895213,

Cross-correlations of the real part of each oriented sub-band with both the real and imaginary part of all phase-doubled oriented sub-bands at the next coarser scale (Q matrices of size 1x2Q, which are computed and stored in a matrix of size Qx2Q)
 0.115138 -0.699501 -0.556384 -0.304104 0.014477 0.047569 0.040221 0.006418 -0.624872 -5.144691 -4.322807 -0.464751 0.046189 0.511537 0.534519 0.064122 -0.652251 -4.682413 -6.328790 -2.502339 0.026261 0.492117 0.616064 0.161417 -0.259079 -0.559326 -2.256139 -2.441216 -0.003740 0.027225 0.073339 0.066283,
 0.239957 -0.450743 -0.240932 0.065408 0.017542 0.074252 0.017289 0.015611 -0.373635 -2.788566 -1.410109 0.002846 0.083378 0.189820 0.055151 -0.018996 -0.271509 -1.961436 -1.113579 -0.071589 0.025270 -0.062414 -0.388569 -0.282848 0.146018 -0.080312 -0.182450 -0.009168 -0.035172 -0.066588 -0.378982 -0.210468,
