Low-band skewness and kurtosis
 -1.361113 4.257498,
 -1.113368 3.575664,
 -0.871613 2.870810,
 -0.785395 2.724562,
 -0.515152 1.832799,

High-band variance
 103.818741,

Skewness, kurtosis, variance, mean, maximum and minimum of the reconstructed texture
 116.000000 255.000000 240.495773 570.057190 -1.597616 4.709433

Auto-correlations of the low-frequency bands at each scale
 154.221283 145.173920 139.902176 138.565018 140.825775 147.564407 159.608719 188.350800 161.156387 137.689850 128.332657 137.668289 161.782303 190.217239 281.593872 290.956238 298.826416 302.033356 298.127960 288.589844 275.142212 335.823547 385.659790 428.164398 445.432800 428.164398 385.659790 335.823547 275.142181 288.589813 298.127960 302.033386 298.826416 290.956238 281.593811 190.217224 161.782288 137.668289 128.332642 137.689819 161.156387 188.350800 159.608765 147.564407 140.825775 138.565048 139.902176 145.173920 154.221252,
 147.817810 143.437790 141.743332 141.956406 142.843109 146.067612 153.048706 167.258026 150.967789 137.820755 133.543854 139.767441 154.955170 173.294876 216.827271 221.712555 226.541245 229.145386 227.210052 222.240585 215.632355 245.744690 275.014862 300.607971 311.234375 300.608002 275.014832 245.744690 215.632385 222.240601 227.210052 229.145386 226.541245 221.712540 216.827271 173.294876 154.955185 139.767441 133.543839 137.820755 150.967773 167.258026 153.048706 146.067627 142.843124 141.956451 141.743347 143.437759 147.817825,
 150.398071 147.416260 145.861221 145.558334 145.765198 147.350906 150.913528 152.255707 143.452240 136.966843 135.583328 139.760910 148.649170 159.011810 179.791901 183.065033 186.636795 189.062119 188.786316 186.785736 183.803757 200.057358 216.073563 230.102493 235.980743 230.102539 216.073563 200.057358 183.803787 186.785736 188.786270 189.062088 186.636795 183.065063 179.791885 159.011810 148.649139 139.760880 135.583328 136.966843 143.452255 152.255707 150.913528 147.350876 145.765182 145.558334 145.861252 147.416275 150.398041,
 11.692689 16.608805 19.590353 21.961363 25.668161 29.613491 30.736801 16.049753 18.693197 20.825050 25.228891 30.600513 32.674618 30.350594 18.222246 20.441870 25.270636 32.031944 34.919060 31.681042 26.306675 21.120035 25.724133 32.489765 36.104671 32.489765 25.724134 21.120035 26.306671 31.681038 34.919060 32.031944 25.270641 20.441877 18.222246 30.350594 32.674610 30.600512 25.228891 20.825050 18.693201 16.049749 30.736795 29.613487 25.668161 21.961363 19.590355 16.608812 11.692687,

Auto-correlations of the modulus of each oriented sub-band
 0.840892 0.931168 0.992230 1.004778 0.963202 0.883054 0.785523 0.907871 1.026578 1.115634 1.145620 1.101120 0.994414 0.863717 1.002670 1.183158 1.307929 1.345855 1.295444 1.168288 0.988711 1.020995 1.261884 1.511981 1.630238 1.511981 1.261884 1.020995 0.988711 1.168288 1.295444 1.345855 1.307929 1.183158 1.002670 0.863717 0.994414 1.101120 1.145620 1.115634 1.026578 0.907871 0.785523 0.883054 0.963202 1.004778 0.992230 0.931168 0.840892,
 16.349270 16.987627 17.857157 18.767677 19.439493 19.862661 20.132351 18.259964 19.561995 21.182894 22.515047 22.974783 22.790749 22.366543 20.767197 22.773308 25.113977 26.629566 26.340670 24.996172 23.547905 22.903469 25.049578 27.393785 28.576029 27.393785 25.049582 22.903467 23.547909 24.996164 26.340668 26.629566 25.113976 22.773308 20.767197 22.366543 22.790747 22.974783 22.515047 21.182894 19.561998 18.259960 20.132351 19.862658 19.439493 18.767677 17.857157 16.987629 16.349272,
 49.284595 50.472668 51.949261 52.633728 51.729183 49.786530 47.934246 54.782246 58.341774 62.586689 64.608513 62.330173 57.527168 53.208874 59.697399 66.314880 74.234222 78.122253 74.071075 65.765503 58.628384 61.356518 69.641136 79.555847 84.535538 79.555847 69.641144 61.356518 58.628372 65.765503 74.071075 78.122238 74.234215 66.314888 59.697388 53.208885 57.527161 62.330166 64.608505 62.586689 58.341774 54.782246 47.934250 49.786522 51.729172 52.633713 51.949272 50.472668 49.284595,
 18.321543 18.151083 17.785984 17.110231 16.150806 15.232451 14.535686 20.616085 21.147757 21.420717 21.000158 19.657831 18.012295 16.637802 21.958128 23.478664 24.889231 25.225233 23.727009 21.392942 19.333401 21.480419 23.672976 26.027847 27.214739 26.027847 23.672976 21.480419 19.333401 21.392942 23.727005 25.225231 24.889225 23.478666 21.958126 16.637804 18.012295 19.657831 21.000158 21.420715 21.147757 20.616081 14.535689 15.232451 16.150806 17.110231 17.785984 18.151085 18.321541,
 0.725160 0.905202 1.049070 1.097895 1.027832 0.869319 0.684146 0.755076 0.953968 1.110834 1.164346 1.091463 0.922053 0.720219 0.791322 1.028275 1.227254 1.303710 1.217993 1.012295 0.772637 0.808213 1.082673 1.334836 1.443188 1.334836 1.082673 0.808213 0.772637 1.012295 1.217993 1.303710 1.227254 1.028275 0.791322 0.720219 0.922053 1.091463 1.164346 1.110834 0.953968 0.755076 0.684146 0.869319 1.027832 1.097895 1.049070 0.905202 0.725160,
 9.405928 9.760266 10.213155 10.680586 11.025554 11.190942 11.228915 10.474012 11.285725 12.171993 12.822136 13.052630 12.904348 12.530912 11.837406 13.145069 14.515960 15.271248 15.066547 14.255053 13.276247 12.978784 14.389748 15.808637 16.471594 15.808637 14.389748 12.978784 13.276246 14.255053 15.066547 15.271248 14.515959 13.145069 11.837406 12.530912 12.904348 13.052630 12.822135 12.171993 11.285725 10.474012 11.228916 11.190942 11.025554 10.680584 10.213155 9.760267 9.405928,
 23.786318 24.759470 25.891052 26.323748 25.482359 23.942905 22.766016 26.376265 29.014826 32.007717 33.279736 31.530605 28.171637 25.481897 28.858372 33.431637 38.778366 41.257099 38.427624 32.861790 28.307138 29.742445 35.211861 41.809708 45.097702 41.809708 35.211861 29.742445 28.307138 32.861782 38.427624 41.257099 38.778366 33.431641 28.858372 25.481901 28.171631 31.530605 33.279736 32.007721 29.014828 26.376266 22.766016 23.942904 25.482361 26.323750 25.891058 24.759470 23.786318,
 9.502120 9.657287 9.641324 9.394813 8.973514 8.512024 8.105301 10.711675 11.291039 11.623517 11.528146 10.951117 10.070391 9.201846 11.579792 12.740252 13.717876 14.035851 13.328645 11.933680 10.538725 11.522937 13.069353 14.582899 15.279490 14.582902 13.069353 11.522937 10.538725 11.933678 13.328645 14.035851 13.717878 12.740252 11.579790 9.201847 10.070392 10.951117 11.528146 11.623520 11.291039 10.711673 8.105302 8.512024 8.973514 9.394814 9.641323 9.657287 9.502120,
 0.362550 0.496345 0.611218 0.655830 0.607284 0.490537 0.357669 0.375046 0.516801 0.636449 0.682128 0.632669 0.511997 0.372596 0.383210 0.543434 0.691794 0.751838 0.687233 0.538753 0.379886 0.388026 0.566409 0.746218 0.827543 0.746218 0.566409 0.388026 0.379886 0.538753 0.687233 0.751839 0.691794 0.543434 0.383210 0.372596 0.511997 0.632669 0.682128 0.636449 0.516801 0.375046 0.357669 0.490537 0.607284 0.655830 0.611218 0.496345 0.362550,
 5.024953 5.273913 5.498024 5.686113 5.798214 5.799730 5.694375 5.455784 5.962403 6.482120 6.837451 6.935684 6.774283 6.428479 6.134334 6.941223 7.786953 8.256030 8.119803 7.571935 6.874870 6.740244 7.651067 8.546877 8.966987 8.546877 7.651067 6.740244 6.874871 7.571936 8.119803 8.256030 7.786953 6.941224 6.134334 6.428479 6.774283 6.935683 6.837451 6.482120 5.962403 5.455783 5.694374 5.799730 5.798214 5.686113 5.498024 5.273913 5.024952,
 13.036280 14.053424 14.766632 14.848397 14.157169 13.118393 12.211061 14.361794 16.284492 18.041922 18.674629 17.594374 15.590371 13.774600 15.533393 18.489031 21.582449 22.951084 21.326799 18.096062 15.222574 15.918853 19.325260 23.132923 24.982359 23.132923 19.325260 15.918853 15.222576 18.096064 21.326799 22.951084 21.582449 18.489029 15.533390 13.774600 15.590371 17.594374 18.674625 18.041920 16.284492 14.361794 12.211060 13.118393 14.157169 14.848396 14.766632 14.053424 13.036277,
 3.996171 4.203978 4.338521 4.316200 4.168458 3.985298 3.808490 4.656199 5.092131 5.388324 5.413289 5.157151 4.724872 4.291075 5.134591 5.840912 6.454949 6.683919 6.314363 5.544997 4.811005 5.173777 6.024573 6.900728 7.316327 6.900728 6.024573 5.173777 4.811005 5.544998 6.314363 6.683918 6.454949 5.840912 5.134592 4.291074 4.724872 5.157151 5.413288 5.388324 5.092132 4.656199 3.808490 3.985298 4.168458 4.316200 4.338521 4.203978 3.996171,

Pairwise cross-correlations of the modulus of all oriented sub-bands at the same scale (size QxQ)
 1.630238 3.042173 4.432355 3.063453 3.042173 28.576027 37.526272 10.666090 4.432355 37.526272 84.535561 37.206871 3.063453 10.666090 37.206871 27.214745,
 1.443188 1.884677 2.688323 1.783319 1.884677 16.471596 20.266174 5.348415 2.688323 20.266174 45.097694 20.010403 1.783319 5.348415 20.010403 15.279489,
 0.827543 0.943287 1.143829 0.882798 0.943287 8.966985 11.264197 2.659648 1.143829 11.264197 24.982355 9.880252 0.882798 2.659648 9.880252 7.316327,

Cross-correlations of the modulus of all oriented sub-bands with all oriented sub-bands at the coarser scale (size QxQ)
 1.206971 1.978756 2.959444 1.935931 2.209438 14.183054 18.251980 6.366359 3.439513 18.436846 35.189140 18.137089 2.188323 6.035258 17.503603 13.073328,
 0.897611 1.042875 1.349093 1.057552 1.282389 7.284064 9.398459 3.339025 1.898050 9.432793 17.751602 8.749179 1.106387 2.985226 8.656857 5.996774,

Cross-correlations of the real part of each oriented sub-band with both the real and imaginary part of all phase-doubled oriented sub-bands at the next coarser scale (Q matrices of size 1x2Q, which are computed and stored in a matrix of size Qx2Q)
 0.241357 -0.356243 -0.454314 -0.449480 0.004205 -0.001252 0.056883 0.022103 -0.228494 -5.311091 -5.446741 -1.244838 0.011098 0.334411 0.921867 0.198310 -0.577683 -6.667417 -13.363624 -7.801846 0.016844 0.521450 2.272882 0.787181 -0.320032 -1.181251 -6.381343 -6.355255 0.003615 0.118481 0.986565 0.489351,
 0.268762 -0.142707 -0.151864 -0.150823 0.001281 0.007350 0.029013 -0.022557 -0.032323 -2.625678 -2.505247 -0.560606 0.007579 0.335909 0.434170 0.078250 -0.231260 -3.358964 -5.619818 -2.935228 0.006522 0.515051 0.986011 0.336106 -0.070003 -0.579723 -2.276900 -2.242801 0.003118 0.067773 0.431878 0.149797,
