Low-band skewness and kurtosis
 -2.225015 8.504766,
 -2.251410 9.286519,
 -2.212553 9.738469,
 -1.316832 8.483169,
 -0.642153 2.555942,

High-band variance
 85.877365,

Skewness, kurtosis, variance, mean, maximum and minimum of the reconstructed texture
 96.000000 255.000000 241.640091 722.991089 -2.270527 8.090114

Auto-correlations of the low-frequency bands at each scale
 396.601990 377.818176 365.902161 363.312958 369.153076 381.680969 397.428284 435.822327 411.180359 385.919159 377.704620 393.179657 422.382629 446.337524 475.733612 495.054657 510.419464 517.482483 513.587830 500.895782 483.302124 494.925476 548.178162 599.517700 621.305420 599.517700 548.178162 494.925476 483.302124 500.895691 513.587830 517.482483 510.419434 495.054657 475.733612 446.337555 422.382629 393.179596 377.704681 385.919159 411.180359 435.822266 397.428314 381.680969 369.153076 363.312958 365.902191 377.818176 396.601990,
 363.760590 358.229584 353.923615 351.607483 352.406555 358.941132 369.864105 399.075928 385.844055 370.220093 362.750977 367.964630 382.097198 394.712189 427.931732 437.842773 446.391174 451.204681 447.986053 436.636139 420.384399 436.737457 471.929871 505.197906 519.342651 505.197968 471.929871 436.737457 420.384399 436.636139 447.985962 451.204681 446.391174 437.842804 427.931702 394.712097 382.097198 367.964569 362.751038 370.220093 385.844055 399.075928 369.864105 358.941132 352.406525 351.607513 353.923553 358.229614 363.760590,
 305.777435 299.954041 295.866699 294.909149 296.480835 300.387909 305.252258 346.824371 342.370972 336.191010 334.305573 338.494995 345.769775 349.752258 376.972809 392.376709 403.852051 408.468231 404.425323 393.596405 378.715332 388.611145 418.362762 444.585480 455.415955 444.585480 418.362762 388.611145 378.715302 393.596497 404.425323 408.468170 403.852051 392.376678 376.972809 349.752258 345.769745 338.494995 334.305573 336.190979 342.370911 346.824280 305.252258 300.387939 296.480835 294.909149 295.866669 299.954041 305.777496,
 -18.196688 -19.305967 -18.656780 -0.625723 38.347485 72.825928 79.310684 -19.779034 -19.565872 -3.726891 38.967922 85.354324 99.433090 79.566376 -16.646530 -0.934215 41.530617 95.074211 116.498558 91.458923 50.001190 7.923811 45.891369 97.546661 123.535400 97.546661 45.891369 7.923809 50.001202 91.458931 116.498558 95.074211 41.530617 -0.934210 -16.646536 79.566391 99.433090 85.354324 38.967922 -3.726891 -19.565866 -19.779032 79.310684 72.825920 38.347485 -0.625725 -18.656782 -19.305967 -18.196686,

Auto-correlations of the modulus of each oriented sub-band
 1.477355 1.555145 1.612911 1.641734 1.627822 1.577811 1.503158 1.562510 1.702549 1.812720 1.860273 1.835918 1.744105 1.611435 1.693002 1.907616 2.064097 2.128784 2.090785 1.949164 1.731635 1.746316 1.998643 2.240033 2.352970 2.240032 1.998643 1.746316 1.731635 1.949164 2.090785 2.128785 2.064096 1.907616 1.693002 1.611435 1.744105 1.835918 1.860273 1.812720 1.702549 1.562509 1.503158 1.577811 1.627822 1.641735 1.612911 1.555145 1.477355,
 27.516472 27.957020 28.716125 29.797977 31.094772 32.464268 33.675884 28.691078 29.809010 31.344925 33.019058 34.451530 35.515312 35.997829 31.141523 32.940353 34.993652 36.681423 37.332584 37.129860 36.261879 34.190273 36.018196 37.652382 38.429375 37.652378 36.018196 34.190273 36.261883 37.129852 37.332588 36.681423 34.993649 32.940357 31.141525 35.997826 35.515305 34.451530 33.019062 31.344919 29.809010 28.691078 33.675888 32.464272 31.094778 29.797976 28.716120 27.957022 27.516470,
 57.538738 57.394295 57.321022 57.360996 57.492863 57.759174 58.125469 61.721306 62.452328 63.206501 63.635918 63.426575 62.965340 62.513035 66.344917 68.415703 70.463951 71.475037 70.600784 68.754295 66.851570 68.571625 71.306244 74.030304 75.358627 74.030304 71.306244 68.571625 66.851570 68.754303 70.600784 71.475044 70.463951 68.415703 66.344917 62.513035 62.965340 63.426575 63.635918 63.206501 62.452324 61.721294 58.125473 57.759167 57.492855 57.360989 57.321030 57.394302 57.538734,
 32.365498 31.464647 30.310307 29.070589 27.873089 26.879559 26.146978 34.331837 34.095314 33.326649 32.122219 30.568617 29.033646 27.761894 34.799835 35.672787 35.973183 35.486431 34.028103 32.167240 30.393831 33.214474 34.933388 36.403202 37.084732 36.403202 34.933388 33.214470 30.393826 32.167240 34.028103 35.486431 35.973175 35.672787 34.799835 27.761894 29.033642 30.568617 32.122215 33.326645 34.095314 34.331829 26.146978 26.879559 27.873093 29.070589 30.310303 31.464651 32.365498,
 0.983392 1.169835 1.325932 1.397076 1.357389 1.228055 1.059718 1.041722 1.260945 1.444202 1.525456 1.474620 1.316147 1.110594 1.117246 1.386571 1.614707 1.711447 1.633837 1.421619 1.161652 1.173077 1.465179 1.717201 1.820920 1.717201 1.465179 1.173077 1.161652 1.421619 1.633837 1.711447 1.614707 1.386571 1.117246 1.110594 1.316147 1.474620 1.525456 1.444202 1.260945 1.041722 1.059718 1.228055 1.357389 1.397076 1.325932 1.169835 0.983392,
 16.218361 17.186028 18.198065 19.211946 20.145681 20.902840 21.379669 17.918404 19.150053 20.381313 21.483757 22.342144 22.811956 22.765976 19.940634 21.427773 22.831480 23.793209 24.121376 23.848930 23.033451 21.900969 23.300896 24.417578 24.886137 24.417578 23.300896 21.900967 23.033453 23.848930 24.121372 23.793205 22.831480 21.427773 19.940630 22.765976 22.811953 22.342140 21.483757 20.381313 19.150055 17.918404 21.379669 20.902840 20.145681 19.211946 18.198063 17.186028 16.218359,
 36.389435 36.586143 36.797382 36.989853 37.122955 37.287197 37.518864 40.182137 40.855396 41.350513 41.540600 41.348591 40.949497 40.492771 43.781910 45.336372 46.513290 46.936001 46.395027 45.191883 43.721607 45.235035 47.254917 48.891193 49.565697 48.891193 47.254913 45.235031 43.721607 45.191887 46.395023 46.936001 46.513294 45.336372 43.781910 40.492771 40.949505 41.348591 41.540600 41.350513 40.855396 40.182137 37.518867 37.287197 37.122955 36.989853 36.797382 36.586143 36.389431,
 19.080458 18.620565 18.024355 17.393852 16.798115 16.302883 15.904001 20.505257 20.449755 20.010027 19.286133 18.423384 17.558987 16.809023 20.981903 21.631706 21.831690 21.513477 20.657619 19.495331 18.368464 20.077213 21.231022 22.194445 22.612638 22.194445 21.231026 20.077213 18.368464 19.495331 20.657619 21.513479 21.831690 21.631706 20.981903 16.809023 17.558983 18.423382 19.286133 20.010029 20.449757 20.505259 15.904001 16.302885 16.798115 17.393852 18.024355 18.620565 19.080463,
 0.641431 0.777929 0.889840 0.930136 0.880215 0.762681 0.624080 0.668565 0.818983 0.944546 0.991772 0.937239 0.805523 0.650214 0.698557 0.884686 1.049746 1.119265 1.053921 0.889302 0.699088 0.727543 0.940925 1.133059 1.213745 1.133059 0.940925 0.727543 0.699088 0.889302 1.053921 1.119265 1.049746 0.884686 0.698557 0.650214 0.805523 0.937239 0.991772 0.944546 0.818983 0.668565 0.624080 0.762681 0.880215 0.930136 0.889840 0.777929 0.641431,
 7.737462 8.368804 8.984185 9.592775 10.149700 10.586672 10.835817 9.260668 10.114594 10.897561 11.512808 11.920182 12.056556 11.883210 10.762650 11.817403 12.755591 13.296774 13.343561 12.981020 12.313042 11.898403 12.915403 13.745423 14.091547 13.745422 12.915403 11.898401 12.313042 12.981020 13.343560 13.296772 12.755593 11.817403 10.762650 11.883210 12.056554 11.920180 11.512808 10.897560 10.114592 9.260668 10.835819 10.586674 10.149699 9.592775 8.984185 8.368803 7.737461,
 17.245422 17.451284 17.714369 17.811954 17.570541 16.987453 16.240494 19.737045 20.398754 21.026363 21.207863 20.712870 19.708666 18.544231 21.575369 22.863819 24.069422 24.499628 23.785936 22.329231 20.757566 21.981052 23.654800 25.254831 25.960686 25.254831 23.654800 21.981052 20.757568 22.329231 23.785936 24.499628 24.069420 22.863819 21.575369 18.544231 19.708666 20.712870 21.207863 21.026363 20.398752 19.737045 16.240492 16.987453 17.570541 17.811953 17.714367 17.451284 17.245420,
 11.701058 11.417523 10.863552 10.124068 9.312262 8.517504 7.781410 12.553825 12.736900 12.507027 11.911050 11.051945 10.036651 9.022790 12.671807 13.432706 13.784555 13.617789 12.887387 11.753908 10.525324 11.909455 13.079707 14.003251 14.379571 14.003251 13.079705 11.909455 10.525325 11.753910 12.887386 13.617789 13.784555 13.432706 12.671805 9.022790 10.036652 11.051944 11.911049 12.507027 12.736898 12.553823 7.781410 8.517504 9.312261 10.124069 10.863553 11.417521 11.701060,

Pairwise cross-correlations of the modulus of all oriented sub-bands at the same scale (size QxQ)
 2.352969 4.895122 6.206817 4.575687 4.895122 38.429394 37.016750 3.366506 6.206817 37.016750 75.358620 36.487507 4.575687 3.366506 36.487507 37.084736,
 1.820919 3.223768 3.704162 2.423229 3.223768 24.886133 23.089624 0.934038 3.704162 23.089624 49.565701 22.987610 2.423229 0.934038 22.987610 22.612637,
 1.213745 2.135540 2.784589 2.052145 2.135540 14.091547 12.896514 1.751787 2.784589 12.896514 25.960684 13.573444 2.052145 1.751787 13.573444 14.379571,

Cross-correlations of the modulus of all oriented sub-bands with all oriented sub-bands at the coarser scale (size QxQ)
 1.597415 3.053454 3.972892 2.645798 3.099555 22.342854 21.440012 1.099940 3.768505 19.564825 43.737057 20.927870 2.622455 0.466533 21.508919 21.520710,
 1.149359 1.779312 2.140291 1.481210 2.010835 12.793167 10.582495 -0.509815 2.931863 12.357974 24.080687 11.417500 1.943018 0.700435 12.146974 12.768394,

Cross-correlations of the real part of each oriented sub-band with both the real and imaginary part of all phase-doubled oriented sub-bands at the next coarser scale (Q matrices of size 1x2Q, which are computed and stored in a matrix of size Qx2Q)
 0.199530 -0.584287 -0.504327 -0.241848 0.058185 0.287142 0.129167 -0.106672 -0.445150 -3.393071 -2.286488 -0.213391 0.256551 1.930481 1.073110 -0.193633 -0.506232 -2.390064 -3.312183 -1.877465 0.243822 1.141232 -0.607594 -1.089807 -0.158796 -0.192696 -1.786821 -2.055640 0.116881 -0.113002 -0.987060 -0.914420,
 0.249036 -0.432980 -0.221547 0.005127 0.007603 -0.116305 -0.145922 -0.159472 -0.317412 -2.738405 -0.955365 0.177886 -0.113596 -0.723270 -0.488143 -0.125403 -0.326704 -1.626899 0.530273 0.516260 0.003791 -0.515273 -1.117206 -1.063719 0.048870 0.045094 0.572766 0.159327 0.123769 -0.030779 -0.820579 -1.168650,
