Low-band skewness and kurtosis
 -1.493827 4.540976,
 -1.263909 3.847333,
 -1.025087 3.060338,
 -1.265194 3.679989,
 -0.728843 2.181626,

High-band variance
 100.396065,

Skewness, kurtosis, variance, mean, maximum and minimum of the reconstructed texture
 115.000000 255.000000 240.516815 627.270630 -1.698858 5.006872

Auto-correlations of the low-frequency bands at each scale
 254.636932 235.205643 221.865585 216.210052 217.857178 227.003937 242.845428 288.986359 257.952240 226.920532 212.642151 222.861404 251.083908 281.437164 341.540985 359.712158 372.825378 377.395660 372.067352 360.185333 345.381348 375.515961 433.232361 485.895752 507.819122 485.895752 433.232361 375.515961 345.381348 360.185272 372.067291 377.395660 372.825348 359.712158 341.540985 281.437195 251.083939 222.861420 212.642181 226.920563 257.952240 288.986359 242.845474 227.003876 217.857178 216.210022 221.865601 235.205673 254.636932,
 249.469986 239.183044 233.495804 232.114182 232.589447 235.209641 240.883606 268.008728 248.061066 228.537140 220.141541 226.739761 244.195160 262.210907 290.925110 299.618652 305.500885 306.532349 302.330017 296.376160 290.615326 304.570709 336.527618 367.585571 380.967194 367.585541 336.527618 304.570709 290.615265 296.376190 302.330017 306.532349 305.500885 299.618652 290.925110 262.210907 244.195160 226.739777 220.141541 228.537140 248.061020 268.008728 240.883606 235.209686 232.589462 232.114182 233.495819 239.183044 249.469986,
 233.364319 230.380463 230.047424 231.721252 233.607117 235.617493 237.811752 252.326294 243.446274 234.760941 230.627121 232.474319 239.451843 247.781158 268.098877 272.171753 274.106415 273.303040 269.515594 265.229828 262.252197 272.455505 288.037079 302.842041 309.245972 302.842041 288.037079 272.455505 262.252197 265.229858 269.515625 273.303040 274.106415 272.171753 268.098816 247.781174 239.451843 232.474319 230.627090 234.760941 243.446228 252.326248 237.811752 235.617493 233.607117 231.721252 230.047424 230.380463 233.364319,
 6.702580 13.385822 19.223013 25.072647 31.703064 37.682934 39.907982 13.269994 18.294319 23.806034 31.558912 39.350239 42.678974 39.734837 17.757105 23.234497 31.794830 41.339458 45.470192 41.509094 33.126812 23.877192 32.491623 42.226562 46.832336 42.226562 32.491627 23.877186 33.126812 41.509094 45.470200 41.339458 31.794830 23.234495 17.757101 39.734840 42.678974 39.350239 31.558914 23.806036 18.294315 13.269990 39.907986 37.682934 31.703064 25.072645 19.223013 13.385822 6.702576,

Auto-correlations of the modulus of each oriented sub-band
 1.169747 1.252927 1.309239 1.323246 1.285024 1.207652 1.112896 1.243391 1.373745 1.462077 1.482895 1.432644 1.323139 1.184339 1.334354 1.530565 1.662571 1.702845 1.646444 1.500720 1.297718 1.338172 1.611768 1.905973 2.048795 1.905973 1.611768 1.338172 1.297718 1.500720 1.646444 1.702845 1.662571 1.530565 1.334354 1.184339 1.323139 1.432644 1.482894 1.462077 1.373745 1.243391 1.112897 1.207652 1.285024 1.323246 1.309239 1.252927 1.169747,
 24.025906 24.911594 26.041536 27.227600 28.075909 28.457993 28.425732 25.842600 27.417906 29.261753 30.806816 31.353687 31.005114 30.126587 28.183405 30.515982 33.063499 34.722973 34.423740 32.839535 30.899181 30.172932 32.742123 35.321457 36.589317 35.321457 32.742126 30.172928 30.899181 32.839531 34.423733 34.722973 33.063499 30.515982 28.183401 30.126589 31.005112 31.353687 30.806816 29.261755 27.417906 25.842600 28.425732 28.457989 28.075909 27.227600 26.041538 24.911594 24.025906,
 59.216888 60.591312 62.105873 62.959908 62.420238 60.942680 59.417328 62.703041 66.144142 70.036163 72.038345 70.303459 66.428177 62.870010 66.071068 72.046059 79.050224 82.622482 79.231583 72.249771 66.235626 67.596321 74.779839 83.348114 87.736961 83.348114 74.779839 67.596336 66.235611 72.249748 79.231583 82.622475 79.050209 72.046059 66.071075 62.870010 66.428185 70.303459 72.038345 70.036163 66.144142 62.703045 59.417328 60.942684 62.420235 62.959900 62.105873 60.591312 59.216900,
 27.461763 27.121805 26.462389 25.492495 24.330811 23.313454 22.622894 29.360989 29.987982 30.072128 29.295759 27.576775 25.624189 24.091387 29.924290 31.869370 33.410740 33.566730 31.666708 28.855726 26.397295 28.729919 31.461742 34.249474 35.611568 34.249474 31.461742 28.729919 26.397295 28.855722 31.666706 33.566727 33.410732 31.869370 29.924280 24.091393 25.624189 27.576778 29.295753 30.072128 29.987982 29.360987 22.622892 23.313456 24.330814 25.492493 26.462389 27.121809 27.461763,
 0.838462 1.013175 1.150585 1.192693 1.118540 0.959622 0.775706 0.876018 1.072545 1.225863 1.276860 1.203871 1.035553 0.834358 0.915186 1.156406 1.360646 1.441550 1.355398 1.142415 0.894261 0.942731 1.234023 1.505839 1.623640 1.505839 1.234023 0.942731 0.894261 1.142415 1.355398 1.441550 1.360646 1.156406 0.915186 0.834358 1.035553 1.203871 1.276860 1.225863 1.072545 0.876018 0.775706 0.959622 1.118540 1.192693 1.150585 1.013175 0.838462,
 13.742654 14.290499 14.876719 15.396994 15.720479 15.773082 15.577781 14.708603 15.716084 16.770170 17.517962 17.727549 17.406418 16.715643 15.935565 17.489172 19.079763 19.959572 19.713247 18.658180 17.306372 16.985487 18.723949 20.397125 21.157818 20.397125 18.723951 16.985487 17.306370 18.658182 19.713247 19.959572 19.079763 17.489172 15.935567 16.715643 17.406416 17.727549 17.517962 16.770170 15.716084 14.708604 15.577782 15.773082 15.720479 15.396994 14.876722 14.290502 13.742654,
 31.829245 32.970409 34.083885 34.438728 33.777534 32.738102 31.899055 33.947033 36.329510 38.969692 40.138344 38.780632 36.151230 33.891052 35.961189 39.907951 44.527084 46.786045 44.463894 39.807079 35.844013 36.747288 41.484261 47.135395 49.998577 47.135399 41.484257 36.747288 35.844017 39.807079 44.463894 46.786049 44.527088 39.907951 35.961189 33.891052 36.151230 38.780624 40.138344 38.969700 36.329510 33.947033 31.899055 32.738106 33.777531 34.438728 34.083893 32.970409 31.829245,
 16.214211 16.306524 16.097349 15.579082 14.847277 14.075050 13.406999 17.213755 17.882431 18.148638 17.828169 16.901394 15.633147 14.426924 17.622768 19.037067 20.137087 20.363216 19.354456 17.569611 15.797820 17.065434 18.966579 20.771841 21.588064 20.771845 18.966579 17.065432 15.797817 17.569611 19.354456 20.363216 20.137087 19.037067 17.622768 14.426924 15.633147 16.901394 17.828169 18.148638 17.882431 17.213757 13.407001 14.075050 14.847275 15.579082 16.097347 16.306524 16.214207,
 0.399314 0.545271 0.665063 0.710555 0.664117 0.548299 0.411043 0.412676 0.566860 0.692134 0.738884 0.688921 0.566724 0.422761 0.426960 0.605120 0.764235 0.831907 0.770659 0.615941 0.440840 0.450957 0.652673 0.844337 0.927978 0.844337 0.652673 0.450957 0.440840 0.615941 0.770659 0.831907 0.764235 0.605120 0.426960 0.422761 0.566724 0.688921 0.738885 0.692134 0.566860 0.412676 0.411043 0.548299 0.664117 0.710555 0.665063 0.545271 0.399314,
 4.757867 4.974182 5.204175 5.423896 5.567935 5.607717 5.557174 5.305694 5.734572 6.169421 6.484207 6.586155 6.451982 6.140115 5.902925 6.600986 7.319720 7.699287 7.568097 7.091312 6.475663 6.364994 7.152586 7.936267 8.304614 7.936267 7.152586 6.364994 6.475663 7.091312 7.568097 7.699287 7.319720 6.600986 5.902925 6.140115 6.451982 6.586155 6.484208 6.169421 5.734572 5.305693 5.557175 5.607716 5.567935 5.423896 5.204175 4.974182 4.757867,
 13.700164 13.860075 14.199622 14.518200 14.573178 14.410615 14.151928 14.407927 15.208814 16.433849 17.277481 17.075012 16.169107 15.201235 15.160182 16.752695 18.948910 20.266336 19.498915 17.544607 15.795532 15.742772 17.774708 20.341969 21.668722 20.341969 17.774708 15.742772 15.795530 17.544609 19.498915 20.266336 18.948910 16.752697 15.160182 15.201234 16.169106 17.075012 17.277477 16.433847 15.208814 14.407927 14.151927 14.410615 14.573178 14.518199 14.199619 13.860074 13.700164,
 7.390286 7.468113 7.400808 7.212952 6.942689 6.638730 6.346801 8.015532 8.362391 8.527637 8.434361 8.069817 7.527228 6.977911 8.335701 9.013763 9.555889 9.709406 9.291547 8.485067 7.658976 8.187844 9.079472 9.928649 10.311990 9.928649 9.079471 8.187844 7.658976 8.485067 9.291546 9.709406 9.555889 9.013763 8.335701 6.977911 7.527229 8.069816 8.434361 8.527637 8.362390 8.015532 6.346801 6.638731 6.942688 7.212952 7.400808 7.468113 7.390285,

Pairwise cross-correlations of the modulus of all oriented sub-bands at the same scale (size QxQ)
 2.048795 4.233959 6.412164 4.432345 4.233959 36.589298 43.169052 9.846534 6.412164 43.169052 87.736969 40.642441 4.432345 9.846534 40.642441 35.611572,
 1.623640 2.474586 3.724783 2.656832 2.474586 21.157822 24.339020 4.942390 3.724783 24.339020 49.998573 23.434286 2.656832 4.942390 23.434286 21.588064,
 0.927978 1.212667 1.846602 1.304648 1.212667 8.304613 9.503047 1.770620 1.846602 9.503047 21.668722 10.756810 1.304648 1.770620 10.756810 10.311989,

Cross-correlations of the modulus of all oriented sub-bands with all oriented sub-bands at the coarser scale (size QxQ)
 1.404423 2.611297 4.225107 2.836511 2.853114 18.981792 23.370481 6.436491 4.689067 22.811848 43.265148 22.900217 3.020103 5.838746 22.409401 19.420696,
 0.958456 1.426056 2.294194 1.590061 1.511815 9.568484 11.396137 2.402010 2.428839 11.128131 22.038498 11.020529 1.511167 2.510014 11.719525 10.354328,

Cross-correlations of the real part of each oriented sub-band with both the real and imaginary part of all phase-doubled oriented sub-bands at the next coarser scale (Q matrices of size 1x2Q, which are computed and stored in a matrix of size Qx2Q)
 0.173761 -0.380835 -0.538884 -0.598244 -0.004380 0.029050 0.017727 0.052106 -0.268742 -4.312205 -4.038826 -0.694531 -0.003526 0.181024 0.082941 0.056835 -0.685482 -4.593612 -8.466530 -5.250502 -0.055566 0.182265 0.503515 0.398783 -0.540704 -0.608244 -4.261199 -5.314195 -0.065614 0.031956 0.364325 0.400880,
 0.289175 -0.069237 -0.220385 -0.175976 -0.036629 0.066248 0.132296 0.127125 0.033666 -1.144518 -1.633337 -0.312105 0.021887 0.967444 0.707586 0.130355 -0.168192 -1.361182 -4.068445 -2.396597 -0.019572 0.988658 1.642808 1.377402 -0.052603 -0.231652 -2.237780 -2.228040 -0.071648 0.071606 1.084279 1.403926,
