Low-band skewness and kurtosis
 -1.409291 4.486176,
 -1.182455 3.863567,
 -0.923650 3.122063,
 -0.983177 3.204501,
 -0.288962 1.751845,

High-band variance
 103.051414,

Skewness, kurtosis, variance, mean, maximum and minimum of the reconstructed texture
 118.000000 255.000000 240.542099 575.519043 -1.624992 4.842956

Auto-correlations of the low-frequency bands at each scale
 165.544571 155.263367 148.103592 145.344009 146.419510 151.366409 160.586533 198.673691 174.318054 151.219742 140.566498 147.997162 169.856934 195.502686 287.142456 299.020660 308.460083 311.742035 307.676941 299.388916 288.908203 347.202972 393.727417 434.788757 451.755707 434.788727 393.727417 347.202942 288.908203 299.388855 307.676941 311.742035 308.460083 299.020660 287.142456 195.502670 169.856918 147.997162 140.566498 151.219742 174.318024 198.673737 160.586563 151.366364 146.419540 145.343979 148.103592 155.263351 165.544601,
 156.867706 149.460587 145.752136 145.766220 147.676651 151.818863 158.613953 167.277618 153.616577 141.742416 137.449829 142.855286 156.678650 173.349533 221.917862 229.729889 235.611618 237.399399 234.081985 228.618454 222.969528 259.665741 287.363800 311.896667 322.174072 311.896667 287.363800 259.665741 222.969528 228.618469 234.081985 237.399429 235.611618 229.729889 221.917847 173.349533 156.678680 142.855331 137.449860 141.742416 153.616577 167.277603 158.613953 151.818863 147.676651 145.766190 145.752136 149.460587 156.867706,
 148.570068 146.378998 145.633255 145.681015 145.122620 144.664551 145.325287 162.849777 154.495132 146.655197 143.340454 145.959656 153.698547 162.816406 187.169998 190.864395 194.256531 196.073578 195.317734 193.495621 191.338913 204.951141 220.973618 235.735428 242.053024 235.735428 220.973602 204.951141 191.338898 193.495667 195.317780 196.073578 194.256531 190.864365 187.169998 162.816391 153.698563 145.959656 143.340439 146.655197 154.495102 162.849747 145.325287 144.664551 145.122620 145.681015 145.633224 146.378983 148.570053,
 16.099174 19.870428 19.981991 21.416515 29.016792 38.810734 42.327118 19.910234 19.827366 20.713324 28.819811 40.465145 45.233994 40.197773 20.313160 21.120192 29.059086 42.038979 47.896969 41.541962 31.224443 22.868111 29.911680 42.393017 49.181652 42.393009 29.911686 22.868114 31.224443 41.541954 47.896980 42.038986 29.059080 21.120197 20.313162 40.197769 45.233990 40.465145 28.819809 20.713322 19.827366 19.910231 42.327110 38.810730 29.016796 21.416513 19.981983 19.870426 16.099174,

Auto-correlations of the modulus of each oriented sub-band
 0.973196 1.069217 1.133989 1.144635 1.095282 1.002863 0.893001 1.045656 1.171998 1.258512 1.280823 1.230426 1.119761 0.980489 1.122909 1.302606 1.428995 1.468478 1.410988 1.271199 1.084115 1.128078 1.383131 1.634487 1.749277 1.634487 1.383131 1.128078 1.084115 1.271199 1.410988 1.468478 1.428995 1.302606 1.122909 0.980489 1.119761 1.230426 1.280823 1.258512 1.171998 1.045656 0.893001 1.002863 1.095282 1.144635 1.133989 1.069217 0.973196,
 15.256041 15.928936 16.808691 17.694132 18.343487 18.760967 19.043016 17.237373 18.529202 20.089596 21.331808 21.753656 21.582022 21.191212 19.793272 21.716909 23.922167 25.313602 25.025480 23.762287 22.408691 21.877542 23.902529 26.099104 27.194981 26.099104 23.902531 21.877542 22.408693 23.762289 25.025475 25.313602 23.922167 21.716911 19.793272 21.191212 21.582016 21.753654 21.331808 20.089594 18.529205 17.237373 19.043018 18.760967 18.343487 17.694130 16.808691 15.928936 15.256041,
 49.822369 51.243050 52.825047 53.619061 52.946255 51.317371 49.627083 55.336739 58.930939 63.056534 65.103508 63.149975 58.843010 54.855862 60.886806 67.266830 74.746208 78.470375 74.780487 67.115204 60.428474 63.105164 70.956764 80.228287 84.892120 80.228287 70.956764 63.105164 60.428467 67.115196 74.780479 78.470360 74.746223 67.266830 60.886806 54.855858 58.843010 63.149975 65.103500 63.056534 58.930935 55.336739 49.627083 51.317371 52.946255 53.619061 52.825047 51.243050 49.822380,
 19.496971 19.403698 19.106911 18.448467 17.435658 16.405449 15.651721 21.491282 22.120426 22.496214 22.144854 20.780880 19.020578 17.609360 22.619080 24.223255 25.775333 26.216909 24.677692 22.192537 20.095570 22.104704 24.352892 26.874250 28.155062 26.874250 24.352892 22.104704 20.095568 22.192535 24.677692 26.216909 25.775333 24.223249 22.619080 17.609360 19.020576 20.780880 22.144854 22.496212 22.120424 21.491282 15.651722 16.405449 17.435658 18.448469 19.106911 19.403698 19.496971,
 0.723321 0.912263 1.063267 1.116384 1.046124 0.882330 0.688684 0.752135 0.962138 1.127113 1.183904 1.108808 0.931229 0.716735 0.773497 1.021360 1.231843 1.313438 1.223109 1.006365 0.755108 0.782948 1.064040 1.325740 1.439112 1.325740 1.064040 0.782948 0.755108 1.006365 1.223109 1.313438 1.231843 1.021360 0.773497 0.716735 0.931229 1.108808 1.183904 1.127113 0.962138 0.752135 0.688684 0.882330 1.046124 1.116384 1.063267 0.912263 0.723321,
 8.256007 8.585857 9.029079 9.498057 9.876376 10.107287 10.220425 9.131100 9.879771 10.766032 11.468782 11.756652 11.653773 11.333921 10.410485 11.672863 13.060390 13.886187 13.731909 12.918365 11.947417 11.580296 12.984890 14.428513 15.108221 14.428513 12.984889 11.580296 11.947415 12.918364 13.731909 13.886187 13.060391 11.672863 10.410484 11.333921 11.653773 11.756650 11.468782 10.766030 9.879771 9.131100 10.220425 10.107287 9.876376 9.498057 9.029081 8.585856 8.256008,
 28.814253 29.633387 30.761553 31.402372 31.029905 29.981544 28.838936 31.410242 33.910957 36.852013 38.278461 37.011845 34.138874 31.413786 34.148251 38.724270 44.000946 46.523727 44.067070 38.837360 34.160210 35.382202 40.980106 47.422829 50.558285 47.422829 40.980106 35.382202 34.160210 38.837353 44.067070 46.523727 44.000946 38.724270 34.148251 31.413786 34.138874 37.011841 38.278461 36.852013 33.910957 31.410242 28.838936 29.981544 31.029909 31.402372 30.761553 29.633387 28.814253,
 10.928418 11.054976 11.066749 10.848763 10.439187 9.985110 9.590180 12.075315 12.661564 13.091178 13.036092 12.398968 11.455237 10.586225 12.908878 14.118142 15.231227 15.596327 14.793938 13.296882 11.879117 12.855805 14.456491 16.097795 16.863888 16.097795 14.456491 12.855805 11.879117 13.296882 14.793937 15.596328 15.231227 14.118142 12.908876 10.586225 11.455237 12.398968 13.036093 13.091178 12.661566 12.075316 9.590181 9.985110 10.439187 10.848764 11.066749 11.054976 10.928418,
 0.384911 0.528044 0.653281 0.703078 0.650205 0.519931 0.368496 0.404477 0.551925 0.675442 0.721596 0.667344 0.536475 0.383609 0.415828 0.584941 0.732818 0.790097 0.724463 0.571414 0.400894 0.420094 0.611772 0.794632 0.874383 0.794631 0.611771 0.420094 0.400894 0.571414 0.724463 0.790097 0.732818 0.584941 0.415828 0.383609 0.536475 0.667344 0.721596 0.675442 0.551925 0.404477 0.368496 0.519931 0.650205 0.703078 0.653281 0.528044 0.384911,
 4.361533 4.538741 4.760867 5.013535 5.246986 5.403855 5.466476 5.006029 5.496799 5.994540 6.351898 6.484810 6.395391 6.151186 5.796144 6.611449 7.418402 7.844330 7.704257 7.182302 6.547346 6.413517 7.303711 8.171830 8.570090 8.171830 7.303710 6.413517 6.547346 7.182303 7.704257 7.844330 7.418402 6.611449 5.796144 6.151185 6.395390 6.484810 6.351897 5.994540 5.496799 5.006028 5.466476 5.403856 5.246986 5.013535 4.760867 4.538741 4.361533,
 11.473307 11.940504 12.672380 13.093762 12.669016 11.846194 11.365648 12.912124 14.380482 16.346016 17.334934 16.242321 14.115179 12.552760 14.347980 16.933046 20.328379 22.037422 20.203543 16.682440 14.021456 14.843132 17.966576 22.091871 24.250147 22.091867 17.966576 14.843132 14.021456 16.682440 20.203543 22.037422 20.328375 16.933044 14.347980 12.552760 14.115181 16.242319 17.334934 16.346014 14.380479 12.912126 11.365650 11.846196 12.669014 13.093761 12.672382 11.940501 11.473307,
 5.106020 5.281091 5.367564 5.238315 4.918486 4.551516 4.266852 5.623523 6.007485 6.320437 6.341431 5.977109 5.377422 4.821407 5.957413 6.621496 7.309099 7.601372 7.175893 6.282602 5.450365 5.899108 6.778120 7.756525 8.223765 7.756525 6.778120 5.899107 5.450366 6.282601 7.175893 7.601372 7.309099 6.621495 5.957412 4.821407 5.377421 5.977108 6.341431 6.320437 6.007485 5.623522 4.266852 4.551516 4.918485 5.238315 5.367564 5.281091 5.106020,

Pairwise cross-correlations of the modulus of all oriented sub-bands at the same scale (size QxQ)
 1.749277 3.002815 4.556934 3.459689 3.002815 27.194986 37.103558 10.691114 4.556934 37.103558 84.892136 37.358921 3.459689 10.691114 37.358921 28.155041,
 1.439112 1.645146 2.417505 2.064600 1.645146 15.108225 21.213106 6.282163 2.417505 21.213106 50.558277 22.512522 2.064600 6.282163 22.512522 16.863888,
 0.874383 0.963134 1.376734 1.246011 0.963134 8.570091 11.032450 3.086656 1.376734 11.032450 24.250151 10.375389 1.246011 3.086656 10.375389 8.223764,

Cross-correlations of the modulus of all oriented sub-bands with all oriented sub-bands at the coarser scale (size QxQ)
 1.255489 2.016932 3.113570 2.242402 2.056044 13.262238 19.080841 6.824787 3.408727 18.954151 39.209633 19.887833 2.411895 7.005499 19.816397 14.328343,
 0.904713 1.100849 1.515530 1.358664 1.141095 7.296022 9.521876 3.372338 1.969080 10.820141 20.197714 10.270054 1.440567 4.012479 10.363645 7.540818,

Cross-correlations of the real part of each oriented sub-band with both the real and imaginary part of all phase-doubled oriented sub-bands at the next coarser scale (Q matrices of size 1x2Q, which are computed and stored in a matrix of size Qx2Q)
 0.160699 -0.367633 -0.440480 -0.530403 -0.002535 -0.010418 0.002589 -0.016475 -0.251623 -5.223165 -5.788088 -1.338414 -0.001918 -0.016927 0.351644 0.058986 -0.596367 -6.643381 -14.282793 -7.734168 0.000628 0.267104 1.355069 0.389752 -0.437308 -1.208196 -6.464264 -6.282815 0.002911 0.152298 0.662403 0.199918,
 0.260496 -0.167726 -0.166819 -0.165290 0.024913 -0.006500 -0.001851 -0.011638 -0.011956 -2.293600 -1.983184 -0.393749 0.021840 -0.394858 -0.094430 0.215615 -0.212656 -2.564337 -4.301883 -2.423302 0.018920 -0.474593 0.972145 1.041813 -0.083461 -0.371712 -1.864922 -2.036606 0.028139 -0.026470 0.810836 0.582359,
