Low-band skewness and kurtosis
 -1.589705 4.932363,
 -1.414789 4.398464,
 -1.234609 3.804471,
 -1.255103 4.008630,
 -0.790698 2.232072,

High-band variance
 100.907700,

Skewness, kurtosis, variance, mean, maximum and minimum of the reconstructed texture
 113.000000 255.000000 240.662949 644.912170 -1.777853 5.352181

Auto-correlations of the low-frequency bands at each scale
 264.377258 248.699356 238.418320 234.557953 237.648010 249.013596 267.578430 308.248047 277.854980 248.988495 237.088165 248.588165 276.540985 304.843231 369.061523 382.578003 393.440125 398.226440 393.096100 378.896973 359.249390 395.813782 452.212128 503.630981 525.001770 503.630981 452.212189 395.813782 359.249420 378.896942 393.096039 398.226501 393.440125 382.577972 369.061462 304.843262 276.540985 248.588181 237.088165 248.988495 277.854980 308.248047 267.578400 249.013596 237.648041 234.557938 238.418289 248.699356 264.377289,
 249.394974 241.254364 237.253784 236.372910 237.514908 242.624863 252.175400 275.324585 256.857849 239.627670 232.809113 239.494263 256.153717 273.126068 311.345642 318.346436 323.951813 326.173767 322.423126 314.218658 303.834961 325.774170 358.822571 390.003326 403.284393 390.003326 358.822571 325.774170 303.834991 314.218658 322.423187 326.173767 323.951874 318.346436 311.345612 273.126068 256.153687 239.494263 232.809113 239.627670 256.857849 275.324585 252.175446 242.624863 237.514893 236.372940 237.253784 241.254379 249.394958,
 231.635666 228.954987 227.195450 225.716232 224.356430 225.104599 228.751068 255.181290 244.765869 235.013229 230.945953 234.135559 242.669937 251.074554 280.079193 282.452637 284.830841 286.053497 283.787384 278.317810 270.942413 285.786957 304.390106 322.081909 329.688751 322.081909 304.390106 285.786957 270.942413 278.317810 283.787354 286.053436 284.830841 282.452637 280.079193 251.074554 242.669937 234.135529 230.945938 235.013229 244.765869 255.181244 228.751022 225.104584 224.356430 225.716202 227.195450 228.954987 231.635651,
 6.911142 11.407822 15.403030 21.380735 30.329969 38.790417 41.175930 11.142983 14.048084 19.396538 29.736099 40.725914 44.778728 39.469872 13.579925 18.548456 29.556162 42.794044 48.223106 41.945976 30.166315 19.287041 29.840704 43.328579 49.899300 43.328575 29.840704 19.287039 30.166315 41.945980 48.223110 42.794044 29.556162 18.548456 13.579926 39.469872 44.778736 40.725914 29.736099 19.396538 14.048084 11.142979 41.175930 38.790409 30.329969 21.380733 15.403030 11.407819 6.911140,

Auto-correlations of the modulus of each oriented sub-band
 1.171170 1.264536 1.336345 1.364460 1.336944 1.266254 1.176077 1.251150 1.392393 1.494991 1.529525 1.491534 1.393080 1.261682 1.345434 1.545403 1.693498 1.748662 1.697454 1.552781 1.353348 1.373319 1.646222 1.930423 2.065634 1.930423 1.646222 1.373319 1.353348 1.552781 1.697454 1.748662 1.693498 1.545403 1.345434 1.261682 1.393080 1.491534 1.529525 1.494991 1.392393 1.251150 1.176077 1.266254 1.336944 1.364460 1.336345 1.264536 1.171170,
 22.506721 23.263779 24.364958 25.597059 26.618290 27.329821 27.740528 24.289442 25.787195 27.700542 29.381714 30.145720 30.114267 29.613087 26.789612 29.087254 31.741022 33.541012 33.395027 31.985134 30.254381 29.148987 31.644653 34.237263 35.517372 34.237263 31.644653 29.148983 30.254381 31.985134 33.395027 33.541008 31.741022 29.087255 26.789608 29.613087 30.114264 30.145720 29.381718 27.700539 25.787191 24.289438 27.740530 27.329823 26.618286 25.597059 24.364954 23.263779 22.506718,
 55.298008 56.488789 57.851151 58.496330 57.848095 56.466724 55.302063 59.540646 62.626495 66.245941 68.002922 66.147415 62.381256 59.248760 63.660801 69.121094 75.758453 79.101685 75.653870 68.871208 63.353828 65.280006 71.917130 80.167053 84.460999 80.167046 71.917130 65.280006 63.353832 68.871201 75.653870 79.101685 75.758446 69.121094 63.660793 59.248768 62.381252 66.147408 68.002914 66.245941 62.626499 59.540646 55.302067 56.466717 57.848095 58.496330 57.851151 56.488796 55.298008,
 26.761454 26.565220 26.076294 25.295382 24.329063 23.472933 22.892660 28.806128 29.393370 29.518248 28.917372 27.512178 25.880037 24.574659 29.811958 31.497828 32.830986 33.002117 31.438812 29.062183 26.940811 29.067327 31.433605 33.811707 34.959679 33.811707 31.433605 29.067327 26.940811 29.062181 31.438808 33.002117 32.830982 31.497828 29.811956 24.574659 25.880037 27.512175 28.917370 29.518246 29.393370 28.806128 22.892664 23.472933 24.329058 25.295382 26.076298 26.565220 26.761448,
 0.877414 1.064854 1.213259 1.264885 1.196916 1.038524 0.850469 0.913340 1.133572 1.306985 1.368642 1.295186 1.117306 0.901221 0.961338 1.232763 1.463168 1.551533 1.452786 1.220543 0.956081 0.992433 1.304433 1.597779 1.725590 1.597779 1.304432 0.992433 0.956081 1.220543 1.452786 1.551533 1.463168 1.232763 0.961338 0.901221 1.117306 1.295186 1.368642 1.306985 1.133572 0.913339 0.850469 1.038524 1.196916 1.264885 1.213259 1.064854 0.877414,
 13.230200 13.769876 14.420673 15.074612 15.551218 15.737099 15.656036 14.020609 15.051021 16.206676 17.109428 17.479370 17.259056 16.620760 15.154722 16.738611 18.438126 19.451254 19.288799 18.258451 16.902002 16.298439 18.063065 19.797693 20.598925 19.797695 18.063065 16.298437 16.902002 18.258453 19.288799 19.451254 18.438128 16.738611 15.154722 16.620760 17.259058 17.479368 17.109430 16.206680 15.051021 14.020607 15.656039 15.737101 15.551215 15.074612 14.420673 13.769876 13.230199,
 31.983372 32.839493 33.966713 34.559578 34.092144 32.928379 31.895300 34.186672 36.410801 39.056343 40.319519 39.016415 36.229687 33.812550 36.259655 40.154213 44.770573 46.995338 44.671146 39.926010 35.904827 36.987888 41.724159 47.388569 50.220139 47.388569 41.724159 36.987885 35.904827 39.926010 44.671146 46.995338 44.770576 40.154213 36.259651 33.812557 36.229687 39.016418 40.319519 39.056343 36.410801 34.186668 31.895304 32.928379 34.092148 34.559578 33.966713 32.839493 31.983370,
 16.555866 16.532827 16.194880 15.564591 14.798907 14.097939 13.572634 17.736765 18.277922 18.384964 17.908037 16.907753 15.694192 14.667283 18.258169 19.537170 20.483444 20.569258 19.507349 17.796892 16.225306 17.674015 19.400999 21.085123 21.855358 21.085123 19.401001 17.674015 16.225306 17.796894 19.507349 20.569258 20.483444 19.537170 18.258169 14.667282 15.694193 16.907753 17.908037 18.384964 18.277922 17.736763 13.572635 14.097940 14.798907 15.564591 16.194881 16.532827 16.555864,
 0.435901 0.567831 0.685356 0.735184 0.694610 0.588165 0.467500 0.477006 0.619374 0.742795 0.792123 0.745039 0.627014 0.492463 0.525482 0.698088 0.856446 0.921483 0.852066 0.691637 0.520955 0.543299 0.743088 0.941709 1.030669 0.941709 0.743088 0.543299 0.520955 0.691637 0.852066 0.921483 0.856446 0.698088 0.525482 0.492463 0.627014 0.745039 0.792123 0.742795 0.619374 0.477006 0.467500 0.588165 0.694610 0.735184 0.685356 0.567831 0.435901,
 6.521214 7.102037 7.706850 8.231373 8.562055 8.637790 8.459145 7.360981 8.187616 9.026731 9.625469 9.810166 9.595321 9.086836 8.321800 9.433279 10.522758 11.125678 10.966742 10.268489 9.352551 9.077250 10.260144 11.359743 11.855114 11.359745 10.260144 9.077250 9.352551 10.268489 10.966742 11.125678 10.522758 9.433277 8.321800 9.086837 9.595321 9.810166 9.625469 9.026731 8.187614 7.360980 8.459145 8.637791 8.562055 8.231372 7.706850 7.102037 6.521213,
 15.811845 16.330696 16.848854 16.957561 16.557634 16.028612 15.496168 17.513222 18.665171 19.991899 20.476152 19.608919 18.206116 16.972734 18.900898 20.825123 23.174597 24.257627 22.917551 20.513960 18.502594 19.316542 21.649069 24.519482 26.020664 24.519478 21.649069 19.316542 18.502592 20.513958 22.917553 24.257627 23.174597 20.825119 18.900898 16.972733 18.206114 19.608919 20.476152 19.991898 18.665171 17.513224 15.496167 16.028612 16.557634 16.957561 16.848854 16.330696 15.811845,
 7.670603 7.756777 7.661492 7.413004 7.078139 6.700240 6.284188 8.359852 8.773594 8.943814 8.816733 8.401396 7.788067 7.120346 8.756498 9.550982 10.153576 10.312038 9.849077 8.960094 8.011991 8.642575 9.667651 10.605822 11.024539 10.605822 9.667651 8.642576 8.011990 8.960094 9.849078 10.312038 10.153574 9.550982 8.756498 7.120345 7.788067 8.401395 8.816732 8.943813 8.773592 8.359852 6.284187 6.700240 7.078140 7.413005 7.661491 7.756776 7.670604,

Pairwise cross-correlations of the modulus of all oriented sub-bands at the same scale (size QxQ)
 2.065635 4.548697 6.408185 4.214692 4.548697 35.517376 40.126785 10.105555 6.408185 40.126785 84.460991 41.326176 4.214692 10.105555 41.326176 34.959671,
 1.725590 2.742076 3.967638 2.727944 2.742076 20.598923 22.952198 5.182790 3.967638 22.952198 50.220127 24.844419 2.727944 5.182790 24.844419 21.855352,
 1.030669 1.677278 2.218444 1.456442 1.677278 11.855112 12.349780 2.414029 2.218444 12.349780 26.020660 12.653270 1.456442 2.414029 12.653270 11.024537,

Cross-correlations of the modulus of all oriented sub-bands with all oriented sub-bands at the coarser scale (size QxQ)
 1.467826 2.845263 4.459591 2.880661 3.030640 18.752251 21.837957 6.313914 4.636264 21.262300 41.444901 22.725971 2.848175 5.800988 23.069738 19.309185,
 1.058773 1.674077 2.335493 1.650540 1.938361 10.937429 12.147293 3.260961 3.021495 11.950067 23.495142 12.868271 1.837243 2.718127 12.577768 10.939586,

Cross-correlations of the real part of each oriented sub-band with both the real and imaginary part of all phase-doubled oriented sub-bands at the next coarser scale (Q matrices of size 1x2Q, which are computed and stored in a matrix of size Qx2Q)
 0.199962 -0.429149 -0.494690 -0.474918 0.041947 0.018323 0.022628 0.003120 -0.341494 -4.067389 -3.117261 -0.642168 0.070083 0.147732 0.154662 0.009248 -0.666916 -4.069660 -7.417332 -4.947114 0.051804 0.260760 0.264122 0.162583 -0.391475 -0.571874 -4.248620 -4.810482 0.026976 0.070405 0.128017 0.136459,
 0.266180 -0.156166 -0.141565 -0.096551 0.051102 0.042055 0.020599 -0.013769 -0.044156 -1.659476 -1.475863 -0.265327 0.021732 0.177204 0.399757 0.038696 -0.187340 -1.656190 -3.013553 -1.662772 -0.004701 0.091586 0.586202 0.127848 -0.018721 -0.215261 -1.374068 -1.410315 0.029160 -0.000645 0.113953 0.066540,
