Low-band skewness and kurtosis
 -1.383833 4.346656,
 -1.136866 3.650179,
 -0.864065 2.876324,
 -0.911676 3.478847,
 -0.330587 1.795771,

High-band variance
 102.204262,

Skewness, kurtosis, variance, mean, maximum and minimum of the reconstructed texture
 117.000000 255.000000 240.519760 570.091187 -1.610391 4.783306

Auto-correlations of the low-frequency bands at each scale
 160.178741 147.911987 140.104950 136.820694 136.759567 140.127975 147.602829 196.305466 169.852509 145.598495 133.862259 139.336334 158.696808 182.474579 287.571503 298.225616 305.951233 307.689301 302.363892 293.042358 282.001678 346.498352 392.014099 431.618591 447.883606 431.618530 392.014038 346.498352 282.001648 293.042358 302.363892 307.689270 305.951263 298.225586 287.571503 182.474564 158.696838 139.336334 133.862244 145.598495 169.852493 196.305466 147.602798 140.127975 136.759552 136.820679 140.104935 147.911957 160.178757,
 143.228439 139.008484 138.106522 139.784729 142.364807 146.641129 153.024750 164.241989 149.471542 136.946976 131.925613 135.758713 147.057083 160.694366 226.054398 230.038071 232.577362 231.648376 225.821396 217.883041 210.039551 257.718933 283.956573 307.424500 317.319153 307.424530 283.956635 257.718933 210.039581 217.883041 225.821365 231.648376 232.577362 230.038086 226.054382 160.694397 147.057083 135.758713 131.925598 136.946991 149.471542 164.241989 153.024750 146.641129 142.364807 139.784729 138.106537 139.008453 143.228439,
 139.036499 137.636017 137.549942 138.264359 139.302368 141.827911 146.085312 148.207123 140.282364 134.162811 132.623917 136.317642 144.553345 154.145554 182.356430 185.278275 188.123764 189.430374 187.587738 184.007996 180.123505 202.900955 218.573975 232.710205 238.750854 232.710205 218.573959 202.900955 180.123520 184.008026 187.587738 189.430374 188.123795 185.278259 182.356415 154.145554 144.553329 136.317612 132.623917 134.162796 140.282364 148.207092 146.085342 141.827911 139.302353 138.264343 137.549957 137.636017 139.036499,
 16.644508 20.434557 20.687445 22.897017 32.018261 42.249466 42.663910 21.347889 20.646263 20.999901 29.988216 42.728226 45.997879 36.705040 21.189346 20.042812 28.313406 43.266926 49.203785 39.783897 26.717190 20.639391 27.193451 42.285454 50.796574 42.285454 27.193453 20.639391 26.717190 39.783890 49.203777 43.266918 28.313408 20.042816 21.189348 36.705040 45.997879 42.728233 29.988214 20.999899 20.646267 21.347893 42.663910 42.249458 32.018261 22.897015 20.687445 20.434561 16.644508,

Auto-correlations of the modulus of each oriented sub-band
 0.943062 1.054509 1.134958 1.160526 1.122671 1.033986 0.918253 1.011559 1.144165 1.245344 1.283039 1.241942 1.133300 0.990154 1.089620 1.278434 1.415496 1.461478 1.405377 1.263088 1.072856 1.112034 1.364396 1.613555 1.727603 1.613555 1.364396 1.112034 1.072856 1.263088 1.405377 1.461478 1.415496 1.278434 1.089620 0.990154 1.133300 1.241942 1.283039 1.245344 1.144165 1.011559 0.918253 1.033986 1.122671 1.160526 1.134958 1.054509 0.943062,
 16.200491 16.747061 17.457882 18.189470 18.721912 18.996969 19.084080 17.945494 19.085737 20.478346 21.579943 21.909533 21.606386 21.030523 20.105087 21.949015 24.077061 25.392950 25.051744 23.682026 22.195143 21.831715 23.890955 26.125025 27.222832 26.125025 23.890955 21.831715 22.195143 23.682022 25.051743 25.392950 24.077061 21.949015 20.105083 21.030523 21.606386 21.909531 21.579943 20.478346 19.085737 17.945490 19.084082 18.996967 18.721914 18.189470 17.457880 16.747061 16.200491,
 51.167072 52.537422 53.911724 54.417667 53.590446 52.056969 50.629589 56.538624 60.054047 64.110703 66.028564 64.025505 59.821861 56.000847 61.729477 68.117126 75.732475 79.513542 75.803291 68.093819 61.387283 63.844585 71.791214 81.258499 86.015358 81.258499 71.791214 63.844574 61.387283 68.093803 75.803291 79.513535 75.732498 68.117134 61.729462 56.000854 59.821861 64.025482 66.028564 64.110718 60.054050 56.538612 50.629589 52.056969 53.590439 54.417667 53.911736 52.537422 51.167068,
 19.123619 18.925653 18.504791 17.809450 16.913044 16.123970 15.594483 21.019674 21.553740 21.823837 21.415400 20.131819 18.594418 17.403833 22.059616 23.572653 25.047956 25.443829 23.957733 21.638081 19.711670 21.575138 23.706673 26.129103 27.371702 26.129103 23.706673 21.575134 19.711668 21.638079 23.957737 25.443825 25.047956 23.572651 22.059616 17.403833 18.594414 20.131819 21.415398 21.823835 21.553741 21.019674 15.594485 16.123966 16.913044 17.809450 18.504791 18.925653 19.123619,
 0.715187 0.910886 1.071646 1.134473 1.071101 0.910324 0.715295 0.757925 0.979948 1.160568 1.229681 1.158491 0.978890 0.759745 0.805768 1.070523 1.295413 1.385419 1.295160 1.070159 0.806751 0.834006 1.135101 1.410610 1.528284 1.410610 1.135101 0.834006 0.806751 1.070159 1.295160 1.385419 1.295413 1.070523 0.805768 0.759745 0.978890 1.158491 1.229681 1.160568 0.979948 0.757925 0.715295 0.910324 1.071100 1.134473 1.071646 0.910886 0.715187,
 8.035448 8.363471 8.727039 9.025145 9.181258 9.202847 9.138800 8.877462 9.662506 10.465586 10.947816 10.951688 10.613448 10.131330 9.916471 11.212098 12.539939 13.192189 12.813084 11.837709 10.783807 10.699477 12.135471 13.610628 14.305938 13.610626 12.135471 10.699477 10.783807 11.837709 12.813085 13.192189 12.539938 11.212098 9.916471 10.131330 10.613448 10.951688 10.947816 10.465587 9.662506 8.877462 9.138802 9.202848 9.181258 9.025145 8.727039 8.363470 8.035449,
 29.505161 30.128365 30.702478 30.847248 30.444956 29.818956 29.143114 32.487427 34.564232 36.948170 38.092968 37.034748 34.676071 32.357265 35.633560 39.690819 44.432804 46.788666 44.651142 39.946434 35.638535 37.062561 42.212646 48.143963 51.049145 48.143963 42.212654 37.062557 35.638535 39.946426 44.651142 46.788673 44.432796 39.690823 35.633560 32.357265 34.676071 37.034740 38.092976 36.948166 34.564236 32.487427 29.143120 29.818953 30.444956 30.847250 30.702480 30.128370 29.505159,
 10.942566 11.086774 11.108356 10.930183 10.607497 10.255732 9.944466 12.087728 12.685274 13.097510 13.053452 12.480945 11.617176 10.816713 12.922084 14.141728 15.272367 15.662354 14.883871 13.402503 12.007674 12.898808 14.506123 16.186090 16.978128 16.186090 14.506123 12.898806 12.007675 13.402503 14.883869 15.662352 15.272368 14.141726 12.922085 10.816713 11.617176 12.480943 13.053452 13.097511 12.685272 12.087727 9.944468 10.255733 10.607496 10.930184 11.108355 11.086774 10.942568,
 0.416799 0.583346 0.728962 0.790496 0.738116 0.599474 0.437159 0.441387 0.620042 0.774147 0.839374 0.785876 0.638839 0.463237 0.473431 0.676406 0.859955 0.936911 0.863466 0.683597 0.484077 0.493777 0.716420 0.932514 1.027931 0.932514 0.716420 0.493777 0.484077 0.683597 0.863466 0.936911 0.859955 0.676406 0.473431 0.463237 0.638839 0.785876 0.839374 0.774147 0.620042 0.441387 0.437159 0.599474 0.738116 0.790496 0.728962 0.583346 0.416799,
 4.527612 4.732041 4.904597 5.031391 5.108627 5.133096 5.100855 5.118965 5.595213 6.045422 6.277519 6.253483 6.046949 5.743912 5.776756 6.538827 7.315538 7.672049 7.419267 6.830862 6.184140 6.209477 7.060344 7.934884 8.354103 7.934884 7.060344 6.209477 6.184140 6.830861 7.419267 7.672049 7.315538 6.538827 5.776756 5.743912 6.046949 6.253482 6.277519 6.045422 5.595213 5.118965 5.100855 5.133096 5.108626 5.031391 4.904597 4.732042 4.527611,
 14.332973 14.917185 15.492532 15.650936 15.250407 14.589269 13.963314 16.523581 18.375628 20.120752 20.565149 19.297291 17.272121 15.522770 18.278042 21.509911 24.786797 25.981220 23.995125 20.456833 17.339535 18.592211 22.408236 26.575436 28.574041 26.575436 22.408237 18.592211 17.339539 20.456833 23.995125 25.981222 24.786800 21.509911 18.278040 15.522768 17.272118 19.297291 20.565149 20.120750 18.375629 16.523581 13.963314 14.589269 15.250407 15.650936 15.492535 14.917185 14.332973,
 5.475102 5.692062 5.823136 5.796089 5.624536 5.359035 5.038569 6.118104 6.631977 7.007618 7.075686 6.775884 6.196201 5.550317 6.603738 7.484270 8.285419 8.610082 8.172898 7.197572 6.188411 6.639520 7.758672 8.876882 9.387975 8.876882 7.758672 6.639520 6.188412 7.197573 8.172899 8.610081 8.285419 7.484271 6.603739 5.550317 6.196200 6.775884 7.075684 7.007618 6.631976 6.118103 5.038569 5.359035 5.624536 5.796089 5.823136 5.692062 5.475102,

Pairwise cross-correlations of the modulus of all oriented sub-bands at the same scale (size QxQ)
 1.727603 3.102304 4.752431 3.327165 3.102304 27.222830 38.150841 11.362246 4.752431 38.150841 86.015373 37.352215 3.327165 11.362246 37.352215 27.371702,
 1.528284 1.907838 2.695278 1.915152 1.907838 14.305938 20.358461 6.257027 2.695278 20.358461 51.049149 23.521059 1.915152 6.257027 23.521059 16.978128,
 1.027931 1.127411 1.545665 1.169546 1.127411 8.354104 11.357790 3.671040 1.545665 11.357790 28.574041 13.176820 1.169546 3.671040 13.176820 9.387973,

Cross-correlations of the modulus of all oriented sub-bands with all oriented sub-bands at the coarser scale (size QxQ)
 1.300213 2.001582 3.183207 2.169960 2.249675 12.357427 19.410519 7.664823 3.691134 17.835440 39.718124 20.469896 2.370651 6.639892 20.064667 13.971867,
 1.016437 1.269360 1.788285 1.280113 1.371692 6.945630 9.193216 3.409857 2.071064 10.761189 22.178209 11.449645 1.251434 4.579263 12.409875 7.916162,

Cross-correlations of the real part of each oriented sub-band with both the real and imaginary part of all phase-doubled oriented sub-bands at the next coarser scale (Q matrices of size 1x2Q, which are computed and stored in a matrix of size Qx2Q)
 0.222362 -0.236773 -0.303956 -0.374992 -0.007903 0.024612 0.019405 0.028654 -0.145523 -3.596404 -4.650541 -1.355235 0.008555 0.097304 0.092496 0.027814 -0.474084 -5.027495 -13.422000 -7.604035 0.000370 -0.006430 0.141824 0.221683 -0.323295 -1.124720 -6.435040 -5.745718 -0.022366 -0.027033 0.109051 0.218140,
 0.249046 -0.156678 -0.090178 -0.084300 -0.004663 -0.003919 -0.005107 0.003103 -0.055772 -1.923433 -1.859615 -0.563818 -0.000303 0.026891 -0.298572 -0.092788 -0.177963 -2.313202 -5.413005 -3.010050 0.012021 -0.060384 -0.759635 -0.297844 0.003449 -0.423093 -2.525029 -2.038383 0.009204 -0.041765 -0.250356 -0.131352,
