Low-band skewness and kurtosis
 -1.381172 4.366044,
 -1.161587 3.759716,
 -0.967217 3.229251,
 -1.217046 4.545240,
 -0.452098 1.838294,

High-band variance
 103.530907,

Skewness, kurtosis, variance, mean, maximum and minimum of the reconstructed texture
 123.000000 255.000000 240.538361 570.434937 -1.622867 4.856630

Auto-correlations of the low-frequency bands at each scale
 151.332321 142.633652 138.160416 137.424774 140.570602 148.618652 160.748581 191.727539 161.875107 136.888885 126.879654 135.452896 157.436981 182.019577 289.818024 295.873047 300.686737 301.951721 296.220856 284.216370 269.136169 339.947449 387.764282 429.168274 446.128815 429.168274 387.764313 339.947449 269.136169 284.216339 296.220856 301.951660 300.686707 295.873077 289.817993 182.019592 157.436996 135.452881 126.879646 136.888870 161.875092 191.727509 160.748566 148.618652 140.570602 137.424728 138.160385 142.633636 151.332291,
 151.291885 149.717361 150.377579 151.546570 152.281876 154.579849 159.125443 171.070938 155.071518 142.004730 137.060211 141.396515 153.016266 166.259659 225.054291 226.845154 228.256454 228.361160 224.611984 218.118942 211.129913 252.364822 277.811462 300.675171 310.344055 300.675201 277.811462 252.364822 211.129929 218.118942 224.611954 228.361130 228.256424 226.845154 225.054245 166.259659 153.016266 141.396530 137.060211 142.004730 155.071503 171.070938 159.125443 154.579865 152.281876 151.546570 150.377563 149.717407 151.291885,
 140.503418 139.911011 140.703506 142.293228 144.056015 146.812592 150.600967 155.053970 148.735840 144.204987 143.656784 147.118927 153.752487 161.112991 188.022217 190.278519 192.224045 192.914917 190.780319 186.964432 183.045761 203.661606 217.330536 229.509293 234.701599 229.509293 217.330536 203.661606 183.045761 186.964432 190.780289 192.914886 192.224091 190.278519 188.022217 161.112976 153.752472 147.118896 143.656784 144.204971 148.735870 155.053970 150.600967 146.812592 144.056030 142.293259 140.703506 139.911041 140.503387,
 13.803102 17.633339 16.164030 16.078615 23.985632 33.912022 34.863667 18.157429 16.414471 14.681651 22.239796 34.698608 38.198559 30.192635 17.125521 14.521118 21.023306 35.222404 41.192657 32.492195 21.181610 15.873529 20.682240 34.434597 42.596622 34.434597 20.682241 15.873531 21.181606 32.492191 41.192657 35.222404 21.023306 14.521121 17.125517 30.192629 38.198559 34.698608 22.239796 14.681651 16.414474 18.157433 34.863659 33.912018 23.985634 16.078613 16.164028 17.633339 13.803104,

Auto-correlations of the modulus of each oriented sub-band
 0.843899 0.949708 1.032573 1.072297 1.056613 0.992965 0.900961 0.910930 1.039491 1.145770 1.194512 1.171504 1.088889 0.971416 1.026222 1.210043 1.342444 1.394559 1.354077 1.227266 1.047412 1.064731 1.314653 1.566474 1.683288 1.566474 1.314654 1.064731 1.047412 1.227266 1.354077 1.394559 1.342444 1.210043 1.026222 0.971416 1.088889 1.171504 1.194512 1.145770 1.039490 0.910930 0.900961 0.992966 1.056613 1.072297 1.032573 0.949708 0.843899,
 14.184375 14.805490 15.717421 16.707829 17.453573 17.916994 18.212488 16.141874 17.441914 19.108364 20.480848 20.930187 20.691164 20.229063 18.659599 20.701736 23.130888 24.679752 24.305311 22.822989 21.303375 20.718136 22.932796 25.421850 26.685217 25.421850 22.932798 20.718136 21.303377 22.822981 24.305311 24.679750 23.130888 20.701738 18.659595 20.229065 20.691162 20.930187 20.480846 19.108366 17.441917 16.141874 18.212488 17.916988 17.453573 16.707830 15.717422 14.805493 14.184377,
 48.496555 49.988480 51.730293 52.611897 51.961521 50.459629 49.115311 54.284573 58.146618 62.690689 64.891975 62.793797 58.363140 54.553894 59.848183 66.645500 74.780609 78.780350 74.780479 66.656281 59.843384 62.161106 70.393013 80.348061 85.367920 80.348061 70.393021 62.161106 59.843384 66.656265 74.780479 78.780350 74.780586 66.645515 59.848183 54.553902 58.363121 62.793797 64.891975 62.690678 58.146629 54.284561 49.115311 50.459629 51.961533 52.611889 51.730278 49.988491 48.496563,
 19.745552 19.512859 19.078945 18.360027 17.400003 16.495644 15.852040 22.130531 22.562626 22.716331 22.215374 20.870829 19.235331 17.907351 23.458469 24.882311 26.172737 26.424400 24.944616 22.628220 20.599743 22.851006 24.989891 27.279392 28.411850 27.279392 24.989891 22.851006 20.599741 22.628218 24.944614 26.424398 26.172733 24.882311 23.458469 17.907349 19.235331 20.870829 22.215374 22.716331 22.562624 22.130531 15.852039 16.495644 17.400007 18.360027 19.078943 19.512865 19.745552,
 0.624568 0.811811 0.967138 1.031021 0.977589 0.833536 0.657482 0.666517 0.872215 1.041179 1.109938 1.052544 0.895370 0.698480 0.723069 0.967617 1.174373 1.258086 1.178699 0.975945 0.735371 0.751052 1.027873 1.281084 1.389294 1.281084 1.027873 0.751052 0.735371 0.975945 1.178699 1.258086 1.174374 0.967617 0.723069 0.698480 0.895370 1.052544 1.109938 1.041179 0.872215 0.666517 0.657482 0.833536 0.977589 1.031022 0.967138 0.811812 0.624568,
 7.091845 7.409254 7.862189 8.344143 8.694087 8.834463 8.823666 7.895217 8.674928 9.590507 10.263468 10.449437 10.206560 9.749496 8.993038 10.283109 11.718078 12.512031 12.222998 11.274689 10.229937 9.934435 11.360246 12.888433 13.626708 12.888433 11.360246 9.934435 10.229937 11.274689 12.222996 12.512031 11.718078 10.283107 8.993038 9.749496 10.206560 10.449437 10.263468 9.590507 8.674928 7.895218 8.823666 8.834465 8.694087 8.344143 7.862189 7.409254 7.091845,
 25.700920 26.711864 27.724356 28.085629 27.470581 26.320520 25.232189 28.210026 30.915092 33.743847 34.888744 33.339035 30.289011 27.544743 30.590883 35.318321 40.515408 42.825649 40.133938 34.737446 30.004097 31.359257 37.042969 43.526608 46.676785 43.526608 37.042976 31.359253 30.004097 34.737446 40.133938 42.825649 40.515419 35.318321 30.590878 27.544744 30.289011 33.339035 34.888744 33.743847 30.915094 28.210026 25.232195 26.320520 27.470577 28.085629 27.724356 26.711866 25.700920,
 10.304466 10.273570 10.065347 9.680198 9.186638 8.693002 8.279713 11.626676 12.023273 12.118073 11.824450 11.125142 10.176311 9.268975 12.401515 13.426646 14.204324 14.353897 13.557111 12.132962 10.726675 12.033161 13.518749 14.949144 15.604878 14.949144 13.518749 12.033161 10.726675 12.132962 13.557111 14.353899 14.204325 13.426646 12.401515 9.268976 10.176311 11.125142 11.824450 12.118073 12.023273 11.626675 8.279714 8.693002 9.186638 9.680199 10.065348 10.273571 10.304465,
 0.366466 0.505699 0.624744 0.673365 0.629192 0.513615 0.375234 0.382237 0.531583 0.654391 0.698872 0.647223 0.523703 0.377740 0.398300 0.566830 0.716468 0.774250 0.706813 0.553124 0.385124 0.406564 0.593372 0.774385 0.854059 0.774385 0.593372 0.406564 0.385124 0.553124 0.706813 0.774250 0.716468 0.566830 0.398300 0.377740 0.523703 0.647223 0.698872 0.654391 0.531583 0.382237 0.375234 0.513615 0.629192 0.673365 0.624744 0.505699 0.366466,
 2.824229 3.011049 3.128520 3.163992 3.140542 3.078969 3.004045 3.138657 3.553135 3.919389 4.048736 3.918840 3.642883 3.345738 3.469023 4.156533 4.879045 5.160887 4.817097 4.180099 3.588166 3.643612 4.419483 5.299262 5.737085 5.299262 4.419483 3.643612 3.588166 4.180099 4.817096 5.160887 4.879045 4.156533 3.469023 3.345738 3.642883 3.918840 4.048735 3.919389 3.553135 3.138657 3.004045 3.078969 3.140542 3.163992 3.128520 3.011049 2.824228,
 8.914768 9.372413 9.810402 9.973125 9.662378 9.048353 8.561421 10.275770 11.553189 12.976732 13.607706 12.835953 11.222628 9.842702 11.608402 13.938523 16.646023 17.919533 16.560856 13.717216 11.283779 12.061991 14.949665 18.361555 20.030239 18.361557 14.949665 12.061991 11.283779 13.717216 16.560854 17.919533 16.646023 13.938523 11.608403 9.842700 11.222626 12.835953 13.607706 12.976732 11.553189 10.275768 8.561421 9.048353 9.662377 9.973125 9.810403 9.372412 8.914767,
 3.821288 3.984316 4.034569 3.960935 3.833563 3.701444 3.567207 4.511253 4.847759 5.022741 4.986630 4.758389 4.398203 4.034142 5.098154 5.680074 6.154282 6.312742 5.994323 5.350976 4.715063 5.195549 5.933302 6.661700 6.997474 6.661700 5.933302 5.195549 4.715063 5.350976 5.994323 6.312742 6.154282 5.680074 5.098154 4.034142 4.398203 4.758389 4.986630 5.022741 4.847759 4.511253 3.567208 3.701444 3.833563 3.960935 4.034569 3.984315 3.821288,

Pairwise cross-correlations of the modulus of all oriented sub-bands at the same scale (size QxQ)
 1.683287 3.337121 4.448687 2.889549 3.337121 26.685213 35.373154 10.687716 4.448687 35.373154 85.367912 39.116783 2.889549 10.687716 39.116783 28.411848,
 1.389294 1.833498 2.407554 1.581097 1.833498 13.626710 18.174494 5.154772 2.407554 18.174494 46.676785 21.467052 1.581097 5.154772 21.467052 15.604877,
 0.854059 0.850047 1.077927 0.847536 0.850047 5.737085 7.868656 2.463915 1.077927 7.868656 20.030239 9.170522 0.847536 2.463915 9.170522 6.997474,

Cross-correlations of the modulus of all oriented sub-bands with all oriented sub-bands at the coarser scale (size QxQ)
 1.211145 2.012948 2.768185 1.775790 2.347116 12.475698 16.721018 5.825566 3.446459 16.809361 36.609337 18.625872 2.028679 5.981374 19.277155 13.449884,
 0.879497 0.970791 1.254575 0.938057 1.247742 5.152919 7.534272 3.239166 1.960982 6.907539 15.659297 9.267969 1.134666 2.351145 7.970622 6.319959,

Cross-correlations of the real part of each oriented sub-band with both the real and imaginary part of all phase-doubled oriented sub-bands at the next coarser scale (Q matrices of size 1x2Q, which are computed and stored in a matrix of size Qx2Q)
 0.216833 -0.471299 -0.359635 -0.309763 0.022751 0.024540 0.016120 -0.019742 -0.363636 -5.375813 -5.859448 -1.497478 0.011578 0.247844 0.240531 0.079721 -0.515013 -6.805487 -15.030091 -7.790105 -0.004839 0.352558 0.479795 0.330840 -0.167490 -1.312855 -6.708904 -5.614671 0.001770 0.055925 0.227819 0.171975,
 0.294718 -0.107370 -0.126621 -0.162761 0.008762 0.027942 0.013742 0.032648 -0.013485 -1.690956 -2.228378 -0.703550 0.025795 0.308691 0.385181 0.049076 -0.179966 -2.375289 -6.419509 -3.606871 0.000463 0.451547 0.962786 0.434409 -0.017198 -0.504502 -3.055122 -2.669713 -0.012939 0.107088 0.418168 0.405552,
