Low-band skewness and kurtosis
 -1.520516 4.655685,
 -1.335894 4.177590,
 -1.118260 3.330234,
 -1.684345 5.880264,
 -0.694409 2.149347,

High-band variance
 99.943359,

Skewness, kurtosis, variance, mean, maximum and minimum of the reconstructed texture
 111.000000 255.000000 240.692795 624.774780 -1.734436 5.166419

Auto-correlations of the low-frequency bands at each scale
 231.650467 218.599075 209.359268 206.449463 210.757050 220.992538 233.398697 263.390198 238.378754 215.413254 208.197296 221.388687 247.119965 272.080139 338.436340 353.320038 366.468353 373.900574 371.275909 360.339264 346.337952 387.879639 438.660126 485.631165 505.463348 485.631165 438.660126 387.879639 346.337952 360.339233 371.275909 373.900543 366.468323 353.320038 338.436279 272.080170 247.119965 221.388687 208.197266 215.413254 238.378754 263.390167 233.398697 220.992508 210.757050 206.449463 209.359299 218.599075 231.650467,
 219.510269 213.666046 210.653091 210.552185 212.548157 217.175308 223.535889 238.628159 222.755249 208.237000 203.024841 209.367920 223.662964 238.368988 279.977173 287.312653 294.826447 299.637482 298.058472 291.471069 283.016998 308.933685 339.404907 368.324982 380.796356 368.324982 339.404907 308.933685 283.016968 291.471039 298.058472 299.637482 294.826447 287.312653 279.977142 238.369003 223.662964 209.367920 203.024826 208.237030 222.755249 238.628143 223.535919 217.175308 212.548157 210.552185 210.653107 213.666046 219.510269,
 210.984177 206.023697 202.593689 201.075333 201.278885 203.508041 206.489029 221.973953 213.902023 207.047089 205.626755 210.063187 217.680847 224.229156 246.096710 250.958649 256.134125 259.759827 258.809235 254.199066 248.759888 262.461548 279.189484 295.822723 303.219360 295.822693 279.189484 262.461578 248.759872 254.199066 258.809265 259.759796 256.134094 250.958618 246.096756 224.229111 217.680893 210.063202 205.626755 207.047089 213.901978 221.973953 206.488998 203.508026 201.278885 201.075333 202.593674 206.023666 210.984177,
 4.950488 8.520563 11.711382 16.854408 25.783180 35.743076 41.108913 9.890441 12.274648 16.875038 27.043501 39.034386 44.787693 41.349751 13.322583 17.634424 28.336647 42.235786 48.497818 42.720165 31.458517 19.617914 29.762762 43.459740 50.362537 43.459743 29.762764 19.617912 31.458523 42.720158 48.497807 42.235786 28.336649 17.634428 13.322584 41.349751 44.787693 39.034386 27.043507 16.875038 12.274653 9.890438 41.108913 35.743076 25.783180 16.854408 11.711381 8.520565 4.950486,

Auto-correlations of the modulus of each oriented sub-band
 1.203225 1.357164 1.484680 1.557170 1.559102 1.498766 1.394235 1.335144 1.526234 1.676347 1.749964 1.728532 1.619744 1.457395 1.471213 1.728461 1.917909 1.995454 1.945009 1.777538 1.536865 1.546640 1.867658 2.173607 2.311665 2.173607 1.867658 1.546640 1.536865 1.777538 1.945009 1.995454 1.917909 1.728461 1.471213 1.457396 1.619744 1.728532 1.749964 1.676347 1.526234 1.335144 1.394235 1.498766 1.559102 1.557170 1.484680 1.357164 1.203225,
 17.866684 18.886520 20.193441 21.482836 22.396980 22.886606 23.075277 20.125187 21.855478 23.917164 25.544128 26.075098 25.765997 25.107033 22.932022 25.391239 28.159023 29.884275 29.501455 27.862265 26.066071 25.263805 27.835287 30.568909 31.919744 30.568909 27.835287 25.263805 26.066072 27.862267 29.501455 29.884272 28.159019 25.391239 22.932020 25.107031 25.765995 26.075098 25.544125 23.917164 21.855474 20.125183 23.075277 22.886608 22.396980 21.482836 20.193441 18.886518 17.866684,
 55.200672 56.423904 57.802849 58.593307 58.195824 57.081036 55.993378 59.960663 63.306118 67.132553 69.071465 67.407959 63.789810 60.566696 64.675201 70.624771 77.577370 81.041229 77.668610 70.823845 64.964005 66.772690 73.938072 82.443222 86.759048 82.443222 73.938072 66.772690 64.963997 70.823837 77.668617 81.041229 77.577370 70.624771 64.675201 60.566700 63.789806 67.407951 69.071457 67.132545 63.306118 59.960663 55.993385 57.081036 58.195824 58.593307 57.802841 56.423904 55.200672,
 23.359528 23.230225 22.832815 22.110580 21.127136 20.202944 19.509840 25.277861 25.917557 26.171131 25.690155 24.308186 22.639372 21.262276 26.260765 27.928352 29.362373 29.658792 28.114176 25.719826 23.599201 25.610508 27.929398 30.351086 31.553345 30.351086 27.929398 25.610508 23.599201 25.719826 28.114176 29.658789 29.362377 27.928352 26.260765 21.262276 22.639372 24.308189 25.690155 26.171131 25.917557 25.277855 19.509838 20.202944 21.127136 22.110582 22.832815 23.230230 23.359522,
 0.815615 1.042134 1.236387 1.333485 1.302621 1.165620 0.977305 0.891559 1.151039 1.367665 1.468438 1.419489 1.244933 1.010139 0.969782 1.278580 1.544574 1.661175 1.574131 1.330856 1.033645 1.034692 1.379564 1.691507 1.824561 1.691507 1.379564 1.034692 1.033645 1.330855 1.574131 1.661175 1.544574 1.278580 0.969782 1.010139 1.244933 1.419489 1.468438 1.367665 1.151040 0.891559 0.977305 1.165620 1.302621 1.333485 1.236387 1.042134 0.815616,
 10.051059 10.645677 11.390642 12.131832 12.679906 12.936502 12.932156 11.242612 12.414148 13.690342 14.637921 14.964681 14.707108 14.103045 12.847502 14.625081 16.450287 17.478319 17.223097 16.084839 14.683527 14.217492 16.139277 18.009865 18.863010 18.009865 16.139277 14.217490 14.683527 16.084839 17.223093 17.478323 16.450287 14.625082 12.847500 14.103045 14.707108 14.964680 14.637919 13.690339 12.414148 11.242611 12.932158 12.936504 12.679906 12.131832 11.390642 10.645677 10.051059,
 30.959393 32.191761 33.470184 34.142864 33.779652 32.728516 31.638605 33.815063 36.546005 39.544861 41.139713 40.132572 37.453171 34.814003 36.847157 41.367027 46.435074 49.016144 46.925041 42.087486 37.583118 38.452553 43.831543 49.847988 52.770588 49.847988 43.831543 38.452553 37.583118 42.087486 46.925034 49.016144 46.435074 41.367027 36.847149 34.814007 37.453171 40.132565 41.139721 39.544865 36.546005 33.815060 31.638603 32.728516 33.779655 34.142864 33.470181 32.191765 30.959389,
 13.481163 13.616448 13.440218 12.967809 12.329381 11.708855 11.217357 14.513448 15.185515 15.468701 15.192417 14.383254 13.314131 12.336853 15.070010 16.375851 17.400587 17.634987 16.756672 15.189012 13.669085 14.751759 16.435251 18.071390 18.820700 18.071390 16.435251 14.751760 13.669086 15.189010 16.756672 17.634985 17.400587 16.375851 15.070008 12.336851 13.314131 14.383254 15.192417 15.468701 15.185515 14.513449 11.217354 11.708852 12.329381 12.967810 13.440221 13.616447 13.481161,
 0.410409 0.595604 0.774041 0.872789 0.852358 0.737268 0.586457 0.456188 0.661170 0.854136 0.955907 0.923507 0.783773 0.604377 0.518963 0.754313 0.976970 1.085291 1.021199 0.829879 0.607854 0.591305 0.848947 1.093992 1.200582 1.093992 0.848947 0.591305 0.607854 0.829879 1.021200 1.085291 0.976970 0.754313 0.518963 0.604377 0.783773 0.923507 0.955907 0.854136 0.661170 0.456188 0.586457 0.737268 0.852358 0.872789 0.774041 0.595604 0.410409,
 5.296374 5.522797 5.857213 6.179028 6.377476 6.414237 6.312679 5.644364 6.235189 6.961499 7.481470 7.579978 7.310086 6.831239 6.199156 7.230884 8.393679 9.042909 8.795690 7.981653 7.039648 6.773143 7.972751 9.226569 9.829718 9.226568 7.972750 6.773143 7.039647 7.981653 8.795690 9.042909 8.393677 7.230884 6.199156 6.831239 7.310086 7.579978 7.481470 6.961499 6.235189 5.644365 6.312678 6.414237 6.377477 6.179027 5.857212 5.522798 5.296374,
 13.883686 14.101243 14.371280 14.456639 14.225470 13.788527 13.335301 15.100105 16.280766 17.466705 17.857815 17.094271 15.756026 14.607034 16.235605 18.599693 21.115061 22.126577 20.730400 18.119099 15.883628 16.583870 19.440788 22.686548 24.262650 22.686548 19.440788 16.583870 15.883627 18.119097 20.730398 22.126583 21.115059 18.599693 16.235603 14.607034 15.756025 17.094271 17.857815 17.466703 16.280766 15.100104 13.335301 13.788527 14.225469 14.456639 14.371278 14.101246 13.883686,
 5.653069 5.835574 5.915435 5.829309 5.625837 5.369309 5.074207 6.232357 6.630711 6.895076 6.921418 6.663302 6.172433 5.645592 6.678885 7.367894 7.991848 8.268847 7.907125 7.089479 6.294551 6.718172 7.595917 8.509335 8.951654 8.509335 7.595916 6.718172 6.294552 7.089480 7.907125 8.268847 7.991849 7.367894 6.678884 5.645593 6.172433 6.663302 6.921417 6.895076 6.630711 6.232356 5.074207 5.369309 5.625836 5.829310 5.915435 5.835574 5.653068,

Pairwise cross-correlations of the modulus of all oriented sub-bands at the same scale (size QxQ)
 2.311664 4.297804 5.451973 3.748750 4.297804 31.919743 39.521511 10.139543 5.451973 39.521511 86.759041 39.285038 3.748750 10.139543 39.285038 31.553356,
 1.824561 2.423591 3.052088 2.148937 2.423591 18.863008 23.257513 5.229259 3.052088 23.257513 52.770596 23.392366 2.148937 5.229259 23.392366 18.820698,
 1.200581 1.453127 1.803610 1.135529 1.453127 9.829718 11.041481 2.072373 1.803610 11.041481 24.262650 10.563968 1.135529 2.072373 10.563968 8.951654,

Cross-correlations of the modulus of all oriented sub-bands with all oriented sub-bands at the coarser scale (size QxQ)
 1.587702 2.650118 3.638484 2.363938 2.786014 16.922237 21.892084 6.360159 3.945886 21.156128 42.680473 21.027294 2.577146 5.613831 20.459143 16.263727,
 1.198696 1.432891 1.969082 1.302552 1.858896 9.227816 11.252369 3.019125 2.507382 11.017620 22.548204 11.597983 1.371691 2.471625 11.163015 9.361190,

Cross-correlations of the real part of each oriented sub-band with both the real and imaginary part of all phase-doubled oriented sub-bands at the next coarser scale (Q matrices of size 1x2Q, which are computed and stored in a matrix of size Qx2Q)
 0.059868 -0.691189 -0.548539 -0.495174 0.021268 -0.005243 0.013435 -0.007522 -0.575761 -6.242914 -5.275696 -0.891159 -0.011734 -0.361383 -0.331686 -0.062944 -0.705530 -6.578732 -9.420365 -4.803277 -0.005583 -0.526769 -0.698941 -0.207934 -0.414414 -0.903103 -3.660425 -4.384553 0.019778 -0.084589 -0.180320 -0.082413,
 0.088733 -0.454090 -0.302542 -0.235593 -0.045007 -0.012874 0.021006 0.009773 -0.423389 -3.153749 -2.680328 -0.482743 -0.029292 -0.303928 -0.047035 0.068288 -0.389219 -2.932659 -5.014050 -2.645663 0.002117 -0.433014 0.488700 0.315819 -0.118901 -0.337943 -2.163126 -2.381340 -0.003580 -0.052192 0.513829 0.192299,
