Low-band skewness and kurtosis
 -1.452461 4.464427,
 -1.244156 3.859158,
 -1.029668 3.203487,
 -0.996403 3.356224,
 -0.525548 1.924995,

High-band variance
 101.954178,

Skewness, kurtosis, variance, mean, maximum and minimum of the reconstructed texture
 107.000000 255.000000 240.523743 608.272461 -1.668543 4.927793

Auto-correlations of the low-frequency bands at each scale
 223.211029 208.990585 197.582230 192.614380 194.063644 200.915375 212.249130 250.188049 227.760025 202.283096 188.012711 194.267609 217.549957 244.746094 319.804016 337.374359 350.103424 353.059357 346.604797 336.496796 326.005524 372.077240 421.333618 467.128479 486.516663 467.128448 421.333649 372.077240 326.005524 336.496796 346.604797 353.059418 350.103363 337.374359 319.804016 244.746063 217.549988 194.267609 188.012711 202.283096 227.760025 250.188049 212.249161 200.915405 194.063675 192.614395 197.582199 208.990585 223.211029,
 207.729111 200.325851 195.992584 196.324799 199.367218 204.325912 211.137177 220.969910 209.058868 196.903641 192.034531 197.936707 212.560028 228.528290 261.814667 272.134338 280.160278 282.126678 277.818909 271.857239 266.278046 291.257935 319.814789 347.063354 358.832458 347.063385 319.814789 291.257904 266.278107 271.857239 277.818909 282.126678 280.160278 272.134338 261.814667 228.528320 212.560028 197.936752 192.034485 196.903625 209.058868 220.969849 211.137207 204.325943 199.367249 196.324799 195.992554 200.325851 207.729141,
 202.623962 199.005554 195.619553 193.845840 193.488342 194.863907 197.675308 209.372604 202.095139 194.673187 191.946396 195.923462 205.037689 214.264023 228.170380 233.538177 239.401382 243.105911 242.830765 240.311600 236.887558 246.063354 262.709839 279.316254 286.672546 279.316254 262.709839 246.063354 236.887512 240.311630 242.830734 243.105865 239.401352 233.538132 228.170380 214.264023 205.037689 195.923447 191.946396 194.673157 202.095108 209.372574 197.675308 194.863937 193.488297 193.845840 195.619583 199.005554 202.623962,
 8.989159 14.422714 18.236378 20.963827 25.019444 29.962437 32.180943 13.873385 17.068422 19.645805 24.949549 31.897446 35.199638 32.880543 17.063362 19.917599 26.018145 34.688309 38.714603 34.926495 28.139109 21.414364 27.397568 36.052582 40.641747 36.052582 27.397568 21.414364 28.139109 34.926495 38.714603 34.688309 26.018145 19.917595 17.063360 32.880543 35.199642 31.897440 24.949549 19.645811 17.068417 13.873387 32.180943 29.962437 25.019444 20.963829 18.236378 14.422710 8.989159,

Auto-correlations of the modulus of each oriented sub-band
 1.371668 1.450594 1.479480 1.449456 1.361250 1.234491 1.095547 1.440118 1.579832 1.658609 1.651028 1.552939 1.387574 1.197985 1.492982 1.717731 1.861995 1.888873 1.794208 1.600352 1.353295 1.457027 1.766753 2.071676 2.211771 2.071676 1.766754 1.457027 1.353295 1.600352 1.794208 1.888873 1.861995 1.717731 1.492982 1.197985 1.387574 1.552939 1.651028 1.658609 1.579832 1.440118 1.095546 1.234491 1.361249 1.449456 1.479480 1.450594 1.371668,
 20.200741 20.757172 21.575159 22.491745 23.164701 23.475531 23.489416 21.941298 23.120838 24.658440 25.966917 26.381306 26.020105 25.306095 24.088797 26.003876 28.288836 29.787371 29.445368 27.951315 26.309872 25.841011 28.017220 30.401743 31.605211 30.401747 28.017220 25.841005 26.309875 27.951315 29.445362 29.787367 28.288836 26.003870 24.088793 25.306095 26.020100 26.381310 25.966917 24.658436 23.120838 21.941294 23.489416 23.475525 23.164701 22.491745 21.575161 20.757172 20.200737,
 56.861721 58.060555 59.511211 60.357105 59.871490 58.427761 56.834911 61.615673 64.963226 68.843559 70.814911 69.019440 64.983429 61.182194 66.134277 72.185181 79.294891 82.860481 79.342049 72.056236 65.682411 67.861504 75.338814 84.184975 88.667526 84.184967 75.338814 67.861504 65.682396 72.056244 79.342049 82.860474 79.294876 72.185188 66.134270 61.182201 64.983429 69.019447 70.814911 68.843559 64.963226 61.615673 56.834908 58.427761 59.871494 60.357105 59.511208 58.060555 56.861721,
 22.990808 22.675385 22.073092 21.138674 19.944763 18.831011 18.001562 24.736158 25.360451 25.609612 25.033333 23.402336 21.421619 19.798666 25.382219 27.223660 28.902319 29.283026 27.482550 24.671425 22.228304 24.425179 27.041336 29.872662 31.295492 29.872658 27.041340 24.425179 22.228304 24.671423 27.482550 29.283020 28.902317 27.223660 25.382219 19.798666 21.421616 23.402336 25.033327 25.609612 25.360453 24.736158 18.001562 18.831007 19.944765 21.138674 22.073092 22.675388 22.990808,
 0.889847 1.070049 1.202281 1.230820 1.137461 0.957029 0.753030 0.931527 1.147615 1.307791 1.347884 1.248291 1.047559 0.816630 0.963912 1.239250 1.465061 1.543043 1.430402 1.181510 0.898213 0.965873 1.289305 1.583209 1.708514 1.583209 1.289305 0.965873 0.898213 1.181510 1.430402 1.543043 1.465061 1.239250 0.963912 0.816630 1.047558 1.248291 1.347884 1.307791 1.147615 0.931527 0.753030 0.957029 1.137460 1.230820 1.202281 1.070050 0.889847,
 10.528370 10.914743 11.313912 11.696402 11.994552 12.142962 12.136893 11.426015 12.252404 13.077445 13.642651 13.833107 13.660632 13.215875 12.614244 13.966214 15.335042 16.063393 15.833694 14.970798 13.879228 13.634271 15.143728 16.614191 17.296719 16.614195 15.143729 13.634271 13.879228 14.970798 15.833694 16.063393 15.335043 13.966212 12.614244 13.215873 13.660633 13.833106 13.642651 13.077445 12.252407 11.426014 12.136893 12.142960 11.994550 11.696403 11.313914 10.914743 10.528371,
 30.163626 30.778528 31.502237 31.902847 31.605673 30.849173 30.056454 32.312260 34.461685 36.793808 37.865051 36.715111 34.240318 31.971203 34.403721 38.474155 43.037064 45.187641 42.963207 38.292812 34.172565 35.247696 40.254982 46.011829 48.820549 46.011829 40.254982 35.247696 34.172569 38.292812 42.963200 45.187641 43.037067 38.474159 34.403721 31.971203 34.240314 36.715111 37.865051 36.793804 34.461685 32.312260 30.056456 30.849173 31.605669 31.902851 31.502237 30.778530 30.163626,
 12.403870 12.470652 12.356009 11.990294 11.443260 10.902480 10.492822 13.352554 14.009623 14.388001 14.200532 13.396280 12.291019 11.329919 13.834781 15.228760 16.464104 16.828161 15.846668 14.084874 12.493368 13.497943 15.307334 17.220354 18.134659 17.220352 15.307335 13.497942 12.493368 14.084872 15.846668 16.828161 16.464104 15.228762 13.834781 11.329920 12.291017 13.396280 14.200534 14.388001 14.009623 13.352553 10.492823 10.902480 11.443263 11.990296 12.356009 12.470653 12.403868,
 0.494626 0.636644 0.747492 0.782821 0.725422 0.598642 0.450536 0.515205 0.681541 0.812819 0.856094 0.790894 0.643925 0.471689 0.524713 0.733230 0.910670 0.976078 0.894794 0.710187 0.502281 0.529985 0.767511 0.987736 1.081907 0.987736 0.767511 0.529985 0.502281 0.710187 0.894794 0.976078 0.910670 0.733230 0.524713 0.471689 0.643925 0.790894 0.856094 0.812819 0.681541 0.515205 0.450536 0.598642 0.725422 0.782821 0.747492 0.636644 0.494626,
 6.404870 6.718538 7.076856 7.438683 7.698819 7.755699 7.604536 7.070445 7.703096 8.338264 8.769715 8.880739 8.659238 8.203289 7.858710 8.816773 9.785110 10.271321 10.060989 9.391101 8.580792 8.462147 9.497259 10.530579 11.004381 10.530579 9.497259 8.462146 8.580792 9.391101 10.060989 10.271321 9.785110 8.816773 7.858710 8.203289 8.659238 8.880739 8.769714 8.338263 7.703096 7.070445 7.604536 7.755698 7.698819 7.438684 7.076856 6.718538 6.404870,
 13.868935 14.702571 15.368112 15.468458 14.902238 14.033934 13.335447 15.293594 17.073851 18.760147 19.283701 18.184755 16.290672 14.684699 16.676037 19.429140 22.314430 23.495798 21.906809 18.903244 16.283484 17.155867 20.296225 23.795479 25.491264 23.795479 20.296227 17.155867 16.283482 18.903244 21.906811 23.495800 22.314432 19.429140 16.676037 14.684696 16.290670 18.184755 19.283701 18.760151 17.073851 15.293593 13.335447 14.033931 14.902235 15.468458 15.368112 14.702573 13.868935,
 5.271221 5.437745 5.493398 5.351571 5.002938 4.549346 4.143967 5.686487 6.164631 6.524295 6.529515 6.082421 5.359781 4.685128 5.934037 6.779542 7.576638 7.879020 7.357683 6.320384 5.348123 5.839285 6.897245 8.015551 8.552819 8.015551 6.897245 5.839285 5.348123 6.320385 7.357683 7.879020 7.576638 6.779542 5.934037 4.685127 5.359781 6.082421 6.529514 6.524295 6.164630 5.686487 4.143967 4.549346 5.002937 5.351571 5.493398 5.437745 5.271221,

Pairwise cross-correlations of the modulus of all oriented sub-bands at the same scale (size QxQ)
 2.211771 3.345588 5.298172 4.558793 3.345588 31.605200 41.706879 10.885118 5.298172 41.706879 88.667526 38.093777 4.558793 10.885118 38.093777 31.295498,
 1.708514 1.957236 3.218956 2.620475 1.957236 17.296724 22.112009 5.131437 3.218956 22.112009 48.820557 21.397699 2.620475 5.131437 21.397699 18.134659,
 1.081907 1.326377 1.732135 1.278850 1.326377 11.004380 12.622344 2.275335 1.732135 12.622344 25.491266 9.895344 1.278850 2.275335 9.895344 8.552820,

Cross-correlations of the modulus of all oriented sub-bands with all oriented sub-bands at the coarser scale (size QxQ)
 1.528791 2.112086 3.677940 2.885926 2.305677 15.732607 21.645994 6.535754 3.851885 21.244751 41.896172 20.145557 2.994754 6.184061 20.053040 16.157030,
 1.085744 1.339604 1.947368 1.457579 1.518223 9.290632 11.074532 2.798963 2.552312 11.427070 20.950237 9.615529 1.657400 2.646693 9.573996 7.806571,

Cross-correlations of the real part of each oriented sub-band with both the real and imaginary part of all phase-doubled oriented sub-bands at the next coarser scale (Q matrices of size 1x2Q, which are computed and stored in a matrix of size Qx2Q)
 0.134664 -0.155663 -0.435080 -0.737150 -0.005305 -0.062783 -0.074175 -0.047578 -0.001252 -3.204461 -3.606487 -0.680160 -0.039159 -0.622474 -0.117967 0.035787 -0.578919 -4.318041 -8.881418 -5.343238 -0.001727 -0.457580 0.595772 0.067616 -0.747920 -0.810199 -4.545739 -5.602312 0.039629 0.026408 0.230823 -0.107575,
 0.138092 -0.247376 -0.203219 -0.277334 0.003305 0.049903 0.029303 0.004489 -0.133570 -2.197427 -2.075381 -0.338656 0.027694 0.379534 0.670356 0.159778 -0.329703 -2.334313 -4.331230 -1.870671 0.024873 0.332176 1.260270 0.624826 -0.297011 -0.365964 -1.826707 -1.892866 0.007906 0.027142 0.326232 0.338703,
