Low-band skewness and kurtosis
 -1.831536 5.994423,
 -1.725192 5.709168,
 -1.629830 5.331993,
 -1.525195 5.689645,
 -0.834025 2.485770,

High-band variance
 89.576477,

Skewness, kurtosis, variance, mean, maximum and minimum of the reconstructed texture
 104.000000 255.000000 240.918671 690.196533 -1.944858 6.129914

Auto-correlations of the low-frequency bands at each scale
 344.798889 328.890900 317.021576 313.407898 320.048828 336.448639 357.194702 377.820587 352.603821 326.572205 317.620636 333.026550 362.518982 386.556305 431.746307 446.016418 459.535370 466.637421 461.440582 444.388550 420.955963 452.342041 506.749695 560.269104 583.248779 560.269104 506.749725 452.342041 420.955902 444.388489 461.440582 466.637390 459.535370 446.016418 431.746307 386.556274 362.518951 333.026550 317.620636 326.572235 352.603821 377.820618 357.194672 336.448608 320.048828 313.407898 317.021576 328.890900 344.798889,
 327.985199 320.996918 315.334808 312.623566 313.920227 321.289459 333.028015 350.492981 334.515137 316.516693 309.052643 317.342102 335.656311 351.136414 381.122681 387.344574 394.262726 398.687103 395.817413 385.922394 372.670441 391.159698 422.740997 455.975861 470.766052 455.975861 422.741028 391.159698 372.670441 385.922302 395.817383 398.687103 394.262726 387.344666 381.122681 351.136353 335.656250 317.342102 309.052673 316.516724 334.515137 350.493011 333.028015 321.289368 313.920227 312.623596 315.334808 320.996948 327.985229,
 307.804382 304.631927 301.727692 300.463928 300.821503 303.053497 305.977661 327.276703 320.344330 313.054810 310.934479 315.430145 323.686646 329.870300 346.698883 352.592224 358.211700 361.092834 359.019562 353.495331 346.716278 355.898529 373.849457 391.903656 399.875885 391.903656 373.849457 355.898499 346.716309 353.495361 359.019562 361.092834 358.211700 352.592285 346.698883 329.870270 323.686615 315.430145 310.934479 313.054749 320.344269 327.276672 305.977692 303.053497 300.821503 300.463928 301.727661 304.631927 307.804382,
 -15.944232 -10.803227 -1.146968 15.113008 36.396004 54.464901 61.034122 -9.179871 0.198831 16.343592 39.192089 59.889214 67.357651 59.828259 2.831374 18.437347 41.334732 64.074951 72.805397 63.183445 44.006092 21.709970 42.940075 65.180649 75.312775 65.180649 42.940071 21.709972 44.006092 63.183445 72.805397 64.074959 41.334740 18.437340 2.831375 59.828259 67.357651 59.889206 39.192085 16.343592 0.198826 -9.179869 61.034122 54.464901 36.396004 15.113007 -1.146966 -10.803236 -15.944235,

Auto-correlations of the modulus of each oriented sub-band
 1.453621 1.559246 1.643119 1.688258 1.682088 1.627539 1.537535 1.558784 1.728696 1.860988 1.925783 1.905635 1.799089 1.631625 1.677815 1.939778 2.141836 2.222282 2.158486 1.974618 1.723262 1.739703 2.072213 2.379227 2.514503 2.379227 2.072213 1.739703 1.723262 1.974618 2.158486 2.222282 2.141836 1.939778 1.677815 1.631625 1.799089 1.905635 1.925783 1.860988 1.728697 1.558784 1.537535 1.627539 1.682088 1.688258 1.643119 1.559246 1.453621,
 24.359327 25.162380 26.400505 27.854704 29.176975 30.184103 30.738634 26.034815 27.653765 29.770912 31.705259 32.762238 32.927765 32.392258 28.481234 30.940378 33.769814 35.734962 35.776264 34.421417 32.531124 30.993336 33.667088 36.333199 37.604874 36.333199 33.667091 30.993336 32.531124 34.421413 35.776264 35.734962 33.769814 30.940380 28.481236 32.392258 32.927757 32.762238 31.705259 29.770912 27.653767 26.034815 30.738634 30.184097 29.176975 27.854704 26.400503 25.162390 24.359327,
 57.336838 58.286121 59.398636 60.152962 60.006340 59.205540 58.311680 61.396824 63.772255 66.384018 67.813622 66.848442 64.375702 61.842335 65.242432 69.490021 74.139755 76.501610 74.394958 69.763336 65.318115 66.845749 72.096992 77.813927 80.637520 77.813927 72.096992 66.845734 65.318115 69.763336 74.394958 76.501610 74.139748 69.490005 65.242432 61.842335 64.375702 66.848450 67.813629 66.384010 63.772255 61.396824 58.311691 59.205544 60.006344 60.152958 59.398628 58.286110 57.336830,
 29.352394 29.014566 28.334393 27.382433 26.268139 25.202419 24.330566 31.077503 31.587397 31.554270 30.812414 29.334400 27.606134 26.095160 31.657772 33.260498 34.416885 34.458321 32.931480 30.631142 28.464937 30.644829 32.935337 35.127342 36.160332 35.127342 32.935337 30.644829 28.464933 30.631140 32.931477 34.458321 34.416885 33.260494 31.657770 26.095156 27.606131 29.334400 30.812414 31.554270 31.587395 31.077497 24.330566 25.202417 26.268143 27.382431 28.334398 29.014566 29.352394,
 1.101115 1.284709 1.431296 1.487309 1.428865 1.279104 1.090819 1.145185 1.373728 1.556001 1.626376 1.557164 1.374700 1.142408 1.199189 1.495332 1.745574 1.847103 1.749741 1.500484 1.200546 1.237187 1.580790 1.886301 2.014403 1.886301 1.580790 1.237187 1.200546 1.500484 1.749741 1.847103 1.745574 1.495332 1.199189 1.142408 1.374700 1.557164 1.626376 1.556001 1.373727 1.145185 1.090819 1.279104 1.428865 1.487309 1.431296 1.284709 1.101115,
 15.567489 16.288099 17.145588 18.046951 18.797892 19.187796 19.129980 16.441055 17.666121 19.043945 20.193895 20.796059 20.716026 20.038450 17.791462 19.540947 21.380568 22.537971 22.514366 21.554649 20.136549 19.245842 21.115618 22.871557 23.664822 22.871557 21.115618 19.245842 20.136549 21.554649 22.514366 22.537971 21.380568 19.540947 17.791458 20.038450 20.716024 20.796055 20.193897 19.043947 17.666124 16.441051 19.129980 19.187792 18.797890 18.046951 17.145590 16.288099 15.567486,
 34.104118 34.832199 35.569069 35.929863 35.720924 35.215324 34.694572 36.621471 38.467407 40.264614 41.057762 40.344990 38.748329 37.091038 39.127975 42.279377 45.391960 46.764263 45.384010 42.372494 39.328304 40.246532 43.988152 47.749607 49.478657 47.749607 43.988152 40.246532 39.328308 42.372494 45.384010 46.764256 45.391960 42.279377 39.127975 37.091038 38.748333 40.344990 41.057762 40.264614 38.467407 36.621464 34.694572 35.215332 35.720924 35.929867 35.569069 34.832203 34.104118,
 17.568703 17.492683 17.118120 16.536531 15.911204 15.363653 14.893254 18.710743 19.214115 19.253759 18.814682 18.022955 17.084860 16.201937 19.287394 20.461176 21.242067 21.291807 20.450827 19.067703 17.683947 18.889189 20.441101 21.853359 22.480299 21.853359 20.441105 18.889189 17.683949 19.067701 20.450825 21.291807 21.242071 20.461180 19.287394 16.201937 17.084858 18.022955 18.814682 19.253759 19.214115 18.710743 14.893257 15.363653 15.911203 16.536530 17.118120 17.492683 17.568703,
 0.497896 0.670892 0.820016 0.882399 0.828125 0.683855 0.513196 0.528397 0.714285 0.871765 0.936490 0.877642 0.722110 0.536633 0.568753 0.782749 0.974515 1.056685 0.981398 0.790225 0.573698 0.594291 0.833599 1.057905 1.154420 1.057905 0.833599 0.594291 0.573698 0.790225 0.981398 1.056685 0.974515 0.782749 0.568753 0.536633 0.722110 0.877642 0.936490 0.871765 0.714285 0.528397 0.513196 0.683855 0.828125 0.882399 0.820016 0.670892 0.497896,
 6.404695 6.976289 7.564914 8.099916 8.482184 8.622224 8.499491 7.264166 7.991827 8.703424 9.233078 9.461087 9.350623 8.934166 8.127544 9.063654 9.952876 10.446758 10.351183 9.824436 9.072970 8.795025 9.770673 10.646471 11.038749 10.646471 9.770673 8.795025 9.072971 9.824437 10.351183 10.446756 9.952874 9.063654 8.127543 8.934165 9.350622 9.461087 9.233077 8.703423 7.991827 7.264166 8.499490 8.622224 8.482183 8.099916 7.564914 6.976289 6.404695,
 15.655099 16.155027 16.530638 16.678705 16.545969 16.214773 15.844357 17.384266 18.440008 19.302145 19.613167 19.175648 18.255133 17.262491 18.897297 20.623672 22.168524 22.788801 22.018131 20.404881 18.709743 19.431179 21.464636 23.393400 24.269989 23.393400 21.464636 19.431179 18.709743 20.404881 22.018131 22.788801 22.168524 20.623672 18.897297 17.262491 18.255133 19.175646 19.613165 19.302147 18.440006 17.384266 15.844357 16.214771 16.545969 16.678705 16.530640 16.155027 15.655099,
 7.948100 8.136299 8.085121 7.813297 7.430559 7.010995 6.588690 8.577637 9.056015 9.251256 9.112933 8.675960 8.041795 7.378478 8.898064 9.707636 10.322858 10.485952 10.012845 9.111205 8.178010 8.753735 9.760811 10.703754 11.130827 10.703753 9.760811 8.753735 8.178010 9.111205 10.012845 10.485952 10.322858 9.707636 8.898065 7.378477 8.041795 8.675957 9.112933 9.251256 9.056015 8.577637 6.588690 7.010996 7.430559 7.813297 8.085121 8.136299 7.948098,

Pairwise cross-correlations of the modulus of all oriented sub-bands at the same scale (size QxQ)
 2.514503 5.363537 6.501960 4.432638 5.363537 37.604881 37.239632 5.830604 6.501960 37.239632 80.637527 39.430386 4.432638 5.830604 39.430386 36.160336,
 2.014403 3.436719 4.058922 2.775980 3.436719 23.664820 22.243446 2.125278 4.058922 22.243446 49.478661 23.728582 2.775980 2.125278 23.728582 22.480299,
 1.154420 1.623068 2.157845 1.627160 1.623068 11.038747 10.622421 0.771384 2.157845 10.622421 24.269983 11.307548 1.627160 0.771384 11.307548 11.130826,

Cross-correlations of the modulus of all oriented sub-bands with all oriented sub-bands at the coarser scale (size QxQ)
 1.731536 3.383160 4.425115 2.864139 3.472042 21.305222 21.835306 3.034973 4.446348 19.721611 43.247654 21.828808 2.900252 2.334854 21.928049 20.285671,
 1.189919 2.007382 2.264935 1.513632 1.936053 11.930632 10.938493 0.488360 2.962678 11.491068 24.349920 11.738244 1.874032 1.175577 12.314875 11.360097,

Cross-correlations of the real part of each oriented sub-band with both the real and imaginary part of all phase-doubled oriented sub-bands at the next coarser scale (Q matrices of size 1x2Q, which are computed and stored in a matrix of size Qx2Q)
 -0.043358 -0.868700 -0.767515 -0.630468 0.005230 -0.079072 -0.072848 -0.047074 -0.808682 -5.558031 -4.032146 -0.413891 -0.087784 -0.395627 -0.149594 -0.071995 -0.859204 -4.529606 -6.282321 -3.303637 -0.029149 -0.215490 -0.338226 -0.506886 -0.539324 -0.457960 -3.108149 -3.986850 0.045967 -0.029195 -0.300508 -0.426457,
 0.141290 -0.394408 -0.367304 -0.296513 0.011362 -0.056744 -0.063258 -0.011752 -0.291542 -2.532819 -1.613908 -0.139482 -0.028889 -0.781593 -0.704199 0.083822 -0.398983 -1.801809 -2.071579 -1.513741 -0.040180 -0.729821 -0.021035 0.576688 -0.205723 -0.071077 -1.089673 -1.928991 -0.006613 -0.007999 0.448196 0.327680,
