Low-band skewness and kurtosis
 -1.356164 4.156752,
 -1.095675 3.448928,
 -0.829961 2.720527,
 -0.959217 3.355867,
 -0.288199 1.769698,

High-band variance
 101.761246,

Skewness, kurtosis, variance, mean, maximum and minimum of the reconstructed texture
 120.000000 255.000000 240.532440 575.258545 -1.607443 4.729790

Auto-correlations of the low-frequency bands at each scale
 166.133377 156.902374 151.343140 149.613617 151.993286 159.404556 170.965652 197.427597 170.083466 146.562729 137.830551 147.821442 171.177521 196.568130 288.875458 298.124329 305.779480 309.318695 305.456573 295.349701 282.422638 345.467804 393.160400 435.158081 452.473114 435.158081 393.160400 345.467804 282.422638 295.349640 305.456573 309.318695 305.779419 298.124268 288.875458 196.568130 171.177551 147.821442 137.830551 146.562775 170.083466 197.427582 170.965652 159.404587 151.993286 149.613617 151.343140 156.902344 166.133362,
 149.450043 146.262787 145.823364 147.064331 148.941574 153.035339 159.850082 171.709717 156.784592 144.654587 141.162384 147.818817 162.494675 178.967239 225.658295 231.066895 235.516022 237.606445 235.271042 230.145782 224.284409 257.303833 284.735413 309.115906 319.338867 309.115936 284.735413 257.303833 224.284409 230.145782 235.271072 237.606476 235.516022 231.066895 225.658295 178.967239 162.494675 147.818802 141.162384 144.654587 156.784607 171.709717 159.850082 153.035370 148.941574 147.064331 145.823364 146.262787 149.450073,
 147.813293 145.139008 143.566284 142.751266 142.193909 143.069138 145.997803 155.997574 147.649384 141.379318 139.754288 143.089172 150.671005 159.700073 184.799698 188.757263 193.153030 196.391953 196.690552 194.997620 192.250519 208.833893 224.671310 238.523819 244.337845 238.523819 224.671310 208.833908 192.250473 194.997574 196.690552 196.391953 193.153076 188.757263 184.799683 159.700027 150.670990 143.089172 139.754288 141.379349 147.649384 155.997589 145.997787 143.069107 142.193939 142.751266 143.566284 145.139008 147.813309,
 12.863500 17.156059 20.913610 25.357197 32.707886 40.792912 44.193203 17.627203 20.744244 24.740454 32.756104 42.464615 46.851902 43.409508 21.030384 24.933886 33.289719 44.388855 49.446785 44.603893 35.514656 26.258669 34.257797 45.146450 50.744221 45.146450 34.257793 26.258669 35.514656 44.603897 49.446793 44.388859 33.289719 24.933886 21.030384 43.409504 46.851910 42.464615 32.756100 24.740454 20.744238 17.627205 44.193207 40.792912 32.707882 25.357197 20.913610 17.156061 12.863497,

Auto-correlations of the modulus of each oriented sub-band
 0.966027 1.069566 1.149712 1.184505 1.162294 1.091190 0.992612 1.057641 1.193777 1.293772 1.329170 1.291481 1.192234 1.058658 1.161476 1.348517 1.487324 1.537653 1.484511 1.343084 1.154540 1.194079 1.452653 1.704916 1.819214 1.704916 1.452653 1.194079 1.154540 1.343084 1.484511 1.537653 1.487324 1.348517 1.161476 1.058658 1.192234 1.291481 1.329170 1.293772 1.193777 1.057641 0.992612 1.091190 1.162294 1.184505 1.149712 1.069566 0.966027,
 17.705555 18.397804 19.289013 20.144844 20.689814 20.940647 21.034857 19.656761 20.985962 22.595890 23.801884 24.036255 23.601511 22.987274 22.017559 24.029106 26.388712 27.810217 27.296598 25.721048 24.161978 23.818298 25.992439 28.458572 29.715614 28.458572 25.992445 23.818295 24.161982 25.721045 27.296598 27.810215 26.388708 24.029106 22.017555 22.987274 23.601511 24.036253 23.801884 22.595890 20.985962 19.656757 21.034857 20.940647 20.689814 20.144842 19.289013 18.397808 17.705555,
 55.579617 57.163990 58.717899 59.311954 58.277672 56.301056 54.557419 60.811756 64.743942 69.027115 70.918839 68.551781 63.882439 59.862858 65.924255 72.675896 80.455330 84.158020 80.111610 72.099327 65.331223 67.935318 76.030914 85.640877 90.473015 85.640877 76.030922 67.935318 65.331215 72.099327 80.111610 84.158020 80.455315 72.675903 65.924255 59.862862 63.882427 68.551781 70.918839 69.027107 64.743942 60.811756 54.557411 56.301044 58.277672 59.311954 58.717899 57.163994 55.579617,
 20.076729 19.888842 19.496592 18.844183 17.963825 17.101011 16.467522 22.262150 22.785994 23.021889 22.612383 21.345531 19.711395 18.334187 23.492514 25.046461 26.445076 26.779387 25.333351 22.962008 20.832550 22.936962 25.208668 27.599361 28.766920 27.599361 25.208668 22.936966 20.832550 22.962008 25.333345 26.779387 26.445076 25.046461 23.492517 18.334187 19.711393 21.345531 22.612381 23.021889 22.785994 22.262150 16.467522 17.101013 17.963825 18.844181 19.496592 19.888842 20.076729,
 0.665663 0.847776 1.001349 1.065300 1.011063 0.865124 0.687190 0.700605 0.897973 1.061177 1.128196 1.070836 0.914012 0.719567 0.748937 0.982063 1.182123 1.263747 1.184340 0.986020 0.756203 0.780170 1.048413 1.299407 1.408297 1.299407 1.048413 0.780170 0.756203 0.986019 1.184340 1.263747 1.182123 0.982063 0.748937 0.719567 0.914012 1.070836 1.128196 1.061177 0.897973 0.700605 0.687190 0.865124 1.011063 1.065299 1.001350 0.847776 0.665663,
 8.470962 8.964030 9.581277 10.191298 10.621029 10.754005 10.633204 9.540922 10.485005 11.530621 12.305139 12.550658 12.279225 11.700033 10.937694 12.360434 13.872613 14.731091 14.484269 13.502032 12.336393 12.065735 13.613523 15.181628 15.919179 15.181631 13.613523 12.065734 12.336396 13.502032 14.484269 14.731091 13.872613 12.360434 10.937692 11.700033 12.279225 12.550657 12.305139 11.530622 10.485005 9.540921 10.633206 10.754005 10.621029 10.191298 9.581277 8.964030 8.470961,
 26.956751 27.838415 28.841961 29.359625 28.933605 27.947220 27.065453 29.438881 32.048344 34.919670 36.234337 34.840881 31.949953 29.468641 31.967709 36.618744 41.904865 44.383663 41.761742 36.451260 31.959236 33.070591 38.607338 45.123608 48.352528 45.123608 38.607338 33.070591 31.959240 36.451263 41.761742 44.383667 41.904865 36.618744 31.967707 29.468641 31.949951 34.840881 36.234337 34.919670 32.048336 29.438881 27.065453 27.947222 28.933605 29.359629 28.841961 27.838411 26.956751,
 10.858332 10.958246 10.870983 10.531713 10.026264 9.521081 9.102941 11.975805 12.522921 12.785946 12.576045 11.884357 10.943908 10.074495 12.637700 13.772192 14.704357 14.946374 14.153076 12.724295 11.358763 12.402539 13.907764 15.408356 16.106920 15.408356 13.907765 12.402539 11.358764 12.724295 14.153075 14.946374 14.704357 13.772193 12.637700 10.074496 10.943908 11.884357 12.576043 12.785946 12.522923 11.975805 9.102941 9.521081 10.026264 10.531713 10.870983 10.958247 10.858332,
 0.391463 0.528587 0.647398 0.697868 0.657192 0.545151 0.409547 0.410296 0.558820 0.686115 0.739074 0.694440 0.573888 0.428505 0.435966 0.606040 0.759568 0.822221 0.759671 0.611384 0.447315 0.457084 0.643906 0.824991 0.904797 0.824991 0.643906 0.457084 0.447315 0.611384 0.759671 0.822221 0.759568 0.606040 0.435966 0.428505 0.573888 0.694440 0.739074 0.686115 0.558820 0.410296 0.409547 0.545151 0.657192 0.697868 0.647398 0.528587 0.391463,
 4.837859 5.098414 5.351532 5.559172 5.688385 5.719277 5.633737 5.578526 6.148124 6.670114 7.001379 7.074847 6.901761 6.559039 6.494544 7.397847 8.230713 8.638032 8.469858 7.902953 7.182759 7.155099 8.137460 9.043253 9.448577 9.043254 8.137460 7.155099 7.182758 7.902953 8.469856 8.638032 8.230713 7.397848 6.494543 6.559038 6.901762 7.074846 7.001379 6.670114 6.148124 5.578526 5.633737 5.719277 5.688385 5.559173 5.351533 5.098414 4.837859,
 14.176003 15.055411 16.025515 16.505617 16.278217 15.700252 15.061364 15.480999 17.518843 19.651524 20.630283 19.880795 18.238338 16.648060 17.191259 20.373739 23.773823 25.348259 23.899395 20.851593 18.014759 18.302517 21.868652 25.744715 27.613483 25.744715 21.868652 18.302517 18.014759 20.851591 23.899389 25.348255 23.773823 20.373739 17.191259 16.648058 18.238338 19.880795 20.630281 19.651522 17.518843 15.480997 15.061364 15.700252 16.278217 16.505617 16.025513 15.055408 14.176003,
 4.690127 4.875643 4.945053 4.848259 4.633977 4.394651 4.156616 5.231095 5.656488 5.925292 5.933381 5.664418 5.206640 4.717265 5.644826 6.343372 6.960117 7.218854 6.861778 6.074377 5.288095 5.665689 6.539405 7.439030 7.869736 7.439030 6.539405 5.665689 5.288095 6.074377 6.861779 7.218853 6.960116 6.343372 5.644826 4.717265 5.206640 5.664419 5.933381 5.925290 5.656488 5.231095 4.156617 4.394651 4.633977 4.848260 4.945052 4.875643 4.690126,

Pairwise cross-correlations of the modulus of all oriented sub-bands at the same scale (size QxQ)
 1.819213 3.692725 5.111562 3.267406 3.692725 29.715603 39.771969 11.989960 5.111562 39.771969 90.472961 40.237110 3.267406 11.989960 40.237110 28.766909,
 1.408297 2.037878 2.857080 1.879929 2.037878 15.919181 21.183880 6.172479 2.857080 21.183880 48.352528 21.576714 1.879929 6.172479 21.576714 16.106920,
 0.904797 1.030794 1.504801 1.011526 1.030794 9.448575 12.781929 3.426791 1.504801 12.781929 27.613480 11.150770 1.011526 3.426791 11.150770 7.869735,

Cross-correlations of the modulus of all oriented sub-bands with all oriented sub-bands at the coarser scale (size QxQ)
 1.263841 2.259661 3.443858 2.213540 2.502860 14.015464 19.530622 7.362703 3.777645 19.974174 39.548573 20.278574 2.230835 7.279827 20.082840 14.214109,
 0.900724 1.107797 1.592718 1.037862 1.348832 7.656128 10.560900 3.285378 2.252144 11.181708 21.249731 9.743492 1.396469 4.284303 10.615033 6.955596,

Cross-correlations of the real part of each oriented sub-band with both the real and imaginary part of all phase-doubled oriented sub-bands at the next coarser scale (Q matrices of size 1x2Q, which are computed and stored in a matrix of size Qx2Q)
 0.243738 -0.357422 -0.359437 -0.376089 0.001848 -0.001273 -0.015428 -0.012435 -0.223645 -4.789566 -5.082526 -1.110482 -0.013519 -0.111610 -0.245858 -0.074050 -0.501962 -6.033067 -11.912303 -6.514254 -0.010547 -0.241677 -1.133466 -0.503229 -0.261261 -1.071071 -5.231119 -5.252166 0.010165 -0.088486 -0.678303 -0.372715,
 0.295649 -0.106005 -0.148962 -0.159990 0.005659 0.026343 0.001822 0.006847 0.027472 -2.797594 -3.469818 -0.650317 0.019037 -0.239363 -0.543163 -0.161166 -0.156447 -3.945312 -7.863229 -3.294883 0.018578 -0.682259 -1.717660 -0.810632 -0.019890 -0.718649 -3.031746 -2.433496 -0.002496 -0.191129 -0.778208 -0.480324,
