Low-band skewness and kurtosis
 -1.294441 3.955750,
 -1.024676 3.242261,
 -0.747081 2.493638,
 -0.765752 2.534606,
 -0.274296 1.672331,

High-band variance
 104.773796,

Skewness, kurtosis, variance, mean, maximum and minimum of the reconstructed texture
 126.000000 255.000000 240.461502 564.834595 -1.557900 4.504119

Auto-correlations of the low-frequency bands at each scale
 152.535065 142.536285 135.705109 133.336639 136.003052 143.808228 154.534698 181.492081 156.740051 133.889496 124.173111 132.102310 152.134262 172.849701 276.188202 285.297882 292.986877 296.001434 291.073303 279.720825 265.853943 337.585907 381.721924 421.926483 438.763153 421.926483 381.721924 337.585876 265.853912 279.720856 291.073303 296.001434 292.986816 285.297821 276.188202 172.849701 152.134262 132.102325 124.173134 133.889465 156.740051 181.492050 154.534729 143.808228 136.003098 133.336655 135.705109 142.536240 152.535049,
 140.832062 135.341858 132.811737 133.267303 135.954575 141.585861 149.170273 156.877426 143.424667 131.428345 127.219925 132.672562 145.136749 158.102417 213.639862 218.254898 222.199219 223.493240 219.618561 212.352646 204.571198 247.083298 271.840851 295.299042 305.440491 295.299042 271.840851 247.083298 204.571228 212.352631 219.618561 223.493240 222.199219 218.254898 213.639893 158.102402 145.136749 132.672562 127.219925 131.428345 143.424667 156.877426 149.170273 141.585861 135.954575 133.267303 132.811768 135.341873 140.832062,
 141.840729 139.764740 138.822571 138.910690 139.623978 141.842941 145.428864 147.258530 139.239105 132.356796 129.991974 132.934006 139.825516 147.085602 175.561081 177.899384 180.630676 182.415039 181.433075 178.530197 174.976883 196.856140 210.482468 223.498627 229.188293 223.498627 210.482468 196.856110 174.976898 178.530212 181.433075 182.415054 180.630707 177.899353 175.561050 147.085587 139.825516 132.934006 129.991959 132.356796 139.239075 147.258499 145.428864 141.842941 139.623947 138.910675 138.822540 139.764740 141.840714,
 15.520850 21.090021 23.627096 24.879974 28.219385 33.345310 35.843315 21.238817 22.972483 23.594538 27.729479 34.379753 37.578308 34.446171 22.922258 23.216675 27.717430 35.793686 39.662388 35.571388 28.604315 23.884348 28.119366 36.291927 40.791718 36.291927 28.119366 23.884348 28.604311 35.571384 39.662392 35.793686 27.717426 23.216671 22.922258 34.446171 37.578308 34.379757 27.729483 23.594536 22.972483 21.238817 35.843307 33.345310 28.219385 24.879974 23.627096 21.090017 15.520851,

Auto-correlations of the modulus of each oriented sub-band
 0.958139 1.058162 1.131928 1.162370 1.138861 1.067621 0.968023 1.049295 1.192844 1.301986 1.344865 1.310343 1.210298 1.069459 1.156015 1.364605 1.522381 1.583989 1.529806 1.374666 1.164846 1.205426 1.484658 1.749474 1.867451 1.749474 1.484658 1.205426 1.164846 1.374665 1.529806 1.583988 1.522381 1.364605 1.156015 1.069459 1.210298 1.310343 1.344865 1.301986 1.192844 1.049295 0.968023 1.067621 1.138861 1.162370 1.131927 1.058162 0.958139,
 16.069271 16.736708 17.594952 18.397772 18.861296 19.007364 19.012980 17.887102 19.245321 20.838741 21.973444 22.090464 21.491718 20.719110 20.023270 22.163668 24.589378 25.978247 25.356405 23.586584 21.815653 21.592798 23.972462 26.597370 27.898756 26.597366 23.972462 21.592798 21.815653 23.586580 25.356405 25.978251 24.589378 22.163668 20.023270 20.719110 21.491718 22.090464 21.973446 20.838739 19.245323 17.887098 19.012980 19.007364 18.861298 18.397774 17.594952 16.736712 16.069271,
 51.913021 53.289345 54.778538 55.409534 54.570980 52.919544 51.517395 57.732838 61.475952 65.660027 67.617943 65.550209 61.179504 57.288574 63.424061 70.151581 77.852242 81.586746 77.833763 70.000832 63.124668 65.765984 74.009590 83.553726 88.273720 83.553726 74.009590 65.765984 63.124668 70.000816 77.833748 81.586746 77.852242 70.151581 63.424061 57.288567 61.179504 65.550209 67.617943 65.660027 61.475941 57.732834 51.517395 52.919544 54.570980 55.409534 54.778545 53.289341 51.913033,
 18.056253 17.831730 17.415998 16.730745 15.789638 14.823215 14.078507 20.007200 20.559103 20.876919 20.548462 19.305681 17.607281 16.136620 21.097019 22.719725 24.260439 24.723087 23.317997 20.878258 18.660761 20.622061 22.976795 25.481461 26.696848 25.481461 22.976795 20.622061 18.660761 20.878258 23.317997 24.723087 24.260439 22.719728 21.097019 16.136618 17.607279 19.305677 20.548462 20.876919 20.559103 20.007200 14.078506 14.823215 15.789637 16.730745 17.416000 17.831730 18.056257,
 0.673876 0.850485 0.996468 1.056389 1.005545 0.868174 0.698042 0.720582 0.924646 1.089372 1.154796 1.095262 0.935247 0.734392 0.774774 1.029610 1.245182 1.332659 1.247497 1.031719 0.777492 0.808922 1.108245 1.382083 1.499196 1.382083 1.108245 0.808922 0.777492 1.031719 1.247497 1.332659 1.245182 1.029610 0.774774 0.734392 0.935247 1.095262 1.154796 1.089372 0.924646 0.720582 0.698042 0.868174 1.005545 1.056389 0.996468 0.850485 0.673876,
 8.091015 8.464337 8.947182 9.413557 9.707422 9.779616 9.710419 8.806662 9.654973 10.655345 11.337113 11.404886 10.995131 10.424012 9.775419 11.186190 12.809167 13.683290 13.233613 12.024822 10.805202 10.573280 12.174863 13.972717 14.860780 13.972717 12.174863 10.573280 10.805202 12.024821 13.233610 13.683290 12.809167 11.186189 9.775419 10.424014 10.995131 11.404885 11.337113 10.655345 9.654974 8.806662 9.710419 9.779616 9.707422 9.413557 8.947182 8.464337 8.091015,
 26.384447 27.133148 28.137302 28.723989 28.354074 27.381943 26.563433 29.275997 31.649509 34.388504 35.674522 34.342777 31.507959 29.064634 32.023335 36.425961 41.480896 43.838856 41.315796 36.159340 31.740301 33.060474 38.431801 44.717098 47.802834 44.717094 38.431793 33.060474 31.740303 36.159340 41.315796 43.838856 41.480896 36.425961 32.023338 29.064636 31.507959 34.342777 35.674522 34.388504 31.649506 29.275997 26.563433 27.381948 28.354074 28.723991 28.137302 27.133148 26.384447,
 9.615991 9.660125 9.596491 9.348591 8.963591 8.577095 8.284901 10.551227 11.077488 11.446640 11.394594 10.816541 9.937910 9.161535 11.196003 12.339403 13.427544 13.830467 13.069946 11.600636 10.269178 11.107960 12.623639 14.257883 15.043286 14.257883 12.623639 11.107960 10.269177 11.600636 13.069944 13.830465 13.427542 12.339403 11.196004 9.161535 9.937910 10.816541 11.394593 11.446640 11.077488 10.551228 8.284902 8.577094 8.963590 9.348591 9.596493 9.660125 9.615993,
 0.348159 0.478465 0.591856 0.642002 0.606557 0.503096 0.376660 0.359930 0.500082 0.620896 0.672836 0.632963 0.520759 0.384219 0.382889 0.544473 0.690846 0.753464 0.696370 0.553992 0.394240 0.403850 0.585446 0.760475 0.837553 0.760475 0.585446 0.403850 0.394240 0.553992 0.696370 0.753464 0.690846 0.544473 0.382889 0.384219 0.520759 0.632963 0.672836 0.620896 0.500082 0.359930 0.376660 0.503096 0.606557 0.642002 0.591856 0.478465 0.348159,
 4.568521 4.811535 5.080141 5.314665 5.423253 5.355255 5.153885 5.218984 5.714191 6.234244 6.543101 6.488441 6.112121 5.587769 5.793453 6.644114 7.555846 7.983576 7.638595 6.815393 5.948626 6.055395 7.071169 8.170144 8.697332 8.170143 7.071169 6.055395 5.948627 6.815392 7.638595 7.983576 7.555844 6.644113 5.793453 5.587769 6.112121 6.488441 6.543102 6.234244 5.714191 5.218984 5.153885 5.355255 5.423253 5.314665 5.080141 4.811534 4.568521,
 13.326724 13.888753 14.642612 15.140371 15.017825 14.370043 13.553113 15.168786 16.814829 18.671497 19.621189 18.894566 17.011274 15.079389 16.916805 19.840498 23.060419 24.609339 23.152779 19.879261 16.784981 17.606195 21.180647 25.099909 26.960211 25.099909 21.180647 17.606192 16.784983 19.879261 23.152777 24.609343 23.060419 19.840500 16.916803 15.079389 17.011274 18.894566 19.621189 18.671495 16.814829 15.168785 13.553113 14.370043 15.017825 15.140371 14.642610 13.888753 13.326724,
 4.259872 4.466548 4.528352 4.385699 4.132534 3.919487 3.777067 4.752345 5.246304 5.550636 5.525152 5.178024 4.659318 4.191730 5.103321 5.903395 6.626952 6.906125 6.441974 5.517131 4.700246 5.082567 6.035341 7.083397 7.599158 7.083397 6.035341 5.082567 4.700247 5.517131 6.441974 6.906125 6.626952 5.903394 5.103321 4.191730 4.659318 5.178024 5.525152 5.550635 5.246304 4.752344 3.777067 3.919487 4.132534 4.385699 4.528352 4.466548 4.259872,

Pairwise cross-correlations of the modulus of all oriented sub-bands at the same scale (size QxQ)
 1.867451 3.572355 4.421671 2.988005 3.572355 27.898758 37.742371 11.200451 4.421671 37.742371 88.273705 37.970116 2.988005 11.200451 37.970116 26.696850,
 1.499196 2.150219 2.893888 1.815275 2.150219 14.860775 19.881016 6.096765 2.893888 19.881016 47.802826 21.061863 1.815275 6.096765 21.061863 15.043286,
 0.837553 1.017569 1.342342 0.880739 1.017569 8.697332 11.600197 2.861450 1.342342 11.600197 26.960209 10.828819 0.880739 2.861450 10.828819 7.599158,

Cross-correlations of the modulus of all oriented sub-bands with all oriented sub-bands at the coarser scale (size QxQ)
 1.334488 2.256244 3.082244 1.991965 2.500628 13.070824 18.390532 6.990049 3.482269 18.200087 38.048229 19.049578 2.131922 6.499210 18.456163 12.872418,
 0.884999 1.160235 1.561386 1.015392 1.372098 6.892364 9.523868 3.175915 2.154372 9.813352 20.267281 9.561140 1.177448 3.445218 10.053465 6.446086,

Cross-correlations of the real part of each oriented sub-band with both the real and imaginary part of all phase-doubled oriented sub-bands at the next coarser scale (Q matrices of size 1x2Q, which are computed and stored in a matrix of size Qx2Q)
 0.126923 -0.438355 -0.388198 -0.534607 0.016273 -0.025378 -0.037233 0.004098 -0.388846 -4.254774 -4.361366 -1.213983 0.003388 -0.236289 -0.008867 0.093333 -0.642194 -5.153480 -12.277574 -7.453034 -0.010756 -0.069488 0.523066 0.363089 -0.438715 -1.037488 -6.081208 -6.248975 -0.000690 0.053578 0.239531 0.212714,
 0.194915 -0.211883 -0.111560 -0.190030 0.012639 0.084243 0.027343 0.002541 -0.131936 -1.919685 -1.578130 -0.402783 0.079814 -0.056697 -0.677059 -0.082826 -0.281176 -2.128734 -4.033528 -2.190238 0.050401 -0.462830 -0.789707 -0.031790 -0.143645 -0.364519 -1.783504 -1.869176 0.001352 -0.091918 0.158920 0.081847,
