Low-band skewness and kurtosis
 -1.394443 4.246547,
 -1.150998 3.571031,
 -0.873477 2.815001,
 -0.887452 3.058801,
 -0.380647 1.687495,

High-band variance
 103.196754,

Skewness, kurtosis, variance, mean, maximum and minimum of the reconstructed texture
 123.000000 255.000000 240.536255 593.591309 -1.632543 4.771936

Auto-correlations of the low-frequency bands at each scale
 166.478333 157.155807 152.274033 152.419540 158.083862 169.381256 183.649551 207.211975 180.718231 157.908600 150.594925 162.747162 187.444321 212.004196 305.042725 315.210480 323.808136 327.858582 323.079346 310.248352 293.778107 357.336365 407.071014 451.623505 470.166840 451.623505 407.071106 357.336334 293.778107 310.248322 323.079376 327.858551 323.808167 315.210541 305.042664 212.004227 187.444290 162.747131 150.594925 157.908585 180.718262 207.212021 183.649582 169.381241 158.083862 152.419525 152.274017 157.155838 166.478363,
 164.916336 159.696869 157.034882 156.562622 157.843384 162.256485 168.988251 180.355576 164.154968 150.754913 147.128464 154.964188 170.904526 187.292953 232.208420 238.610092 245.130692 249.547455 248.235580 242.211777 234.476471 266.889435 297.260193 325.184570 337.054108 325.184570 297.260193 266.889435 234.476471 242.211777 248.235596 249.547455 245.130692 238.610092 232.208420 187.292953 170.904526 154.964172 147.128494 150.754898 164.154968 180.355591 168.988251 162.256485 157.843384 156.562607 157.034897 159.696854 164.916351,
 156.208801 151.889236 149.526291 149.471939 151.371262 155.327423 160.205200 166.317276 158.388107 151.471039 149.405014 153.350571 161.856964 170.762772 195.508423 200.114029 204.787598 207.640091 206.509537 202.690048 198.145096 215.534515 232.393951 248.326736 255.243851 248.326736 232.393951 215.534515 198.145065 202.690048 206.509537 207.640106 204.787628 200.113998 195.508423 170.762741 161.856964 153.350571 149.404984 151.471039 158.388107 166.317276 160.205215 155.327454 151.371262 149.471939 149.526306 151.889236 156.208801,
 14.842029 20.173897 22.359211 23.658901 28.382654 34.630795 36.709782 20.295923 22.446196 23.194550 28.202190 36.176422 39.334187 35.886208 22.906092 23.671904 28.554892 37.832020 42.050751 37.181931 30.357882 25.100227 29.286161 38.198414 43.468449 38.198414 29.286161 25.100231 30.357882 37.181931 42.050751 37.832027 28.554892 23.671904 22.906092 35.886208 39.334187 36.176426 28.202192 23.194555 22.446196 20.295925 36.709774 34.630795 28.382648 23.658901 22.359211 20.173897 14.842029,

Auto-correlations of the modulus of each oriented sub-band
 0.981915 1.100241 1.205549 1.269940 1.273392 1.220303 1.130439 1.079874 1.238148 1.372258 1.443348 1.431527 1.342750 1.204457 1.206160 1.425615 1.596071 1.671469 1.628252 1.478554 1.269051 1.269283 1.558746 1.844596 1.975224 1.844596 1.558746 1.269283 1.269051 1.478554 1.628252 1.671469 1.596071 1.425615 1.206159 1.204457 1.342749 1.431527 1.443348 1.372258 1.238148 1.079874 1.130439 1.220303 1.273392 1.269940 1.205549 1.100242 0.981915,
 16.119020 16.941141 18.070244 19.236361 20.043272 20.423599 20.564182 18.046844 19.626781 21.593605 23.162624 23.594040 23.139305 22.392187 20.493452 22.861422 25.642097 27.391079 26.916420 25.123941 23.259815 22.550335 25.113731 27.955944 29.384840 27.955942 25.113731 22.550335 23.259817 25.123940 26.916420 27.391079 25.642092 22.861422 20.493452 22.392187 23.139305 23.594036 23.162621 21.593603 19.626781 18.046844 20.564182 20.423599 20.043272 19.236361 18.070242 16.941141 16.119020,
 55.126934 56.492352 58.009377 58.649891 57.743240 56.035694 54.668556 60.076935 63.843468 68.156944 70.127014 67.873131 63.444363 59.774273 64.964874 71.554153 79.371071 83.150108 79.152527 71.269623 64.763626 66.992920 74.889351 84.481888 89.355049 84.481888 74.889351 66.992920 64.763626 71.269608 79.152527 83.150093 79.371071 71.554153 64.964867 59.774273 63.444344 67.873131 70.127022 68.156944 63.843468 60.076935 54.668560 56.035694 57.743244 58.649883 58.009377 56.492363 55.126930,
 22.059750 21.972775 21.668602 21.032919 20.107685 19.188286 18.487589 24.057173 24.703768 25.063961 24.701031 23.408909 21.767160 20.410786 25.239571 26.853533 28.348022 28.727795 27.251228 24.886864 22.829588 24.779291 27.015783 29.436945 30.642187 29.436941 27.015787 24.779291 22.829584 24.886858 27.251228 28.727793 28.348021 26.853533 25.239561 20.410784 21.767160 23.408915 24.701035 25.063959 24.703770 24.057167 18.487591 19.188286 20.107687 21.032919 21.668598 21.972776 22.059755,
 0.776795 0.977494 1.145775 1.220700 1.173665 1.029357 0.845309 0.820438 1.045556 1.233414 1.315695 1.261204 1.094041 0.877715 0.875944 1.151806 1.392345 1.496759 1.412967 1.184725 0.911559 0.924754 1.242985 1.537053 1.663397 1.537053 1.242985 0.924754 0.911559 1.184725 1.412967 1.496759 1.392345 1.151806 0.875944 0.877715 1.094041 1.261204 1.315695 1.233414 1.045556 0.820438 0.845309 1.029357 1.173665 1.220700 1.145775 0.977494 0.776795,
 10.683976 11.142663 11.653002 12.107977 12.351768 12.336826 12.168372 11.602446 12.617516 13.696009 14.383560 14.404469 13.905815 13.213816 12.780952 14.395128 16.125854 17.027609 16.547369 15.244205 13.871405 13.709696 15.507422 17.411552 18.323118 17.411552 15.507422 13.709696 13.871405 15.244205 16.547369 17.027609 16.125856 14.395131 12.780952 13.213816 13.905814 14.404469 14.383560 13.696010 12.617514 11.602446 12.168372 12.336828 12.351769 12.107978 11.653002 11.142665 10.683976,
 31.412886 32.350140 33.520851 34.027851 33.296421 31.857401 30.617744 34.326721 36.910492 39.729454 40.851658 39.108406 35.785088 32.897720 36.690617 41.452244 46.722107 49.030106 46.152149 40.489807 35.561611 37.194092 43.062275 49.768044 53.030449 49.768044 43.062279 37.194092 35.561607 40.489803 46.152149 49.030106 46.722111 41.452244 36.690617 32.897713 35.785088 39.108402 40.851658 39.729458 36.910492 34.326721 30.617743 31.857397 33.296417 34.027851 33.520855 32.350147 31.412891,
 12.419468 12.437043 12.275051 11.904266 11.391036 10.859087 10.399821 13.562432 14.044281 14.272764 14.062269 13.376950 12.437671 11.565879 14.253172 15.346397 16.266991 16.501808 15.714319 14.310203 12.964109 14.033710 15.514215 16.997168 17.685991 16.997168 15.514216 14.033709 12.964109 14.310203 15.714316 16.501806 16.266993 15.346400 14.253172 11.565881 12.437670 13.376947 14.062271 14.272764 14.044284 13.562432 10.399822 10.859085 11.391034 11.904266 12.275051 12.437044 12.419467,
 0.478503 0.646173 0.784935 0.834528 0.771897 0.628425 0.464920 0.500934 0.676187 0.822152 0.877004 0.815318 0.665747 0.490055 0.512943 0.720465 0.908824 0.988270 0.912656 0.724309 0.512163 0.533244 0.773181 1.002557 1.102466 1.002557 0.773181 0.533244 0.512163 0.724309 0.912656 0.988270 0.908824 0.720465 0.512943 0.490055 0.665747 0.815318 0.877004 0.822152 0.676186 0.500934 0.464920 0.628425 0.771897 0.834528 0.784935 0.646173 0.478503,
 4.885375 5.184166 5.458951 5.628202 5.625671 5.445762 5.184955 5.407020 6.017212 6.644325 6.982094 6.865071 6.426084 5.937613 6.141709 7.125966 8.198519 8.728067 8.346797 7.452404 6.592502 6.677931 7.787101 9.016118 9.612803 9.016118 7.787101 6.677931 6.592502 7.452404 8.346799 8.728066 8.198519 7.125965 6.141709 5.937613 6.426083 6.865071 6.982094 6.644324 6.017212 5.407019 5.184955 5.445762 5.625671 5.628202 5.458950 5.184166 4.885375,
 15.674061 15.846248 16.364838 16.781677 16.604664 15.988199 15.353360 16.491447 17.798859 19.643700 20.814363 20.292637 18.631943 17.007837 17.675854 20.388895 23.777372 25.687208 24.392189 21.213955 18.340483 18.562611 21.993265 26.053955 28.090725 26.053955 21.993265 18.562607 18.340483 21.213955 24.392189 25.687208 23.777372 20.388895 17.675854 17.007837 18.631943 20.292633 20.814362 19.643700 17.798855 16.491446 15.353361 15.988199 16.604662 16.781677 16.364840 15.846245 15.674060,
 5.999227 6.192540 6.280467 6.189644 5.921566 5.544549 5.172149 6.544183 7.008723 7.346557 7.385204 7.015938 6.341901 5.646396 6.859003 7.725634 8.503355 8.806044 8.327802 7.306520 6.260422 6.753184 7.892965 9.004470 9.510077 9.004470 7.892965 6.753184 6.260422 7.306520 8.327801 8.806044 8.503355 7.725634 6.859003 5.646396 6.341901 7.015938 7.385203 7.346556 7.008724 6.544181 5.172149 5.544549 5.921566 6.189644 6.280467 6.192540 5.999227,

Pairwise cross-correlations of the modulus of all oriented sub-bands at the same scale (size QxQ)
 1.975224 4.057124 5.253014 3.375064 4.057124 29.384825 37.902416 11.814901 5.253014 37.902416 89.355042 41.786366 3.375064 11.814901 41.786366 30.642176,
 1.663397 2.566324 3.154230 2.009091 2.566324 18.323114 22.969320 6.132867 3.154230 22.969320 53.030445 23.609119 2.009091 6.132867 23.609119 17.685989,
 1.102466 1.395486 1.743546 1.418978 1.395486 9.612803 12.346889 3.638783 1.743546 12.346889 28.090723 12.332432 1.418978 3.638783 12.332432 9.510075,

Cross-correlations of the modulus of all oriented sub-bands with all oriented sub-bands at the coarser scale (size QxQ)
 1.427375 2.754059 3.687487 2.281721 2.752348 15.302983 20.437042 7.322764 3.807942 20.534304 42.188087 21.726728 2.315004 7.446985 21.612156 15.242120,
 1.079635 1.547270 1.959289 1.507347 1.642442 7.974076 10.676810 3.625679 2.621551 11.398522 23.046389 11.893912 1.570352 4.273138 12.513836 8.850512,

Cross-correlations of the real part of each oriented sub-band with both the real and imaginary part of all phase-doubled oriented sub-bands at the next coarser scale (Q matrices of size 1x2Q, which are computed and stored in a matrix of size Qx2Q)
 0.067586 -0.682295 -0.458195 -0.352920 -0.000919 -0.010942 -0.014466 -0.014683 -0.625071 -6.455688 -6.190428 -1.126317 -0.014057 -0.096435 0.029841 -0.001020 -0.658636 -7.154315 -12.327561 -5.608262 0.004976 -0.116759 0.198630 0.020343 -0.263501 -1.100943 -4.652888 -4.352414 0.015070 -0.027934 0.067822 -0.043263,
 0.173650 -0.228152 -0.210793 -0.199759 0.038199 0.008683 -0.026957 -0.022186 -0.161315 -2.776102 -2.763999 -0.334689 0.003870 0.184189 -0.031885 -0.055048 -0.294645 -3.263637 -4.871827 -2.115383 0.004601 0.278845 -0.093707 -0.027079 -0.119150 -0.478977 -1.695161 -2.017595 0.029708 0.056521 -0.102847 -0.027657,
