Low-band skewness and kurtosis
 -1.394305 4.250897,
 -1.130825 3.488461,
 -0.882561 2.834772,
 -0.734918 2.374071,
 -0.457476 1.755356,

High-band variance
 103.289413,

Skewness, kurtosis, variance, mean, maximum and minimum of the reconstructed texture
 117.000000 255.000000 240.508743 593.517029 -1.640216 4.845437

Auto-correlations of the low-frequency bands at each scale
 178.927994 168.565231 160.596954 156.817245 158.507751 167.414337 183.765396 220.764053 192.507141 166.663940 155.732178 165.404053 190.494995 217.865402 309.728302 317.963013 326.429596 330.670776 326.409790 313.732147 294.411163 353.509796 405.342346 451.289459 470.213470 451.289459 405.342407 353.509796 294.411102 313.732086 326.409790 330.670746 326.429535 317.962982 309.728302 217.865387 190.495026 165.404053 155.732132 166.663895 192.507141 220.764053 183.765381 167.414337 158.507767 156.817261 160.596985 168.565216 178.928024,
 165.331009 160.678284 159.379379 161.099655 164.556198 170.889908 180.780319 186.756668 172.108307 159.612381 155.933258 163.269257 179.263779 196.709000 242.180786 247.822067 252.533432 254.004654 249.987625 242.212997 232.561798 267.944366 298.493195 326.020813 337.579102 326.020813 298.493225 267.944336 232.561829 242.212982 249.987610 254.004669 252.533432 247.822098 242.180756 196.709076 179.263763 163.269257 155.933228 159.612411 172.108307 186.756622 180.780365 170.889862 164.556198 161.099686 159.379379 160.678329 165.330994,
 169.225006 164.863770 161.800980 160.645020 161.342697 165.011658 171.779404 172.540665 163.410797 156.621140 156.059341 162.559158 174.262909 186.380096 198.757263 202.813263 208.078873 212.307556 212.946442 210.298355 205.121872 216.904129 235.555893 252.520203 259.698578 252.520203 235.555862 216.904129 205.121887 210.298355 212.946442 212.307556 208.078873 202.813293 198.757248 186.380081 174.262909 162.559158 156.059326 156.621109 163.410797 172.540649 171.779404 165.011642 161.342697 160.645020 161.800980 164.863754 169.225006,
 14.119902 19.343773 22.823280 25.903315 30.179638 34.429245 35.880310 19.499525 22.524006 25.143108 30.046215 35.617527 37.719250 35.599552 22.709177 25.111307 30.151558 37.091518 39.947296 36.688728 31.525805 26.196045 30.691607 37.479324 41.159412 37.479324 30.691610 26.196045 31.525801 36.688732 39.947300 37.091518 30.151552 25.111313 22.709175 35.599552 37.719250 35.617527 30.046215 25.143108 22.524006 19.499525 35.880310 34.429245 30.179640 25.903313 22.823273 19.343773 14.119902,

Auto-correlations of the modulus of each oriented sub-band
 1.002281 1.095168 1.159839 1.176486 1.139202 1.062511 0.965308 1.081423 1.200645 1.287161 1.317056 1.276151 1.172334 1.041540 1.189284 1.382206 1.508875 1.534449 1.468855 1.333152 1.148960 1.206464 1.461725 1.725431 1.850949 1.725431 1.461725 1.206464 1.148961 1.333152 1.468855 1.534449 1.508875 1.382206 1.189284 1.041540 1.172334 1.276151 1.317056 1.287161 1.200645 1.081423 0.965308 1.062511 1.139202 1.176486 1.159839 1.095168 1.002281,
 19.708958 20.514774 21.585484 22.719175 23.639536 24.291559 24.721745 21.781694 23.284452 25.136572 26.687412 27.344612 27.272364 26.858461 24.409239 26.646942 29.236914 30.929331 30.719357 29.311159 27.714567 26.743423 29.118692 31.665926 32.916889 31.665926 29.118694 26.743423 27.714567 29.311159 30.719358 30.929329 29.236908 26.646944 24.409239 26.858463 27.272367 27.344614 26.687408 25.136576 23.284452 21.781691 24.721745 24.291553 23.639540 22.719175 21.585484 20.514772 19.708958,
 55.527843 56.673317 58.020386 58.650291 57.942169 56.382061 54.873611 60.578651 63.882401 67.886009 69.870293 67.924652 63.697964 59.912907 65.561203 71.627487 79.091743 82.859741 79.167892 71.518646 65.054276 67.503525 75.080650 84.383636 89.113899 84.383644 75.080658 67.503525 65.054276 71.518646 79.167892 82.859726 79.091751 71.627487 65.561203 59.912899 63.697956 67.924644 69.870293 67.886017 63.882401 60.578644 54.873611 56.382057 57.942162 58.650291 58.020390 56.673325 55.527843,
 21.420223 21.286230 20.949526 20.293159 19.392139 18.577246 17.952864 23.485104 24.072086 24.384117 23.994905 22.717842 21.181778 19.883392 24.774012 26.343700 27.776762 28.134012 26.668497 24.397423 22.371706 24.367367 26.577662 28.921118 30.110804 28.921120 26.577662 24.367365 22.371706 24.397419 26.668491 28.134012 27.776762 26.343700 24.774014 19.883390 21.181776 22.717840 23.994909 24.384117 24.072086 23.485106 17.952866 18.577246 19.392139 20.293159 20.949526 21.286236 21.420221,
 0.768869 0.943321 1.082052 1.128181 1.060274 0.907671 0.728896 0.810981 1.008981 1.162449 1.210908 1.135234 0.967365 0.768888 0.850292 1.090654 1.293485 1.369786 1.277188 1.061377 0.815227 0.856341 1.138812 1.405593 1.522320 1.405593 1.138812 0.856341 0.815227 1.061377 1.277188 1.369786 1.293485 1.090654 0.850292 0.768888 0.967365 1.135234 1.210908 1.162449 1.008981 0.810981 0.728896 0.907671 1.060274 1.128181 1.082052 0.943321 0.768869,
 10.603150 11.002382 11.468487 11.932243 12.299011 12.498198 12.526073 11.409852 12.276449 13.220121 13.906961 14.133120 13.934661 13.479843 12.443872 13.869394 15.402592 16.255152 15.981952 14.989183 13.844057 13.402707 14.987250 16.639103 17.425138 16.639103 14.987251 13.402707 13.844057 14.989183 15.981952 16.255154 15.402594 13.869394 12.443872 13.479843 13.934661 14.133121 13.906961 13.220121 12.276450 11.409852 12.526073 12.498196 12.299008 11.932243 11.468487 11.002381 10.603151,
 31.309284 32.181709 33.154144 33.641510 33.199123 32.162102 31.169525 34.147961 36.461845 39.037560 40.222836 38.857403 35.968067 33.365051 36.822948 41.067688 45.940487 48.247383 45.737175 40.558491 36.058727 37.634415 42.929321 49.132763 52.191311 49.132767 42.929321 37.634407 36.058727 40.558483 45.737171 48.247391 45.940491 41.067688 36.822945 33.365055 35.968063 38.857403 40.222836 39.037563 36.461849 34.147957 31.169529 32.162106 33.199120 33.641506 33.154152 32.181709 31.309275,
 12.443357 12.672182 12.738846 12.562578 12.167024 11.654040 11.144420 13.721498 14.400235 14.834343 14.792444 14.185989 13.190031 12.185205 14.715206 16.013456 17.136086 17.518803 16.739906 15.172702 13.608504 14.687348 16.405523 18.104446 18.882103 18.104446 16.405523 14.687348 13.608503 15.172702 16.739906 17.518801 17.136082 16.013458 14.715204 12.185205 13.190031 14.185989 14.792443 14.834343 14.400236 13.721498 11.144418 11.654040 12.167023 12.562578 12.738843 12.672182 12.443356,
 0.432316 0.564303 0.675714 0.715070 0.657092 0.526663 0.381906 0.444200 0.591175 0.712489 0.752506 0.689738 0.552914 0.399748 0.446816 0.622022 0.781550 0.839655 0.759644 0.591928 0.416178 0.443889 0.643652 0.844079 0.934845 0.844079 0.643652 0.443889 0.416178 0.591928 0.759644 0.839655 0.781550 0.622022 0.446816 0.399748 0.552914 0.689738 0.752506 0.712489 0.591175 0.444200 0.381906 0.526663 0.657092 0.715070 0.675714 0.564303 0.432316,
 7.377126 7.677161 7.919703 8.056835 8.087198 8.062846 8.029745 7.939901 8.539660 9.081548 9.370956 9.355345 9.128464 8.822532 8.678614 9.641326 10.575840 11.022028 10.774497 10.097111 9.341404 9.268281 10.330925 11.381343 11.861429 11.381343 10.330924 9.268281 9.341404 10.097111 10.774498 11.022026 10.575840 9.641325 8.678614 8.822532 9.128464 9.355344 9.370956 9.081548 8.539659 7.939901 8.029744 8.062846 8.087198 8.056835 7.919703 7.677160 7.377127,
 17.483402 18.278305 18.589287 18.113665 17.032120 16.067699 15.768193 18.331377 20.141281 21.561460 21.446344 19.599211 17.388477 16.210434 18.684372 21.621309 24.757137 25.681168 23.259359 19.589979 17.149284 18.208216 21.467857 25.670845 27.805012 25.670845 21.467857 18.208216 17.149284 19.589981 23.259359 25.681168 24.757139 21.621309 18.684372 16.210434 17.388475 19.599209 21.446344 21.561460 20.141281 18.331377 15.768193 16.067699 17.032120 18.113663 18.589285 18.278305 17.483398,
 5.887648 6.113138 6.235536 6.191185 6.006543 5.785195 5.610666 6.358840 6.836993 7.172098 7.203974 6.907056 6.435902 6.020179 6.740962 7.517749 8.231348 8.505628 8.097245 7.264493 6.495666 6.802026 7.735061 8.723156 9.187653 8.723156 7.735061 6.802026 6.495665 7.264492 8.097244 8.505629 8.231349 7.517749 6.740961 6.020179 6.435902 6.907055 7.203974 7.172099 6.836994 6.358840 5.610665 5.785195 6.006543 6.191184 6.235536 6.113138 5.887648,

Pairwise cross-correlations of the modulus of all oriented sub-bands at the same scale (size QxQ)
 1.850949 3.820452 5.400149 3.615382 3.820452 32.916885 40.422623 11.380096 5.400149 40.422623 89.113876 40.455303 3.615382 11.380096 40.455303 30.110794,
 1.522320 2.263453 3.406263 2.254168 2.263453 17.425138 21.881678 6.033013 3.406263 21.881678 52.191299 24.808813 2.254168 6.033013 24.808813 18.882099,
 0.934845 1.332863 1.750357 1.262410 1.332863 11.861429 13.798673 3.746348 1.750357 13.798673 27.805012 11.965271 1.262410 3.746348 11.965271 9.187651,

Cross-correlations of the modulus of all oriented sub-bands with all oriented sub-bands at the coarser scale (size QxQ)
 1.308861 2.424921 3.766912 2.392915 2.623302 16.039690 21.502819 7.546618 4.242042 20.567493 42.827930 22.397669 2.636145 6.781606 21.810820 15.807286,
 0.962160 1.460688 1.979266 1.426641 1.586565 9.969983 12.278354 4.099226 2.592752 13.585850 24.178667 11.961918 1.523599 4.526994 12.218613 8.575153,

Cross-correlations of the real part of each oriented sub-band with both the real and imaginary part of all phase-doubled oriented sub-bands at the next coarser scale (Q matrices of size 1x2Q, which are computed and stored in a matrix of size Qx2Q)
 0.183471 -0.344068 -0.381784 -0.445790 -0.008876 -0.010486 -0.019309 -0.008835 -0.217607 -4.088198 -4.574409 -1.108292 -0.027107 -0.192012 0.020233 0.063463 -0.544664 -5.039403 -12.240593 -6.523830 -0.023730 -0.128788 0.365847 0.081925 -0.383951 -0.996321 -5.940114 -5.345850 -0.005960 0.043617 0.156272 -0.058557,
 0.216325 -0.153783 -0.162281 -0.173953 0.007155 0.021424 0.018156 0.021190 -0.051671 -1.945659 -1.595879 -0.291166 -0.014177 0.121804 0.319064 0.148392 -0.272729 -1.906662 -3.149071 -2.135589 -0.051354 0.327909 1.559380 0.895768 -0.153557 -0.160977 -1.445304 -1.955332 -0.025690 0.154937 0.935179 0.633905,
