Low-band skewness and kurtosis
 -1.507261 4.568847,
 -1.330078 4.049404,
 -1.118763 3.335763,
 -1.318199 3.993906,
 -0.757244 2.189747,

High-band variance
 100.242882,

Skewness, kurtosis, variance, mean, maximum and minimum of the reconstructed texture
 118.000000 255.000000 240.574417 630.298157 -1.718428 5.092162

Auto-correlations of the low-frequency bands at each scale
 257.711334 241.471069 230.910217 228.397430 233.690521 244.968582 258.284546 292.412964 265.435425 238.173538 227.030670 238.815155 265.436920 290.993195 350.671478 367.702850 380.319397 384.762238 378.791748 365.916229 351.549072 386.620819 439.473969 489.554260 510.807068 489.554260 439.473907 386.620819 351.549103 365.916229 378.791748 384.762177 380.319397 367.702820 350.671478 290.993164 265.436920 238.815140 227.030685 238.173538 265.435455 292.412933 258.284546 244.968582 233.690521 228.397430 230.910217 241.471069 257.711334,
 246.886719 237.514343 231.484421 229.534363 231.017197 236.559952 244.920273 263.356873 247.204208 231.398849 225.269806 231.848892 247.065109 262.119904 296.313873 305.062866 312.452026 315.989685 312.878387 305.261780 296.741791 317.549683 347.738220 377.293335 390.162415 377.293335 347.738220 317.549683 296.741791 305.261719 312.878387 315.989685 312.451996 305.062866 296.313904 262.119873 247.065063 231.848892 225.269806 231.398849 247.204224 263.356873 244.920319 236.559952 231.017181 229.534332 231.484421 237.514343 246.886719,
 229.758331 226.008270 224.289047 224.743576 226.446243 229.402649 232.882980 245.035553 237.735535 230.134354 227.308029 230.904831 239.051895 247.094177 265.857880 271.867371 276.235870 277.777435 275.472809 271.463196 267.945618 278.092224 294.625061 311.005432 318.229767 311.005432 294.625061 278.092224 267.945587 271.463196 275.472839 277.777466 276.235840 271.867371 265.857910 247.094177 239.051849 230.904831 227.308029 230.134384 237.735565 245.035553 232.882935 229.402618 226.446243 224.743576 224.289047 226.008270 229.758362,
 8.021590 13.497622 17.249210 21.679619 28.971254 35.869068 37.243774 13.204375 16.654276 20.504423 28.403137 37.319473 40.099236 35.565933 16.890352 20.579008 28.466566 38.963291 43.177681 37.796860 29.238045 21.821136 28.961573 39.302765 44.742657 39.302769 28.961573 21.821135 29.238045 37.796860 43.177677 38.963291 28.466572 20.579010 16.890352 35.565937 40.099236 37.319469 28.403137 20.504427 16.654272 13.204377 37.243778 35.869068 28.971249 21.679619 17.249210 13.497622 8.021591,

Auto-correlations of the modulus of each oriented sub-band
 1.247817 1.365078 1.462250 1.515031 1.504977 1.438180 1.335123 1.348813 1.522460 1.656159 1.713204 1.683267 1.575669 1.416769 1.468966 1.707289 1.886289 1.962819 1.914572 1.749244 1.512347 1.528201 1.844870 2.154261 2.295851 2.154261 1.844870 1.528201 1.512347 1.749244 1.914572 1.962819 1.886289 1.707289 1.468966 1.416769 1.575669 1.683267 1.713204 1.656159 1.522460 1.348813 1.335123 1.438180 1.504977 1.515031 1.462250 1.365078 1.247817,
 21.725067 22.557297 23.640793 24.712856 25.406219 25.714945 25.766027 23.462868 24.987659 26.800148 28.220823 28.581245 28.129066 27.318556 25.680780 27.963928 30.499870 32.070927 31.632662 29.974756 28.103964 27.514767 30.019312 32.620205 33.905704 32.620205 30.019308 27.514765 28.103958 29.974752 31.632662 32.070927 30.499865 27.963924 25.680780 27.318554 28.129065 28.581245 28.220823 26.800142 24.987656 23.462864 25.766037 25.714947 25.406223 24.712856 23.640789 22.557299 21.725065,
 57.435017 58.639301 59.998428 60.615250 59.885845 58.330402 56.856327 61.137363 64.361633 68.027260 69.717278 67.834038 64.052925 60.739189 64.974632 70.591415 77.200081 80.416496 77.049950 70.410294 64.812309 66.646545 73.377792 81.471596 85.609505 81.471603 73.377792 66.646553 64.812302 70.410286 77.049942 80.416481 77.200089 70.591415 64.974632 60.739178 64.052917 67.834038 69.717278 68.027260 64.361633 61.137367 56.856335 58.330395 59.885845 60.615246 59.998428 58.639301 57.435028,
 26.617548 26.417250 25.899519 25.046764 23.908489 22.782406 21.904644 28.364000 29.038937 29.271114 28.715017 27.195295 25.309681 23.720448 29.081242 30.877586 32.396378 32.693577 31.054543 28.456659 26.120958 28.231752 30.736750 33.319363 34.577450 33.319363 30.736755 28.231747 26.120962 28.456656 31.054537 32.693577 32.396378 30.877590 29.081240 23.720449 25.309681 27.195290 28.715017 29.271114 29.038942 28.363998 21.904646 22.782404 23.908489 25.046764 25.899519 26.417255 26.617544,
 0.882593 1.089197 1.254776 1.322023 1.268034 1.117937 0.925459 0.942064 1.178645 1.366374 1.440810 1.374663 1.193032 0.960487 0.994723 1.286131 1.534000 1.637295 1.543676 1.300242 1.010695 1.034481 1.372252 1.680999 1.813373 1.680999 1.372252 1.034481 1.010695 1.300242 1.543676 1.637296 1.534000 1.286131 0.994723 0.960487 1.193032 1.374663 1.440810 1.366374 1.178645 0.942064 0.925459 1.117937 1.268034 1.322024 1.254776 1.089197 0.882593,
 12.915629 13.414351 14.039859 14.654098 15.055612 15.132293 14.907930 13.863089 14.847076 15.961537 16.772610 16.963045 16.556383 15.795375 15.036558 16.584044 18.257051 19.191931 18.862694 17.674324 16.271732 15.993980 17.750719 19.539780 20.375561 19.539782 17.750721 15.993980 16.271729 17.674320 18.862698 19.191931 18.257053 16.584044 15.036558 15.795375 16.556381 16.963043 16.772610 15.961539 14.847076 13.863089 14.907930 15.132292 15.055610 14.654100 14.039860 13.414351 12.915630,
 32.496799 33.246387 34.179535 34.656448 34.244461 33.194283 32.079926 33.943310 36.143627 38.698406 39.981148 38.898132 36.277180 33.730446 35.541981 39.529797 44.126976 46.388252 44.301952 39.697727 35.511330 36.302135 41.193317 46.795952 49.522968 46.795956 41.193317 36.302135 35.511333 39.697720 44.301952 46.388248 44.126980 39.529797 35.541981 33.730450 36.277168 38.898132 39.981148 38.698402 36.143631 33.943302 32.079929 33.194283 34.244461 34.656448 34.179535 33.246391 32.496803,
 14.216596 14.271678 14.088615 13.676431 13.120478 12.543619 12.052064 15.127480 15.723921 15.995021 15.764234 15.009342 13.956663 12.968321 15.566964 16.858248 17.912241 18.175314 17.297262 15.705179 14.159431 15.196751 16.912365 18.593935 19.359850 18.593935 16.912365 15.196751 14.159431 15.705178 17.297262 18.175314 17.912241 16.858250 15.566965 12.968321 13.956660 15.009339 15.764234 15.995023 15.723921 15.127478 12.052064 12.543619 13.120478 13.676434 14.088618 14.271679 14.216599,
 0.433681 0.563655 0.671041 0.710123 0.659892 0.540573 0.400741 0.459751 0.604896 0.724572 0.769343 0.717251 0.588951 0.434670 0.476918 0.658142 0.820542 0.889590 0.825048 0.661705 0.474810 0.495715 0.712765 0.920099 1.010439 0.920099 0.712765 0.495715 0.474810 0.661705 0.825048 0.889590 0.820542 0.658142 0.476918 0.434670 0.588951 0.717251 0.769343 0.724572 0.604896 0.459751 0.400741 0.540573 0.659892 0.710123 0.671041 0.563655 0.433681,
 5.498892 5.752688 5.973178 6.118815 6.141607 6.026820 5.807969 5.865894 6.432072 6.983829 7.305934 7.278743 6.935769 6.417578 6.344086 7.291060 8.244452 8.716480 8.452427 7.682021 6.772862 6.728023 7.839851 8.929753 9.424940 8.929753 7.839850 6.728023 6.772862 7.682021 8.452427 8.716481 8.244451 7.291059 6.344086 6.417577 6.935769 7.278743 7.305934 6.983829 6.432072 5.865894 5.807969 6.026820 6.141606 6.118814 5.973179 5.752688 5.498893,
 15.459322 15.826604 16.201416 16.210173 15.626649 14.830943 14.354182 16.513069 17.716030 19.047613 19.492260 18.465082 16.748674 15.484589 17.264765 19.508976 22.129015 23.265474 21.729412 18.878065 16.625284 17.334713 20.069315 23.413481 25.088032 23.413481 20.069315 17.334713 16.625284 18.878063 21.729410 23.265474 22.129015 19.508974 17.264765 15.484589 16.748672 18.465082 19.492260 19.047609 17.716030 16.513069 14.354182 14.830945 15.626650 16.210173 16.201416 15.826604 15.459322,
 7.171728 7.238647 7.152692 6.900492 6.518536 6.089234 5.708474 7.958560 8.340663 8.497322 8.321445 7.776968 6.995214 6.269389 8.261989 9.067661 9.720239 9.873065 9.250544 8.135592 7.088889 7.894297 8.991407 10.099360 10.619395 10.099360 8.991407 7.894296 7.088889 8.135593 9.250544 9.873065 9.720241 9.067661 8.261989 6.269388 6.995214 7.776965 8.321445 8.497322 8.340663 7.958559 5.708473 6.089235 6.518536 6.900492 7.152692 7.238645 7.171728,

Pairwise cross-correlations of the modulus of all oriented sub-bands at the same scale (size QxQ)
 2.295851 4.492999 5.962641 4.204811 4.492999 33.905693 39.855808 9.593637 5.962641 39.855808 85.609497 40.323406 4.204811 9.593637 40.323406 34.577454,
 1.813373 2.785546 3.540132 2.386359 2.785546 20.375561 23.210342 4.843075 3.540132 23.210342 49.522957 22.497725 2.386359 4.843075 22.497725 19.359850,
 1.010439 1.457824 1.965711 1.412312 1.457824 9.424940 11.133481 2.500731 1.965711 11.133481 25.088034 11.838589 1.412312 2.500731 11.838589 10.619394,

Cross-correlations of the modulus of all oriented sub-bands with all oriented sub-bands at the coarser scale (size QxQ)
 1.587102 2.938106 3.974227 2.566370 3.098959 18.484192 22.191019 5.929369 4.364572 21.811497 42.571091 21.739405 2.746539 5.735278 21.656458 17.981384,
 1.052925 1.623253 2.291130 1.573460 1.647739 9.238894 11.016337 2.442490 2.416823 11.258844 22.365852 11.352967 1.513157 2.940416 11.733151 9.926127,

Cross-correlations of the real part of each oriented sub-band with both the real and imaginary part of all phase-doubled oriented sub-bands at the next coarser scale (Q matrices of size 1x2Q, which are computed and stored in a matrix of size Qx2Q)
 0.078758 -0.599867 -0.487758 -0.471112 0.022290 0.095355 0.088282 0.022923 -0.569646 -4.240318 -3.275872 -0.664483 0.069581 0.552494 0.491449 0.079110 -0.664971 -3.917871 -6.566125 -4.401366 0.049597 0.474730 0.975045 0.406822 -0.374326 -0.501511 -3.302193 -4.309984 0.009879 0.074169 0.508006 0.327641,
 0.224846 -0.251235 -0.247423 -0.250164 -0.000103 -0.030398 -0.055338 -0.069067 -0.124677 -2.242815 -2.094140 -0.250489 -0.023206 -0.272387 -0.106232 -0.001628 -0.270056 -2.390254 -4.007463 -2.059806 0.009372 -0.146019 0.082645 -0.222053 -0.111750 -0.351002 -1.741563 -2.193547 0.042951 -0.001479 -0.023923 -0.376715,
