Low-band skewness and kurtosis
 -1.360184 4.199652,
 -1.128880 3.589400,
 -0.865031 2.838697,
 -1.040443 3.307381,
 -0.352346 1.681551,

High-band variance
 102.954498,

Skewness, kurtosis, variance, mean, maximum and minimum of the reconstructed texture
 116.000000 255.000000 240.484375 581.026001 -1.604516 4.700752

Auto-correlations of the low-frequency bands at each scale
 165.927933 153.068832 144.052567 140.571045 142.736008 151.172028 165.769226 200.432755 173.658554 148.941071 138.268753 147.237289 171.426392 198.902573 290.461151 302.080078 311.737152 315.436981 310.677826 299.537994 284.534698 344.578705 394.954041 439.422150 457.740540 439.422150 394.954041 344.578705 284.534698 299.537994 310.677887 315.436981 311.737183 302.080078 290.461151 198.902573 171.426407 147.237274 138.268753 148.941010 173.658585 200.432755 165.769226 151.172058 142.736008 140.571045 144.052505 153.068802 165.927963,
 169.184235 162.782730 158.590530 156.722427 155.923767 157.550873 162.854248 179.628830 162.630875 147.115784 140.291306 144.941345 159.266525 176.280777 225.614822 230.854965 235.510849 237.198715 234.174728 228.648773 222.128143 256.510010 285.703613 312.399902 323.697021 312.399902 285.703674 256.509949 222.128143 228.648773 234.174774 237.198685 235.510849 230.854965 225.614822 176.280792 159.266541 144.941391 140.291336 147.115753 162.630829 179.628784 162.854279 157.550873 155.923828 156.722427 158.590500 162.782730 169.184235,
 158.451874 154.911728 153.658844 154.695724 156.526093 158.920242 161.923889 170.312469 162.762619 155.565994 152.212662 154.054764 160.431473 167.939835 196.251984 199.257599 201.091476 200.456863 196.934265 192.812027 189.473602 209.730240 223.489395 236.683395 242.440399 236.683395 223.489395 209.730240 189.473587 192.812027 196.934265 200.456863 201.091476 199.257629 196.251984 167.939835 160.431473 154.054749 152.212662 155.565979 162.762619 170.312454 161.923874 158.920242 156.526062 154.695724 153.658875 154.911728 158.451874,
 16.360327 21.447598 23.296343 24.590635 29.107950 35.614925 39.020386 20.742302 21.908068 22.949604 28.573629 37.078949 41.472477 38.656036 21.050798 22.489136 28.995098 39.213509 44.254826 39.908463 31.387411 23.424685 30.155766 40.359550 45.715771 40.359550 30.155769 23.424685 31.387413 39.908455 44.254826 39.213509 28.995096 22.489141 21.050798 38.656040 41.472477 37.078953 28.573629 22.949608 21.908073 20.742302 39.020382 35.614922 29.107952 24.590631 23.296343 21.447605 16.360329,

Auto-correlations of the modulus of each oriented sub-band
 0.984572 1.081257 1.146239 1.155947 1.102473 1.003491 0.884451 1.067670 1.200702 1.292874 1.315868 1.257008 1.131917 0.980345 1.157170 1.355386 1.491118 1.528633 1.464186 1.312610 1.105078 1.161734 1.427925 1.697636 1.823847 1.697636 1.427925 1.161734 1.105078 1.312610 1.464186 1.528633 1.491118 1.355386 1.157170 0.980345 1.131917 1.257008 1.315868 1.292874 1.200702 1.067670 0.884451 1.003491 1.102473 1.155947 1.146239 1.081257 0.984572,
 16.822084 17.499632 18.415710 19.361143 20.073820 20.519918 20.754116 18.772398 20.145788 21.837124 23.191080 23.628294 23.355364 22.778444 21.239838 23.388130 25.862589 27.412323 27.038523 25.503231 23.827240 23.246565 25.612568 28.158947 29.420647 28.158947 25.612568 23.246567 23.827236 25.503231 27.038523 27.412323 25.862589 23.388130 21.239838 22.778439 23.355364 23.628292 23.191080 21.837126 20.145784 18.772398 20.754116 20.519920 20.073820 19.361143 18.415714 17.499630 16.822083,
 51.748634 53.264290 54.840305 55.642460 54.982822 53.397079 51.856579 57.217468 60.879280 65.070747 67.188492 65.220360 60.806835 56.772949 62.531422 69.028603 76.718330 80.591331 76.802505 68.864220 61.992111 64.564453 72.614182 82.205940 87.038872 82.205940 72.614189 64.564453 61.992100 68.864227 76.802513 80.591331 76.718330 69.028595 62.531418 56.772945 60.806835 65.220360 67.188499 65.070747 60.879280 57.217468 51.856579 53.397091 54.982819 55.642456 54.840302 53.264278 51.748638,
 20.738043 20.549728 20.165150 19.464466 18.473181 17.511019 16.772766 22.744493 23.345322 23.689915 23.314896 21.974548 20.254606 18.765373 23.923042 25.610691 27.178837 27.607121 26.098766 23.616163 21.348867 23.428215 25.850651 28.398842 29.656469 28.398842 25.850651 23.428211 21.348867 23.616163 26.098766 27.607121 27.178837 25.610691 23.923044 18.765373 20.254606 21.974552 23.314896 23.689915 23.345322 22.744492 16.772766 17.511019 18.473183 19.464466 20.165150 20.549732 20.738043,
 0.706931 0.871036 1.004661 1.050844 0.983464 0.829707 0.649738 0.743799 0.933336 1.085868 1.141776 1.074551 0.907911 0.702519 0.782493 1.021485 1.226614 1.307912 1.221386 1.009739 0.761743 0.803549 1.089685 1.356256 1.471649 1.356256 1.089685 0.803549 0.761743 1.009739 1.221386 1.307912 1.226615 1.021485 0.782493 0.702519 0.907911 1.074551 1.141776 1.085868 0.933336 0.743799 0.649738 0.829707 0.983464 1.050844 1.004661 0.871036 0.706931,
 10.322496 10.738091 11.278489 11.810902 12.185570 12.342229 12.314083 11.203982 12.161254 13.243015 14.049367 14.312505 14.051239 13.458692 12.436301 13.995493 15.657046 16.597565 16.351059 15.297091 13.986024 13.557410 15.298674 17.039524 17.852127 17.039524 15.298676 13.557410 13.986021 15.297091 16.351055 16.597565 15.657046 13.995495 12.436303 13.458692 14.051238 14.312505 14.049371 13.243017 12.161256 11.203982 12.314082 12.342228 12.185567 11.810902 11.278489 10.738094 10.322496,
 30.005093 31.163036 32.523537 33.141464 32.585358 31.404581 30.291548 32.595150 35.604744 38.994148 40.500675 38.896751 35.588306 32.643093 35.243099 40.397873 46.259590 48.974979 46.111671 40.252449 35.154602 36.334583 42.477840 49.588039 53.059578 49.588051 42.477840 36.334583 35.154610 40.252449 46.111671 48.974979 46.259598 40.397865 35.243099 32.643093 35.588303 38.896751 40.500671 38.994152 35.604744 32.595150 30.291548 31.404581 32.585358 33.141464 32.523540 31.163036 30.005095,
 11.322355 11.469730 11.518051 11.316541 10.866689 10.334399 9.871701 12.435277 13.141066 13.662357 13.632478 12.910379 11.801375 10.775701 13.159956 14.574664 15.880590 16.336483 15.415705 13.663039 12.007833 12.990108 14.844391 16.765608 17.675087 16.765608 14.844391 12.990108 12.007834 13.663039 15.415706 16.336485 15.880593 14.574664 13.159954 10.775702 11.801373 12.910380 13.632478 13.662357 13.141064 12.435277 9.871702 10.334399 10.866689 11.316541 11.518052 11.469730 11.322355,
 0.370871 0.486207 0.581318 0.614229 0.566804 0.460929 0.342570 0.395839 0.521139 0.622116 0.656031 0.606790 0.495534 0.366678 0.422574 0.572944 0.704850 0.756800 0.698249 0.560763 0.406125 0.434590 0.612315 0.782310 0.856839 0.782310 0.612315 0.434590 0.406125 0.560763 0.698249 0.756800 0.704850 0.572944 0.422574 0.366678 0.495534 0.606790 0.656031 0.622116 0.521139 0.395839 0.342570 0.460929 0.566804 0.614229 0.581318 0.486207 0.370871,
 4.059900 4.162387 4.243877 4.322206 4.393244 4.421141 4.365490 4.386334 4.693635 5.025219 5.244892 5.278585 5.127155 4.842107 4.725315 5.318049 6.010428 6.376358 6.186328 5.658687 5.088812 5.012324 5.726985 6.546097 6.952672 6.546097 5.726985 5.012324 5.088812 5.658687 6.186328 6.376358 6.010428 5.318049 4.725314 4.842106 5.127154 5.278585 5.244891 5.025219 4.693635 4.386334 4.365491 4.421141 4.393244 4.322206 4.243877 4.162388 4.059900,
 12.179678 12.730643 13.282874 13.587702 13.510436 13.220686 12.950068 13.343606 14.659329 16.132860 16.916718 16.422752 15.105614 13.806906 14.352943 16.691317 19.400606 20.798964 19.653301 16.995073 14.551263 14.804687 17.706112 21.044968 22.679323 21.044968 17.706112 14.804687 14.551264 16.995075 19.653299 20.798960 19.400604 16.691315 14.352943 13.806905 15.105616 16.422752 16.916714 16.132860 14.659330 13.343606 12.950068 13.220686 13.510436 13.587702 13.282874 12.730644 12.179679,
 4.818721 5.041975 5.154048 5.084791 4.849491 4.536921 4.245242 5.400142 5.904676 6.290318 6.371810 6.049266 5.443042 4.828820 5.800598 6.648979 7.444177 7.785750 7.352827 6.391918 5.439113 5.820865 6.874717 7.954928 8.459360 7.954928 6.874717 5.820865 5.439113 6.391918 7.352826 7.785750 7.444177 6.648978 5.800599 4.828820 5.443042 6.049266 6.371810 6.290318 5.904676 5.400142 4.245242 4.536921 4.849491 5.084791 5.154048 5.041974 4.818721,

Pairwise cross-correlations of the modulus of all oriented sub-bands at the same scale (size QxQ)
 1.823847 3.239099 4.932197 3.577595 3.239099 29.420656 38.375290 10.746140 4.932197 38.375290 87.038864 39.011211 3.577595 10.746140 39.011211 29.656473,
 1.471649 1.860198 3.002179 2.093840 1.860198 17.852125 23.285116 6.240804 3.002179 23.285116 53.059582 23.567003 2.093840 6.240804 23.567003 17.675083,
 0.856839 0.891951 1.429117 1.135106 0.891951 6.952673 9.095497 2.325922 1.429117 9.095497 22.679321 10.444090 1.135106 2.325922 10.444090 8.459360,

Cross-correlations of the modulus of all oriented sub-bands with all oriented sub-bands at the coarser scale (size QxQ)
 1.303480 2.032418 3.420569 2.276307 2.262944 15.168043 20.203527 6.509147 3.797700 20.660156 40.979160 20.246399 2.523151 7.039483 21.070370 15.114732,
 0.902930 1.031797 1.699262 1.259415 1.245669 6.937878 10.201563 3.577990 2.371475 8.797433 19.905279 10.903216 1.478722 2.567929 9.727363 7.743918,

Cross-correlations of the real part of each oriented sub-band with both the real and imaginary part of all phase-doubled oriented sub-bands at the next coarser scale (Q matrices of size 1x2Q, which are computed and stored in a matrix of size Qx2Q)
 0.205006 -0.427194 -0.443465 -0.510199 0.007777 0.051024 0.033577 -0.011277 -0.276248 -5.624742 -5.859838 -1.136393 0.031564 0.685545 0.883403 0.136452 -0.671217 -7.019084 -13.840356 -6.754461 0.043309 0.720605 1.879102 0.458063 -0.473615 -1.304688 -6.086614 -5.707167 0.012803 0.072097 0.625412 0.180371,
 0.258970 -0.135620 -0.168271 -0.254858 0.015572 0.017326 0.004933 0.046485 -0.027610 -1.374233 -0.983557 -0.336808 0.015818 0.103625 0.205934 0.050333 -0.292988 -1.378512 -3.315820 -2.810335 -0.008373 0.174390 0.505143 0.242942 -0.197925 -0.204590 -2.110768 -2.681437 -0.012578 0.069976 0.194391 0.243009,
