Low-band skewness and kurtosis
 -1.403023 4.456658,
 -1.191158 3.890238,
 -1.015979 3.333834,
 -1.316358 4.349333,
 -0.557457 1.929998,

High-band variance
 102.850822,

Skewness, kurtosis, variance, mean, maximum and minimum of the reconstructed texture
 115.000000 255.000000 240.570938 572.317200 -1.628728 4.879107

Auto-correlations of the low-frequency bands at each scale
 163.208496 150.299850 142.239761 139.710419 142.221161 149.706085 160.690887 186.503799 163.371140 141.989944 133.142395 141.246307 161.645554 183.676865 282.681458 294.655457 303.414948 306.224762 301.314819 291.302032 279.870758 350.114929 393.484314 432.448883 448.642059 432.448853 393.484314 350.114929 279.870789 291.302094 301.314819 306.224701 303.414917 294.655487 282.681396 183.676895 161.645523 141.246307 133.142395 141.989929 163.371124 186.503738 160.690948 149.706100 142.221146 139.710419 142.239777 150.299850 163.208481,
 158.577896 153.522751 151.981140 153.229614 155.463364 159.228500 164.438721 169.588776 154.738205 141.589050 136.938217 142.671188 156.160049 170.566452 221.157028 226.371826 230.411469 231.541443 228.205917 222.744186 217.497253 257.318207 282.308594 305.950134 316.107300 305.950134 282.308594 257.318146 217.497208 222.744141 228.205917 231.541428 230.411453 226.371841 221.157028 170.566467 156.160065 142.671219 136.938217 141.589096 154.738235 169.588760 164.438751 159.228485 155.463394 153.229630 151.981125 153.522751 158.577896,
 148.909409 147.488449 146.932861 146.787033 146.558472 147.559433 150.155701 156.541443 150.553940 145.784790 144.529114 146.985352 152.535263 158.747177 187.102737 190.046997 193.175919 195.273224 194.511429 191.886093 188.778595 209.695068 222.029251 233.484543 238.480667 233.484543 222.029251 209.695053 188.778595 191.886093 194.511429 195.273224 193.175873 190.046997 187.102737 158.747208 152.535263 146.985321 144.529114 145.784760 150.553909 156.541412 150.155716 147.559418 146.558472 146.787018 146.932861 147.488449 148.909409,
 7.299903 10.763431 15.144464 20.960604 28.277958 34.370636 34.721245 10.312163 13.656589 18.769247 27.056686 35.267067 37.300632 31.617353 12.795655 17.307850 25.962242 36.233944 39.929947 34.006855 24.277849 16.890881 25.039106 35.814049 41.242336 35.814049 25.039106 16.890879 24.277847 34.006851 39.929947 36.233948 25.962252 17.307852 12.795655 31.617359 37.300632 35.267063 27.056686 18.769249 13.656589 10.312163 34.721245 34.370636 28.277952 20.960604 15.144464 10.763431 7.299903,

Auto-correlations of the modulus of each oriented sub-band
 0.875944 0.984400 1.065204 1.098639 1.075316 1.004281 0.906469 0.958335 1.099259 1.203440 1.241904 1.206817 1.110251 0.976523 1.053962 1.246307 1.390134 1.448150 1.400446 1.258427 1.063655 1.097247 1.356290 1.599666 1.707483 1.599665 1.356290 1.097247 1.063655 1.258427 1.400446 1.448150 1.390134 1.246307 1.053962 0.976523 1.110251 1.206817 1.241904 1.203440 1.099259 0.958335 0.906469 1.004281 1.075316 1.098639 1.065204 0.984400 0.875944,
 13.619607 14.322422 15.261217 16.212177 16.883837 17.269136 17.478922 15.592007 16.986589 18.634172 19.896059 20.240049 19.925861 19.382915 18.047747 20.151791 22.508169 23.917345 23.491217 22.012911 20.460627 19.986361 22.220961 24.631561 25.823908 24.631561 22.220961 19.986357 20.460629 22.012911 23.491215 23.917341 22.508169 20.151789 18.047743 19.382915 19.925861 20.240047 19.896057 18.634171 16.986589 15.592005 17.478926 17.269136 16.883837 16.212177 15.261220 14.322421 13.619604,
 46.577785 48.050961 49.802845 50.762550 50.240067 48.810226 47.401550 53.127163 56.896557 61.081757 63.107262 61.349644 57.421623 53.754700 59.707489 66.317932 73.686165 77.217186 73.801147 66.574722 60.050213 62.675285 70.626328 79.585266 83.956070 79.585266 70.626328 62.675285 60.050205 66.574722 73.801147 77.217194 73.686165 66.317932 59.707497 53.754688 57.421623 61.349640 63.107265 61.081768 56.896557 53.127163 47.401546 48.810234 50.240074 50.762539 49.802845 48.050961 46.577785,
 17.343084 17.111860 16.724771 16.073990 15.173885 14.272254 13.600156 19.338921 19.926016 20.260866 19.906462 18.619869 16.918848 15.503850 20.399672 22.086611 23.679737 24.124493 22.634626 20.128654 17.923038 19.871284 22.265894 24.857483 26.124447 24.857481 22.265894 19.871284 17.923037 20.128653 22.634630 24.124493 23.679731 22.086611 20.399670 15.503849 16.918848 18.619869 19.906462 20.260866 19.926018 19.338921 13.600156 14.272254 15.173886 16.073990 16.724770 17.111860 17.343084,
 0.648117 0.828498 0.983976 1.052040 1.001752 0.858135 0.681228 0.696535 0.900506 1.070877 1.141525 1.083029 0.922258 0.722502 0.743272 0.985459 1.196439 1.284497 1.203979 0.998232 0.758037 0.782019 1.059137 1.316497 1.427110 1.316497 1.059137 0.782019 0.758037 0.998232 1.203979 1.284497 1.196439 0.985459 0.743272 0.722502 0.922258 1.083029 1.141525 1.070877 0.900506 0.696535 0.681228 0.858135 1.001752 1.052040 0.983976 0.828498 0.648117,
 7.210441 7.726766 8.318005 8.827498 9.149519 9.319748 9.426300 8.286590 9.278957 10.311172 10.973773 11.086458 10.817494 10.421314 9.586835 11.057653 12.594648 13.374372 12.999933 11.989576 10.929242 10.621737 12.151891 13.768918 14.545901 13.768918 12.151891 10.621737 10.929242 11.989576 12.999932 13.374372 12.594648 11.057655 9.586835 10.421314 10.817496 11.086459 10.973773 10.311172 9.278957 8.286590 9.426299 9.319750 9.149519 8.827499 8.318007 7.726768 7.210442,
 23.954309 25.398037 26.842972 27.627062 27.442808 26.688408 25.862654 26.841572 29.736759 32.801022 34.303688 33.291073 30.825647 28.499851 29.919563 34.535671 39.631916 42.098209 39.967236 35.264809 31.009111 31.691158 37.004841 42.979755 45.863655 42.979759 37.004841 31.691158 31.009111 35.264809 39.967228 42.098209 39.631924 34.535671 29.919563 28.499851 30.825645 33.291069 34.303688 32.801029 29.736761 26.841566 25.862654 26.688412 27.442802 27.627062 26.842981 25.398033 23.954309,
 9.703394 9.894001 9.923121 9.710714 9.311625 8.853447 8.427420 10.579141 11.286201 11.774712 11.761453 11.169273 10.222923 9.315173 11.178854 12.476450 13.668877 14.115394 13.355178 11.824836 10.377319 11.125742 12.756139 14.462930 15.271919 14.462930 12.756139 11.125742 10.377319 11.824836 13.355178 14.115394 13.668877 12.476450 11.178854 9.315173 10.222924 11.169272 11.761453 11.774712 11.286201 10.579140 8.427419 8.853447 9.311625 9.710714 9.923122 9.894002 9.703395,
 0.347567 0.496096 0.626173 0.682068 0.637991 0.518011 0.376178 0.368317 0.527182 0.665810 0.725462 0.678937 0.550091 0.395266 0.388638 0.566753 0.728003 0.798157 0.738464 0.583653 0.407178 0.409197 0.604677 0.788068 0.867087 0.788068 0.604677 0.409197 0.407178 0.583653 0.738464 0.798157 0.728003 0.566753 0.388638 0.395266 0.550091 0.678937 0.725462 0.665810 0.527182 0.368317 0.376178 0.518011 0.637991 0.682068 0.626172 0.496096 0.347567,
 2.741386 2.964918 3.269049 3.593026 3.776041 3.750132 3.611126 3.145204 3.622604 4.193019 4.620980 4.704747 4.462195 4.106009 3.739442 4.465798 5.320318 5.804013 5.612508 5.012978 4.391508 4.251093 5.042254 5.941199 6.389683 5.941199 5.042254 4.251093 4.391508 5.012978 5.612508 5.804013 5.320317 4.465797 3.739442 4.106009 4.462195 4.704748 4.620979 4.193019 3.622603 3.145204 3.611126 3.750133 3.776041 3.593026 3.269049 2.964917 2.741386,
 10.636421 10.976404 11.406187 11.620939 11.429482 10.992289 10.623542 12.469353 13.587130 14.858593 15.403958 14.732460 13.396507 12.278135 14.178610 16.193920 18.525061 19.579206 18.380344 15.989442 13.989517 14.816086 17.247396 20.140232 21.557972 20.140232 17.247396 14.816086 13.989517 15.989439 18.380344 19.579206 18.525061 16.193920 14.178609 12.278133 13.396507 14.732458 15.403958 14.858592 13.587130 12.469353 10.623542 10.992289 11.429481 11.620939 11.406188 10.976404 10.636421,
 3.343282 3.465503 3.503570 3.417208 3.254106 3.091284 2.975120 3.860709 4.220709 4.451280 4.413046 4.129183 3.726871 3.379632 4.187044 4.803796 5.371925 5.571172 5.193211 4.467656 3.828573 4.157767 4.910536 5.748989 6.159184 5.748989 4.910536 4.157767 3.828573 4.467656 5.193211 5.571172 5.371925 4.803796 4.187044 3.379632 3.726871 4.129183 4.413046 4.451280 4.220709 3.860708 2.975121 3.091284 3.254106 3.417208 3.503570 3.465502 3.343281,

Pairwise cross-correlations of the modulus of all oriented sub-bands at the same scale (size QxQ)
 1.707483 3.060823 4.163028 2.872181 3.060823 25.823912 35.471985 9.776155 4.163028 35.471985 83.956085 35.862579 2.872181 9.776155 35.862579 26.124447,
 1.427109 1.735110 2.415860 1.718675 1.735110 14.545901 19.017027 4.518490 2.415860 19.017027 45.863651 19.626764 1.718675 4.518490 19.626764 15.271921,
 0.867087 0.859541 1.071115 0.677639 0.859541 6.389681 8.446905 2.011428 1.071115 8.446905 21.557972 8.776377 0.677639 2.011428 8.776377 6.159183,

Cross-correlations of the modulus of all oriented sub-bands with all oriented sub-bands at the coarser scale (size QxQ)
 1.258120 1.892883 2.643903 1.798504 2.261537 12.665924 17.460377 5.397939 3.405048 17.106144 36.841434 17.789648 2.105788 5.225866 17.774754 13.083551,
 0.895134 0.981223 1.390700 0.847594 1.147583 5.933007 8.143276 2.317329 1.672964 7.367043 16.257378 7.554345 0.997288 2.218666 8.088127 5.466348,

Cross-correlations of the real part of each oriented sub-band with both the real and imaginary part of all phase-doubled oriented sub-bands at the next coarser scale (Q matrices of size 1x2Q, which are computed and stored in a matrix of size Qx2Q)
 0.185973 -0.490066 -0.425509 -0.478595 0.003799 0.051601 0.009647 -0.011007 -0.400862 -5.308537 -5.705675 -1.334103 0.055414 0.379630 0.089863 -0.039801 -0.687868 -6.582252 -14.341846 -7.460309 0.043881 0.259363 -0.170306 -0.121351 -0.389702 -1.287352 -6.490521 -6.038529 0.003664 -0.007560 -0.137660 -0.077541,
 0.266548 -0.191301 -0.135877 -0.083726 -0.011104 0.029664 0.034338 0.027063 -0.109608 -2.199992 -2.278862 -0.541163 0.010777 0.352212 0.415868 0.082283 -0.237778 -2.735193 -5.306635 -2.612801 0.011335 0.329673 0.690531 0.411326 -0.021706 -0.526707 -2.163858 -1.832927 -0.011561 0.015082 0.258775 0.285102,
