Low-band skewness and kurtosis
 -1.475676 4.566665,
 -1.232458 3.768792,
 -0.955487 2.859026,
 -1.127312 3.355506,
 -0.738932 2.125209,

High-band variance
 102.376137,

Skewness, kurtosis, variance, mean, maximum and minimum of the reconstructed texture
 114.000000 255.000000 240.566681 612.374695 -1.691681 5.025553

Auto-correlations of the low-frequency bands at each scale
 204.657761 191.405426 183.222641 180.481964 184.442291 196.675919 214.909729 248.233047 216.728760 189.343048 179.576202 192.093384 219.330887 246.287918 327.040192 337.655914 347.119904 352.554962 348.421692 334.057800 313.833984 363.790527 419.480896 469.343109 489.975861 469.343170 419.480896 363.790619 313.833954 334.057800 348.421661 352.554901 347.119904 337.655945 327.040192 246.287888 219.330887 192.093338 179.576202 189.343094 216.728775 248.233032 214.909714 196.675919 184.442230 180.481964 183.222656 191.405426 204.657761,
 199.965576 194.056534 191.971161 192.467422 194.967529 201.739151 212.772552 223.154739 204.016983 188.040329 182.778107 190.265823 206.880554 223.794891 264.869476 269.659149 274.217682 276.845764 273.848328 265.654175 254.783539 282.537567 315.108734 345.078918 357.778595 345.078918 315.108734 282.537537 254.783554 265.654175 273.848328 276.845764 274.217712 269.659149 264.869415 223.794907 206.880585 190.265778 182.778152 188.040314 204.016983 223.154694 212.772598 201.739151 194.967529 192.467422 191.971176 194.056564 199.965561,
 190.510574 189.379852 188.981308 188.217560 186.924423 187.195541 189.765152 206.352219 197.617706 190.411087 188.941208 194.047607 203.389175 211.585556 231.059692 233.170364 236.216293 239.116913 239.119141 235.962296 230.706131 240.723511 257.223328 273.261383 280.243744 273.261383 257.223297 240.723511 230.706116 235.962296 239.119141 239.116913 236.216309 233.170380 231.059692 211.585541 203.389175 194.047577 188.941177 190.411118 197.617676 206.352249 189.765182 187.195541 186.924408 188.217560 188.981293 189.379822 190.510574,
 12.015905 14.394858 15.358510 16.984097 21.830748 28.635843 33.078983 13.962571 14.852603 16.652660 22.643389 30.889931 35.402855 33.629543 14.955825 17.139685 23.657682 33.067287 37.658627 33.995560 26.673687 18.632441 24.985260 34.065681 38.794579 34.065681 24.985258 18.632444 26.673685 33.995560 37.658627 33.067291 23.657682 17.139679 14.955825 33.629543 35.402855 30.889933 22.643389 16.652662 14.852602 13.962573 33.078983 28.635841 21.830746 16.984095 15.358514 14.394855 12.015903,

Auto-correlations of the modulus of each oriented sub-band
 0.974691 1.090135 1.187977 1.244837 1.244468 1.193928 1.113360 1.091467 1.248996 1.377313 1.438978 1.424238 1.344368 1.220757 1.244257 1.458509 1.617476 1.686087 1.647387 1.508149 1.307239 1.312515 1.592239 1.874867 2.006694 1.874867 1.592239 1.312515 1.307239 1.508149 1.647387 1.686087 1.617476 1.458509 1.244257 1.220757 1.344368 1.424238 1.438978 1.377313 1.248996 1.091467 1.113360 1.193928 1.244468 1.244837 1.187977 1.090135 0.974691,
 18.541498 19.453369 20.618723 21.863997 22.852501 23.487545 23.814873 20.731073 22.426825 24.450207 26.137648 26.777237 26.531708 25.833139 23.448868 26.017902 28.898548 30.759027 30.425568 28.690916 26.678108 25.775589 28.585075 31.507475 32.944462 31.507473 28.585075 25.775589 26.678112 28.690914 30.425568 30.759027 28.898548 26.017902 23.448864 25.833139 26.531712 26.777237 26.137644 24.450207 22.426823 20.731073 23.814873 23.487547 22.852503 21.863998 20.618719 19.453367 18.541496,
 57.111397 58.321079 59.585438 60.108116 59.420780 58.184551 57.267708 61.564800 65.032875 68.945114 70.767433 68.777908 64.855560 61.636513 65.839348 72.085732 79.499809 83.144974 79.393486 71.966949 65.858833 67.646103 75.182953 84.389297 89.100815 84.389282 75.182953 67.646118 65.858826 71.966942 79.393471 83.144974 79.499794 72.085732 65.839348 61.636513 64.855553 68.777893 70.767433 68.945114 65.032875 61.564812 57.267708 58.184551 59.420780 60.108112 59.585438 58.321083 57.111397,
 25.593567 25.398336 24.978678 24.288212 23.386517 22.538834 21.921526 27.822025 28.345516 28.527647 28.028217 26.693167 25.068174 23.729530 29.044815 30.618719 31.961123 32.200397 30.693922 28.340309 26.236111 28.408958 30.691595 33.044933 34.191940 33.044933 30.691601 28.408958 26.236111 28.340303 30.693922 32.200394 31.961121 30.618723 29.044811 23.729528 25.068174 26.693165 28.028217 28.527641 28.345516 27.822023 21.921530 22.538832 23.386522 24.288208 24.978678 25.398338 25.593567,
 0.696218 0.880947 1.035752 1.103320 1.057570 0.922467 0.754497 0.747412 0.959070 1.134309 1.211407 1.163683 1.012080 0.813019 0.818733 1.084800 1.315163 1.414416 1.334738 1.118747 0.858895 0.876964 1.188291 1.477736 1.603080 1.477736 1.188291 0.876964 0.858895 1.118747 1.334738 1.414416 1.315163 1.084800 0.818733 0.813019 1.012080 1.163683 1.211407 1.134310 0.959070 0.747412 0.754497 0.922467 1.057570 1.103320 1.035752 0.880947 0.696218,
 10.067248 10.537038 11.204415 11.903596 12.414010 12.666040 12.714933 10.981228 12.025124 13.276635 14.242096 14.552839 14.268993 13.680795 12.312652 14.015181 15.912100 17.011160 16.700619 15.465986 14.055838 13.530803 15.438021 17.441744 18.394999 17.441746 15.438021 13.530803 14.055838 15.465986 16.700619 17.011160 15.912100 14.015181 12.312652 13.680795 14.268993 14.552839 14.242096 13.276636 12.025123 10.981228 12.714933 12.666041 12.414008 11.903596 11.204416 10.537038 10.067248,
 31.496544 32.647278 34.016407 34.746643 34.312866 33.239346 32.336258 33.668324 36.204044 39.212341 40.729996 39.452152 36.647442 34.277489 36.018597 40.335621 45.472095 48.034454 45.603516 40.558788 36.325695 37.154816 42.318436 48.531410 51.650696 48.531410 42.318436 37.154816 36.325699 40.558792 45.603508 48.034454 45.472095 40.335621 36.018589 34.277493 36.647442 39.452156 40.730003 39.212349 36.204044 33.668324 32.336258 33.239349 34.312870 34.746643 34.016407 32.647278 31.496544,
 15.614260 15.704189 15.624542 15.362010 14.988342 14.604158 14.258880 16.912638 17.451979 17.667868 17.463112 16.837820 15.979426 15.181535 17.787815 18.992313 19.903130 20.107792 19.304062 17.867682 16.466377 17.582569 19.205652 20.751560 21.455612 20.751560 19.205652 17.582567 16.466377 17.867683 19.304062 20.107792 19.903130 18.992313 17.787813 15.181538 15.979429 16.837822 17.463112 17.667868 17.451979 16.912636 14.258881 14.604158 14.988343 15.362008 15.624539 15.704189 15.614259,
 0.376398 0.511193 0.629085 0.681610 0.642922 0.530532 0.393484 0.398958 0.549429 0.675240 0.724624 0.678124 0.557949 0.412066 0.421131 0.596341 0.750666 0.809550 0.743124 0.592333 0.425271 0.447862 0.645122 0.835953 0.919679 0.835953 0.645122 0.447862 0.425271 0.592333 0.743124 0.809550 0.750666 0.596341 0.421131 0.412066 0.557949 0.678124 0.724624 0.675240 0.549429 0.398958 0.393484 0.530532 0.642922 0.681610 0.629085 0.511193 0.376398,
 4.502224 4.801267 5.225525 5.689806 6.012186 6.043097 5.827025 4.989138 5.645048 6.411832 6.985278 7.122467 6.806060 6.250088 5.575882 6.615574 7.764642 8.407918 8.162173 7.315152 6.357926 6.099712 7.274412 8.506792 9.089396 8.506792 7.274411 6.099712 6.357927 7.315152 8.162173 8.407917 7.764642 6.615574 5.575882 6.250088 6.806060 7.122467 6.985277 6.411832 5.645048 4.989137 5.827024 6.043097 6.012187 5.689806 5.225525 4.801267 4.502223,
 13.038267 13.641498 14.460377 15.098969 15.245964 14.900373 14.132467 14.024594 15.535746 17.265966 18.090448 17.461876 16.078339 14.701497 14.819418 17.310732 20.276693 21.624855 20.129101 17.347391 15.082878 15.176013 17.998798 21.543137 23.370022 21.543137 17.998798 15.176013 15.082881 17.347391 20.129101 21.624855 20.276697 17.310734 14.819418 14.701497 16.078339 17.461874 18.090448 17.265963 15.535743 14.024590 14.132468 14.900371 15.245964 15.098969 14.460377 13.641498 13.038267,
 6.400901 6.693134 6.747425 6.560522 6.229790 5.834393 5.429859 7.041932 7.590068 7.844127 7.717345 7.259753 6.605785 5.961521 7.395122 8.236910 8.893588 9.053129 8.531466 7.578724 6.651066 7.232109 8.254258 9.261511 9.725577 9.261511 8.254257 7.232109 6.651066 7.578725 8.531467 9.053129 8.893586 8.236910 7.395122 5.961521 6.605785 7.259752 7.717346 7.844126 7.590067 7.041931 5.429859 5.834393 6.229789 6.560523 6.747425 6.693134 6.400901,

Pairwise cross-correlations of the modulus of all oriented sub-bands at the same scale (size QxQ)
 2.006694 4.385680 5.758740 3.594489 4.385680 32.944454 39.329620 10.736027 5.758740 39.329620 89.100800 43.257439 3.594489 10.736027 43.257439 34.191952,
 1.603080 2.496062 3.633627 2.358498 2.496062 18.395000 21.723764 5.898515 3.633627 21.723764 51.650696 26.205580 2.358498 5.898515 26.205580 21.455616,
 0.919678 1.334143 1.934638 1.228165 1.334143 9.089396 10.084401 2.584181 1.934638 10.084401 23.370022 11.808315 1.228165 2.584181 11.808315 9.725577,

Cross-correlations of the modulus of all oriented sub-bands with all oriented sub-bands at the coarser scale (size QxQ)
 1.416389 2.635990 4.072430 2.546673 2.976258 16.382236 21.627378 7.692708 4.287599 19.792612 43.536385 24.546614 2.552713 6.055733 23.113287 18.395542,
 0.952127 1.478487 2.236244 1.386456 1.537785 8.326438 10.041010 3.230138 2.710754 10.451897 21.245117 12.309222 1.722284 3.674350 12.567208 10.090582,

Cross-correlations of the real part of each oriented sub-band with both the real and imaginary part of all phase-doubled oriented sub-bands at the next coarser scale (Q matrices of size 1x2Q, which are computed and stored in a matrix of size Qx2Q)
 0.149258 -0.729479 -0.543728 -0.392997 -0.005976 0.020633 0.007240 0.019984 -0.656090 -6.297145 -5.432956 -0.939362 0.013425 0.000457 -0.433710 -0.037624 -0.732100 -6.252208 -11.654193 -5.905546 0.008799 -0.154541 -1.154680 -0.097872 -0.233798 -0.838620 -5.305985 -5.067719 -0.009201 -0.075429 -0.390442 0.029152,
 0.216833 -0.331635 -0.210049 -0.148660 -0.000982 0.014472 -0.005816 -0.009480 -0.217079 -2.718313 -1.801355 -0.155244 0.023050 0.082047 -0.093039 0.049932 -0.303983 -2.280690 -2.548965 -1.033180 0.005989 0.003218 0.667136 0.429002 -0.039816 -0.148379 -0.834243 -1.162200 -0.011852 -0.020721 0.590705 0.272454,
