Low-band skewness and kurtosis
 -1.430111 4.356640,
 -1.195423 3.641758,
 -0.975309 2.994272,
 -1.117200 3.406929,
 -0.577394 1.934349,

High-band variance
 101.753586,

Skewness, kurtosis, variance, mean, maximum and minimum of the reconstructed texture
 118.000000 255.000000 240.517319 601.805664 -1.655917 4.877543

Auto-correlations of the low-frequency bands at each scale
 212.035675 191.275040 177.273178 173.664871 177.660172 185.483780 195.157150 233.899643 212.948914 188.216980 175.285049 183.058029 207.596466 235.589218 299.949036 325.223389 341.921539 345.279449 338.507904 330.373260 324.859528 363.831573 414.019867 460.797424 480.515930 460.797516 414.019867 363.831543 324.859589 330.373230 338.507904 345.279419 341.921539 325.223358 299.948975 235.589249 207.596466 183.058029 175.285049 188.216980 212.948853 233.899628 195.157196 185.483795 177.660156 173.664871 177.273209 191.275040 212.035675,
 193.076508 182.658936 176.338699 175.614487 178.531998 184.469238 192.790741 206.870209 193.759872 178.173294 169.831467 173.930298 189.487564 209.129288 242.511093 255.997940 265.930847 269.203186 266.155365 261.890350 259.019989 280.098236 310.802551 339.992065 352.531158 339.992065 310.802551 280.098236 259.019989 261.890320 266.155365 269.203186 265.930847 255.997955 242.511108 209.129272 189.487564 173.930313 169.831482 178.173248 193.759888 206.870178 192.790710 184.469238 178.531998 175.614487 176.338699 182.658966 193.076508,
 189.425537 183.795624 180.092697 178.338089 176.955917 176.296753 177.327698 190.280777 182.618515 175.401184 173.324280 177.829803 187.279495 197.247406 207.154053 215.248642 222.612274 227.293152 228.947784 229.839783 230.318909 234.474045 250.762665 266.367706 273.175903 266.367706 250.762665 234.474075 230.318939 229.839783 228.947739 227.293152 222.612289 215.248627 207.154053 197.247406 187.279465 177.829788 173.324265 175.401169 182.618515 190.280777 177.327713 176.296753 176.955887 178.338089 180.092667 183.795609 189.425537,
 11.178811 16.742487 19.351244 21.178865 26.602140 33.328598 35.132214 16.149958 18.826603 20.561247 26.310846 34.519382 37.551594 33.816113 18.575850 20.762047 26.627651 36.007633 40.146244 35.391384 28.233677 21.919039 27.387953 36.438251 41.525562 36.438251 27.387949 21.919039 28.233677 35.391384 40.146248 36.007633 26.627655 20.762047 18.575850 33.816113 37.551590 34.519382 26.310846 20.561245 18.826599 16.149956 35.132221 33.328598 26.602142 21.178867 19.351242 16.742487 11.178809,

Auto-correlations of the modulus of each oriented sub-band
 1.248775 1.338321 1.391384 1.393319 1.337996 1.239144 1.124454 1.339163 1.470594 1.553991 1.568674 1.505834 1.376654 1.215227 1.395066 1.609733 1.765999 1.814251 1.737083 1.560496 1.339536 1.406695 1.701840 1.984965 2.111834 1.984965 1.701840 1.406695 1.339536 1.560496 1.737083 1.814251 1.765999 1.609733 1.395066 1.215227 1.376653 1.505835 1.568674 1.553991 1.470595 1.339163 1.124454 1.239144 1.337997 1.393319 1.391384 1.338321 1.248775,
 17.152840 17.730228 18.470921 19.233133 19.835264 20.232405 20.443487 19.034870 20.318956 21.760990 22.869793 23.267427 23.089306 22.610113 21.520033 23.566193 25.710039 26.982311 26.721319 25.463261 23.962345 23.554117 25.765394 27.947105 28.964067 27.947105 25.765394 23.554117 23.962347 25.463255 26.721319 26.982311 25.710039 23.566189 21.520033 22.610115 23.089306 23.267427 22.869795 21.760988 20.318958 19.034868 20.443487 20.232405 19.835266 19.233133 18.470921 17.730230 17.152840,
 52.701134 54.299919 55.998928 56.822186 56.296673 55.018391 53.691628 57.385895 61.144756 65.336075 67.396561 65.684303 61.879333 58.319717 62.266151 68.676086 76.058586 79.723686 76.302788 69.168800 62.872646 64.645058 72.296982 81.214455 85.692459 81.214455 72.296982 64.645042 62.872646 69.168793 76.302788 79.723686 76.058586 68.676071 62.266151 58.319717 61.879341 65.684303 67.396553 65.336075 61.144753 57.385891 53.691635 55.018391 56.296673 56.822178 55.998928 54.299911 52.701134,
 24.455681 24.152470 23.648336 22.806417 21.616203 20.446327 19.623737 26.003790 26.738331 27.191914 26.776695 25.134995 23.016975 21.337996 26.491259 28.499165 30.453739 31.019920 29.163765 26.148201 23.602148 25.592869 28.360605 31.454567 33.009991 31.454567 28.360609 25.592869 23.602148 26.148197 29.163761 31.019920 30.453737 28.499166 26.491257 21.337999 23.016973 25.134995 26.776695 27.191912 26.738331 26.003790 19.623741 20.446327 21.616205 22.806417 23.648336 24.152475 24.455683,
 0.871662 1.049023 1.193053 1.245509 1.178586 1.018568 0.827150 0.937506 1.149681 1.314555 1.371282 1.292526 1.107677 0.887001 0.971731 1.242886 1.472821 1.563668 1.464813 1.224361 0.948425 0.986489 1.308286 1.608049 1.737554 1.608050 1.308286 0.986489 0.948425 1.224361 1.464813 1.563668 1.472821 1.242886 0.971731 0.887001 1.107677 1.292526 1.371282 1.314555 1.149681 0.937506 0.827150 1.018568 1.178586 1.245509 1.193053 1.049023 0.871662,
 10.341259 10.840259 11.382635 11.885727 12.256139 12.431150 12.426914 11.428403 12.405321 13.406953 14.123448 14.386552 14.216370 13.753862 12.950268 14.437543 15.934943 16.763662 16.569435 15.681659 14.567989 14.250499 15.833704 17.367962 18.068031 17.367962 15.833704 14.250499 14.567989 15.681657 16.569433 16.763662 15.934943 14.437543 12.950268 13.753861 14.216370 14.386552 14.123448 13.406952 12.405321 11.428403 12.426915 12.431151 12.256136 11.885725 11.382633 10.840259 10.341261,
 29.999886 31.145695 32.418633 33.213665 33.167030 32.540062 31.628607 32.131496 34.718700 37.740456 39.474178 38.790207 36.553310 34.119499 34.693966 39.115482 44.263466 47.004189 45.132351 40.554291 36.184502 36.436180 41.741604 47.740269 50.669933 47.740269 41.741604 36.436188 36.184502 40.554291 45.132351 47.004189 44.263466 39.115482 34.693966 34.119499 36.553310 38.790207 39.474178 37.740452 34.718700 32.131500 31.628607 32.540062 33.167034 33.213665 32.418633 31.145695 29.999889,
 14.951564 14.975775 14.738096 14.281730 13.735085 13.228047 12.802135 15.706225 16.397720 16.745424 16.509735 15.673408 14.565232 13.601940 15.936297 17.422812 18.730618 19.100754 18.066214 16.249033 14.619746 15.517578 17.416965 19.420143 20.370743 19.420147 17.416965 15.517579 14.619747 16.249035 18.066210 19.100758 18.730619 17.422812 15.936298 13.601942 14.565232 15.673406 16.509737 16.745428 16.397720 15.706223 12.802135 13.228047 13.735085 14.281731 14.738094 14.975775 14.951564,
 0.412169 0.542324 0.650295 0.690925 0.643337 0.527576 0.390952 0.431655 0.575663 0.696045 0.743601 0.696149 0.572999 0.423883 0.445716 0.620831 0.779281 0.845517 0.781361 0.622789 0.444100 0.460410 0.664268 0.860804 0.946760 0.860804 0.664268 0.460410 0.444100 0.622789 0.781361 0.845517 0.779281 0.620831 0.445716 0.423883 0.572999 0.696149 0.743601 0.696045 0.575663 0.431655 0.390952 0.527576 0.643337 0.690925 0.650295 0.542324 0.412169,
 5.943641 6.223091 6.471469 6.657114 6.751847 6.712414 6.550524 6.722490 7.326043 7.860612 8.134178 8.124664 7.879816 7.456458 7.635105 8.548738 9.394135 9.764903 9.517467 8.892336 8.127549 8.215332 9.207924 10.132247 10.547728 10.132247 9.207924 8.215332 8.127549 8.892336 9.517467 9.764903 9.394135 8.548737 7.635105 7.456457 7.879816 8.124664 8.134178 7.860612 7.326043 6.722489 6.550523 6.712414 6.751845 6.657113 6.471470 6.223091 5.943642,
 16.505167 16.995941 17.615597 17.853500 17.371862 16.610704 16.060324 17.913120 19.365282 20.983212 21.599836 20.485989 18.709496 17.421341 19.075731 21.617659 24.553614 25.874701 24.134031 21.102589 18.750532 19.433161 22.406225 26.039776 27.936430 26.039776 22.406225 19.433161 18.750532 21.102592 24.134031 25.874701 24.553614 21.617659 19.075731 17.421341 18.709494 20.485989 21.599834 20.983210 19.365282 17.913115 16.060324 16.610703 17.371864 17.853497 17.615597 16.995941 16.505163,
 5.907667 6.029062 6.020450 5.814470 5.455914 5.071298 4.766521 6.346519 6.820951 7.135716 7.070449 6.571667 5.854560 5.226727 6.525483 7.413366 8.226177 8.489712 7.887863 6.785076 5.786712 6.298240 7.421028 8.615444 9.185052 8.615444 7.421028 6.298240 5.786713 6.785074 7.887863 8.489712 8.226176 7.413367 6.525483 5.226726 5.854560 6.571667 7.070449 7.135715 6.820950 6.346519 4.766520 5.071297 5.455914 5.814470 6.020451 6.029062 5.907668,

Pairwise cross-correlations of the modulus of all oriented sub-bands at the same scale (size QxQ)
 2.111834 3.167663 5.506804 4.822427 3.167663 28.964064 39.832653 10.443951 5.506804 39.832653 85.692451 37.584850 4.822427 10.443951 37.584850 33.009979,
 1.737554 1.947670 3.430686 3.130966 1.947670 18.068031 23.548212 5.124585 3.430686 23.548212 50.669922 21.887449 3.130966 5.124585 21.887449 20.370739,
 0.946760 1.258386 1.921295 1.498910 1.258386 10.547729 14.021407 3.257928 1.921295 14.021407 27.936434 10.638779 1.498910 3.257928 10.638779 9.185051,

Cross-correlations of the modulus of all oriented sub-bands with all oriented sub-bands at the coarser scale (size QxQ)
 1.501263 2.228607 3.813885 3.099129 2.244460 15.477469 21.367365 6.187325 4.107814 21.334307 41.184162 19.896147 3.227171 6.403661 20.527658 17.558506,
 1.017598 1.371121 2.133267 1.738427 1.372252 8.807800 11.604944 3.043705 2.506523 12.479540 22.628054 10.650956 1.804367 3.509248 10.365246 9.111525,

Cross-correlations of the real part of each oriented sub-band with both the real and imaginary part of all phase-doubled oriented sub-bands at the next coarser scale (Q matrices of size 1x2Q, which are computed and stored in a matrix of size Qx2Q)
 0.106541 -0.321065 -0.554118 -0.845135 -0.014153 -0.017033 0.000671 0.073288 -0.256069 -4.352935 -4.685266 -0.920138 -0.010955 -0.171031 -0.248515 -0.100811 -0.811504 -5.329941 -10.855343 -6.381513 -0.038427 -0.264221 -0.846915 -0.187326 -0.816157 -0.905207 -5.386847 -6.554633 -0.054665 -0.066629 -0.380803 0.157241,
 0.276274 -0.175644 -0.141280 -0.070986 -0.007511 0.016084 0.075572 0.092668 -0.064474 -2.628890 -2.949063 -0.504952 0.000227 0.504804 0.893184 0.181865 -0.182684 -3.399482 -6.156119 -2.238814 -0.058380 0.720930 2.159050 0.849681 0.031813 -0.576836 -2.191075 -1.534039 -0.090051 0.149856 0.940932 0.699532,
