Low-band skewness and kurtosis
 -1.413827 4.300665,
 -1.200120 3.682701,
 -1.016456 3.160382,
 -1.097389 3.608821,
 -0.452978 1.717376,

High-band variance
 102.288651,

Skewness, kurtosis, variance, mean, maximum and minimum of the reconstructed texture
 124.000000 255.000000 240.532394 597.944702 -1.647720 4.825641

Auto-correlations of the low-frequency bands at each scale
 190.349823 175.551041 165.391739 161.366852 163.875702 173.557083 189.433090 224.142532 196.826050 171.307785 160.902542 171.489273 197.322693 224.797607 306.301727 319.241638 330.630371 336.361328 333.052338 321.915619 305.634399 357.678406 409.680817 456.370392 475.714813 456.370361 409.680817 357.678467 305.634399 321.915588 333.052368 336.361237 330.630371 319.241638 306.301727 224.797531 197.322693 171.489273 160.902542 171.307739 196.826004 224.142563 189.433075 173.557083 163.875717 161.366867 165.391708 175.551086 190.349884,
 181.306152 175.539917 171.673676 169.271774 167.734665 169.190094 174.697098 201.389999 185.616486 170.323608 163.602753 168.448105 182.256195 197.094986 248.013596 252.404297 256.975769 259.487427 256.899170 250.111893 240.821686 272.983551 302.219360 329.869507 341.704803 329.869507 302.219360 272.983551 240.821686 250.111893 256.899170 259.487427 256.975769 252.404297 248.013580 197.094986 182.256195 168.448105 163.602753 170.323608 185.616486 201.389984 174.697098 169.190094 167.734665 169.271790 171.673691 175.539886 181.306152,
 174.460037 169.624420 167.484619 167.726608 169.174820 172.023331 175.858795 186.477051 177.447510 168.828445 164.752136 166.651474 173.503418 181.287186 213.348663 217.126266 219.440399 218.871292 214.451843 208.389908 202.665421 225.759766 242.396622 258.123169 264.924469 258.123169 242.396622 225.759781 202.665405 208.389908 214.451843 218.871307 219.440384 217.126266 213.348663 181.287186 173.503418 166.651474 164.752136 168.828430 177.447525 186.477066 175.858795 172.023331 169.174820 167.726593 167.484634 169.624405 174.460052,
 8.887001 14.248929 18.375134 22.061123 27.903082 34.727844 37.782375 15.145278 18.549473 21.708578 28.436981 37.014736 40.929222 37.858532 19.377594 22.263062 29.367271 39.613274 44.233109 39.545765 31.584982 24.011227 30.451052 40.566223 46.002449 40.566223 30.451052 24.011223 31.584986 39.545765 44.233105 39.613270 29.367271 22.263062 19.377594 37.858532 40.929222 37.014732 28.436981 21.708576 18.549475 15.145280 37.782375 34.727840 27.903082 22.061125 18.375134 14.248931 8.887001,

Auto-correlations of the modulus of each oriented sub-band
 0.993863 1.099058 1.176265 1.204870 1.174936 1.097030 0.992814 1.074732 1.216360 1.323003 1.363044 1.324150 1.218760 1.077560 1.170259 1.377047 1.525029 1.574600 1.518491 1.372560 1.172349 1.204288 1.478907 1.752110 1.878323 1.752110 1.478907 1.204287 1.172349 1.372560 1.518491 1.574600 1.525029 1.377047 1.170259 1.077560 1.218760 1.324150 1.363044 1.323003 1.216360 1.074732 0.992814 1.097030 1.174936 1.204870 1.176265 1.099058 0.993863,
 18.372223 19.040134 19.995577 21.063927 21.956150 22.545460 22.838842 19.997595 21.568562 23.457087 25.025850 25.683702 25.523647 24.899513 22.462593 24.969688 27.715328 29.456379 29.227583 27.672112 25.770739 24.795887 27.526453 30.268162 31.568136 30.268162 27.526459 24.795887 25.770739 27.672106 29.227583 29.456381 27.715322 24.969688 22.462593 24.899513 25.523642 25.683706 25.025850 23.457083 21.568563 19.997589 22.838842 22.545458 21.956154 21.063929 19.995573 19.040138 18.372223,
 53.216541 54.330750 55.723873 56.438145 55.781445 54.357288 52.991089 57.589890 61.094421 65.294647 67.442894 65.608635 61.566006 57.862610 62.158302 68.621498 76.385391 80.332237 76.690918 69.090462 62.507072 64.329552 72.251518 81.746407 86.565109 81.746407 72.251503 64.329552 62.507069 69.090454 76.690903 80.332237 76.385376 68.621513 62.158291 57.862610 61.566017 65.608635 67.442886 65.294632 61.094418 57.589886 52.991089 54.357288 55.781452 56.438145 55.723873 54.330750 53.216534,
 22.327929 21.941166 21.346506 20.494175 19.412296 18.407026 17.653898 24.310413 24.738131 24.859856 24.312998 22.880451 21.163082 19.735647 25.293625 26.836781 28.207306 28.488083 26.930641 24.519501 22.377726 24.577021 26.858047 29.264170 30.466965 29.264170 26.858049 24.577021 22.377726 24.519495 26.930645 28.488083 28.207306 26.836781 25.293623 19.735645 21.163080 22.880451 24.312994 24.859856 24.738136 24.310411 17.653898 18.407026 19.412298 20.494175 21.346502 21.941168 22.327929,
 0.725331 0.911614 1.061792 1.117537 1.054201 0.899506 0.713019 0.767722 0.980211 1.146331 1.204726 1.133542 0.962252 0.752848 0.811053 1.069059 1.284095 1.363088 1.267042 1.044896 0.788338 0.829335 1.129566 1.405623 1.523843 1.405623 1.129566 0.829335 0.788338 1.044896 1.267042 1.363088 1.284095 1.069059 0.811053 0.752848 0.962252 1.133542 1.204726 1.146331 0.980211 0.767722 0.713019 0.899506 1.054201 1.117537 1.061792 0.911614 0.725331,
 10.735585 11.062207 11.549520 12.076082 12.435427 12.548466 12.490414 11.680929 12.531252 13.539978 14.300030 14.502745 14.189624 13.633872 12.902228 14.363626 15.987008 16.900322 16.580187 15.466741 14.229835 13.928588 15.585612 17.345480 18.185833 17.345482 15.585612 13.928588 14.229836 15.466742 16.580185 16.900322 15.987010 14.363626 12.902228 13.633872 14.189624 14.502745 14.300031 13.539978 12.531252 11.680929 12.490414 12.548467 12.435430 12.076085 11.549519 11.062207 10.735584,
 29.760881 30.352242 31.162659 31.529455 31.062166 30.212570 29.514893 32.339291 34.479607 37.023602 38.095600 36.557877 33.697361 31.358814 34.522793 38.699196 43.702251 45.984779 43.207596 37.890491 33.557873 34.984100 40.209351 46.617901 49.843555 46.617912 40.209351 34.984100 33.557873 37.890491 43.207596 45.984783 43.702251 38.699196 34.522793 31.358814 33.697369 36.557877 38.095600 37.023602 34.479607 32.339287 29.514893 30.212576 31.062164 31.529453 31.162666 30.352240 29.760881,
 11.984981 11.970586 11.726268 11.217196 10.589576 10.027759 9.614236 13.090331 13.625760 13.788846 13.410030 12.564031 11.514386 10.592627 13.635755 14.857478 15.805221 15.964045 15.031189 13.447933 11.969629 13.204835 14.845267 16.474575 17.226851 16.474575 14.845267 13.204836 11.969628 13.447933 15.031189 15.964045 15.805221 14.857479 13.635755 10.592627 11.514388 12.564031 13.410029 13.788847 13.625760 13.090329 9.614235 10.027759 10.589575 11.217198 11.726270 11.970586 11.984981,
 0.415096 0.569225 0.701933 0.762159 0.725960 0.609599 0.458279 0.440971 0.612122 0.755756 0.818406 0.775467 0.643458 0.473986 0.473183 0.670227 0.843636 0.919160 0.856546 0.687179 0.486077 0.498593 0.722818 0.929463 1.018132 0.929463 0.722818 0.498592 0.486077 0.687179 0.856546 0.919160 0.843636 0.670227 0.473183 0.473986 0.643458 0.775467 0.818406 0.755756 0.612122 0.440971 0.458279 0.609599 0.725960 0.762159 0.701933 0.569225 0.415096,
 4.734565 5.010224 5.341908 5.620861 5.746296 5.708344 5.563311 5.168017 5.698649 6.314971 6.726795 6.745207 6.436892 6.002671 5.661084 6.535306 7.533814 8.071528 7.800670 7.025700 6.208789 6.071619 7.092067 8.211875 8.751862 8.211874 7.092067 6.071619 6.208790 7.025700 7.800670 8.071528 7.533814 6.535306 5.661083 6.002670 6.436892 6.745207 6.726795 6.314971 5.698650 5.168017 5.563311 5.708344 5.746296 5.620861 5.341908 5.010224 4.734565,
 16.710526 16.951200 17.300961 17.445799 17.155558 16.550491 15.941881 18.417862 19.482309 20.774847 21.419559 20.760733 19.219864 17.726534 20.042500 22.249868 24.824003 26.101460 24.869873 22.122383 19.609619 20.593988 23.476475 26.782387 28.383654 26.782387 23.476475 20.593988 19.609615 22.122381 24.869873 26.101454 24.824003 22.249866 20.042500 17.726536 19.219864 20.760729 21.419556 20.774847 19.482309 18.417862 15.941881 16.550493 17.155556 17.445797 17.300961 16.951199 16.710524,
 7.301837 7.423823 7.378800 7.164223 6.806833 6.345948 5.838617 7.799109 8.251932 8.538893 8.528689 8.144887 7.461446 6.695112 8.116413 9.004850 9.773462 10.063784 9.600298 8.591438 7.506753 8.036750 9.204359 10.314124 10.812196 10.314124 9.204359 8.036750 7.506753 8.591439 9.600297 10.063784 9.773460 9.004850 8.116413 6.695111 7.461446 8.144887 8.528688 8.538893 8.251932 7.799108 5.838617 6.345948 6.806832 7.164223 7.378800 7.423822 7.301837,

Pairwise cross-correlations of the modulus of all oriented sub-bands at the same scale (size QxQ)
 1.878324 3.679296 5.036437 3.541545 3.679296 31.568136 39.260796 10.592862 5.036437 39.260796 86.565086 38.780094 3.541545 10.592862 38.780094 30.466965,
 1.523843 2.095286 2.935878 2.128648 2.095286 18.185831 22.532085 5.387071 2.935878 22.532085 49.843555 21.674360 2.128648 5.387071 21.674360 17.226851,
 1.018132 1.103258 1.639652 1.273700 1.103258 8.751862 11.325423 2.726798 1.639652 11.325423 28.383650 13.388598 1.273700 2.726798 13.388598 10.812196,

Cross-correlations of the modulus of all oriented sub-bands with all oriented sub-bands at the coarser scale (size QxQ)
 1.336577 2.271233 3.286275 2.236236 2.495264 15.994493 20.533497 6.343191 3.774280 20.657440 40.539524 19.987677 2.457719 6.254005 20.252987 15.542088,
 0.971719 1.133494 1.790765 1.405872 1.329777 7.744017 11.477730 3.539248 2.269931 10.384186 21.987284 10.852413 1.464099 2.890433 10.827562 8.530166,

Cross-correlations of the real part of each oriented sub-band with both the real and imaginary part of all phase-doubled oriented sub-bands at the next coarser scale (Q matrices of size 1x2Q, which are computed and stored in a matrix of size Qx2Q)
 0.120614 -0.579905 -0.515409 -0.508588 -0.008849 -0.027808 -0.015971 0.005835 -0.498653 -5.891574 -5.409878 -1.218603 -0.011105 -0.229022 0.081624 0.032928 -0.703668 -6.398069 -12.789306 -6.789026 0.004430 -0.213498 0.262287 0.146520 -0.378067 -0.985668 -5.867357 -5.554979 0.001733 -0.032283 0.063014 0.094485,
 0.196432 -0.143182 -0.159036 -0.249006 -0.009025 -0.018683 0.019493 0.054099 -0.105028 -1.199008 -0.852189 -0.096863 0.000445 -0.224292 -0.200885 -0.078741 -0.271457 -1.208384 -1.697144 -1.381878 -0.020843 -0.334260 -0.566174 -0.218907 -0.153819 -0.201530 -0.947297 -1.752445 -0.036158 -0.096246 -0.177662 0.050513,
