Low-band skewness and kurtosis
 -1.859246 6.110862,
 -1.775756 5.899640,
 -1.733241 5.815191,
 -1.167084 5.943892,
 -0.820435 2.568292,

High-band variance
 88.171059,

Skewness, kurtosis, variance, mean, maximum and minimum of the reconstructed texture
 97.000000 255.000000 240.991959 697.910950 -1.978348 6.293152

Auto-correlations of the low-frequency bands at each scale
 368.343933 352.080688 337.948364 331.392639 336.468262 352.803467 372.766357 403.209839 378.431030 350.915039 338.897522 350.011658 374.083923 392.849640 451.973907 465.237701 477.101105 482.585480 475.248016 455.747650 431.745728 468.687073 519.482788 570.687317 592.953552 570.687317 519.482910 468.687073 431.745697 455.747620 475.248016 482.585480 477.101074 465.237640 451.973907 392.849640 374.083862 350.011627 338.897522 350.915009 378.431030 403.209839 372.766327 352.803436 336.468262 331.392639 337.948303 352.080750 368.343994,
 351.748810 343.243774 338.047607 337.848663 342.222534 350.783142 360.330139 377.332489 362.379730 345.290527 337.693512 344.307831 359.886414 372.822479 400.478485 409.373840 415.933289 417.152496 410.682037 399.564758 388.160187 405.866760 436.517242 468.535614 482.779236 468.535614 436.517242 405.866730 388.160187 399.564728 410.682037 417.152496 415.933289 409.373871 400.478485 372.822479 359.886414 344.307800 337.693573 345.290527 362.379791 377.332458 360.330139 350.783142 342.222534 337.848694 338.047577 343.243835 351.748810,
 309.950287 307.213501 306.312439 307.671051 310.710358 315.199615 319.294800 343.550781 336.945374 330.101471 328.467438 333.403015 341.388489 346.104340 368.815643 374.923767 380.262238 382.603058 379.524597 372.152191 363.021545 373.788971 392.532990 411.337463 419.623962 411.337463 392.533020 373.789032 363.021545 372.152191 379.524597 382.603058 380.262238 374.923767 368.815674 346.104279 341.388489 333.403015 328.467377 330.101471 336.945374 343.550781 319.294769 315.199585 310.710358 307.670990 306.312439 307.213562 309.950287,
 -16.567951 -10.377507 -0.118132 15.983140 35.900421 51.020664 54.258163 -8.923061 0.799381 15.862504 37.327526 56.404129 61.743389 53.062016 3.478744 17.371574 38.311638 60.089314 67.945450 57.574074 39.565063 20.445923 39.134445 60.476604 70.677238 60.476604 39.134445 20.445921 39.565063 57.574070 67.945450 60.089314 38.311638 17.371572 3.478745 53.062023 61.743382 56.404129 37.327526 15.862506 0.799380 -8.923060 54.258163 51.020660 35.900421 15.983139 -0.118136 -10.377507 -16.567947,

Auto-correlations of the modulus of each oriented sub-band
 1.665333 1.795712 1.892038 1.935030 1.915465 1.842694 1.732272 1.783846 1.980234 2.125336 2.186523 2.149772 2.021573 1.834998 1.905146 2.181263 2.384363 2.465499 2.404606 2.214387 1.942594 1.958370 2.295043 2.602709 2.738667 2.602709 2.295043 1.958370 1.942594 2.214387 2.404606 2.465499 2.384362 2.181263 1.905146 1.834998 2.021573 2.149772 2.186523 2.125336 1.980233 1.783846 1.732273 1.842694 1.915465 1.935030 1.892038 1.795712 1.665333,
 24.386892 25.088032 26.085430 27.279797 28.397814 29.272833 29.793879 25.937237 27.270529 28.964689 30.550198 31.474993 31.717880 31.384190 28.245779 30.257759 32.539974 34.153732 34.228374 33.221828 31.765383 30.544100 32.704769 34.837124 35.873840 34.837124 32.704769 30.544098 31.765381 33.221828 34.228378 34.153728 32.539974 30.257755 28.245775 31.384190 31.717878 31.474993 30.550198 28.964689 27.270529 25.937239 29.793879 29.272833 28.397814 27.279795 26.085430 25.088034 24.386894,
 58.976105 59.343506 59.594334 59.571301 59.118561 58.470177 57.894535 62.911995 64.574142 66.181129 66.864243 65.858116 63.841755 61.828747 66.885208 70.452866 74.105354 75.823265 73.964684 70.047729 66.208054 68.413254 73.053612 77.904549 80.255287 77.904549 73.053612 68.413254 66.208054 70.047714 73.964684 75.823265 74.105354 70.452866 66.885208 61.828739 63.841755 65.858116 66.864243 66.181122 64.574142 62.911991 57.894535 58.470177 59.118568 59.571304 59.594334 59.343506 58.976105,
 29.624956 29.157444 28.319304 27.227489 26.060316 25.064384 24.320000 31.233950 31.587084 31.346786 30.432926 28.898581 27.234613 25.834595 31.595150 33.085743 34.054520 33.946659 32.396801 30.166550 28.073214 30.342201 32.563503 34.637459 35.609146 34.637459 32.563499 30.342201 28.073217 30.166553 32.396805 33.946659 34.054520 33.085743 31.595150 25.834593 27.234612 28.898581 30.432926 31.346785 31.587084 31.233948 24.320000 25.064381 26.060316 27.227489 28.319304 29.157444 29.624956,
 1.089710 1.274890 1.413607 1.457326 1.388825 1.235378 1.048692 1.143421 1.370677 1.549844 1.619954 1.550873 1.365561 1.127028 1.194469 1.494515 1.747302 1.853326 1.760057 1.508847 1.200645 1.231791 1.580458 1.887231 2.015277 1.887231 1.580458 1.231791 1.200645 1.508847 1.760057 1.853326 1.747302 1.494515 1.194469 1.127028 1.365561 1.550873 1.619954 1.549844 1.370677 1.143421 1.048692 1.235378 1.388825 1.457326 1.413607 1.274890 1.089711,
 13.493055 14.016357 14.614156 15.254514 15.821918 16.165098 16.190020 14.413988 15.266687 16.220417 17.043343 17.512644 17.500118 17.013971 15.584368 16.858789 18.195444 19.045885 19.038597 18.331873 17.244541 16.682323 18.101522 19.428013 20.028704 19.428013 18.101522 16.682323 17.244541 18.331873 19.038595 19.045881 18.195444 16.858789 15.584370 17.013969 17.500118 17.512644 17.043343 16.220417 15.266686 14.413986 16.190022 16.165098 15.821918 15.254514 14.614156 14.016358 13.493055,
 32.226532 32.542458 32.759708 32.733166 32.369305 31.817867 31.257078 35.144249 36.435108 37.489346 37.741890 36.900574 35.439960 33.966049 37.775963 40.301125 42.607327 43.462803 42.138847 39.546482 36.936546 38.574005 41.717411 44.789433 46.194405 44.789436 41.717415 38.574001 36.936546 39.546482 42.138844 43.462799 42.607327 40.301125 37.775963 33.966049 35.439957 36.900581 37.741882 37.489338 36.435112 35.144249 31.257080 31.817867 32.369305 32.733166 32.759708 32.542461 32.226532,
 19.126913 18.932074 18.428148 17.726608 16.955372 16.209248 15.543916 20.391542 20.828568 20.753227 20.169991 19.171246 17.969576 16.851536 20.845959 22.064770 22.823694 22.784233 21.774792 20.175282 18.583054 20.150806 21.843866 23.351311 24.014187 23.351311 21.843870 20.150806 18.583057 20.175282 21.774794 22.784233 22.823694 22.064770 20.845961 16.851538 17.969576 19.171246 20.169989 20.753229 20.828566 20.391544 15.543916 16.209246 16.955372 17.726608 18.428148 18.932077 19.126913,
 0.471851 0.625244 0.754673 0.809808 0.768640 0.656411 0.521570 0.512278 0.682204 0.823939 0.881829 0.832358 0.702077 0.543808 0.548890 0.745516 0.918540 0.992756 0.928398 0.761904 0.569703 0.579794 0.798962 1.000601 1.086770 1.000601 0.798962 0.579794 0.569703 0.761904 0.928398 0.992756 0.918540 0.745516 0.548890 0.543807 0.702077 0.832358 0.881829 0.823939 0.682204 0.512278 0.521570 0.656411 0.768640 0.809808 0.754673 0.625244 0.471851,
 5.880942 6.246045 6.653083 7.122517 7.580861 7.942322 8.143167 6.648376 7.231185 7.819963 8.334762 8.690980 8.796303 8.638440 7.486112 8.307762 9.124687 9.614626 9.618488 9.258985 8.694552 8.246858 9.082088 9.871559 10.240512 9.871559 9.082088 8.246859 8.694552 9.258985 9.618488 9.614626 9.124685 8.307762 7.486112 8.638440 8.796303 8.690979 8.334761 7.819963 7.231185 6.648376 8.143167 7.942322 7.580861 7.122516 6.653082 6.246045 5.880941,
 13.348744 13.574957 13.865846 14.166533 14.310010 14.283486 14.175914 14.686569 15.329859 16.111151 16.730003 16.744473 16.247606 15.616298 16.077234 17.305737 18.705452 19.582436 19.211256 17.995729 16.725891 16.919655 18.469744 20.132013 20.946417 20.132017 18.469742 16.919655 16.725887 17.995729 19.211254 19.582436 18.705454 17.305737 16.077234 15.616295 16.247606 16.744471 16.730001 16.111151 15.329859 14.686567 14.175914 14.283486 14.310007 14.166533 13.865846 13.574957 13.348744,
 8.054564 8.353162 8.392437 8.179106 7.798391 7.353971 6.898545 8.792106 9.373771 9.633650 9.516720 9.072555 8.413734 7.695011 9.189569 10.075467 10.696233 10.841236 10.384012 9.496520 8.513373 9.086927 10.145325 11.061553 11.456476 11.061551 10.145324 9.086927 8.513372 9.496520 10.384012 10.841238 10.696233 10.075467 9.189570 7.695010 8.413734 9.072553 9.516720 9.633650 9.373771 8.792105 6.898546 7.353972 7.798392 8.179104 8.392436 8.353162 8.054564,

Pairwise cross-correlations of the modulus of all oriented sub-bands at the same scale (size QxQ)
 2.738668 5.331254 5.794817 4.231818 5.331254 35.873844 35.502480 5.190990 5.794817 35.502480 80.255310 38.618057 4.231818 5.190990 38.618057 35.609146,
 2.015277 2.814881 3.419183 2.863138 2.814881 20.028702 19.060759 1.510688 3.419183 19.060759 46.194405 23.634956 2.863138 1.510688 23.634956 24.014193,
 1.086769 1.623621 2.121881 1.419696 1.623621 10.240512 8.624593 0.657610 2.121881 8.624593 20.946415 11.471117 1.419696 0.657610 11.471117 11.456475,

Cross-correlations of the modulus of all oriented sub-bands with all oriented sub-bands at the coarser scale (size QxQ)
 1.849434 3.093738 3.713845 2.749233 3.146044 19.530533 18.422621 1.400431 3.926442 18.705919 41.719852 20.882435 2.975821 2.288493 22.656961 21.546734,
 1.162377 1.600638 2.027378 1.529332 1.807193 10.197835 8.992917 0.884836 2.623863 8.904895 21.012321 12.314265 1.748699 0.162907 11.208928 12.006912,

Cross-correlations of the real part of each oriented sub-band with both the real and imaginary part of all phase-doubled oriented sub-bands at the next coarser scale (Q matrices of size 1x2Q, which are computed and stored in a matrix of size Qx2Q)
 0.029016 -0.601154 -0.666018 -0.681741 0.005656 0.015108 0.058560 0.133384 -0.515560 -3.695069 -2.378592 -0.259964 0.052313 -0.508627 -0.762961 -0.042586 -0.721290 -2.884813 -4.458473 -3.278498 -0.091926 -0.786775 -0.463914 0.734587 -0.604861 -0.310804 -3.042105 -4.228611 -0.131868 -0.131837 0.595188 1.079603,
 0.213209 -0.208976 -0.191109 -0.225086 0.022687 0.142960 0.011015 -0.070089 -0.119365 -1.149635 -0.612410 0.011225 0.115502 0.949268 0.591643 -0.024870 -0.240969 -0.738775 -0.369198 -0.406830 0.099749 0.818666 0.103478 -0.458921 -0.133335 -0.043866 -0.166308 -0.914746 0.055392 0.076657 -0.495229 -0.542083,
