Low-band skewness and kurtosis
 -1.451508 4.438323,
 -1.208060 3.718458,
 -0.937531 2.859968,
 -0.986634 2.953746,
 -0.539804 1.964880,

High-band variance
 100.101578,

Skewness, kurtosis, variance, mean, maximum and minimum of the reconstructed texture
 119.000000 255.000000 240.528061 611.750671 -1.669266 4.910531

Auto-correlations of the low-frequency bands at each scale
 206.497421 189.660019 179.176239 175.532928 178.967804 190.272202 208.414276 249.525894 217.702240 190.703796 181.044785 193.300308 221.297607 251.815628 326.728851 340.806763 351.518951 356.003479 351.126923 338.082611 319.927551 364.198822 422.255554 472.036621 492.267883 472.036591 422.255615 364.198822 319.927490 338.082550 351.126923 356.003479 351.518890 340.806763 326.728790 251.815628 221.297577 193.300339 181.044754 190.703735 217.702225 249.525909 208.414246 190.272202 178.967834 175.532928 179.176193 189.660049 206.497452,
 187.602554 180.927811 178.682907 179.137619 180.811829 185.632797 194.654938 221.351196 199.748047 180.900696 173.354462 179.895508 197.801041 218.697830 265.220367 271.137787 275.643524 277.342834 273.866394 266.346710 256.502411 281.267700 317.390015 349.241577 362.408020 349.241577 317.390045 281.267670 256.502380 266.346710 273.866333 277.342834 275.643524 271.137787 265.220367 218.697830 197.801041 179.895508 173.354462 180.900711 199.748047 221.351196 194.654938 185.632797 180.811859 179.137650 178.682907 180.927826 187.602554,
 191.303268 187.131714 184.924255 184.455368 185.194687 188.282974 194.131561 205.624985 193.342239 182.954742 178.573486 181.449936 191.014862 203.667221 225.678177 229.200562 232.392242 233.883743 231.889938 227.511002 222.105942 235.319092 255.961853 273.888763 281.308655 273.888733 255.961823 235.319092 222.105957 227.510956 231.889938 233.883759 232.392242 229.200531 225.678116 203.667206 191.014847 181.449936 178.573441 182.954697 193.342239 205.624954 194.131531 188.283005 185.194687 184.455383 184.924255 187.131729 191.303253,
 11.657904 17.769550 22.398975 27.316402 33.811077 39.230515 39.880455 17.728458 21.934986 26.044191 33.065018 40.390984 42.447243 38.393959 21.913439 25.549583 32.562588 41.552174 44.971970 40.205811 32.626572 26.107487 32.446465 41.486118 46.217030 41.486118 32.446468 26.107479 32.626583 40.205811 44.971966 41.552177 32.562592 25.549589 21.913431 38.393967 42.447243 40.390980 33.065014 26.044197 21.934988 17.728458 39.880459 39.230511 33.811077 27.316399 22.398977 17.769554 11.657897,

Auto-correlations of the modulus of each oriented sub-band
 0.995729 1.086432 1.156865 1.187154 1.165781 1.103628 1.020293 1.043929 1.163386 1.260095 1.300111 1.272695 1.187562 1.071261 1.138808 1.314870 1.438547 1.479162 1.433480 1.312708 1.143113 1.144247 1.384285 1.657754 1.793990 1.657754 1.384285 1.144247 1.143113 1.312708 1.433480 1.479162 1.438547 1.314870 1.138808 1.071261 1.187562 1.272695 1.300111 1.260095 1.163386 1.043929 1.020293 1.103628 1.165781 1.187154 1.156865 1.086432 0.995729,
 21.839668 22.397539 23.221193 24.156370 24.877489 25.341656 25.606375 23.463301 24.776873 26.456467 27.904587 28.442635 28.278238 27.783405 25.823458 27.952547 30.441616 32.115818 31.856237 30.442533 28.830936 28.014683 30.354296 32.856163 34.129555 32.856163 30.354298 28.014683 28.830936 30.442528 31.856237 32.115818 30.441616 27.952547 25.823458 27.783405 28.278234 28.442638 27.904583 26.456465 24.776880 23.463301 25.606373 25.341650 24.877489 24.156372 23.221193 22.397547 21.839668,
 55.573601 56.785450 57.930607 58.234852 57.226349 55.452652 53.833569 59.569466 63.116680 67.019104 68.643982 66.235313 61.686329 57.783501 62.939522 69.327904 76.894409 80.484825 76.341721 68.369453 61.788910 63.904430 71.692307 81.232353 86.128685 81.232353 71.692307 63.904423 61.788906 68.369446 76.341721 80.484818 76.894409 69.327904 62.939522 57.783501 61.686321 66.235313 68.643982 67.019104 63.116673 59.569462 53.833569 55.452652 57.226349 58.234852 57.930607 56.785450 55.573601,
 24.577353 24.118755 23.403111 22.456652 21.399576 20.523130 19.923370 26.841730 27.215189 27.170292 26.436932 24.919809 23.228981 21.876114 27.818813 29.387056 30.669958 30.800953 29.129272 26.671631 24.512022 26.885099 29.230297 31.659590 32.867523 31.659590 29.230297 26.885099 24.512026 26.671629 29.129271 30.800953 30.669956 29.387053 27.818811 21.876114 23.228983 24.919809 26.436928 27.170294 27.215193 26.841730 19.923367 20.523132 21.399578 22.456654 23.403109 24.118755 24.577351,
 0.734405 0.932897 1.095563 1.160004 1.099252 0.941305 0.749261 0.764763 0.973828 1.141841 1.207337 1.146107 0.983731 0.779864 0.799256 1.042548 1.250743 1.333223 1.248775 1.042072 0.800694 0.819059 1.098666 1.363019 1.478577 1.363019 1.098666 0.819059 0.800694 1.042072 1.248775 1.333223 1.250743 1.042548 0.799256 0.779864 0.983731 1.146107 1.207337 1.141841 0.973828 0.764763 0.749261 0.941305 1.099252 1.160004 1.095563 0.932897 0.734405,
 13.305889 13.690087 14.243804 14.900051 15.511328 15.932673 16.118689 14.226038 15.147511 16.256071 17.235950 17.804548 17.878250 17.557455 15.756164 17.286564 18.931305 20.001490 20.027058 19.236790 18.104624 17.335123 19.018076 20.634647 21.369137 20.634647 19.018078 17.335123 18.104620 19.236790 20.027058 20.001490 18.931305 17.286564 15.756164 17.557453 17.878250 17.804546 17.235950 16.256071 15.147512 14.226039 16.118689 15.932673 15.511327 14.900050 14.243807 13.690089 13.305890,
 32.553986 33.496788 34.501995 34.910690 34.413349 33.514957 32.823109 34.436649 37.008980 39.968189 41.318813 39.895855 37.066799 34.747917 36.374886 40.919727 46.405582 49.072079 46.365620 40.942360 36.530281 37.244167 42.693275 49.439529 52.865288 49.439529 42.693275 37.244167 36.530281 40.942352 46.365616 49.072079 46.405571 40.919727 36.374886 34.747917 37.066795 39.895855 41.318813 39.968189 37.008987 34.436649 32.823112 33.514954 34.413349 34.910690 34.501995 33.496788 32.553982,
 15.478687 15.509489 15.219078 14.674802 14.043262 13.489269 13.085347 16.747478 17.331930 17.442509 16.996431 16.110382 15.068296 14.178877 17.348375 18.664272 19.597643 19.677948 18.692469 17.100117 15.600055 16.869987 18.603262 20.250341 20.989111 20.250343 18.603262 16.869987 15.600053 17.100117 18.692469 19.677948 19.597643 18.664276 17.348375 14.178877 15.068295 16.110382 16.996431 17.442511 17.331930 16.747478 13.085344 13.489269 14.043262 14.674802 15.219079 15.509489 15.478687,
 0.453266 0.596237 0.719578 0.767673 0.717025 0.594281 0.452929 0.471138 0.623793 0.754068 0.805043 0.751266 0.618013 0.463598 0.483420 0.662614 0.826257 0.894292 0.824825 0.658975 0.478693 0.490607 0.693953 0.895305 0.985135 0.895305 0.693953 0.490607 0.478693 0.658975 0.824825 0.894292 0.826257 0.662614 0.483420 0.463598 0.618013 0.751266 0.805043 0.754068 0.623793 0.471138 0.452929 0.594281 0.717025 0.767673 0.719578 0.596237 0.453266,
 7.095977 7.447130 7.805147 8.154555 8.471809 8.703216 8.793719 8.033561 8.649302 9.248338 9.668255 9.848712 9.802730 9.558933 9.007562 9.927052 10.807504 11.262681 11.129621 10.607936 9.923430 9.722142 10.701522 11.613905 12.024590 11.613905 10.701522 9.722142 9.923430 10.607936 11.129621 11.262681 10.807505 9.927052 9.007562 9.558935 9.802729 9.848710 9.668255 9.248339 8.649302 8.033561 8.793719 8.703216 8.471809 8.154555 7.805147 7.447130 7.095976,
 17.626137 18.252270 19.055094 19.574976 19.547699 19.181858 18.667976 19.032177 20.545757 22.440453 23.406609 22.690058 21.072184 19.572702 20.367352 22.986485 26.208754 27.781397 26.195181 23.046778 20.406385 20.871946 24.038391 27.930656 29.922094 27.930656 24.038391 20.871946 20.406384 23.046782 26.195181 27.781397 26.208754 22.986485 20.367350 19.572702 21.072184 22.690058 23.406609 22.440453 20.545753 19.032177 18.667978 19.181858 19.547701 19.574976 19.055092 18.252270 17.626137,
 8.476538 8.608145 8.617133 8.506932 8.301490 8.002484 7.624359 9.356916 9.773835 9.957716 9.856136 9.466109 8.874733 8.247344 9.833937 10.682078 11.302771 11.435466 10.914800 9.968902 8.996121 9.657925 10.770547 11.788518 12.240160 11.788517 10.770545 9.657925 8.996121 9.968902 10.914799 11.435466 11.302770 10.682077 9.833935 8.247343 8.874733 9.466109 9.856136 9.957716 9.773835 9.356916 7.624359 8.002484 8.301491 8.506932 8.617133 8.608146 8.476538,

Pairwise cross-correlations of the modulus of all oriented sub-bands at the same scale (size QxQ)
 1.793991 4.126127 5.807996 3.663168 4.126127 34.129562 40.512566 10.919356 5.807996 40.512566 86.128708 41.055332 3.663168 10.919356 41.055332 32.867516,
 1.478577 2.526070 3.306987 2.142322 2.526070 21.369139 24.204769 5.991263 3.306987 24.204769 52.865299 25.628639 2.142322 5.991263 25.628639 20.989115,
 0.985135 1.408493 1.928398 1.384716 1.408493 12.024588 13.683994 3.287261 1.928398 13.683994 29.922094 14.416409 1.384716 3.287261 14.416409 12.240160,

Cross-correlations of the modulus of all oriented sub-bands with all oriented sub-bands at the coarser scale (size QxQ)
 1.267765 2.782631 3.934410 2.408224 2.868515 18.850071 22.257668 6.816726 4.214542 23.000978 42.924267 22.471106 2.482121 7.343942 23.016180 17.551661,
 0.960232 1.601028 1.979553 1.309479 1.636745 11.089525 12.487066 3.179999 2.464457 12.933778 24.533867 12.809459 1.465460 3.908833 13.293922 10.134120,

Cross-correlations of the real part of each oriented sub-band with both the real and imaginary part of all phase-doubled oriented sub-bands at the next coarser scale (Q matrices of size 1x2Q, which are computed and stored in a matrix of size Qx2Q)
 0.195107 -0.520477 -0.545725 -0.380230 -0.012108 0.019176 0.035191 0.022910 -0.388280 -5.864383 -5.513112 -0.973654 0.004839 0.330652 0.500299 0.055300 -0.630624 -6.540382 -12.043152 -6.745498 0.019401 0.389530 0.622206 0.141920 -0.252442 -1.001464 -5.686794 -5.732692 0.004507 0.061215 0.093445 0.115100,
 0.290265 -0.143928 -0.250163 -0.152887 0.003010 0.082363 0.009501 -0.052294 -0.011396 -2.334270 -2.466161 -0.418402 0.045466 0.573816 0.309253 -0.059820 -0.242096 -2.795973 -5.740085 -3.143707 0.055770 0.453967 -0.092024 -0.807068 -0.058581 -0.467967 -2.921066 -2.691331 0.024740 0.031589 -0.372677 -0.763003,
