Low-band skewness and kurtosis
 -1.375426 4.223458,
 -1.127395 3.557252,
 -0.891176 2.857123,
 -1.143332 3.460704,
 -0.468496 1.736716,

High-band variance
 103.231094,

Skewness, kurtosis, variance, mean, maximum and minimum of the reconstructed texture
 119.000000 255.000000 240.460022 584.639343 -1.610820 4.730535

Auto-correlations of the low-frequency bands at each scale
 185.972656 173.968857 165.084198 161.553391 164.299713 172.657410 183.702454 217.387817 190.523026 165.297165 154.769791 164.885529 189.341293 214.857529 297.159912 309.174011 319.292542 323.626678 318.988617 307.774994 294.397491 345.878418 395.823029 441.655884 460.956268 441.655884 395.823029 345.878418 294.397522 307.774963 318.988617 323.626709 319.292542 309.173950 297.159882 214.857574 189.341293 164.885574 154.769760 165.297165 190.522995 217.387787 183.702454 172.657440 164.299698 161.553391 165.084198 173.968842 185.972641,
 182.868607 178.819138 176.827942 176.802673 178.279663 182.484573 188.873825 199.416565 184.153564 169.416153 162.413681 166.522064 179.781921 195.155029 241.039764 246.372360 250.379562 251.110764 246.645630 239.440491 232.312515 264.593536 292.869781 319.139557 330.418243 319.139557 292.869812 264.593536 232.312561 239.440475 246.645630 251.110764 250.379562 246.372360 241.039734 195.155045 179.781937 166.522079 162.413681 169.416153 184.153519 199.416519 188.873871 182.484558 178.279663 176.802673 176.827927 178.819153 182.868607,
 177.967361 174.179382 171.834747 171.637665 172.763550 175.090332 178.246307 190.158997 180.478729 171.906952 168.369263 171.248322 179.429932 188.987198 208.392563 212.336227 215.706802 216.727142 214.500092 211.110489 207.965805 219.104462 235.472809 250.628937 257.133087 250.628937 235.472809 219.104492 207.965820 211.110519 214.500076 216.727112 215.706802 212.336243 208.392578 188.987183 179.429901 171.248322 168.369263 171.906921 180.478729 190.159027 178.246262 175.090317 172.763550 171.637695 171.834747 174.179382 177.967346,
 11.853019 16.920527 19.508692 21.755854 26.446379 32.268875 34.921333 17.128298 19.128889 20.800550 26.207626 33.682041 37.311043 34.946205 19.264456 20.897173 26.755257 35.784595 40.093933 36.257038 29.280886 22.354959 27.973959 36.862553 41.611370 36.862553 27.973959 22.354959 29.280880 36.257038 40.093933 35.784595 26.755257 20.897173 19.264458 34.946205 37.311047 33.682034 26.207628 20.800550 19.128887 17.128300 34.921329 32.268871 26.446379 21.755854 19.508692 16.920527 11.853021,

Auto-correlations of the modulus of each oriented sub-band
 1.162409 1.267659 1.340822 1.363864 1.328561 1.243957 1.129762 1.243306 1.399284 1.511328 1.548963 1.502451 1.382658 1.218628 1.343586 1.567778 1.730875 1.788482 1.722938 1.551131 1.319949 1.366270 1.676951 1.975598 2.109896 1.975598 1.676951 1.366270 1.319949 1.551131 1.722938 1.788482 1.730874 1.567778 1.343586 1.218628 1.382658 1.502451 1.548963 1.511328 1.399284 1.243306 1.129761 1.243957 1.328562 1.363864 1.340822 1.267659 1.162409,
 17.482800 18.175821 19.167570 20.238022 21.019266 21.450459 21.624262 19.323792 20.744366 22.564650 24.077906 24.564497 24.226101 23.545658 21.774797 24.002651 26.642096 28.347055 27.970922 26.327126 24.550192 23.875973 26.331879 29.034334 30.391453 29.034334 26.331879 23.875973 24.550192 26.327120 27.970922 28.347055 26.642092 24.002651 21.774794 23.545658 24.226101 24.564501 24.077906 22.564648 20.744366 19.323790 21.624262 21.450460 21.019266 20.238022 19.167566 18.175821 17.482803,
 52.902729 53.909843 55.151005 55.888130 55.361927 54.004299 52.727055 57.477867 60.938896 65.035477 67.099815 65.136314 60.946980 57.349277 61.685486 68.155396 76.001427 79.924873 76.013321 68.150612 61.690784 63.471611 71.335075 81.066208 86.059044 81.066216 71.335075 63.471607 61.690784 68.150604 76.013321 79.924873 76.001427 68.155396 61.685486 57.349277 60.946980 65.136307 67.099815 65.035492 60.938896 57.477867 52.727055 54.004311 55.361923 55.888134 55.151005 53.909855 52.902729,
 21.460072 21.235739 20.793335 20.027666 18.947149 17.861107 17.034073 23.278055 23.891092 24.220884 23.796520 22.340187 20.467581 18.914272 24.143183 25.849720 27.458281 27.884769 26.264822 23.636082 21.342369 23.413504 25.847481 28.501289 29.826141 28.501286 25.847481 23.413500 21.342369 23.636082 26.264820 27.884773 27.458281 25.849720 24.143183 18.914272 20.467581 22.340185 23.796522 24.220884 23.891094 23.278051 17.034075 17.861105 18.947149 20.027668 20.793335 21.235737 21.460070,
 0.745741 0.936633 1.092655 1.154911 1.095224 0.940642 0.753751 0.789372 1.007763 1.181616 1.249132 1.182803 1.008729 0.792704 0.836200 1.101452 1.325227 1.413483 1.321308 1.095195 0.830912 0.858595 1.164289 1.447297 1.569643 1.447297 1.164289 0.858595 0.830912 1.095195 1.321308 1.413483 1.325227 1.101452 0.836200 0.792704 1.008728 1.182803 1.249132 1.181616 1.007763 0.789372 0.753751 0.940641 1.095224 1.154911 1.092655 0.936633 0.745741,
 9.047720 9.471765 10.011910 10.526465 10.835857 10.889235 10.773158 9.864484 10.757148 11.768334 12.476875 12.599218 12.236785 11.678786 10.998982 12.409070 13.960218 14.816891 14.462739 13.376031 12.212502 11.956510 13.514071 15.179167 15.985192 15.179167 13.514070 11.956510 12.212502 13.376032 14.462739 14.816891 13.960217 12.409070 10.998981 11.678789 12.236788 12.599219 12.476875 11.768333 10.757146 9.864484 10.773160 10.889235 10.835857 10.526466 10.011910 9.471766 9.047722,
 28.180294 29.043880 30.380964 31.383205 31.283615 30.349405 29.308056 30.201754 32.558052 35.661465 37.608829 36.835728 34.230186 31.646990 32.573536 36.797878 42.007423 44.906353 42.940968 38.092545 33.674427 34.076107 39.279636 45.398911 48.425484 45.398911 39.279636 34.076107 33.674427 38.092545 42.940968 44.906353 42.007427 36.797878 32.573532 31.646990 34.230186 36.835724 37.608833 35.661469 32.558052 30.201750 29.308058 30.349405 31.283615 31.383209 30.380964 29.043884 28.180294,
 11.615192 11.799105 11.824509 11.630567 11.252946 10.844327 10.499355 12.714932 13.340760 13.747263 13.710325 13.112118 12.204598 11.371351 13.407800 14.629069 15.746682 16.159698 15.366466 13.853993 12.448857 13.287985 14.880164 16.555548 17.363588 16.555548 14.880164 13.287984 12.448860 13.853991 15.366464 16.159702 15.746683 14.629071 13.407799 11.371351 12.204597 13.112118 13.710326 13.747264 13.340761 12.714932 10.499355 10.844327 11.252946 11.630567 11.824507 11.799106 11.615192,
 0.378574 0.512687 0.622934 0.657815 0.599379 0.476194 0.339735 0.378792 0.524393 0.645870 0.690270 0.636109 0.508476 0.360592 0.382225 0.555905 0.715293 0.782919 0.717779 0.558630 0.383315 0.395306 0.594074 0.789232 0.875900 0.789232 0.594074 0.395306 0.383315 0.558630 0.717779 0.782919 0.715293 0.555905 0.382225 0.360592 0.508476 0.636109 0.690270 0.645870 0.524393 0.378792 0.339735 0.476194 0.599379 0.657815 0.622934 0.512687 0.378574,
 4.644725 4.888820 5.140503 5.356514 5.471759 5.435085 5.287961 5.075405 5.537451 6.007479 6.291183 6.298707 6.074826 5.729640 5.619644 6.319702 7.062045 7.433568 7.221695 6.669382 6.063031 6.035634 6.807453 7.614812 8.002443 7.614812 6.807453 6.035634 6.063031 6.669383 7.221695 7.433568 7.062043 6.319702 5.619643 5.729640 6.074826 6.298707 6.291182 6.007479 5.537451 5.075404 5.287961 5.435085 5.471759 5.356514 5.140503 4.888820 4.644724,
 11.883496 12.359696 12.900035 13.095658 12.666402 11.857941 11.129809 12.843610 14.031831 15.423099 16.005522 15.151502 13.497939 12.081566 13.644739 15.768065 18.327869 19.495089 18.095448 15.366241 13.115996 13.773507 16.379578 19.592348 21.197001 19.592348 16.379578 13.773508 13.115996 15.366243 18.095448 19.495089 18.327869 15.768065 13.644739 12.081566 13.497936 15.151502 16.005520 15.423099 14.031829 12.843612 11.129808 11.857942 12.666402 13.095657 12.900036 12.359696 11.883497,
 5.970526 6.178448 6.191669 5.977470 5.608150 5.216760 4.891456 6.388108 6.894936 7.196270 7.125678 6.661025 6.007473 5.408988 6.635396 7.521586 8.279696 8.501718 7.957695 6.966854 6.015411 6.497994 7.591712 8.686728 9.190190 8.686728 7.591712 6.497993 6.015410 6.966853 7.957695 8.501718 8.279696 7.521587 6.635396 5.408988 6.007473 6.661024 7.125678 7.196269 6.894936 6.388107 4.891457 5.216761 5.608149 5.977470 6.191669 6.178448 5.970526,

Pairwise cross-correlations of the modulus of all oriented sub-bands at the same scale (size QxQ)
 2.109896 3.941037 5.201378 3.598462 3.941037 30.391455 38.544281 10.857377 5.201378 38.544281 86.059036 38.558140 3.598462 10.857377 38.558140 29.826145,
 1.569643 1.926392 2.743226 2.096713 1.926392 15.985191 20.531252 5.084275 2.743226 20.531252 48.425488 21.832569 2.096713 5.084275 21.832569 17.363588,
 0.875899 0.962341 1.234909 1.147360 0.962341 8.002443 9.162135 1.941772 1.234909 9.162135 21.197001 10.065423 1.147360 1.941772 10.065423 9.190190,

Cross-correlations of the modulus of all oriented sub-bands with all oriented sub-bands at the coarser scale (size QxQ)
 1.412999 2.303118 3.427221 2.347856 2.400856 14.414534 19.712183 6.425790 3.648845 19.133747 40.219307 20.539627 2.455770 6.396282 20.512447 15.346272,
 0.909667 1.108964 1.459720 1.309934 1.069466 7.203598 9.307349 2.984983 1.893417 9.370136 19.202263 10.176829 1.388909 2.452889 9.659712 7.950293,

Cross-correlations of the real part of each oriented sub-band with both the real and imaginary part of all phase-doubled oriented sub-bands at the next coarser scale (Q matrices of size 1x2Q, which are computed and stored in a matrix of size Qx2Q)
 0.077832 -0.455681 -0.482621 -0.646650 -0.003921 -0.018027 -0.040412 -0.003541 -0.397469 -4.730791 -4.628105 -0.982632 -0.019332 -0.302646 -0.320128 0.082185 -0.704704 -5.500983 -10.991002 -6.258826 -0.022245 -0.367338 -0.010986 0.501790 -0.579081 -0.955831 -5.292477 -5.767486 -0.011525 -0.042515 0.147316 0.284080,
 0.219214 -0.111190 -0.198009 -0.231172 0.017136 -0.009966 -0.021753 -0.010491 0.005909 -1.566053 -1.228850 -0.265967 0.014037 -0.144578 -0.312590 -0.062599 -0.235449 -1.611143 -3.366934 -2.332661 0.012140 -0.143732 -0.593855 -0.013986 -0.191770 -0.193709 -2.084095 -2.301579 0.019422 -0.015756 -0.207335 0.046148,
