Low-band skewness and kurtosis
 -1.763150 5.743741,
 -1.667204 5.597750,
 -1.596189 5.423673,
 -1.526420 5.598911,
 -0.896720 2.596606,

High-band variance
 91.127090,

Skewness, kurtosis, variance, mean, maximum and minimum of the reconstructed texture
 107.000000 255.000000 240.810806 672.891846 -1.893389 5.950380

Auto-correlations of the low-frequency bands at each scale
 326.142303 305.832733 291.661804 287.923157 294.194702 307.973755 325.505127 362.341522 337.810455 310.200592 296.935883 306.918396 333.834412 361.918030 407.882751 429.980835 445.431824 449.365204 441.607513 427.840637 413.026855 435.434998 490.920227 543.036255 565.030518 543.036255 490.920258 435.434998 413.026794 427.840637 441.607513 449.365112 445.431824 429.980835 407.882751 361.918060 333.834412 306.918365 296.935852 310.200562 337.810455 362.341522 325.505157 307.973755 294.194702 287.923126 291.661835 305.832733 326.142303,
 315.065247 305.380676 299.962433 299.645569 302.290039 307.544678 314.949585 333.120972 316.778107 299.132812 292.068298 300.471985 319.664856 338.059662 353.041992 364.901520 374.541260 378.621460 376.097351 370.416595 363.803925 370.578064 403.860260 437.100372 451.569824 437.100403 403.860260 370.578033 363.804016 370.416534 376.097351 378.621368 374.541290 364.901520 353.041992 338.059723 319.664795 300.471985 292.068329 299.132812 316.778107 333.120972 314.949615 307.544678 302.290009 299.645569 299.962494 305.380676 315.065247,
 286.743744 283.655090 281.564728 280.430481 279.900970 281.544586 285.852631 306.509857 301.625885 295.742371 293.839996 297.724152 305.534607 312.128632 326.674164 333.365692 339.683594 343.719727 343.337158 339.408997 333.240814 338.513367 355.800842 372.977997 380.546173 372.977997 355.800812 338.513428 333.240753 339.408997 343.337158 343.719757 339.683594 333.365692 326.674225 312.128571 305.534607 297.724152 293.839966 295.742371 301.625885 306.509796 285.852600 281.544586 279.900970 280.430420 281.564728 283.655029 286.743744,
 -7.197669 0.408775 10.649066 23.663185 37.505497 46.773617 47.038418 0.046635 9.196941 21.597139 36.940514 49.504555 52.414139 45.492931 8.769476 20.754408 36.801758 52.179462 57.478214 50.006821 36.206776 21.474981 36.827938 52.616619 59.836521 52.616619 36.827938 21.474977 36.206779 50.006821 57.478218 52.179466 36.801765 20.754406 8.769472 45.492935 52.414139 49.504555 36.940510 21.597145 9.196938 0.046632 47.038418 46.773617 37.505505 23.663185 10.649068 0.408769 -7.197673,

Auto-correlations of the modulus of each oriented sub-band
 1.313485 1.418176 1.493826 1.521758 1.491501 1.415279 1.313102 1.404977 1.570220 1.685091 1.724420 1.679867 1.558945 1.394066 1.506420 1.743180 1.907540 1.965642 1.908345 1.743096 1.505353 1.520634 1.826037 2.132842 2.276818 2.132842 1.826038 1.520634 1.505353 1.743096 1.908345 1.965642 1.907540 1.743180 1.506420 1.394066 1.558945 1.679867 1.724420 1.685091 1.570220 1.404977 1.313102 1.415279 1.491501 1.521758 1.493826 1.418176 1.313484,
 21.447493 22.193651 23.215843 24.389437 25.418081 26.176712 26.605564 23.182726 24.610609 26.330261 27.898737 28.761606 28.934231 28.558859 25.691450 27.838741 30.157925 31.772503 31.836494 30.809454 29.299873 28.144867 30.419525 32.581818 33.619579 32.581814 30.419525 28.144867 29.299873 30.809450 31.836494 31.772497 30.157925 27.838741 25.691454 28.558859 28.934231 28.761606 27.898739 26.330259 24.610609 23.182720 26.605566 26.176702 25.418081 24.389433 23.215843 22.193651 21.447493,
 54.775417 55.478168 56.249023 56.630371 56.330868 55.645660 54.933430 58.598690 60.920479 63.475002 64.801025 63.839912 61.620468 59.427074 62.618267 66.955101 71.822205 74.325493 72.191132 67.638466 63.438969 64.745735 70.003532 75.941254 78.950127 75.941254 70.003532 64.745743 63.438961 67.638466 72.191132 74.325493 71.822189 66.955093 62.618267 59.427067 61.620468 63.839905 64.801025 63.475006 60.920471 58.598690 54.933430 55.645660 56.330868 56.630390 56.249035 55.478172 54.775417,
 30.154331 29.884348 29.186962 28.149525 26.928892 25.851097 25.042582 31.884727 32.516285 32.515808 31.702229 30.050470 28.224289 26.745001 32.391087 34.186966 35.498642 35.565266 33.818577 31.303133 29.060011 31.276430 33.752010 36.196110 37.395348 36.196102 33.752010 31.276430 29.060015 31.303123 33.818581 35.565266 35.498638 34.186966 32.391083 26.745003 28.224283 30.050472 31.702230 32.515804 32.516285 31.884726 25.042583 25.851089 26.928894 28.149529 29.186958 29.884348 30.154331,
 0.909973 1.098644 1.254089 1.318525 1.262048 1.106541 0.910945 0.950582 1.174460 1.355997 1.428598 1.362992 1.185478 0.960825 1.001873 1.282666 1.520591 1.616218 1.522149 1.285924 1.005903 1.033277 1.356491 1.647114 1.769780 1.647114 1.356491 1.033277 1.005903 1.285924 1.522149 1.616218 1.520591 1.282666 1.001873 0.960825 1.185478 1.362992 1.428598 1.355997 1.174460 0.950582 0.910946 1.106541 1.262048 1.318525 1.254089 1.098644 0.909973,
 14.179771 14.740775 15.448295 16.187309 16.789196 17.136187 17.209627 15.462383 16.564383 17.751774 18.706827 19.184519 19.123850 18.611238 17.176825 18.826191 20.442926 21.414806 21.378223 20.535780 19.256939 18.691055 20.462519 22.021727 22.695604 22.021727 20.462521 18.691055 19.256941 20.535780 21.378227 21.414806 20.442926 18.826191 17.176826 18.611238 19.123852 19.184519 18.706825 17.751776 16.564383 15.462385 17.209627 17.136187 16.789198 16.187309 15.448296 14.740774 14.179772,
 32.616760 33.509037 34.346058 34.745998 34.500561 33.927631 33.380379 35.531452 37.576107 39.498520 40.360264 39.572311 37.806160 36.019775 38.273296 41.751560 45.135406 46.674458 45.170574 41.840145 38.486717 39.466877 43.605568 47.750301 49.674217 47.750301 43.605568 39.466877 38.486713 41.840141 45.170567 46.674458 45.135410 41.751560 38.273296 36.019775 37.806160 39.572304 40.360264 39.498528 37.576111 35.531456 33.380371 33.927631 34.500557 34.746002 34.346066 33.509041 32.616760,
 18.379009 18.504519 18.278673 17.723705 16.958048 16.123066 15.332206 19.289051 19.980906 20.178282 19.767912 18.812340 17.559032 16.353973 19.590549 21.010328 21.997429 22.098743 21.088806 19.388361 17.698082 18.972929 20.813385 22.496092 23.238892 22.496096 20.813385 18.972929 17.698086 19.388361 21.088806 22.098743 21.997429 21.010328 19.590548 16.353973 17.559032 18.812338 19.767912 20.178284 19.980907 19.289049 15.332207 16.123066 16.958048 17.723709 18.278679 18.504519 18.379009,
 0.440766 0.577298 0.690328 0.736595 0.693798 0.579029 0.439828 0.454669 0.609152 0.736952 0.787979 0.741061 0.616982 0.464025 0.465732 0.652930 0.820511 0.891144 0.828184 0.669048 0.484460 0.493004 0.706498 0.907774 0.995173 0.907774 0.706498 0.493004 0.484460 0.669049 0.828184 0.891144 0.820510 0.652930 0.465732 0.464025 0.616982 0.741061 0.787979 0.736951 0.609152 0.454669 0.439828 0.579029 0.693798 0.736595 0.690328 0.577298 0.440766,
 6.479817 6.768086 7.156035 7.571581 7.897868 8.071103 8.086566 7.110186 7.660960 8.319382 8.895657 9.210052 9.194919 8.911690 8.038799 8.905250 9.834300 10.425271 10.436582 9.983878 9.297260 8.937555 9.888784 10.786149 11.190396 10.786149 9.888784 8.937555 9.297260 9.983878 10.436582 10.425271 9.834300 8.905250 8.038799 8.911688 9.194919 9.210052 8.895656 8.319383 7.660959 7.110186 8.086566 8.071102 7.897868 7.571580 7.156035 6.768086 6.479817,
 14.884914 14.965342 15.108443 15.134485 14.901587 14.658067 14.554091 16.007151 16.763544 17.652483 18.065983 17.559652 16.635653 15.853954 17.153137 18.752981 20.570408 21.455914 20.539280 18.724995 17.120489 17.655621 19.661093 21.939119 23.088657 21.939119 19.661093 17.655621 17.120491 18.724995 20.539278 21.455914 20.570406 18.752981 17.153137 15.853955 16.635653 17.559652 18.065979 17.652479 16.763544 16.007149 14.554091 14.658070 14.901587 15.134486 15.108443 14.965341 14.884912,
 6.859406 6.891869 6.726010 6.445777 6.175731 6.005991 5.923089 7.298867 7.622822 7.674833 7.444527 7.039647 6.607643 6.265100 7.468628 8.128882 8.603998 8.666642 8.205490 7.436056 6.737955 7.226629 8.065059 8.904742 9.293998 8.904742 8.065058 7.226629 6.737955 7.436057 8.205490 8.666642 8.603997 8.128881 7.468628 6.265100 6.607644 7.039647 7.444525 7.674833 7.622820 7.298866 5.923089 6.005992 6.175731 6.445776 6.726010 6.891869 6.859406,

Pairwise cross-correlations of the modulus of all oriented sub-bands at the same scale (size QxQ)
 2.276817 3.946945 5.953688 4.850498 3.946945 33.619583 37.316235 6.550852 5.953688 37.316235 78.950104 38.349487 4.850498 6.550852 38.349487 37.395340,
 1.769780 2.460903 3.550336 2.918467 2.460903 22.695601 23.802975 2.303474 3.550336 23.802975 49.674217 22.737326 2.918467 2.303474 22.737326 23.238894,
 0.995173 1.452956 1.872048 1.294579 1.452956 11.190393 11.424471 1.680744 1.872048 11.424471 23.088655 10.149409 1.294579 1.680744 10.149409 9.293999,

Cross-correlations of the modulus of all oriented sub-bands with all oriented sub-bands at the coarser scale (size QxQ)
 1.585673 2.551250 3.897845 3.013288 2.738285 20.059057 21.871626 3.026542 4.222183 20.818251 41.869110 21.128239 3.148982 2.707651 21.075596 21.191593,
 1.042117 1.483437 1.984610 1.484093 1.748041 10.952618 10.578840 1.258719 2.675296 11.709339 21.695755 10.463869 1.660507 1.692617 10.741036 10.203027,

Cross-correlations of the real part of each oriented sub-band with both the real and imaginary part of all phase-doubled oriented sub-bands at the next coarser scale (Q matrices of size 1x2Q, which are computed and stored in a matrix of size Qx2Q)
 0.052189 -0.584713 -0.661646 -0.611465 -0.006250 0.121011 0.109196 0.060806 -0.580894 -4.109589 -3.235272 -0.385204 0.097264 1.037580 0.822993 0.083175 -0.800384 -3.551180 -5.628803 -3.648173 0.060568 0.884052 1.247072 0.484572 -0.579523 -0.429326 -3.170329 -4.312731 -0.034082 0.081841 0.528652 0.491845,
 0.209051 -0.327189 -0.151444 -0.041152 -0.023914 -0.113469 -0.102821 -0.005233 -0.271522 -1.773437 -0.743587 0.091844 -0.087338 -1.195442 -1.549879 -0.178079 -0.273984 -1.126209 -0.341414 0.324947 -0.063289 -1.334882 -2.380722 -0.381141 -0.014689 -0.066591 0.140609 0.062291 -0.006636 -0.184355 -0.590477 -0.131704,
