Low-band skewness and kurtosis
 -1.620298 4.972044,
 -1.417715 4.305357,
 -1.244618 3.772775,
 -1.062349 3.473322,
 -0.863439 2.436381,

High-band variance
 97.488342,

Skewness, kurtosis, variance, mean, maximum and minimum of the reconstructed texture
 111.000000 255.000000 240.702316 661.334717 -1.802612 5.421736

Auto-correlations of the low-frequency bands at each scale
 294.180206 278.066528 265.845184 261.071594 264.656769 276.345306 293.230408 329.643188 302.420593 274.220123 262.392883 274.834412 303.705963 331.853241 382.531433 399.236176 413.467072 420.123657 415.967072 403.451782 386.802124 413.584106 469.371307 522.278381 544.696106 522.278381 469.371368 413.584106 386.802185 403.451782 415.967041 420.123657 413.467072 399.236176 382.531433 331.853241 303.705933 274.834412 262.392853 274.220123 302.420654 329.643188 293.230408 276.345245 264.656769 261.071533 265.845184 278.066528 294.180206,
 275.296600 268.324738 264.294128 263.729767 265.351196 269.938782 277.424805 296.054321 281.004364 265.142059 258.418243 265.054199 281.432190 297.726349 329.134674 338.491943 346.365082 349.806152 346.750244 339.792145 331.552948 349.537170 380.903290 411.662994 425.052612 411.663025 380.903290 349.537170 331.552948 339.792084 346.750214 349.806152 346.365082 338.491974 329.134705 297.726349 281.432190 265.054199 258.418213 265.142059 281.004425 296.054321 277.424805 269.938751 265.351227 263.729767 264.294128 268.324768 275.296600,
 262.861328 257.014557 251.821625 248.532181 246.948074 247.580231 250.093353 273.915253 266.254852 258.644196 255.896606 259.682587 267.953094 275.563110 292.410980 299.914795 307.080658 311.211670 310.512085 306.654907 301.144348 308.430481 327.565948 345.759064 353.651550 345.759064 327.565948 308.430481 301.144409 306.654907 310.512085 311.211670 307.080658 299.914825 292.410950 275.563080 267.953033 259.682556 255.896561 258.644196 266.254852 273.915253 250.093338 247.580246 246.948090 248.532166 251.821609 257.014557 262.861328,
 3.312770 10.489899 16.388706 22.492170 31.008493 39.125771 41.716560 11.153366 16.812582 22.507589 31.668985 41.731419 45.626450 41.905376 18.055046 23.703867 32.982227 44.559921 49.525295 44.399784 35.437416 25.927868 34.491020 45.678013 51.461349 45.678013 34.491024 25.927868 35.437412 44.399780 49.525295 44.559921 32.982224 23.703873 18.055044 41.905373 45.626450 41.731415 31.668983 22.507587 16.812590 11.153365 41.716564 39.125771 31.008493 22.492170 16.388704 10.489901 3.312768,

Auto-correlations of the modulus of each oriented sub-band
 1.381171 1.482105 1.558195 1.586323 1.556028 1.479084 1.376308 1.473408 1.623447 1.730808 1.773949 1.742382 1.639635 1.491711 1.581825 1.806896 1.977485 2.043003 1.984216 1.820409 1.598851 1.629429 1.938314 2.241695 2.380676 2.241695 1.938314 1.629429 1.598851 1.820409 1.984216 2.043003 1.977485 1.806896 1.581825 1.491711 1.639635 1.742382 1.773949 1.730808 1.623447 1.473408 1.376308 1.479084 1.556028 1.586323 1.558195 1.482105 1.381171,
 24.514980 25.233658 26.256845 27.398039 28.346529 28.999062 29.317465 26.253428 27.731794 29.584600 31.181602 31.897036 31.808733 31.182604 28.673761 31.002470 33.643719 35.384880 35.211636 33.751450 31.910067 30.926718 33.499218 36.125130 37.397533 36.125130 33.499218 30.926718 31.910067 33.751450 35.211636 35.384880 33.643715 31.002472 28.673759 31.182604 31.808733 31.897034 31.181606 29.584600 27.731792 26.253428 29.317461 28.999058 28.346525 27.398043 26.256845 25.233662 24.514980,
 60.360832 61.225174 62.150150 62.524128 61.947746 60.906067 59.964058 63.698780 66.496941 69.689835 71.193314 69.497887 66.117668 63.141827 66.750702 71.967644 78.144722 81.200684 78.003265 71.655785 66.263397 67.811165 74.267204 82.039276 86.023781 82.039268 74.267212 67.811165 66.263405 71.655785 78.003265 81.200684 78.144714 71.967644 66.750694 63.141834 66.117653 69.497894 71.193314 69.689835 66.496948 63.698784 59.964058 60.906067 61.947762 62.524128 62.150139 61.225174 60.360828,
 29.148933 28.886770 28.222105 27.218998 26.030548 24.964920 24.178923 30.928753 31.550947 31.602076 30.842232 29.227575 27.379040 25.874544 31.564196 33.327122 34.681988 34.794762 33.077175 30.523651 28.249069 30.514784 32.985291 35.466259 36.672024 35.466255 32.985291 30.514786 28.249069 30.523651 33.077171 34.794762 34.681992 33.327126 31.564192 25.874544 27.379036 29.227577 30.842228 31.602077 31.550947 30.928751 24.178923 24.964920 26.030548 27.219004 28.222103 28.886772 29.148933,
 0.944630 1.134081 1.287572 1.347318 1.286122 1.129234 0.935559 1.004336 1.227319 1.404824 1.470347 1.394718 1.207502 0.976885 1.056100 1.341058 1.579197 1.669564 1.566669 1.322124 1.036668 1.085554 1.415118 1.713190 1.839532 1.713190 1.415118 1.085554 1.036668 1.322124 1.566669 1.669564 1.579197 1.341058 1.056100 0.976885 1.207502 1.394718 1.470347 1.404824 1.227319 1.004336 0.935559 1.129234 1.286122 1.347318 1.287573 1.134081 0.944631,
 13.393348 13.932142 14.583420 15.245521 15.731620 15.900376 15.769404 14.294580 15.308657 16.435955 17.309294 17.644241 17.383884 16.703592 15.529670 17.062572 18.692940 19.656380 19.476980 18.449455 17.110313 16.654436 18.361389 20.031441 20.797239 20.031441 18.361389 16.654436 17.110313 18.449459 19.476978 19.656380 18.692940 17.062571 15.529668 16.703592 17.383884 17.644241 17.309294 16.435951 15.308657 14.294580 15.769405 15.900376 15.731621 15.245520 14.583420 13.932140 13.393349,
 34.407890 35.311844 36.435566 37.114624 36.783554 35.641537 34.342857 36.767250 39.083282 41.633671 42.931778 41.904846 39.314587 36.690220 38.917068 42.815567 47.112316 49.213821 47.288082 42.960152 38.873608 39.796719 44.492687 49.669930 52.154663 49.669930 44.492687 39.796719 38.873608 42.960152 47.288082 49.213821 47.112316 42.815567 38.917068 36.690220 39.314587 41.904846 42.931778 41.633671 39.083282 36.767250 34.342865 35.641537 36.783558 37.114624 36.435566 35.311844 34.407890,
 16.962595 16.964712 16.606339 15.948727 15.137109 14.324841 13.628362 18.012135 18.641037 18.767687 18.280653 17.259489 15.986925 14.828178 18.362555 19.711800 20.677429 20.769297 19.716469 18.005909 16.369772 17.739418 19.502073 21.183769 21.956251 21.183773 19.502073 17.739418 16.369776 18.005909 19.716465 20.769299 20.677429 19.711800 18.362555 14.828176 15.986924 17.259487 18.280653 18.767687 18.641037 18.012135 13.628362 14.324841 15.137107 15.948724 16.606339 16.964714 16.962593,
 0.515928 0.653906 0.772018 0.818193 0.768736 0.647558 0.506889 0.528845 0.685850 0.822978 0.878581 0.825524 0.689978 0.529615 0.560992 0.754591 0.934270 1.008315 0.932811 0.754965 0.560312 0.582504 0.804371 1.021917 1.118170 1.021917 0.804371 0.582503 0.560312 0.754965 0.932811 1.008315 0.934270 0.754591 0.560992 0.529615 0.689978 0.825524 0.878581 0.822978 0.685850 0.528845 0.506889 0.647558 0.768736 0.818193 0.772018 0.653906 0.515928,
 6.791092 7.262149 7.819656 8.369982 8.743189 8.839347 8.696640 7.639599 8.374094 9.172525 9.788208 10.014535 9.815972 9.337199 8.577782 9.597720 10.643479 11.243839 11.110685 10.445230 9.588785 9.313832 10.410148 11.466870 11.952107 11.466870 10.410148 9.313832 9.588785 10.445230 11.110684 11.243839 10.643479 9.597719 8.577782 9.337199 9.815972 10.014534 9.788207 9.172525 8.374093 7.639599 8.696640 8.839348 8.743189 8.369982 7.819655 7.262149 6.791092,
 16.972218 17.542583 18.036428 18.228491 18.012966 17.570477 17.133125 18.266508 19.672602 20.945358 21.369156 20.651405 19.318298 18.084482 19.215271 21.534761 23.869167 24.787666 23.536592 21.113333 18.919876 19.423038 22.112452 25.026726 26.402939 25.026726 22.112452 19.423038 18.919874 21.113335 23.536589 24.787666 23.869164 21.534760 19.215269 18.084482 19.318298 20.651407 21.369154 20.945356 19.672598 18.266506 17.133123 17.570475 18.012964 18.228491 18.036428 17.542582 16.972218,
 7.214494 7.276636 7.148912 6.842155 6.423654 6.005501 5.667124 7.727705 8.121849 8.244434 8.018066 7.504922 6.863863 6.280918 7.976802 8.754809 9.311974 9.392924 8.867551 7.957854 7.069052 7.743331 8.735398 9.671273 10.092587 9.671273 8.735398 7.743331 7.069052 7.957854 8.867552 9.392924 9.311973 8.754809 7.976802 6.280916 6.863861 7.504921 8.018067 8.244434 8.121848 7.727705 5.667124 6.005503 6.423655 6.842155 7.148911 7.276635 7.214494,

Pairwise cross-correlations of the modulus of all oriented sub-bands at the same scale (size QxQ)
 2.380676 4.790924 6.838406 5.012381 4.790924 37.397537 42.251488 9.535244 6.838406 42.251488 86.023766 40.885014 5.012381 9.535244 40.885014 36.672016,
 1.839531 2.647639 3.911716 2.889796 2.647639 20.797239 23.778753 4.447643 3.911716 23.778753 52.154652 24.476572 2.889796 4.447643 24.476572 21.956249,
 1.118170 1.411191 2.093095 1.703263 1.411191 11.952106 13.570100 2.246972 2.093095 13.570100 26.402937 10.848251 1.703263 2.246972 10.848251 10.092587,

Cross-correlations of the modulus of all oriented sub-bands with all oriented sub-bands at the coarser scale (size QxQ)
 1.616393 2.901541 4.490803 3.076128 3.190559 19.565880 22.986296 5.607373 4.971451 23.004559 45.094830 22.629974 3.387702 5.790255 23.764439 20.109577,
 1.141677 1.626147 2.495143 1.925845 1.655421 11.002147 13.780352 2.841160 2.901869 12.545450 24.978170 11.875347 1.993832 2.478409 11.582408 10.497699,

Cross-correlations of the real part of each oriented sub-band with both the real and imaginary part of all phase-doubled oriented sub-bands at the next coarser scale (Q matrices of size 1x2Q, which are computed and stored in a matrix of size Qx2Q)
 0.070772 -0.571127 -0.505024 -0.528961 -0.012895 0.036400 -0.001852 -0.046608 -0.505240 -4.174904 -3.366577 -0.651617 0.030898 0.391102 0.751324 0.052048 -0.718973 -4.045063 -7.667912 -4.672835 0.052929 0.454708 0.948260 -0.011431 -0.505208 -0.656503 -4.025258 -4.546563 0.027597 0.080728 -0.010382 -0.226223,
 0.179618 -0.196713 -0.222618 -0.294711 -0.009479 0.018640 0.030278 0.035379 -0.138110 -2.003531 -2.196271 -0.364736 0.027081 0.150416 0.410639 0.048937 -0.318934 -2.202283 -4.279961 -2.054488 0.027333 0.276156 0.520085 -0.066944 -0.213636 -0.329904 -1.715362 -2.111656 -0.003006 0.092374 0.084649 0.020046,
