Low-band skewness and kurtosis
 -2.110606 7.612041,
 -2.163046 8.428828,
 -2.215024 9.081470,
 -1.224268 8.110142,
 -0.785436 2.676636,

High-band variance
 82.946327,

Skewness, kurtosis, variance, mean, maximum and minimum of the reconstructed texture
 97.000000 255.000000 241.359268 722.322083 -2.169513 7.409286

Auto-correlations of the low-frequency bands at each scale
 395.226898 376.815247 361.391846 355.508118 363.700836 385.264099 411.231079 431.998322 402.858490 373.074951 363.309082 380.919556 412.812500 436.522308 473.899200 488.016418 502.973297 512.643005 508.920593 490.851074 465.569397 488.108978 543.678833 599.960388 624.310059 599.960388 543.678833 488.108978 465.569397 490.851013 508.920624 512.643005 502.973236 488.016418 473.899200 436.522278 412.812439 380.919525 363.309082 373.074890 402.858490 431.998260 411.231079 385.264130 363.700836 355.508118 361.391815 376.815247 395.226898,
 379.881958 377.421021 375.423126 374.067108 374.619690 379.908234 388.082672 406.217438 390.679688 373.281921 366.658875 375.901886 394.532227 409.085388 428.735291 434.051483 439.867462 444.350128 442.928589 435.233704 424.820923 436.030945 465.363281 496.983459 511.180908 496.983459 465.363281 436.030945 424.820892 435.233643 442.928589 444.350128 439.867432 434.051483 428.735291 409.085388 394.532227 375.901886 366.658844 373.281921 390.679657 406.217438 388.082672 379.908234 374.619690 374.067108 375.423126 377.421021 379.881927,
 319.750580 317.859650 315.902039 314.548889 313.836884 314.532013 315.715881 360.047180 358.490417 356.013550 355.484161 357.365845 360.050842 360.051819 394.976593 402.787903 409.950226 414.018402 412.379211 405.855103 396.335327 410.863708 426.948181 441.938080 448.437103 441.938080 426.948181 410.863708 396.335327 405.855103 412.379211 414.018372 409.950226 402.787872 394.976593 360.051788 360.050812 357.365845 355.484131 356.013550 358.490387 360.047150 315.715881 314.532013 313.836884 314.548889 315.902039 317.859589 319.750580,
 -16.684223 -20.634073 -23.879519 -10.402334 26.738010 67.277092 82.984741 -19.548483 -22.206751 -9.147154 30.309517 76.770210 95.633247 77.492447 -17.669203 -4.657817 34.324348 83.785599 105.418251 83.472054 42.090866 2.729041 38.487793 86.144455 109.405891 86.144455 38.487793 2.729037 42.090874 83.472054 105.418251 83.785583 34.324345 -4.657825 -17.669201 77.492462 95.633232 76.770210 30.309517 -9.147156 -22.206755 -19.548483 82.984741 67.277092 26.738008 -10.402335 -23.879520 -20.634075 -16.684223,

Auto-correlations of the modulus of each oriented sub-band
 1.769154 1.862213 1.940432 1.989392 1.996873 1.965614 1.897102 1.867759 2.038872 2.184598 2.260705 2.252306 2.163437 2.012759 2.017945 2.279694 2.479857 2.574659 2.534873 2.362124 2.110225 2.100245 2.408592 2.697646 2.828409 2.697646 2.408592 2.100245 2.110225 2.362124 2.534874 2.574659 2.479857 2.279694 2.017945 2.012759 2.163437 2.252306 2.260705 2.184598 2.038872 1.867760 1.897102 1.965614 1.996873 1.989392 1.940432 1.862213 1.769154,
 29.821350 30.533123 31.564447 32.872437 34.205105 35.365635 36.141754 31.481609 32.817780 34.537010 36.296165 37.544186 38.141987 38.041058 34.081448 36.057030 38.270840 39.986404 40.372776 39.703110 38.412487 36.827103 38.888817 40.802391 41.719090 40.802391 38.888821 36.827103 38.412487 39.703106 40.372776 39.986397 38.270840 36.057026 34.081440 38.041065 38.141979 37.544186 36.296158 34.537010 32.817776 31.481606 36.141758 35.365627 34.205109 32.872444 31.564447 30.533125 29.821354,
 58.478584 58.572201 58.748936 58.934563 58.944962 58.840374 58.761490 63.055641 64.198875 65.384964 66.089943 65.723137 64.665665 63.553001 67.809349 70.419342 73.063217 74.428619 73.335014 70.783585 68.201569 70.037598 73.381966 76.792099 78.436508 76.792099 73.381966 70.037590 68.201576 70.783569 73.335022 74.428619 73.063217 70.419342 67.809341 63.553005 64.665665 65.723137 66.089951 65.384964 64.198875 63.055634 58.761482 58.840366 58.944950 58.934563 58.748943 58.572205 58.478573,
 32.284313 31.586882 30.625895 29.553215 28.502642 27.679777 27.156866 34.264244 34.268185 33.743137 32.716061 31.268047 29.819529 28.696926 34.883068 35.964035 36.510460 36.175758 34.741970 32.835201 31.097382 33.582344 35.404789 37.052616 37.811832 37.052616 35.404793 33.582340 31.097378 32.835197 34.741970 36.175755 36.510460 35.964035 34.883068 28.696928 29.819523 31.268047 32.716061 33.743137 34.268185 34.264236 27.156870 27.679777 28.502642 29.553215 30.625893 31.586882 32.284313,
 1.130488 1.326312 1.486916 1.554886 1.503360 1.357791 1.173897 1.165873 1.394773 1.587147 1.674400 1.622283 1.454959 1.235782 1.233629 1.518956 1.765237 1.875066 1.798484 1.573815 1.293292 1.300292 1.617724 1.893291 2.007155 1.893291 1.617724 1.300292 1.293292 1.573815 1.798483 1.875066 1.765237 1.518956 1.233629 1.235782 1.454959 1.622283 1.674400 1.587147 1.394774 1.165873 1.173897 1.357791 1.503360 1.554886 1.486916 1.326312 1.130488,
 17.227350 17.862051 18.608929 19.463358 20.286272 20.900991 21.170126 18.404037 19.446098 20.595724 21.652172 22.428026 22.719193 22.390347 19.963598 21.405912 22.891054 23.895569 24.106747 23.612820 22.558990 21.571783 23.060444 24.359625 24.940569 24.359625 23.060448 21.571783 22.558989 23.612818 24.106743 23.895569 22.891054 21.405916 19.963598 22.390347 22.719189 22.428026 21.652172 20.595726 19.446102 18.404036 21.170126 20.900991 20.286270 19.463358 18.608931 17.862051 17.227348,
 36.630646 36.964783 37.313351 37.515968 37.478752 37.343899 37.187416 39.870777 40.762733 41.546661 41.878448 41.553043 40.844933 40.034447 42.885269 44.587830 46.063820 46.663235 45.976994 44.476994 42.787395 44.061802 46.185471 48.084167 48.919765 48.084167 46.185471 44.061813 42.787395 44.476990 45.976994 46.663227 46.063824 44.587830 42.885277 40.034443 40.844933 41.553043 41.878441 41.546661 40.762733 39.870781 37.187408 37.343899 37.478752 37.515968 37.313347 36.964783 36.630657,
 19.369606 19.201031 18.822958 18.302094 17.707687 17.137264 16.625950 20.637674 20.875328 20.703108 20.165773 19.364620 18.465590 17.638130 21.099203 21.937752 22.362505 22.220200 21.427330 20.244980 19.063585 20.451458 21.685629 22.741522 23.207567 22.741522 21.685631 20.451458 19.063587 20.244980 21.427330 22.220200 22.362505 21.937752 21.099205 17.638130 18.465588 19.364618 20.165775 20.703110 20.875330 20.637671 16.625950 17.137260 17.707687 18.302095 18.822962 19.201033 19.369604,
 0.490521 0.637459 0.761487 0.812042 0.765741 0.644417 0.496844 0.518481 0.682115 0.821606 0.878550 0.825484 0.687267 0.520461 0.545740 0.738288 0.911472 0.984539 0.916069 0.744172 0.547745 0.562455 0.775729 0.972471 1.056231 0.972471 0.775729 0.562455 0.547745 0.744172 0.916069 0.984539 0.911472 0.738288 0.545740 0.520461 0.687267 0.825484 0.878550 0.821606 0.682115 0.518481 0.496844 0.644417 0.765741 0.812042 0.761488 0.637459 0.490521,
 5.025736 5.323194 5.642631 5.978883 6.279817 6.454909 6.444769 5.565477 6.030982 6.507144 6.910947 7.160913 7.179295 6.946554 6.239551 6.919069 7.579391 7.989062 8.009102 7.682252 7.135746 6.859494 7.602363 8.249557 8.527752 8.249557 7.602362 6.859494 7.135746 7.682252 8.009103 7.989063 7.579391 6.919069 6.239551 6.946555 7.179295 7.160913 6.910947 6.507143 6.030982 5.565476 6.444770 6.454909 6.279817 5.978883 5.642630 5.323193 5.025735,
 11.940125 12.060081 12.129153 12.146883 12.105196 11.977275 11.745009 12.954798 13.462657 13.865349 14.055292 13.955985 13.608377 13.115942 14.116055 15.099769 15.940622 16.326090 16.046055 15.282403 14.351474 14.754795 15.944333 16.985556 17.435352 16.985556 15.944333 14.754795 14.351474 15.282403 16.046055 16.326090 15.940622 15.099769 14.116055 13.115940 13.608376 13.955985 14.055290 13.865346 13.462656 12.954796 11.745009 11.977275 12.105197 12.146883 12.129153 12.060082 11.940124,
 5.201082 5.195349 5.073923 4.868458 4.636704 4.399803 4.147150 5.607582 5.763503 5.761564 5.622551 5.366821 5.004388 4.608178 5.821851 6.190614 6.445877 6.497478 6.229688 5.714656 5.179731 5.660611 6.196021 6.699333 6.932116 6.699333 6.196022 5.660611 5.179730 5.714656 6.229688 6.497478 6.445877 6.190614 5.821851 4.608178 5.004388 5.366821 5.622551 5.761564 5.763502 5.607581 4.147150 4.399802 4.636704 4.868459 5.073923 5.195349 5.201082,

Pairwise cross-correlations of the modulus of all oriented sub-bands at the same scale (size QxQ)
 2.828409 6.283671 6.240368 4.235355 6.283671 41.719067 36.561363 2.777850 6.240368 36.561363 78.436485 38.229954 4.235355 2.777850 38.229954 37.811821,
 2.007155 3.587362 3.908026 2.573255 3.587362 24.940563 22.000977 0.592522 3.908026 22.000977 48.919773 23.247726 2.573255 0.592522 23.247726 23.207567,
 1.056232 1.284201 1.416862 1.110447 1.284201 8.527751 8.188712 0.508990 1.416862 8.188712 17.435352 7.180738 1.110447 0.508990 7.180738 6.932116,

Cross-correlations of the modulus of all oriented sub-bands with all oriented sub-bands at the coarser scale (size QxQ)
 1.823064 3.752568 4.073495 2.496001 3.678316 23.472919 19.949320 0.048327 3.770702 18.850161 41.122406 19.467449 2.510186 0.143330 20.761913 20.893219,
 1.103557 1.524480 1.613702 1.152859 1.846837 10.248254 9.412467 0.233301 2.546690 9.004503 20.679482 9.577378 1.539228 -0.125618 9.374559 9.293721,

Cross-correlations of the real part of each oriented sub-band with both the real and imaginary part of all phase-doubled oriented sub-bands at the next coarser scale (Q matrices of size 1x2Q, which are computed and stored in a matrix of size Qx2Q)
 0.037083 -0.736031 -0.698497 -0.560920 -0.003060 -0.038941 -0.016560 0.068483 -0.683047 -4.752006 -4.096712 -0.577504 -0.002362 -0.549184 -0.707416 -0.031026 -0.765537 -4.154209 -6.562762 -3.270725 -0.061836 -0.695353 -0.853134 0.257060 -0.471724 -0.501802 -2.967362 -3.583080 -0.065880 -0.137429 -0.021356 0.461273,
 0.223259 -0.251523 -0.217038 -0.166218 0.000439 -0.084350 0.005451 0.039363 -0.120234 -1.012873 -0.560611 -0.140852 -0.065216 -0.351960 0.224762 0.206772 -0.179177 -0.545526 -1.900352 -1.465786 -0.082734 -0.017741 1.673130 1.114349 -0.018652 -0.066874 -1.456538 -1.545721 -0.034652 0.122814 1.061487 0.797993,
