Low-band skewness and kurtosis
 -1.587435 4.911221,
 -1.421010 4.458806,
 -1.257899 3.786469,
 -1.513177 4.836529,
 -0.740586 2.115468,

High-band variance
 96.225174,

Skewness, kurtosis, variance, mean, maximum and minimum of the reconstructed texture
 109.000000 255.000000 240.618698 643.569153 -1.768981 5.317046

Auto-correlations of the low-frequency bands at each scale
 279.875305 264.387726 250.979156 244.044159 246.632492 259.647552 279.103638 306.760986 278.147949 249.921646 238.867294 252.313156 281.385681 307.874939 366.663116 379.623352 392.814484 400.704315 397.169067 382.184753 360.398926 397.911865 453.662659 506.636017 529.123413 506.636017 453.662720 397.911865 360.398926 382.184723 397.169037 400.704346 392.814484 379.623383 366.663116 307.874939 281.385681 252.313141 238.867264 249.921646 278.147949 306.760956 279.103577 259.647583 246.632492 244.044174 250.979202 264.387756 279.875305,
 264.942535 258.149811 252.784897 250.501373 252.122421 259.378387 270.800659 292.853638 275.014038 257.019440 249.164246 255.486099 271.676971 287.060242 320.271942 325.100189 330.425781 332.940552 328.713837 318.824860 306.453278 325.167969 356.724976 388.286499 402.059784 388.286499 356.724976 325.167969 306.453278 318.824860 328.713837 332.940552 330.425812 325.100220 320.271912 287.060211 271.676971 255.486099 249.164246 257.019440 275.014069 292.853607 270.800659 259.378326 252.122375 250.501373 252.784897 258.149841 264.942535,
 248.921555 245.640274 244.311295 245.039581 246.584641 249.129654 252.480331 266.406982 259.168457 251.602188 248.374557 251.553787 259.504852 266.998169 288.030426 292.716766 296.191711 296.754639 293.482727 288.576508 283.667328 296.299438 312.088593 327.961029 335.039032 327.961029 312.088593 296.299438 283.667328 288.576508 293.482727 296.754639 296.191681 292.716766 288.030457 266.998169 259.504852 251.553741 248.374512 251.602188 259.168457 266.406982 252.480331 249.129654 246.584625 245.039581 244.311310 245.640274 248.921585,
 0.092547 7.880442 13.565638 19.895987 30.073559 39.816071 42.666443 9.190678 14.827568 20.101856 30.347095 42.189106 46.347675 41.494717 16.322056 21.161001 30.820354 44.168625 49.784882 43.299778 33.049843 23.270271 31.792025 44.562820 51.440693 44.562820 31.792025 23.270273 33.049843 43.299774 49.784882 44.168625 30.820360 21.161001 16.322060 41.494717 46.347672 42.189106 30.347095 20.101856 14.827571 9.190679 42.666443 39.816071 30.073561 19.895988 13.565638 7.880440 0.092548,

Auto-correlations of the modulus of each oriented sub-band
 1.350166 1.452976 1.527951 1.551940 1.516153 1.435432 1.329189 1.432389 1.594960 1.713828 1.755131 1.709496 1.588844 1.423651 1.532763 1.770936 1.941500 1.999860 1.933790 1.761008 1.525464 1.558671 1.874613 2.185855 2.328914 2.185855 1.874613 1.558671 1.525464 1.761008 1.933790 1.999860 1.941499 1.770936 1.532763 1.423651 1.588844 1.709496 1.755131 1.713828 1.594960 1.432389 1.329189 1.435432 1.516153 1.551940 1.527951 1.452976 1.350166,
 24.712692 25.576571 26.764044 27.990042 28.843323 29.255890 29.295488 26.298958 27.952753 30.011347 31.688322 32.212593 31.797400 30.887503 28.428286 30.935308 33.824963 35.677921 35.279675 33.482559 31.399902 30.430450 33.196632 36.113907 37.561195 36.113899 33.196632 30.430447 31.399902 33.482552 35.279675 35.677921 33.824963 30.935307 28.428286 30.887503 31.797398 32.212593 31.688322 30.011345 27.952753 26.298956 29.295492 29.255890 28.843328 27.990042 26.764040 25.576572 24.712688,
 60.931229 62.011150 62.934189 63.121689 62.213066 60.716549 59.320377 64.895813 67.909866 70.948509 72.138420 70.193733 66.543869 63.192501 68.452293 73.943321 79.916245 82.650337 79.417366 73.050423 67.326767 69.537506 76.316116 83.944031 87.741837 83.944046 76.316116 69.537506 67.326759 73.050423 79.417358 82.650337 79.916245 73.943306 68.452293 63.192490 66.543869 70.193733 72.138420 70.948502 67.909866 64.895805 59.320385 60.716560 62.213066 63.121689 62.934189 62.011150 60.931232,
 26.322372 26.157412 25.663153 24.800823 23.658789 22.574854 21.738398 28.077980 28.790531 29.052582 28.501970 26.987825 25.156330 23.596508 28.940573 30.752226 32.252972 32.535088 30.916279 28.397388 26.081953 28.204842 30.706528 33.218697 34.444393 33.218697 30.706528 28.204842 26.081951 28.397392 30.916275 32.535080 32.252972 30.752226 28.940569 23.596506 25.156330 26.987822 28.501970 29.052582 28.790527 28.077978 21.738398 22.574854 23.658789 24.800819 25.663153 26.157413 26.322372,
 0.974697 1.157310 1.303006 1.355858 1.293036 1.143208 0.963663 1.010268 1.228768 1.403867 1.469264 1.399998 1.226633 1.012259 1.054327 1.330463 1.564636 1.654886 1.557751 1.325762 1.055717 1.089744 1.410377 1.704021 1.829565 1.704021 1.410377 1.089744 1.055717 1.325762 1.557751 1.654886 1.564636 1.330463 1.054327 1.012259 1.226633 1.399998 1.469264 1.403867 1.228768 1.010268 0.963663 1.143208 1.293036 1.355858 1.303006 1.157310 0.974697,
 13.701058 14.127913 14.625952 15.121326 15.482749 15.651675 15.660496 14.683276 15.595304 16.544767 17.219227 17.414480 17.174660 16.665016 15.891996 17.355812 18.862188 19.667568 19.377632 18.386919 17.202766 16.897444 18.511852 20.124413 20.877846 20.124413 18.511852 16.897444 17.202766 18.386915 19.377630 19.667568 18.862188 17.355812 15.891994 16.665016 17.174662 17.414484 17.219227 16.544765 15.595304 14.683276 15.660496 15.651676 15.482747 15.121328 14.625950 14.127913 13.701060,
 29.296230 29.542536 29.972357 30.145184 29.633654 28.754454 28.154032 31.147703 32.745522 34.657799 35.475647 34.256207 31.972170 30.090717 32.869987 36.246117 40.188560 42.016163 39.905533 35.757427 32.234169 33.400753 37.678360 42.723305 45.246727 42.723309 37.678360 33.400753 32.234169 35.757427 39.905525 42.016159 40.188560 36.246117 32.869987 30.090714 31.972170 34.256210 35.475643 34.657795 32.745522 31.147709 28.154032 28.754456 29.633654 30.145187 29.972357 29.542540 29.296228,
 15.543107 15.594304 15.351807 14.857171 14.228409 13.601870 13.072361 16.624346 17.190691 17.336060 16.954910 16.092642 14.984993 13.971848 17.108116 18.396303 19.353256 19.492718 18.543335 16.916544 15.330799 16.601843 18.354761 20.023563 20.772200 20.023563 18.354761 16.601843 15.330799 16.916546 18.543333 19.492714 19.353256 18.396305 17.108116 13.971850 14.984993 16.092640 16.954912 17.336063 17.190691 16.624346 13.072363 13.601871 14.228410 14.857171 15.351809 15.594303 15.543109,
 0.473021 0.624834 0.752161 0.798693 0.740896 0.603959 0.444922 0.492000 0.660589 0.801511 0.853182 0.791981 0.645384 0.474340 0.516167 0.712599 0.888178 0.957279 0.881377 0.705619 0.513465 0.537207 0.757495 0.969754 1.062782 0.969754 0.757495 0.537207 0.513465 0.705619 0.881377 0.957279 0.888178 0.712598 0.516167 0.474340 0.645384 0.791981 0.853182 0.801511 0.660589 0.492000 0.444922 0.603959 0.740896 0.798693 0.752161 0.624834 0.473021,
 5.399274 5.672597 5.984210 6.301743 6.524029 6.564830 6.423402 5.928235 6.431598 6.980428 7.382639 7.486618 7.271964 6.875228 6.472107 7.229629 8.084465 8.557106 8.369082 7.754633 7.080773 6.920636 7.752639 8.674527 9.122981 8.674527 7.752637 6.920636 7.080773 7.754634 8.369081 8.557106 8.084465 7.229628 6.472106 6.875228 7.271964 7.486618 7.382638 6.980428 6.431597 5.928234 6.423402 6.564830 6.524028 6.301743 5.984211 5.672597 5.399274,
 14.316500 14.832306 15.443106 15.752170 15.588813 15.227992 14.962596 15.967027 17.031864 18.244144 18.752207 18.074249 16.869795 15.960800 17.295713 19.036644 21.101292 22.038713 20.861729 18.719271 17.046909 17.674149 19.717934 22.265408 23.580561 22.265408 19.717932 17.674147 17.046909 18.719271 20.861729 22.038712 21.101292 19.036644 17.295712 15.960801 16.869797 18.074249 18.752205 18.244144 17.031864 15.967022 14.962596 15.227990 15.588813 15.752169 15.443106 14.832306 14.316499,
 7.556737 7.696659 7.690158 7.497361 7.134779 6.681208 6.237401 8.263254 8.679235 8.900224 8.797360 8.339664 7.671472 7.014335 8.691450 9.443878 10.052190 10.212962 9.715264 8.804616 7.902129 8.562828 9.528996 10.465601 10.897440 10.465601 9.528996 8.562828 7.902129 8.804616 9.715264 10.212962 10.052190 9.443878 8.691450 7.014336 7.671472 8.339664 8.797360 8.900223 8.679235 8.263253 6.237401 6.681208 7.134779 7.497360 7.690159 7.696659 7.556737,

Pairwise cross-correlations of the modulus of all oriented sub-bands at the same scale (size QxQ)
 2.328913 4.879646 6.275500 4.148234 4.879646 37.561195 40.902981 8.370814 6.275500 40.902981 87.741837 40.851631 4.148234 8.370814 40.851631 34.444386,
 1.829565 2.850351 3.671755 2.568587 2.850351 20.877846 20.870642 3.671662 3.671755 20.870642 45.246723 22.530567 2.568587 3.671662 22.530567 20.772198,
 1.062782 1.262283 1.863638 1.437654 1.262283 9.122980 10.055675 1.952185 1.863638 10.055675 23.580561 11.823262 1.437654 1.952185 11.823262 10.897439,

Cross-correlations of the modulus of all oriented sub-bands with all oriented sub-bands at the coarser scale (size QxQ)
 1.605864 2.986780 4.114523 2.754981 3.301659 20.169624 21.080227 4.650106 4.769519 21.772301 41.369278 22.011950 2.971560 4.675782 21.584980 19.062477,
 1.085582 1.645795 2.343891 1.539255 1.512827 9.659302 11.347534 2.501806 2.552428 9.978205 21.284393 11.882574 1.750500 2.002500 11.067735 10.335728,

Cross-correlations of the real part of each oriented sub-band with both the real and imaginary part of all phase-doubled oriented sub-bands at the next coarser scale (Q matrices of size 1x2Q, which are computed and stored in a matrix of size Qx2Q)
 -0.000445 -0.801952 -0.654851 -0.662729 -0.018795 0.042066 0.035352 0.027397 -0.803179 -5.280108 -3.006854 -0.471775 0.056190 0.255451 -0.073460 -0.043370 -0.973508 -4.172316 -5.648301 -4.262948 0.026115 0.175563 0.360065 0.079954 -0.638013 -0.367671 -3.414229 -4.845811 -0.037040 0.035132 0.444188 0.166750,
 0.234132 -0.048985 -0.102392 -0.224032 -0.051804 -0.006545 0.076051 0.148106 -0.017248 -0.838065 -0.853318 -0.264563 -0.018887 0.130661 0.625380 0.253209 -0.256755 -0.991115 -2.624975 -2.077706 -0.055307 0.382386 3.079211 2.012326 -0.202471 -0.169254 -1.475920 -2.009620 -0.096433 0.149159 2.002811 1.748651,
