Low-band skewness and kurtosis
 -1.407722 4.476043,
 -1.232343 4.110185,
 -0.994737 3.436320,
 -1.024233 3.506110,
 -0.485749 1.898260,

High-band variance
 103.193642,

Skewness, kurtosis, variance, mean, maximum and minimum of the reconstructed texture
 121.000000 255.000000 240.499878 578.787231 -1.624591 4.837305

Auto-correlations of the low-frequency bands at each scale
 162.959305 155.646805 151.193619 149.794464 153.115585 163.183075 178.406174 203.727005 176.662186 154.490387 147.905609 159.896896 183.442230 205.919983 302.765198 307.639862 313.516785 317.540466 313.716278 300.491333 281.333191 348.470673 395.493835 437.654083 455.152863 437.654083 395.493835 348.470673 281.333191 300.491302 313.716278 317.540436 313.516785 307.639862 302.765198 205.919983 183.442230 159.896896 147.905609 154.490417 176.662186 203.726959 178.406143 163.183105 153.115585 149.794449 151.193619 155.646774 162.959274,
 158.620117 156.733032 157.393784 159.172058 161.576859 166.719833 174.550613 175.726639 159.525253 146.848740 143.624878 151.150085 166.447586 182.302261 235.852173 237.637222 240.162231 241.873245 238.869385 231.277267 221.629715 263.696899 291.576904 317.035675 327.834503 317.035675 291.576904 263.696930 221.629684 231.277252 238.869354 241.873245 240.162262 237.637253 235.852158 182.302261 166.447586 151.150085 143.624908 146.848724 159.525253 175.726685 174.550613 166.719818 161.576874 159.172089 157.393799 156.733032 158.620148,
 164.108871 161.883575 160.091599 158.656998 157.864471 159.372574 163.256241 171.444733 163.172363 156.474350 154.602341 158.101944 165.438904 172.814224 196.695129 198.348068 201.217468 203.938049 203.737350 200.567062 195.666733 213.579254 227.816895 241.273224 247.125916 241.273224 227.816895 213.579224 195.666733 200.567062 203.737350 203.938049 201.217468 198.348007 196.695129 172.814240 165.438904 158.101944 154.602341 156.474335 163.172379 171.444687 163.256241 159.372574 157.864441 158.656998 160.091583 161.883606 164.108841,
 10.863261 16.193310 20.685093 25.364195 31.349846 36.788155 38.190994 15.432746 19.168484 23.570850 30.773909 38.312328 40.964336 37.200024 18.266333 22.581438 30.433189 39.811546 43.563210 38.921268 30.446718 22.591120 30.340590 40.038898 44.844959 40.038898 30.340595 22.591118 30.446718 38.921261 43.563213 39.811539 30.433187 22.581444 18.266333 37.200024 40.964329 38.312321 30.773909 23.570854 19.168484 15.432744 38.190987 36.788155 31.349844 25.364195 20.685093 16.193312 10.863261,

Auto-correlations of the modulus of each oriented sub-band
 0.944736 1.054284 1.143937 1.192427 1.185746 1.129680 1.043054 1.032231 1.173018 1.285566 1.338243 1.317450 1.231550 1.106706 1.152501 1.346284 1.490889 1.545192 1.497403 1.362479 1.176369 1.203195 1.461028 1.712899 1.827622 1.712899 1.461028 1.203195 1.176369 1.362479 1.497403 1.545192 1.490889 1.346284 1.152501 1.106707 1.231550 1.317450 1.338243 1.285566 1.173018 1.032231 1.043054 1.129680 1.185746 1.192427 1.143937 1.054284 0.944736,
 16.750488 17.397490 18.341383 19.352070 20.115938 20.591393 20.870041 18.531643 19.888498 21.671324 23.130939 23.594618 23.318392 22.777411 20.896549 23.006477 25.596403 27.269947 26.874344 25.286911 23.652750 22.931116 25.240217 27.880762 29.231707 27.880762 25.240217 22.931116 23.652750 25.286911 26.874342 27.269945 25.596397 23.006483 20.896545 22.777411 23.318392 23.594618 23.130938 21.671322 19.888500 18.531641 20.870043 20.591389 20.115938 19.352066 18.341383 17.397490 16.750488,
 50.188229 51.236866 52.329678 52.653996 51.627838 50.032028 48.974945 55.507252 58.682541 62.219772 63.630608 61.216679 56.989700 53.739372 60.392708 66.308823 73.252838 76.447456 72.439171 64.974228 58.999825 61.907345 69.182487 78.083061 82.633194 78.083061 69.182495 61.907345 58.999825 64.974220 72.439171 76.447456 73.252831 66.308823 60.392708 53.739380 56.989697 61.216679 63.630611 62.219772 58.682541 55.507244 48.974934 50.032028 51.627838 52.653996 52.329678 51.236874 50.188229,
 18.669203 18.487518 18.178053 17.650709 16.915308 16.202354 15.719072 20.882145 21.320940 21.521694 21.145262 20.019934 18.593084 17.428362 22.236500 23.625767 24.863039 25.130470 23.817564 21.686531 19.788939 21.789076 23.845728 26.002209 27.049406 26.002209 23.845732 21.789076 19.788939 21.686527 23.817562 25.130472 24.863039 23.625767 22.236504 17.428362 18.593084 20.019934 21.145262 21.521694 21.320940 20.882143 15.719074 16.202354 16.915308 17.650709 18.178053 18.487522 18.669205,
 0.734213 0.924858 1.085324 1.154107 1.102731 0.955488 0.770621 0.777542 0.991204 1.168172 1.241324 1.183542 1.020484 0.812406 0.834808 1.091598 1.310011 1.396251 1.309222 1.096257 0.846085 0.864057 1.156360 1.425670 1.541655 1.425670 1.156359 0.864057 0.846085 1.096257 1.309222 1.396252 1.310011 1.091598 0.834808 0.812406 1.020484 1.183542 1.241324 1.168172 0.991204 0.777542 0.770621 0.955488 1.102731 1.154107 1.085324 0.924858 0.734213,
 9.409123 9.980125 10.584174 11.110906 11.434426 11.512264 11.394773 10.307591 11.321725 12.399354 13.160563 13.339728 12.995221 12.370961 11.489778 12.988935 14.593371 15.490039 15.182301 14.092338 12.842492 12.500582 14.130749 15.824305 16.632591 15.824305 14.130749 12.500582 12.842492 14.092337 15.182299 15.490039 14.593372 12.988934 11.489776 12.370960 12.995221 13.339728 13.160563 12.399354 11.321726 10.307591 11.394772 11.512265 11.434426 11.110907 10.584174 9.980126 9.409123,
 30.890127 32.058414 32.940601 32.866905 31.601767 29.860023 28.645931 33.143311 35.914627 38.676556 39.542053 37.517715 34.009129 31.175726 35.228603 39.956299 45.154804 47.362724 44.438133 38.798138 34.038765 35.722794 41.393372 47.963528 51.158512 47.963528 41.393368 35.722794 34.038765 38.798141 44.438126 47.362717 45.154812 39.956299 35.228596 31.175728 34.009121 37.517715 39.542053 38.676563 35.914631 33.143307 28.645937 29.860025 31.601765 32.866909 32.940601 32.058414 30.890125,
 11.804186 11.865097 11.721443 11.337375 10.797132 10.276224 9.905568 12.837155 13.358097 13.604211 13.391383 12.696821 11.769235 10.961787 13.464896 14.552204 15.449297 15.681380 14.914235 13.543962 12.252041 13.255347 14.694999 16.127813 16.795059 16.127813 14.694999 13.255347 12.252042 13.543962 14.914233 15.681378 15.449296 14.552204 13.464896 10.961788 11.769237 12.696821 13.391383 13.604211 13.358097 12.837155 9.905568 10.276225 10.797132 11.337373 11.721443 11.865097 11.804186,
 0.395067 0.537863 0.663256 0.716998 0.673971 0.557779 0.421095 0.415623 0.570019 0.702126 0.755160 0.705215 0.579482 0.434000 0.437751 0.617349 0.780225 0.846445 0.779051 0.621188 0.449310 0.457480 0.654195 0.846298 0.931166 0.846298 0.654195 0.457480 0.449310 0.621188 0.779051 0.846445 0.780225 0.617349 0.437751 0.434000 0.579482 0.705215 0.755160 0.702126 0.570019 0.415623 0.421095 0.557779 0.673971 0.716998 0.663256 0.537863 0.395067,
 5.145238 5.426564 5.717092 5.985608 6.149991 6.146611 5.980892 5.694101 6.289740 6.852944 7.209942 7.235754 6.933671 6.446802 6.293017 7.259542 8.190163 8.636332 8.376353 7.637280 6.765198 6.717258 7.809705 8.864076 9.342656 8.864076 7.809705 6.717258 6.765198 7.637280 8.376353 8.636332 8.190164 7.259541 6.293017 6.446802 6.933672 7.235754 7.209942 6.852945 6.289738 5.694101 5.980893 6.146613 6.149991 5.985607 5.717092 5.426564 5.145238,
 13.594743 13.981346 14.216302 14.011397 13.379587 12.663387 12.111112 14.838773 16.237375 17.543236 17.833158 16.763998 15.065817 13.563664 15.877748 18.477047 21.165604 22.218622 20.680229 17.788990 15.152969 16.070612 19.245119 22.687904 24.335264 22.687904 19.245119 16.070612 15.152968 17.788990 20.680229 22.218622 21.165602 18.477047 15.877748 13.563664 15.065817 16.763998 17.833158 17.543236 16.237375 14.838774 12.111112 12.663387 13.379587 14.011397 14.216302 13.981346 13.594743,
 4.268414 4.428605 4.505186 4.430771 4.221540 3.949315 3.679720 4.917258 5.314663 5.577321 5.579761 5.302859 4.831577 4.338828 5.431836 6.077408 6.635622 6.853730 6.519767 5.788236 5.044900 5.488343 6.294264 7.104185 7.483565 7.104183 6.294264 5.488343 5.044900 5.788237 6.519767 6.853730 6.635621 6.077407 5.431836 4.338828 4.831576 5.302858 5.579761 5.577321 5.314663 4.917257 3.679720 3.949315 4.221541 4.430771 4.505186 4.428605 4.268414,

Pairwise cross-correlations of the modulus of all oriented sub-bands at the same scale (size QxQ)
 1.827622 4.014537 4.706295 2.785118 4.014537 29.231716 35.055660 10.260609 4.706295 35.055660 82.633156 38.055595 2.785118 10.260609 38.055595 27.049412,
 1.541655 2.339578 2.656865 1.631341 2.339578 16.632589 20.566593 5.939859 2.656865 20.566593 51.158516 23.680185 1.631341 5.939859 23.680185 16.795061,
 0.931166 1.354350 1.526822 0.972353 1.354350 9.342655 10.741920 2.527638 1.526822 10.741920 24.335264 10.268727 0.972353 2.527638 10.268727 7.483564,

Cross-correlations of the modulus of all oriented sub-bands with all oriented sub-bands at the coarser scale (size QxQ)
 1.328126 2.487047 3.176965 1.882349 2.758021 14.689829 19.076609 6.961944 3.505287 18.292490 39.902870 20.583279 1.975099 6.564852 20.582834 13.843049,
 0.972036 1.473820 1.668977 1.051103 1.562495 8.246369 9.678028 2.999117 2.137721 10.311773 20.753744 9.876541 1.214172 3.585965 10.606971 6.798398,

Cross-correlations of the real part of each oriented sub-band with both the real and imaginary part of all phase-doubled oriented sub-bands at the next coarser scale (Q matrices of size 1x2Q, which are computed and stored in a matrix of size Qx2Q)
 0.196459 -0.524377 -0.366435 -0.248236 0.033463 0.075049 0.027261 0.006789 -0.438739 -5.547997 -6.021819 -1.335055 0.040649 0.360148 0.197672 0.086668 -0.537693 -6.964091 -14.239327 -6.539189 0.004440 0.185726 0.606713 0.479646 -0.162639 -1.367156 -5.861392 -4.588421 0.001195 -0.020141 0.355014 0.317277,
 0.276991 -0.134365 -0.139784 -0.082486 0.041808 0.018686 -0.006026 -0.043328 -0.064734 -1.789149 -2.110479 -0.519483 0.029309 0.093258 -0.221986 0.028050 -0.175469 -2.199408 -5.513780 -2.528757 0.017139 -0.083262 -0.381322 0.010337 0.022938 -0.396993 -2.514695 -1.757960 0.039515 -0.058807 -0.086115 -0.089789,
