Low-band skewness and kurtosis
 -1.938073 6.540513,
 -1.886410 6.549876,
 -1.836485 6.616645,
 -1.749031 7.364976,
 -0.824606 2.600426,

High-band variance
 87.667236,

Skewness, kurtosis, variance, mean, maximum and minimum of the reconstructed texture
 104.000000 255.000000 241.076889 709.517822 -2.030534 6.547725

Auto-correlations of the low-frequency bands at each scale
 371.247833 352.628662 336.416779 329.377380 334.934753 351.684174 372.470886 406.626892 379.458130 348.848633 335.112549 348.144348 378.116852 404.209930 450.069336 466.908142 481.785034 488.566132 482.655518 466.347961 445.710754 470.814850 526.358337 581.615601 605.462402 581.615601 526.358215 470.814819 445.710754 466.347961 482.655548 488.566101 481.785034 466.908081 450.069305 404.209869 378.116852 348.144287 335.112488 348.848663 379.458099 406.626892 372.470947 351.684204 334.934753 329.377380 336.416779 352.628662 371.247833,
 349.604034 343.537842 338.591034 336.366058 337.411743 343.221130 352.580353 376.436859 360.109863 341.988617 333.379669 339.487091 356.226227 372.461914 403.158356 410.576843 417.156281 419.928040 415.951874 406.986328 396.242035 410.709503 443.145203 475.578125 489.717255 475.578125 443.145203 410.709473 396.242126 406.986328 415.951874 419.928009 417.156311 410.576843 403.158264 372.461914 356.226227 339.487061 333.379669 341.988617 360.109924 376.436859 352.580414 343.221130 337.411743 336.366058 338.591034 343.537811 349.603973,
 323.706879 319.257507 316.869659 317.081757 318.512024 320.523346 322.247162 346.402283 340.377350 333.761017 332.133636 337.202057 345.785095 351.484955 367.884705 375.385681 381.188171 383.250763 380.633118 375.610138 369.987213 378.433685 395.855042 413.602142 421.486267 413.602142 395.855042 378.433685 369.987213 375.610138 380.633118 383.250793 381.188171 375.385742 367.884735 351.484924 345.785065 337.202026 332.133606 333.760986 340.377319 346.402283 322.247162 320.523346 318.512024 317.081726 316.869659 319.257507 323.706879,
 -25.161564 -21.593964 -9.366491 13.877517 43.534523 67.386749 74.332283 -20.459223 -8.497605 14.656165 46.245132 73.528488 82.576843 70.982376 -5.814057 16.529524 48.175991 77.793816 88.812988 75.943588 49.439266 19.584494 49.265450 78.627541 91.431892 78.627541 49.265450 19.584492 49.439266 75.943588 88.812988 77.793808 48.175991 16.529524 -5.814061 70.982391 82.576851 73.528503 46.245132 14.656165 -8.497609 -20.459223 74.332283 67.386749 43.534523 13.877520 -9.366487 -21.593964 -25.161568,

Auto-correlations of the modulus of each oriented sub-band
 1.675729 1.778842 1.848204 1.870444 1.835945 1.752565 1.639647 1.764218 1.935936 2.057188 2.094212 2.043822 1.919003 1.744596 1.871610 2.119689 2.294492 2.357444 2.290050 2.104582 1.852857 1.887564 2.200958 2.499748 2.635090 2.499748 2.200958 1.887564 1.852857 2.104582 2.290050 2.357444 2.294492 2.119689 1.871611 1.744596 1.919003 2.043822 2.094212 2.057188 1.935935 1.764218 1.639647 1.752565 1.835945 1.870443 1.848204 1.778842 1.675729,
 27.222462 28.220392 29.488939 30.915470 32.200405 33.145634 33.617699 29.096354 30.699081 32.627327 34.418358 35.467659 35.699078 35.209114 31.602434 33.853298 36.332859 38.109596 38.243080 37.147999 35.476143 34.073101 36.455818 38.735874 39.832729 38.735870 36.455818 34.073097 35.476147 37.147999 38.243080 38.109596 36.332855 33.853302 31.602428 35.209122 35.699078 35.467663 34.418365 32.627323 30.699083 29.096350 33.617699 33.145630 32.200413 30.915470 29.488937 28.220394 27.222458,
 61.507755 62.257599 63.031834 63.506958 63.398979 62.870205 62.155323 65.910988 67.880234 69.891220 70.953743 70.216362 68.358162 66.297813 70.257576 73.883698 77.654099 79.555176 77.871742 74.156815 70.401100 72.147064 76.671432 81.379738 83.694748 81.379738 76.671432 72.147064 70.401100 74.156815 77.871742 79.555153 77.654099 73.883713 70.257576 66.297813 68.358162 70.216354 70.953743 69.891220 67.880241 65.910980 62.155323 62.870213 63.398979 63.506958 63.031834 62.257595 61.507755,
 32.272190 31.789005 30.931694 29.812456 28.556147 27.397150 26.494492 34.007954 34.287567 34.022133 33.130329 31.596809 29.892567 28.460747 34.589424 35.902954 36.767349 36.661419 35.154964 33.008114 31.038292 33.444195 35.462097 37.388935 38.319298 37.388927 35.462097 33.444195 31.038290 33.008110 35.154964 36.661419 36.767349 35.902958 34.589420 28.460745 29.892565 31.596809 33.130333 34.022133 34.287567 34.007954 26.494492 27.397150 28.556152 29.812462 30.931694 31.789005 32.272190,
 1.048804 1.226622 1.356647 1.393093 1.321119 1.168947 0.987615 1.081014 1.297787 1.460375 1.511111 1.430124 1.249677 1.034313 1.120460 1.397331 1.625595 1.709550 1.608420 1.371982 1.098109 1.141018 1.454702 1.734889 1.852896 1.734889 1.454702 1.141018 1.098109 1.371981 1.608420 1.709550 1.625595 1.397331 1.120460 1.034313 1.249677 1.430124 1.511110 1.460375 1.297787 1.081014 0.987615 1.168947 1.321119 1.393093 1.356647 1.226622 1.048804,
 15.629342 16.384729 17.146807 17.867846 18.456995 18.825768 18.919374 16.726582 17.827303 18.941071 19.865229 20.418671 20.508623 20.125673 18.239538 19.732784 21.176048 22.092323 22.182213 21.568668 20.500969 19.733868 21.270243 22.602787 23.179890 22.602787 21.270243 19.733868 20.500965 21.568666 22.182213 22.092323 21.176052 19.732784 18.239536 20.125675 20.508623 20.418669 19.865229 18.941071 17.827303 16.726580 18.919374 18.825764 18.456997 17.867846 17.146807 16.384731 15.629339,
 36.231552 36.757084 37.265266 37.545750 37.396484 36.933315 36.341919 38.784302 40.183029 41.458782 42.020363 41.450405 40.119881 38.642139 41.429447 44.099255 46.539658 47.565510 46.406521 43.843052 41.100231 42.418488 45.780235 48.938671 50.347111 48.938671 45.780235 42.418488 41.100231 43.843056 46.406521 47.565510 46.539658 44.099255 41.429447 38.642139 40.119881 41.450394 42.020363 41.458786 40.183029 38.784306 36.341919 36.933323 37.396484 37.545746 37.265274 36.757084 36.231552,
 18.802000 18.653059 18.169893 17.482145 16.747953 16.062769 15.452912 19.987782 20.399799 20.263910 19.607672 18.583683 17.428040 16.401665 20.371651 21.570543 22.267313 22.120527 21.030685 19.423784 17.893917 19.517733 21.193882 22.703516 23.367598 22.703518 21.193882 19.517733 17.893917 19.423784 21.030684 22.120527 22.267315 21.570543 20.371647 16.401665 17.428040 18.583683 19.607670 20.263914 20.399797 19.987782 15.452914 16.062769 16.747953 17.482145 18.169893 18.653061 18.802000,
 0.530896 0.664080 0.776275 0.819157 0.774146 0.663290 0.529685 0.557576 0.709573 0.836183 0.884031 0.833225 0.710005 0.563719 0.579174 0.760517 0.922655 0.989757 0.924663 0.766485 0.588962 0.598461 0.801129 0.993172 1.076626 0.993172 0.801129 0.598461 0.588962 0.766485 0.924663 0.989757 0.922655 0.760517 0.579174 0.563719 0.710005 0.833225 0.884031 0.836183 0.709573 0.557576 0.529685 0.663290 0.774146 0.819157 0.776275 0.664080 0.530896,
 6.671024 7.091294 7.503839 7.891900 8.185772 8.314671 8.261920 7.211845 7.864311 8.504922 8.988260 9.211698 9.127431 8.765756 7.897276 8.799728 9.674484 10.172187 10.113402 9.644725 8.933631 8.582443 9.521403 10.366077 10.749828 10.366077 9.521402 8.582443 8.933630 9.644726 10.113402 10.172188 9.674483 8.799727 7.897276 8.765754 9.127431 9.211698 8.988260 8.504922 7.864310 7.211846 8.261920 8.314672 8.185772 7.891900 7.503839 7.091293 6.671023,
 15.520492 15.653058 15.833220 16.004950 16.055145 15.998849 15.893065 17.016472 17.639713 18.208956 18.508028 18.328865 17.803762 17.191086 18.414103 19.673136 20.798237 21.298508 20.809902 19.680349 18.444626 18.988380 20.543215 21.980215 22.626057 21.980215 20.543215 18.988380 18.444628 19.680349 20.809898 21.298508 20.798237 19.673136 18.414103 17.191086 17.803762 18.328863 18.508026 18.208956 17.639713 17.016472 15.893064 15.998847 16.055145 16.004950 15.833221 15.653057 15.520494,
 8.971354 8.962756 8.777131 8.443762 8.030158 7.564232 7.055947 9.638721 9.903310 9.910169 9.658849 9.180108 8.526988 7.838526 9.897943 10.510678 10.909471 10.939083 10.461207 9.621907 8.753866 9.551534 10.416375 11.200684 11.553015 11.200684 10.416373 9.551534 8.753866 9.621908 10.461207 10.939081 10.909471 10.510677 9.897943 7.838526 8.526988 9.180108 9.658849 9.910168 9.903309 9.638721 7.055946 7.564233 8.030157 8.443762 8.777131 8.962756 8.971354,

Pairwise cross-correlations of the modulus of all oriented sub-bands at the same scale (size QxQ)
 2.635090 5.235009 6.362622 4.814412 5.235009 39.832718 39.693851 4.802626 6.362622 39.693851 83.694733 39.351692 4.814412 4.802626 39.351692 38.319294,
 1.852896 2.791579 3.509610 2.725902 2.791579 23.179884 22.737530 1.507987 3.509610 22.737530 50.347111 23.679527 2.725902 1.507987 23.679527 23.367594,
 1.076625 1.583610 2.216851 1.652341 1.583610 10.749827 9.964288 0.300568 2.216851 9.964288 22.626055 10.772624 1.652341 0.300568 10.772624 11.553013,

Cross-correlations of the modulus of all oriented sub-bands with all oriented sub-bands at the coarser scale (size QxQ)
 1.644657 2.969237 4.066711 2.913941 2.975503 21.638767 22.234217 1.732483 4.191598 20.750565 45.489254 21.663256 3.039218 1.805954 22.776613 21.946434,
 1.089398 1.560134 2.244930 1.645673 1.731046 11.543886 11.466218 0.342575 2.559012 10.423854 23.458963 11.143569 1.805529 -0.056907 11.197377 11.812183,

Cross-correlations of the real part of each oriented sub-band with both the real and imaginary part of all phase-doubled oriented sub-bands at the next coarser scale (Q matrices of size 1x2Q, which are computed and stored in a matrix of size Qx2Q)
 0.050347 -0.434209 -0.641402 -0.744284 -0.012845 -0.002485 0.075475 0.078584 -0.368285 -3.183755 -3.204725 -0.614841 -0.003179 0.016661 -0.146135 -0.133544 -0.689296 -3.295938 -7.681283 -4.840271 -0.061890 -0.167926 -0.564171 -0.052064 -0.659065 -0.644923 -4.536918 -5.217595 -0.078695 -0.098767 0.030799 0.374277,
 0.229328 -0.117287 -0.258963 -0.282636 0.037641 0.191111 0.100445 -0.000660 -0.037614 -1.600619 -2.076851 -0.219942 0.181792 1.271192 0.472282 -0.137266 -0.267084 -1.858754 -3.529490 -1.639811 0.120087 0.721890 -0.587282 -0.551150 -0.188174 -0.296218 -1.459462 -1.945396 0.011946 -0.087531 -0.530160 -0.268967,
