Low-band skewness and kurtosis
 -1.668142 5.182909,
 -1.506306 4.686939,
 -1.352535 4.093147,
 -1.256745 4.303340,
 -0.840214 2.380645,

High-band variance
 95.229057,

Skewness, kurtosis, variance, mean, maximum and minimum of the reconstructed texture
 107.000000 255.000000 240.754074 670.475708 -1.833011 5.555556

Auto-correlations of the low-frequency bands at each scale
 311.505493 298.929688 289.202087 284.660767 289.079926 304.491852 325.875305 358.894897 328.423981 299.910614 290.469482 305.667206 334.687408 358.834900 412.333466 422.579651 433.284546 440.923157 437.719635 421.529999 398.058197 427.714752 482.675964 535.158020 557.435059 535.158020 482.676056 427.714752 398.058228 421.529968 437.719635 440.923218 433.284485 422.579651 412.333435 358.834900 334.687408 305.667236 290.469452 299.910614 328.423981 358.894836 325.875305 304.491852 289.079956 284.660767 289.202026 298.929749 311.505463,
 291.634613 285.307129 282.550812 283.263580 287.081635 295.190125 305.959412 318.007233 302.057129 287.852722 283.888702 292.638397 309.785583 325.889923 354.439240 362.029938 368.908844 372.856812 370.066284 361.334900 350.168427 368.102417 400.470398 431.203827 444.374847 431.203827 400.470398 368.102417 350.168457 361.334930 370.066284 372.856812 368.908905 362.029907 354.439240 325.889954 309.785583 292.638397 283.888763 287.852722 302.057129 318.007233 305.959412 295.190186 287.081635 283.263611 282.550842 285.307098 291.634644,
 281.679169 278.253967 274.913177 272.788025 272.879944 276.457977 281.998749 294.867340 285.469727 277.948395 277.305817 283.784027 293.660156 300.907501 317.694794 321.747498 327.614136 332.902374 333.329041 328.184570 319.517059 330.595459 349.770752 368.417603 376.522125 368.417572 349.770752 330.595428 319.517090 328.184570 333.329041 332.902344 327.614136 321.747528 317.694794 300.907501 293.660095 283.784027 277.305817 277.948334 285.469727 294.867340 281.998749 276.457916 272.879913 272.788025 274.913177 278.253967 281.679138,
 -4.027657 5.142102 13.494772 21.680082 31.809994 41.758755 46.430336 6.222837 14.534245 22.690811 33.795250 45.298885 50.364937 47.035316 16.041254 24.255503 35.518364 48.326168 53.886246 48.714130 38.696480 26.652739 37.184368 49.452671 55.536133 49.452682 37.184368 26.652735 38.696480 48.714130 53.886238 48.326168 35.518364 24.255505 16.041252 47.035316 50.364941 45.298882 33.795250 22.690813 14.534245 6.222839 46.430332 41.758755 31.809990 21.680082 13.494772 5.142103 -4.027657,

Auto-correlations of the modulus of each oriented sub-band
 1.308156 1.432053 1.541505 1.608831 1.615025 1.567823 1.486474 1.410860 1.586555 1.727055 1.794283 1.782177 1.699196 1.565217 1.555137 1.780775 1.952722 2.030595 1.992748 1.846277 1.634437 1.620871 1.917158 2.215310 2.354208 2.215310 1.917158 1.620871 1.634437 1.846277 1.992748 2.030595 1.952722 1.780775 1.555137 1.565217 1.699197 1.782177 1.794283 1.727055 1.586555 1.410860 1.486474 1.567823 1.615025 1.608831 1.541505 1.432053 1.308157,
 24.279465 25.308435 26.612995 27.985289 29.061794 29.712109 29.928856 26.237440 27.986158 30.023779 31.730703 32.420010 32.209801 31.429396 28.700542 31.182327 33.887260 35.654240 35.399330 33.837463 31.888433 30.875631 33.526176 36.175816 37.479931 36.175812 33.526176 30.875631 31.888433 33.837463 35.399338 35.654232 33.887253 31.182327 28.700537 31.429390 32.209797 32.420021 31.730709 30.023779 27.986158 26.237436 29.928856 29.712107 29.061800 27.985289 26.613001 25.308439 24.279465,
 55.268745 56.193295 57.202045 57.679752 57.235355 56.338566 55.566357 59.284378 61.778191 64.528496 65.779015 64.288307 61.414951 58.921883 62.992577 67.560150 72.806435 75.330231 72.525093 67.113899 62.512363 64.316566 69.922821 76.565628 79.977951 76.565643 69.922813 64.316559 62.512367 67.113899 72.525085 75.330254 72.806442 67.560143 62.992569 58.921890 61.414951 64.288300 65.779022 64.528503 61.778183 59.284374 55.566368 56.338573 57.235355 57.679741 57.202049 56.193283 55.268745,
 27.947145 27.755701 27.251986 26.484528 25.565693 24.768478 24.223717 29.946695 30.499758 30.562859 29.953415 28.627409 27.114342 25.895161 31.021439 32.597301 33.777946 33.877808 32.412029 30.219948 28.242037 30.337376 32.546890 34.719604 35.762955 34.719604 32.546890 30.337378 28.242037 30.219944 32.412029 33.877804 33.777946 32.597301 31.021431 25.895159 27.114336 28.627409 29.953415 30.562859 30.499763 29.946697 24.223717 24.768475 25.565693 26.484528 27.251986 27.755701 27.947147,
 0.886246 1.071418 1.225727 1.292750 1.246306 1.109579 0.935726 0.931229 1.146585 1.326211 1.402817 1.346192 1.182247 0.972674 0.997085 1.266244 1.499168 1.596253 1.507772 1.279273 1.009702 1.039736 1.349539 1.634061 1.755607 1.634061 1.349539 1.039736 1.009702 1.279273 1.507771 1.596253 1.499168 1.266244 0.997085 0.972674 1.182247 1.346192 1.402817 1.326211 1.146585 0.931229 0.935726 1.109579 1.246306 1.292750 1.225727 1.071418 0.886246,
 13.093558 13.596380 14.204479 14.840237 15.382468 15.700268 15.695440 13.963412 14.949248 16.075523 16.996920 17.424032 17.283430 16.626789 15.166707 16.741009 18.405706 19.429203 19.306164 18.291452 16.865845 16.286112 18.102205 19.828058 20.611330 19.828062 18.102205 16.286112 16.865843 18.291451 19.306162 19.429205 18.405706 16.741011 15.166707 16.626789 17.283430 17.424032 16.996922 16.075523 14.949247 13.963409 15.695440 15.700268 15.382467 14.840238 14.204479 13.596380 13.093558,
 33.216682 33.791843 34.388954 34.635082 34.323963 33.747231 33.231800 35.469398 37.212379 39.013508 39.770966 38.816868 36.955666 35.228382 37.635197 40.839058 44.224968 45.744888 44.013947 40.544621 37.347088 38.419197 42.321869 46.561840 48.625179 46.561844 42.321873 38.419193 37.347095 40.544621 44.013947 45.744888 44.224964 40.839058 37.635189 35.228382 36.955662 38.816868 39.770966 39.013500 37.212387 35.469398 33.231804 33.747231 34.323967 34.635090 34.388954 33.791847 33.216682,
 16.873638 16.897572 16.652899 16.180550 15.606709 15.056936 14.589954 18.098291 18.617323 18.721804 18.343863 17.573229 16.635099 15.771265 18.815613 19.961308 20.756533 20.837507 20.012434 18.641676 17.283226 18.506670 20.028292 21.430420 22.057287 21.430422 20.028292 18.506670 17.283226 18.641674 20.012434 20.837507 20.756533 19.961308 18.815615 15.771265 16.635099 17.573227 18.343863 18.721804 18.617323 18.098289 14.589955 15.056936 15.606709 16.180548 16.652901 16.897572 16.873638,
 0.517955 0.680322 0.821989 0.884127 0.841262 0.720061 0.575655 0.558017 0.736333 0.886892 0.945337 0.889058 0.751659 0.591324 0.586566 0.792102 0.976616 1.049649 0.971552 0.793886 0.600987 0.608259 0.833532 1.049798 1.144413 1.049798 0.833532 0.608259 0.600987 0.793886 0.971552 1.049649 0.976616 0.792102 0.586566 0.591324 0.751659 0.889058 0.945337 0.886892 0.736333 0.558017 0.575655 0.720061 0.841262 0.884127 0.821989 0.680322 0.517955,
 8.165903 8.702730 9.198565 9.617468 9.923663 10.094989 10.079831 9.172171 10.035682 10.817304 11.332561 11.512645 11.383670 10.984329 10.272709 11.478491 12.578092 13.148251 12.997075 12.348410 11.434664 11.155315 12.412517 13.515910 14.006210 13.515911 12.412517 11.155315 11.434663 12.348412 12.997075 13.148249 12.578092 11.478491 10.272710 10.984328 11.383671 11.512644 11.332561 10.817304 10.035681 9.172169 10.079831 10.094989 9.923663 9.617468 9.198566 8.702730 8.165903,
 18.506687 19.026459 19.436945 19.526287 19.273645 18.947340 18.663132 20.339849 21.677370 22.832052 23.207747 22.595448 21.502953 20.435631 21.898354 24.134268 26.259373 27.098776 26.047533 23.970726 21.959133 22.541433 25.094784 27.694798 28.899836 27.694798 25.094780 22.541433 21.959131 23.970728 26.047533 27.098776 26.259373 24.134268 21.898354 20.435631 21.502953 22.595446 23.207747 22.832052 21.677370 20.339849 18.663132 18.947338 19.273645 19.526287 19.436941 19.026459 18.506687,
 7.716132 7.794848 7.683383 7.412722 7.057176 6.675368 6.279184 8.344482 8.747405 8.843446 8.631795 8.184824 7.594678 6.989040 8.577623 9.355550 9.872805 9.946336 9.453828 8.586148 7.708421 8.312551 9.287044 10.177994 10.578171 10.177994 9.287044 8.312551 7.708421 8.586151 9.453828 9.946337 9.872806 9.355550 8.577623 6.989040 7.594678 8.184824 8.631795 8.843446 8.747405 8.344482 6.279184 6.675369 7.057175 7.412723 7.683383 7.794847 7.716133,

Pairwise cross-correlations of the modulus of all oriented sub-bands at the same scale (size QxQ)
 2.354206 5.754807 6.747836 3.963947 5.754807 37.479935 37.713905 8.091654 6.747836 37.713905 79.977966 41.111683 3.963947 8.091654 41.111683 35.762951,
 1.755607 2.861473 3.737330 2.497959 2.861473 20.611328 21.634403 3.547355 3.737330 21.634403 48.625168 24.392902 2.497959 3.547355 24.392902 22.057281,
 1.144413 2.081059 2.358980 1.314305 2.081059 14.006208 13.950242 2.068047 2.358980 13.950242 28.899839 12.724679 1.314305 2.068047 12.724679 10.578172,

Cross-correlations of the modulus of all oriented sub-bands with all oriented sub-bands at the coarser scale (size QxQ)
 1.568523 3.278023 4.301496 2.533399 3.460086 19.406813 20.753689 4.489617 4.839030 20.307055 42.449192 23.129435 2.941061 4.709497 23.938894 20.376873,
 1.131630 1.941871 2.683622 1.695312 2.049623 12.151292 13.098372 2.579776 2.605294 12.039368 25.633146 12.885743 1.455100 1.546424 13.064421 11.181959,

Cross-correlations of the real part of each oriented sub-band with both the real and imaginary part of all phase-doubled oriented sub-bands at the next coarser scale (Q matrices of size 1x2Q, which are computed and stored in a matrix of size Qx2Q)
 0.119604 -0.618123 -0.555058 -0.377023 -0.022829 -0.065099 -0.043098 0.006566 -0.525977 -4.483021 -3.488943 -0.436057 -0.058496 -0.096010 0.126216 0.048427 -0.628788 -3.940578 -5.585105 -2.828046 -0.023532 0.112052 0.358917 0.009735 -0.294512 -0.438601 -2.552116 -2.996201 -0.002207 0.019730 0.003010 -0.020760,
 0.218884 -0.136041 -0.226345 -0.185697 0.028490 0.043238 -0.046365 -0.081189 -0.057709 -2.077953 -2.440550 -0.246448 0.044668 0.553309 0.011780 -0.169699 -0.212497 -2.582587 -3.955235 -1.298333 0.039589 0.461580 -1.651194 -1.351581 -0.074441 -0.382597 -1.296511 -1.375032 0.036655 -0.076579 -1.461111 -1.128198,
