Low-band skewness and kurtosis
 -1.557207 4.933471,
 -1.364657 4.335146,
 -1.216101 3.840273,
 -1.720169 5.880526,
 -0.722872 2.159462,

High-band variance
 99.379204,

Skewness, kurtosis, variance, mean, maximum and minimum of the reconstructed texture
 109.000000 255.000000 240.592697 624.405884 -1.743675 5.288419

Auto-correlations of the low-frequency bands at each scale
 255.734573 238.743027 225.179245 218.837418 219.768494 227.185974 240.258957 288.113953 261.832581 232.841339 217.038406 223.982864 249.249008 277.753571 342.689056 360.797913 374.251953 377.621216 370.723419 358.777740 344.756256 379.484802 434.010010 484.541199 505.773956 484.541199 434.010010 379.484863 344.756256 358.777802 370.723450 377.621155 374.251923 360.797882 342.689056 277.753510 249.249054 223.982910 217.038376 232.841354 261.832611 288.113953 240.258942 227.185974 219.768494 218.837448 225.179245 238.743042 255.734573,
 241.641464 231.347931 225.377686 224.886841 227.673004 232.785492 239.620407 259.272522 242.673996 225.200195 216.725601 222.147430 238.865677 257.113953 290.069061 300.582733 307.399048 307.364349 300.792542 293.016022 286.916290 306.747345 338.588898 369.740570 383.242584 369.740570 338.588837 306.747375 286.916260 293.016022 300.792542 307.364349 307.399017 300.582672 290.069061 257.113922 238.865692 222.147446 216.725601 225.200195 242.674026 259.272522 239.620377 232.785538 227.673004 224.886841 225.377716 231.347885 241.641464,
 226.813477 223.802582 222.280289 222.628357 223.758224 226.009399 229.867188 241.332336 235.089798 227.803314 224.045898 226.293777 233.830719 242.189865 261.711548 266.657684 270.321838 270.877533 267.755096 263.567413 259.744751 270.997772 286.496521 302.121918 309.087921 302.121857 286.496521 270.997772 259.744720 263.567383 267.755096 270.877533 270.321838 266.657684 261.711548 242.189850 233.830673 226.293777 224.045853 227.803268 235.089828 241.332275 229.867157 226.009384 223.758270 222.628387 222.280243 223.802582 226.813492,
 4.996882 10.826378 15.839952 22.579433 32.491608 40.747658 40.506695 10.190800 14.059818 19.770176 30.554451 41.742538 44.375496 37.004414 13.338462 18.532988 29.682735 43.377937 48.449005 40.840038 28.581320 18.953743 29.346636 43.469872 50.590744 43.469879 29.346640 18.953743 28.581316 40.840038 48.448994 43.377934 29.682739 18.532986 13.338462 37.004414 44.375496 41.742535 30.554451 19.770184 14.059817 10.190797 40.506695 40.747658 32.491600 22.579430 15.839960 10.826375 4.996882,

Auto-correlations of the modulus of each oriented sub-band
 1.354550 1.450029 1.491223 1.462940 1.368091 1.232046 1.083420 1.415062 1.567931 1.657033 1.653967 1.554568 1.383019 1.185143 1.460853 1.693354 1.839456 1.864343 1.770011 1.579045 1.332051 1.411999 1.720195 2.029260 2.173404 2.029260 1.720195 1.411999 1.332051 1.579045 1.770011 1.864343 1.839456 1.693354 1.460852 1.185143 1.383019 1.554569 1.653967 1.657033 1.567931 1.415062 1.083420 1.232045 1.368091 1.462940 1.491223 1.450029 1.354550,
 20.908527 21.713432 22.676846 23.632339 24.338772 24.778292 25.007029 22.704069 24.237143 25.940678 27.302475 27.824770 27.653648 27.083366 25.169666 27.448631 29.825768 31.321970 31.110432 29.774458 28.083864 27.328520 29.762716 32.113132 33.229996 32.113132 29.762722 27.328522 28.083862 29.774452 31.110428 31.321964 29.825758 27.448627 25.169666 27.083364 27.653645 27.824770 27.302475 25.940681 24.237143 22.704069 25.007025 24.778286 24.338766 23.632339 22.676840 21.713430 20.908529,
 54.130272 55.336056 56.612534 57.117561 56.311138 54.744301 53.322643 58.068558 61.371624 65.102058 66.849854 64.952576 61.027073 57.461544 61.923294 67.797455 74.615631 77.970192 74.555199 67.625404 61.556469 63.444550 70.620918 79.021812 83.274849 79.021812 70.620918 63.444557 61.556461 67.625404 74.555199 77.970192 74.615639 67.797447 61.923302 57.461540 61.027077 64.952576 66.849846 65.102051 61.371624 58.068569 53.322643 54.744293 56.311138 57.117558 56.612534 55.336052 54.130280,
 24.871305 24.587393 23.934668 22.875383 21.513742 20.262373 19.361893 26.638145 27.377642 27.625748 26.958784 25.200439 23.099207 21.354391 27.269016 29.268648 30.960136 31.280142 29.425922 26.552254 23.964350 26.259100 29.036423 31.888054 33.293953 31.888050 29.036423 26.259100 23.964348 26.552250 29.425922 31.280148 30.960136 29.268644 27.269011 21.354391 23.099207 25.200441 26.958780 27.625742 27.377645 26.638145 19.361893 20.262373 21.513742 22.875380 23.934664 24.587395 24.871305,
 0.956947 1.140919 1.275256 1.305174 1.209703 1.023850 0.813545 0.986356 1.212973 1.380818 1.427085 1.329868 1.124369 0.883140 0.998856 1.287932 1.527505 1.616099 1.507722 1.253906 0.957523 1.010387 1.354217 1.665523 1.797683 1.665523 1.354217 1.010387 0.957523 1.253906 1.507722 1.616099 1.527506 1.287932 0.998856 0.883140 1.124369 1.329868 1.427085 1.380818 1.212973 0.986356 0.813545 1.023850 1.209703 1.305174 1.275256 1.140919 0.956947,
 11.761806 12.155316 12.593825 13.005891 13.310186 13.454294 13.449780 12.491392 13.326543 14.267461 14.976710 15.245015 15.085559 14.615964 13.595476 14.965399 16.439491 17.312973 17.167107 16.293030 15.150167 14.698753 16.246017 17.768578 18.468647 17.768578 16.246017 14.698753 15.150168 16.293028 17.167107 17.312973 16.439491 14.965400 13.595476 14.615964 15.085559 15.245012 14.976711 14.267461 13.326543 12.491393 13.449782 13.454291 13.310186 13.005891 12.593823 12.155316 11.761806,
 30.566448 31.356245 32.156349 32.386528 31.672318 30.551645 29.743582 32.274212 34.495869 36.993671 38.092293 36.711353 34.038887 31.832489 34.020729 37.959560 42.569782 44.792233 42.495613 37.837559 33.915653 34.801083 39.544064 45.206085 48.037163 45.206085 39.544064 34.801079 33.915653 37.837563 42.495613 44.792233 42.569782 37.959557 34.020729 31.832495 34.038887 36.711349 38.092297 36.993664 34.495865 32.274208 29.743584 30.551645 31.672319 32.386524 32.156349 31.356245 30.566454,
 16.195295 16.130920 15.830288 15.285396 14.572703 13.824862 13.156462 17.247606 17.882219 18.184456 17.888084 16.932264 15.619557 14.419628 17.660448 19.126066 20.377924 20.683470 19.602816 17.706110 15.933500 17.176819 19.118780 21.090303 22.005491 21.090303 19.118780 17.176819 15.933497 17.706110 19.602812 20.683470 20.377924 19.126066 17.660446 14.419628 15.619555 16.932264 17.888086 18.184460 17.882219 17.247606 13.156463 13.824860 14.572703 15.285396 15.830288 16.130922 16.195295,
 0.461479 0.623071 0.746338 0.783659 0.720352 0.582956 0.423531 0.476541 0.654114 0.794607 0.842643 0.779273 0.630523 0.453066 0.491515 0.699239 0.881638 0.954259 0.876032 0.690650 0.482013 0.502281 0.738169 0.961633 1.059047 0.961633 0.738169 0.502281 0.482013 0.690650 0.876032 0.954259 0.881638 0.699239 0.491515 0.453066 0.630523 0.779273 0.842643 0.794607 0.654114 0.476541 0.423531 0.582956 0.720352 0.783659 0.746338 0.623071 0.461479,
 5.244767 5.487378 5.793227 6.122302 6.382006 6.484713 6.433366 5.631055 6.112711 6.673448 7.136586 7.350682 7.262341 6.944080 6.216391 6.996418 7.851957 8.371196 8.302313 7.796216 7.121733 6.816576 7.698457 8.586945 9.002849 8.586945 7.698456 6.816576 7.121733 7.796216 8.302312 8.371195 7.851958 6.996417 6.216391 6.944079 7.262341 7.350682 7.136584 6.673449 6.112711 5.631054 6.433367 6.484713 6.382006 6.122301 5.793227 5.487378 5.244767,
 13.759596 14.169583 14.518261 14.632149 14.365396 13.891365 13.495988 14.420864 15.695337 17.036531 17.704744 17.091061 15.652877 14.264009 15.036653 17.396074 19.992067 21.296080 20.129120 17.492861 15.011815 15.324965 18.252487 21.482052 23.055481 21.482052 18.252485 15.324965 15.011815 17.492865 20.129120 21.296082 19.992067 17.396074 15.036653 14.264009 15.652877 17.091059 17.704741 17.036531 15.695336 14.420864 13.495985 13.891365 14.365396 14.632148 14.518261 14.169585 13.759596,
 6.233980 6.420764 6.481014 6.357706 6.042703 5.616059 5.197855 6.749726 7.244872 7.586840 7.587668 7.132627 6.381705 5.634949 6.974644 7.882833 8.705402 9.003602 8.447014 7.341109 6.244967 6.774810 7.956102 9.147270 9.699983 9.147270 7.956102 6.774809 6.244967 7.341108 8.447015 9.003602 8.705402 7.882833 6.974642 5.634950 6.381704 7.132626 7.587667 7.586840 7.244871 6.749726 5.197855 5.616059 6.042703 6.357707 6.481014 6.420764 6.233979,

Pairwise cross-correlations of the modulus of all oriented sub-bands at the same scale (size QxQ)
 2.173404 3.470324 5.463624 4.543616 3.470324 33.230003 40.034302 9.020569 5.463624 40.034302 83.274857 37.528625 4.543616 9.020569 37.528625 33.293957,
 1.797683 2.076770 3.367602 2.998035 2.076770 18.468649 21.545248 4.359240 3.367602 21.545248 48.037167 23.136070 2.998035 4.359240 23.136070 22.005486,
 1.059047 1.179117 1.883877 1.552278 1.179117 9.002848 10.216324 1.947747 1.883877 10.216324 23.055479 10.552695 1.552278 1.947747 10.552695 9.699984,

Cross-correlations of the modulus of all oriented sub-bands with all oriented sub-bands at the coarser scale (size QxQ)
 1.581705 2.154464 3.614184 3.009217 2.437780 16.967659 20.454895 4.861420 4.249712 21.187267 41.552853 21.405119 3.315463 5.792700 22.245945 19.603380,
 1.086158 1.358194 2.297958 1.797063 1.358581 9.161034 11.232063 2.730423 2.345130 10.582973 21.428953 10.792443 1.703227 2.259272 11.184272 9.621164,

Cross-correlations of the real part of each oriented sub-band with both the real and imaginary part of all phase-doubled oriented sub-bands at the next coarser scale (Q matrices of size 1x2Q, which are computed and stored in a matrix of size Qx2Q)
 0.026132 -0.510408 -0.734286 -0.950301 -0.021795 -0.006572 0.009514 -0.035168 -0.379363 -5.796275 -5.511809 -0.963655 -0.018343 -0.051043 0.107468 0.032862 -0.918491 -6.591465 -12.688672 -7.125062 -0.018501 -0.176567 0.103055 -0.008579 -0.917287 -1.088552 -6.586719 -7.358439 -0.018858 -0.066376 -0.004195 -0.129999,
 0.198415 -0.146152 -0.273192 -0.324498 -0.001442 -0.035367 0.010956 0.050464 -0.066413 -1.509614 -1.442081 -0.319072 -0.024175 -0.323753 0.198500 0.042783 -0.318318 -1.440175 -3.443656 -2.573768 -0.052200 -0.281550 0.285482 0.365766 -0.258076 -0.168678 -2.124173 -2.643445 -0.041687 -0.012627 0.018447 0.435229,
