Low-band skewness and kurtosis
 -1.643785 5.145949,
 -1.480788 4.638856,
 -1.384595 4.414009,
 -1.392278 4.317705,
 -0.780998 2.217375,

High-band variance
 96.595161,

Skewness, kurtosis, variance, mean, maximum and minimum of the reconstructed texture
 109.000000 255.000000 240.708893 656.544189 -1.809544 5.493589

Auto-correlations of the low-frequency bands at each scale
 291.197418 275.569824 262.885071 257.738525 262.825928 277.950226 297.921570 325.750854 299.591187 272.946167 261.955811 273.907471 300.584869 325.116852 386.580750 400.483551 412.966583 418.883820 413.181732 397.048889 376.085510 415.128265 468.626801 519.776672 541.549194 519.776672 468.626892 415.128265 376.085510 397.048889 413.181732 418.883789 412.966553 400.483551 386.580750 325.116852 300.584839 273.907501 261.955811 272.946167 299.591187 325.750824 297.921570 277.950195 262.825958 257.738525 262.885040 275.569855 291.197357,
 277.745270 270.552948 265.253876 262.924500 263.823761 269.001556 276.660889 298.886322 283.578278 267.307068 260.539124 267.361969 282.763458 295.904816 332.847473 339.352417 345.579926 348.618591 345.029236 336.248047 325.619995 347.953156 377.554321 407.905975 421.342041 407.905975 377.554260 347.953156 325.619995 336.248016 345.029236 348.618561 345.579926 339.352386 332.847473 295.904816 282.763519 267.361969 260.539124 267.307068 283.578278 298.886322 276.660889 269.001587 263.823792 262.924500 265.253876 270.552917 277.745300,
 258.761749 255.626068 252.935532 251.827621 252.887054 256.799683 261.894684 281.853851 273.171204 263.252472 258.112091 259.892059 266.092468 271.106171 304.259277 307.249725 309.960999 310.702911 306.897278 299.754974 292.175232 310.948639 326.965393 343.935272 351.614624 343.935211 326.965393 310.948639 292.175262 299.754944 306.897278 310.702942 309.960968 307.249695 304.259277 271.106171 266.092468 259.892059 258.112122 263.252472 273.171204 281.853851 261.894684 256.799713 252.887070 251.827621 252.935516 255.626053 258.761749,
 -1.036168 6.403123 13.909893 22.299038 31.793135 39.491894 41.794361 7.332781 13.963800 21.409563 31.822607 41.908344 45.504814 41.288227 14.841657 21.682253 32.322838 44.425266 49.332874 43.800987 33.637409 23.244558 33.191437 45.301235 51.267597 45.301239 33.191437 23.244555 33.637417 43.800987 49.332874 44.425259 32.322838 21.682257 14.841657 41.288227 45.504814 41.908344 31.822607 21.409565 13.963804 7.332780 41.794361 39.491894 31.793129 22.299032 13.909896 6.403127 -1.036165,

Auto-correlations of the modulus of each oriented sub-band
 1.396475 1.494305 1.567908 1.600473 1.580670 1.514481 1.415911 1.479034 1.642710 1.762085 1.808100 1.771546 1.660909 1.502284 1.593218 1.835646 2.014752 2.085034 2.026319 1.849952 1.602364 1.630361 1.957298 2.271377 2.413211 2.271378 1.957298 1.630361 1.602364 1.849952 2.026319 2.085034 2.014752 1.835646 1.593217 1.502284 1.660909 1.771546 1.808100 1.762085 1.642710 1.479034 1.415911 1.514481 1.580670 1.600473 1.567908 1.494305 1.396475,
 23.416956 24.107269 25.070158 26.186684 27.133326 27.759951 28.044462 24.870823 26.350544 28.200283 29.807289 30.480789 30.308739 29.625908 27.014132 29.349798 32.029087 33.810398 33.572277 32.006248 30.112240 29.094309 31.689936 34.385452 35.712605 34.385452 31.689936 29.094311 30.112236 32.006252 33.572277 33.810402 32.029087 29.349800 27.014126 29.625914 30.308737 30.480795 29.807289 28.200281 26.350544 24.870823 28.044464 27.759947 27.133326 26.186682 25.070152 24.107269 23.416956,
 57.559505 58.436260 59.409077 59.849182 59.304794 58.278690 57.490288 61.596004 64.357651 67.422798 68.903358 67.406166 64.267937 61.495724 65.551979 70.696960 76.524353 79.404015 76.570396 70.687218 65.483887 67.223549 73.559654 80.829857 84.467453 80.829857 73.559654 67.223549 65.483887 70.687218 76.570389 79.404030 76.524353 70.696953 65.551979 61.495724 64.267937 67.406166 68.903358 67.422798 64.357651 61.595997 57.490299 58.278683 59.304783 59.849178 59.409069 58.436256 57.559502,
 27.169830 26.995579 26.457972 25.593248 24.547647 23.615265 22.938908 29.053417 29.698395 29.819080 29.190001 27.754765 26.051989 24.623745 29.917431 31.656303 33.009319 33.190365 31.625931 29.192648 26.967381 29.100334 31.528460 33.938026 35.093224 33.938026 31.528460 29.100336 26.967379 29.192650 31.625931 33.190369 33.009319 31.656303 29.917437 24.623747 26.051989 27.754761 29.189997 29.819084 29.698395 29.053417 22.938906 23.615265 24.547653 25.593248 26.457972 26.995584 27.169828,
 0.929320 1.107330 1.253963 1.312416 1.257548 1.114763 0.938134 0.970101 1.193650 1.373340 1.443285 1.378731 1.206859 0.989332 1.020951 1.306613 1.548437 1.645328 1.551549 1.315826 1.034767 1.057865 1.385176 1.682365 1.809151 1.682365 1.385176 1.057865 1.034767 1.315826 1.551549 1.645328 1.548437 1.306613 1.020951 0.989332 1.206859 1.378731 1.443285 1.373340 1.193650 0.970101 0.938134 1.114762 1.257548 1.312416 1.253963 1.107330 0.929320,
 12.524201 13.028495 13.768303 14.589529 15.263957 15.631139 15.653249 13.583034 14.681920 15.953526 17.003040 17.499504 17.350286 16.685133 15.089756 16.805151 18.588394 19.666069 19.560305 18.536345 17.096088 16.492802 18.383142 20.157030 20.953043 20.157030 18.383142 16.492802 17.096088 18.536343 19.560305 19.666069 18.588390 16.805151 15.089756 16.685133 17.350286 17.499504 17.003040 15.953526 14.681921 13.583034 15.653248 15.631139 15.263957 14.589531 13.768303 13.028496 12.524201,
 32.157448 32.843410 33.664814 34.148243 33.970619 33.379601 32.757690 34.880974 36.785686 38.824055 39.791122 38.941662 37.012856 35.123631 37.656532 41.113129 44.811600 46.510601 44.763466 41.068031 37.604950 38.799648 43.019413 47.610111 49.809689 47.610107 43.019413 38.799648 37.604950 41.068024 44.763466 46.510601 44.811600 41.113129 37.656528 35.123631 37.012856 38.941669 39.791122 38.824055 36.785686 34.880974 32.757690 33.379601 33.970619 34.148243 33.664814 32.843410 32.157452,
 15.459375 15.640872 15.502007 15.078410 14.467329 13.804639 13.204926 16.427280 17.137512 17.429262 17.149693 16.329588 15.237902 14.210579 16.887058 18.239754 19.270498 19.478003 18.584970 17.011240 15.461210 16.516256 18.241449 19.888258 20.630802 19.888262 18.241449 16.516256 15.461210 17.011240 18.584969 19.478003 19.270498 18.239754 16.887058 14.210579 15.237900 16.329588 17.149693 17.429262 17.137512 16.427280 13.204929 13.804641 14.467329 15.078410 15.502007 15.640872 15.459376,
 0.531879 0.681183 0.802127 0.849455 0.801407 0.676253 0.523495 0.567197 0.736294 0.870370 0.918382 0.859096 0.716728 0.546344 0.595652 0.804727 0.983124 1.050615 0.970712 0.784177 0.573960 0.604743 0.844880 1.067679 1.162846 1.067679 0.844880 0.604743 0.573960 0.784177 0.970712 1.050615 0.983124 0.804727 0.595652 0.546344 0.716728 0.859096 0.918382 0.870370 0.736294 0.567197 0.523495 0.676253 0.801407 0.849455 0.802127 0.681183 0.531879,
 5.806978 6.236040 6.615662 6.928081 7.115171 7.095723 6.876597 6.568581 7.258353 7.863873 8.204953 8.221455 7.947386 7.471702 7.372306 8.345287 9.258326 9.680568 9.416119 8.722648 7.902190 7.895997 8.943477 9.949658 10.411721 9.949658 8.943477 7.895997 7.902190 8.722648 9.416120 9.680568 9.258326 8.345288 7.372306 7.471702 7.947386 8.221455 8.204952 7.863873 7.258352 6.568581 6.876597 7.095724 7.115171 6.928081 6.615662 6.236039 5.806978,
 17.185080 17.479263 17.662359 17.631992 17.346563 16.989788 16.681450 18.742849 19.788559 20.725870 21.040911 20.434284 19.373701 18.390331 20.297203 22.269835 24.249681 25.112309 24.101801 22.086790 20.189613 21.002563 23.388842 25.901804 27.108627 25.901804 23.388842 21.002563 20.189615 22.086788 24.101801 25.112309 24.249681 22.269835 20.297201 18.390331 19.373701 20.434284 21.040907 20.725870 19.788559 18.742849 16.681448 16.989786 17.346560 17.631992 17.662357 17.479263 17.185080,
 8.074985 8.067436 7.932813 7.706640 7.465037 7.276840 7.124047 8.702025 8.993642 9.105183 8.969504 8.612332 8.143483 7.710579 9.111873 9.786584 10.332888 10.472187 10.016572 9.192571 8.428078 9.008236 9.894582 10.796713 11.222277 10.796713 9.894582 9.008236 8.428078 9.192573 10.016572 10.472185 10.332887 9.786582 9.111872 7.710579 8.143482 8.612332 8.969504 9.105182 8.993641 8.702025 7.124046 7.276841 7.465037 7.706640 7.932813 8.067435 8.074984,

Pairwise cross-correlations of the modulus of all oriented sub-bands at the same scale (size QxQ)
 2.413211 4.913186 6.381120 4.540392 4.913186 35.712593 39.199707 8.253254 6.381120 39.199707 84.467430 40.088566 4.540392 8.253254 40.088566 35.093227,
 1.809151 2.819866 3.430455 2.443041 2.819866 20.953043 22.395597 3.523850 3.430455 22.395597 49.809685 22.937641 2.443041 3.523850 22.937641 20.630802,
 1.162845 1.742448 1.908548 1.298735 1.742448 10.411721 10.951123 1.850632 1.908548 10.951123 27.108627 12.907726 1.298735 1.850632 12.907726 11.222277,

Cross-correlations of the modulus of all oriented sub-bands with all oriented sub-bands at the coarser scale (size QxQ)
 1.638762 2.921173 3.997228 2.773000 3.283023 19.172827 21.279055 4.596262 4.572654 20.442358 42.426712 21.592924 3.079515 4.022881 21.963980 19.349894,
 1.149126 1.718686 1.983955 1.445555 1.896973 10.149137 11.249918 2.122165 2.617380 11.065155 24.678812 13.040132 1.562622 1.881295 11.804103 10.887012,

Cross-correlations of the real part of each oriented sub-band with both the real and imaginary part of all phase-doubled oriented sub-bands at the next coarser scale (Q matrices of size 1x2Q, which are computed and stored in a matrix of size Qx2Q)
 0.004632 -0.695208 -0.631024 -0.630682 -0.016195 0.007732 0.067863 0.080037 -0.608929 -4.728807 -4.287109 -0.890597 0.011348 0.202286 -0.182164 -0.030686 -0.771086 -4.542602 -9.585226 -5.620661 -0.025891 0.110774 -0.546307 0.138676 -0.588839 -0.745739 -4.904705 -5.332887 -0.063527 -0.046406 -0.008796 0.365218,
 0.129172 -0.441259 -0.291083 -0.240261 -0.037789 -0.055238 0.036858 0.127524 -0.357425 -2.852330 -1.943243 -0.198665 -0.043552 -0.282712 -0.065848 0.128368 -0.378744 -2.359653 -2.982935 -1.297416 -0.086036 -0.149935 0.946703 1.230814 -0.170931 -0.233025 -1.213549 -1.502175 -0.091654 0.021619 0.961820 1.219216,
