Low-band skewness and kurtosis
 -1.483156 4.638840,
 -1.305617 4.197305,
 -1.144276 3.775983,
 -1.218696 3.899385,
 -0.669010 2.090570,

High-band variance
 101.508713,

Skewness, kurtosis, variance, mean, maximum and minimum of the reconstructed texture
 114.000000 255.000000 240.567825 606.254639 -1.694464 5.082012

Auto-correlations of the low-frequency bands at each scale
 207.892151 194.475052 185.854294 183.063095 186.477844 196.420090 211.174088 246.822952 217.738174 191.289398 180.937775 192.167511 218.672241 246.893112 321.634247 335.048920 345.619324 350.251221 345.978180 334.614258 319.993744 364.897827 418.020081 465.524750 485.205353 465.524750 418.020081 364.897827 319.993713 334.614227 345.978149 350.251190 345.619293 335.048920 321.634247 246.893097 218.672226 192.167496 180.937744 191.289398 217.738159 246.822983 211.174042 196.420135 186.477844 183.063095 185.854324 194.475052 207.892181,
 206.089066 199.477646 195.290268 193.204910 192.454514 194.472244 199.408112 222.658844 204.984039 189.018005 182.643585 188.393417 203.322021 219.553558 260.628143 267.227539 273.162140 276.401764 274.514618 269.215851 262.840027 286.823456 316.852722 344.860657 356.783752 344.860657 316.852722 286.823517 262.840027 269.215820 274.514587 276.401764 273.162140 267.227570 260.628143 219.553558 203.321976 188.393387 182.643585 189.018005 204.984085 222.658829 199.408112 194.472229 192.454468 193.204941 195.290268 199.477692 206.089096,
 190.758820 184.853851 181.683655 180.993027 181.460739 183.502686 187.311829 203.870270 195.894897 189.023514 186.156906 187.978043 193.780975 200.639069 229.477707 234.673248 238.384293 239.330841 236.632935 232.335556 228.051117 245.349854 260.873779 274.967468 281.012787 274.967438 260.873779 245.349823 228.051132 232.335541 236.632935 239.330826 238.384262 234.673248 229.477707 200.639053 193.780960 187.978073 186.156906 189.023499 195.894913 203.870239 187.311829 183.502686 181.460754 180.993042 181.683655 184.853851 190.758820,
 6.559347 11.897455 16.749296 21.858841 29.237288 36.642776 38.710598 11.650551 15.890042 20.667068 29.201237 38.921284 42.603909 38.506363 15.900458 20.741743 29.705862 41.269444 46.257099 40.948929 31.870682 22.433863 30.777853 42.092899 47.957916 42.092899 30.777849 22.433867 31.870678 40.948929 46.257099 41.269444 29.705866 20.741741 15.900458 38.506363 42.603909 38.921284 29.201237 20.667074 15.890039 11.650552 38.710598 36.642780 29.237289 21.858843 16.749298 11.897450 6.559350,

Auto-correlations of the modulus of each oriented sub-band
 1.068947 1.176915 1.258950 1.290856 1.260308 1.179788 1.073110 1.131904 1.279557 1.392788 1.434744 1.393932 1.285081 1.141170 1.219048 1.422528 1.568524 1.620912 1.568067 1.420367 1.217141 1.240086 1.513147 1.789757 1.919293 1.789756 1.513147 1.240086 1.217141 1.420367 1.568067 1.620912 1.568524 1.422528 1.219047 1.141170 1.285081 1.393932 1.434744 1.392788 1.279557 1.131904 1.073110 1.179788 1.260308 1.290856 1.258950 1.176915 1.068946,
 18.467941 19.187632 20.224131 21.329845 22.097637 22.467073 22.593304 20.353718 21.831347 23.671886 25.187925 25.658186 25.303595 24.617231 22.866749 25.128677 27.736212 29.415073 29.042091 27.432041 25.661964 24.996151 27.453520 30.091295 31.415682 30.091295 27.453518 24.996145 25.661966 27.432041 29.042091 29.415073 27.736212 25.128677 22.866749 24.617231 25.303600 25.658186 25.187927 23.671885 21.831345 20.353720 22.593304 22.467077 22.097637 21.329845 20.224129 19.187628 18.467937,
 51.424019 52.611034 53.838783 54.303074 53.466160 51.923367 50.646690 56.230019 59.651321 63.475418 65.143593 62.930496 58.711678 55.234364 60.653206 66.763298 74.010765 77.478775 73.591721 66.066330 59.937534 62.245739 69.636269 78.717659 83.362793 78.717659 69.636276 62.245750 59.937527 66.066322 73.591713 77.478775 74.010780 66.763298 60.653214 55.234352 58.711678 62.930496 65.143593 63.475418 59.651318 56.230022 50.646690 51.923367 53.466160 54.303074 53.838783 52.611034 51.424019,
 23.033663 22.616747 21.957237 21.042988 19.934633 18.934315 18.253101 25.219904 25.638056 25.661930 24.977583 23.425198 21.596010 20.126328 26.167187 27.766623 29.105633 29.279026 27.596714 25.031340 22.774406 25.200420 27.596712 30.090164 31.314644 30.090164 27.596712 25.200420 22.774406 25.031340 27.596718 29.279022 29.105631 27.766621 26.167183 20.126324 21.596010 23.425198 24.977581 25.661930 25.638058 25.219904 18.253101 18.934315 19.934637 21.042988 21.957237 22.616751 23.033663,
 0.770788 0.959119 1.116098 1.184539 1.135686 0.992232 0.811238 0.823795 1.035703 1.208917 1.279497 1.219135 1.052467 0.841192 0.873024 1.131106 1.350765 1.438917 1.350926 1.131014 0.871810 0.895855 1.192814 1.466431 1.584197 1.466431 1.192814 0.895855 0.871810 1.131014 1.350926 1.438917 1.350765 1.131106 0.873024 0.841192 1.052467 1.219134 1.279497 1.208917 1.035703 0.823795 0.811238 0.992232 1.135686 1.184539 1.116098 0.959119 0.770788,
 11.635526 12.066196 12.555482 13.069303 13.461208 13.594773 13.469137 12.620648 13.520263 14.499267 15.242867 15.474150 15.167271 14.527665 13.890018 15.333234 16.856468 17.726511 17.468771 16.414597 15.147099 14.913135 16.545940 18.184006 18.945919 18.184008 16.545940 14.913135 15.147099 16.414597 17.468769 17.726509 16.856470 15.333235 13.890018 14.527667 15.167273 15.474150 15.242866 14.499267 13.520264 12.620648 13.469137 13.594773 13.461207 13.069300 12.555484 12.066196 11.635526,
 29.382442 30.220860 31.166412 31.630587 31.105440 29.987904 29.034580 31.555353 33.872684 36.676735 38.024246 36.569046 33.622120 31.260351 33.658127 37.741924 42.865456 45.406982 42.793026 37.612591 33.528728 34.547401 39.457432 45.732800 48.953312 45.732807 39.457432 34.547401 33.528732 37.612595 42.793022 45.406982 42.865459 37.741924 33.658127 31.260351 33.622124 36.569046 38.024246 36.676735 33.872677 31.555353 29.034584 29.987915 31.105442 31.630587 31.166414 30.220856 29.382442,
 11.999230 11.977767 11.781142 11.385005 10.849520 10.304127 9.852415 13.298491 13.783722 13.968491 13.674772 12.883306 11.837914 10.890090 13.959179 15.139140 16.094944 16.288013 15.381422 13.815090 12.324433 13.564847 15.197104 16.818630 17.570503 16.818632 15.197104 13.564847 12.324432 13.815090 15.381424 16.288013 16.094942 15.139140 13.959181 10.890090 11.837914 12.883305 13.674771 13.968491 13.783722 13.298491 9.852413 10.304125 10.849518 11.385006 11.781143 11.977767 11.999230,
 0.454106 0.601835 0.721793 0.762647 0.704008 0.571350 0.417526 0.461943 0.618717 0.749535 0.799699 0.744816 0.607061 0.441354 0.471421 0.650992 0.814723 0.883647 0.814739 0.647715 0.461635 0.478467 0.681579 0.879613 0.967583 0.879613 0.681579 0.478467 0.461635 0.647715 0.814739 0.883647 0.814723 0.650992 0.471421 0.441354 0.607061 0.744816 0.799699 0.749535 0.618717 0.461943 0.417526 0.571350 0.704008 0.762647 0.721793 0.601835 0.454106,
 4.679302 4.826191 5.001137 5.178444 5.265392 5.192400 4.993357 5.144821 5.511241 5.920392 6.194794 6.210445 5.955272 5.530661 5.651593 6.327880 7.074414 7.457125 7.243392 6.650856 5.967309 6.005485 6.826406 7.696965 8.114172 7.696965 6.826406 6.005485 5.967310 6.650856 7.243392 7.457124 7.074413 6.327880 5.651593 5.530662 5.955272 6.210444 6.194793 5.920392 5.511241 5.144820 4.993356 5.192400 5.265392 5.178443 5.001137 4.826191 4.679302,
 12.337255 12.763339 12.974326 12.894596 12.500943 11.967325 11.453063 13.854774 15.116575 16.239048 16.494892 15.570994 14.097710 12.789780 15.079488 17.371300 19.798796 20.760788 19.310616 16.681076 14.398568 15.353909 18.127522 21.295477 22.864170 21.295479 18.127522 15.353909 14.398568 16.681076 19.310616 20.760788 19.798796 17.371300 15.079486 12.789781 14.097710 15.570993 16.494892 16.239048 15.116572 13.854773 11.453063 11.967325 12.500943 12.894596 12.974326 12.763339 12.337255,
 5.540338 5.712113 5.732610 5.562544 5.243268 4.897233 4.621049 6.129545 6.555159 6.788324 6.678039 6.236258 5.629436 5.082717 6.503713 7.254140 7.869382 8.027422 7.525927 6.615239 5.758227 6.350721 7.304480 8.267614 8.718060 8.267614 7.304480 6.350721 5.758227 6.615239 7.525927 8.027423 7.869383 7.254140 6.503713 5.082717 5.629436 6.236258 6.678038 6.788324 6.555159 6.129545 4.621049 4.897233 5.243268 5.562544 5.732611 5.712112 5.540337,

Pairwise cross-correlations of the modulus of all oriented sub-bands at the same scale (size QxQ)
 1.919293 3.823765 5.366529 3.629826 3.823765 31.415686 38.172176 9.910245 5.366529 38.172176 83.362755 38.533501 3.629826 9.910245 38.533501 31.314644,
 1.584197 2.308841 3.045120 2.073852 2.308841 18.945923 22.664164 5.305844 3.045120 22.664164 48.953312 21.384497 2.073852 5.305844 21.384497 17.570503,
 0.967583 1.087093 1.647216 1.124443 1.087093 8.114172 9.812019 2.211328 1.647216 9.812019 22.864170 10.529119 1.124443 2.211328 10.529119 8.718059,

Cross-correlations of the modulus of all oriented sub-bands with all oriented sub-bands at the coarser scale (size QxQ)
 1.393242 2.473977 3.481125 2.290681 2.686300 16.417223 20.193054 5.985846 3.964988 20.790297 39.777805 19.552412 2.498110 6.375562 20.524469 15.733245,
 0.969545 1.306328 1.835969 1.206620 1.377202 7.643684 8.915512 2.261125 2.216860 9.481416 18.621420 9.450644 1.337217 2.789456 10.203691 8.086275,

Cross-correlations of the real part of each oriented sub-band with both the real and imaginary part of all phase-doubled oriented sub-bands at the next coarser scale (Q matrices of size 1x2Q, which are computed and stored in a matrix of size Qx2Q)
 0.108244 -0.580629 -0.493647 -0.515922 0.014555 0.010696 0.009364 0.011124 -0.564965 -5.681565 -5.140184 -1.031456 -0.014777 0.009860 -0.128605 -0.033502 -0.775851 -6.396814 -11.445319 -6.353921 -0.015206 0.008625 -0.175834 -0.108775 -0.441516 -1.064716 -5.153371 -5.571679 0.009447 0.000747 0.018837 -0.035648,
 0.262744 -0.085672 -0.153139 -0.153411 0.017818 -0.016655 0.008596 0.047882 -0.026356 -1.254422 -1.368289 -0.353304 0.000125 0.022441 0.175225 0.046339 -0.215327 -1.565681 -3.959325 -2.493922 -0.017629 0.147045 0.964187 0.584193 -0.053377 -0.321417 -2.169478 -2.181310 -0.019371 0.053612 0.578486 0.530569,
