Low-band skewness and kurtosis
 -1.823206 6.072816,
 -1.726701 5.847092,
 -1.662006 5.807799,
 -1.687537 6.746202,
 -0.876598 2.583833,

High-band variance
 91.822083,

Skewness, kurtosis, variance, mean, maximum and minimum of the reconstructed texture
 104.000000 255.000000 240.892502 683.986328 -1.937867 6.158337

Auto-correlations of the low-frequency bands at each scale
 350.156158 334.113922 323.769257 320.698181 325.331512 337.778900 354.571381 389.178345 363.840820 336.034393 322.999817 332.845947 358.004608 381.967529 430.800415 447.706543 459.879517 464.130371 457.910950 443.559570 426.081879 451.363159 503.757324 553.708252 574.931946 553.708252 503.757385 451.363129 426.081909 443.559601 457.910980 464.130402 459.879517 447.706543 430.800415 381.967468 358.004639 332.845886 322.999817 336.034393 363.840759 389.178314 354.571350 337.778900 325.331573 320.698151 323.769257 334.113892 350.156128,
 333.756256 324.567078 319.530701 319.463043 323.398529 331.388123 341.262360 354.867523 338.886505 323.427582 318.700989 327.421173 344.243958 358.748535 378.939697 388.725372 397.207794 401.383423 398.244812 389.603027 378.866180 390.482452 422.502411 454.029907 467.677063 454.029907 422.502441 390.482391 378.866180 389.603027 398.244843 401.383423 397.207733 388.725372 378.939636 358.748596 344.243958 327.421173 318.700989 323.427582 338.886505 354.867523 341.262390 331.388123 323.398499 319.463043 319.530670 324.567139 333.756195,
 307.010498 303.722504 300.783936 298.877380 298.732788 301.597229 306.134735 333.255371 326.027069 317.785126 314.643005 318.338776 325.753418 330.842621 350.339935 355.750458 361.609833 365.829254 364.858063 358.723083 349.874146 357.077179 375.508392 394.322144 402.661072 394.322144 375.508392 357.077179 349.874176 358.723145 364.858002 365.829285 361.609863 355.750427 350.339935 330.842621 325.753418 318.338745 314.643005 317.785065 326.027039 333.255371 306.134796 301.597229 298.732788 298.877350 300.783905 303.722473 307.010529,
 -9.730366 -3.078766 5.432637 19.603277 38.983219 54.535984 56.804024 -3.183147 3.736595 16.829294 38.167980 58.242035 63.863377 52.919788 3.254268 15.584443 37.524509 61.112312 69.857880 58.156937 36.723846 16.429012 37.222675 61.215584 72.456978 61.215584 37.222679 16.429010 36.723846 58.156933 69.857887 61.112305 37.524509 15.584444 3.254269 52.919788 63.863377 58.242031 38.167976 16.829298 3.736597 -3.183146 56.804028 54.535984 38.983219 19.603277 5.432636 -3.078763 -9.730362,

Auto-correlations of the modulus of each oriented sub-band
 1.342949 1.438477 1.508881 1.542928 1.529279 1.472646 1.384960 1.422741 1.568876 1.680249 1.723251 1.689293 1.588245 1.445056 1.528082 1.742977 1.895268 1.952316 1.901850 1.750355 1.536521 1.557575 1.830813 2.106887 2.236520 2.106887 1.830813 1.557575 1.536521 1.750355 1.901850 1.952316 1.895268 1.742977 1.528082 1.445056 1.588245 1.689293 1.723251 1.680249 1.568876 1.422741 1.384959 1.472646 1.529279 1.542928 1.508881 1.438477 1.342949,
 23.135586 23.986067 25.080744 26.292377 27.296633 27.881088 27.993694 24.672783 26.150314 27.917843 29.508856 30.312714 30.268911 29.582207 26.865606 29.016195 31.364559 32.990543 32.982357 31.775169 30.079628 29.008497 31.327566 33.566078 34.638180 33.566078 31.327572 29.008495 30.079628 31.775164 32.982353 32.990543 31.364559 29.016195 26.865602 29.582207 30.268906 30.312714 29.508854 27.917843 26.150314 24.672781 27.993694 27.881084 27.296637 26.292376 25.080744 23.986073 23.135586,
 56.490524 57.208588 58.030972 58.494545 58.193962 57.441349 56.594311 59.883060 62.119373 64.514397 65.744766 64.760490 62.517044 60.218983 63.461956 67.596703 72.026573 74.242500 72.231346 67.931541 63.774418 65.174477 70.237297 75.668053 78.355003 75.668053 70.237297 65.174477 63.774418 67.931526 72.231339 74.242500 72.026573 67.596703 63.461952 60.218983 62.517052 64.760490 65.744766 64.514389 62.119377 59.883060 56.594318 57.441345 58.193962 58.494545 58.030968 57.208595 56.490528,
 30.111389 29.722303 28.992111 27.988659 26.827030 25.813341 25.066851 31.706160 32.175556 32.064064 31.231855 29.638027 27.892504 26.465925 32.078793 33.700382 34.830151 34.817745 33.141197 30.760803 28.608688 30.838367 33.165306 35.417713 36.522194 35.417713 33.165310 30.838367 28.608692 30.760805 33.141193 34.817745 34.830147 33.700382 32.078789 26.465923 27.892500 29.638031 31.231855 32.064060 32.175556 31.706160 25.066851 25.813339 26.827030 27.988655 28.992115 29.722303 30.111387,
 0.948266 1.140046 1.298523 1.364628 1.312538 1.168643 0.988911 0.999683 1.220937 1.400221 1.471444 1.407898 1.238770 1.026450 1.049254 1.320830 1.552149 1.647244 1.559015 1.332086 1.061647 1.082073 1.393457 1.672382 1.789650 1.672382 1.393457 1.082073 1.061647 1.332086 1.559015 1.647244 1.552149 1.320830 1.049254 1.026450 1.238770 1.407898 1.471444 1.400221 1.220937 0.999683 0.988912 1.168643 1.312538 1.364628 1.298523 1.140046 0.948266,
 14.100589 14.662010 15.301790 15.962542 16.523232 16.867323 16.922911 15.202160 16.160023 17.192532 18.046995 18.511148 18.509859 18.076918 16.632772 18.046547 19.477894 20.358362 20.329962 19.596220 18.505751 17.935587 19.452141 20.852266 21.484449 20.852266 19.452141 17.935587 18.505753 19.596220 20.329960 20.358362 19.477894 18.046547 16.632772 18.076918 18.509859 18.511148 18.046995 17.192532 16.160023 15.202159 16.922911 16.867323 16.523230 15.962542 15.301793 14.662008 14.100589,
 32.631241 32.914738 33.220150 33.354946 33.127304 32.752945 32.455215 35.218330 36.406754 37.609840 38.190441 37.564785 36.237930 34.965832 37.663654 40.104805 42.578037 43.750694 42.543827 39.957737 37.449139 38.607788 41.696148 44.888485 46.415253 44.888485 41.696148 38.607788 37.449139 39.957741 42.543827 43.750690 42.578037 40.104797 37.663654 34.965836 36.237926 37.564777 38.190437 37.609852 36.406750 35.218327 32.455215 32.752945 33.127304 33.354946 33.220158 32.914742 32.631241,
 17.450623 17.184256 16.712605 16.145134 15.601094 15.159235 14.823814 18.754234 19.003836 18.871771 18.367275 17.577814 16.674524 15.873669 19.277006 20.239077 20.851574 20.818218 19.970592 18.617064 17.310234 18.681704 20.100199 21.412802 21.995893 21.412804 20.100203 18.681704 17.310234 18.617064 19.970589 20.818218 20.851574 20.239077 19.277004 15.873670 16.674522 17.577814 18.367275 18.871771 19.003836 18.754234 14.823814 15.159235 15.601091 16.145132 16.712605 17.184259 17.450621,
 0.481634 0.648568 0.800185 0.877834 0.852171 0.743607 0.604315 0.527845 0.710912 0.873774 0.955185 0.921829 0.794789 0.632767 0.586825 0.798134 0.988814 1.077471 1.019491 0.851235 0.653119 0.644682 0.874649 1.085688 1.175294 1.085688 0.874649 0.644682 0.653119 0.851235 1.019491 1.077471 0.988814 0.798133 0.586825 0.632767 0.794789 0.921829 0.955185 0.873774 0.710912 0.527845 0.604315 0.743607 0.852171 0.877834 0.800185 0.648568 0.481634,
 6.825818 7.455655 8.193017 8.901602 9.434153 9.713392 9.721198 7.839433 8.720789 9.647075 10.392829 10.781982 10.770189 10.421605 9.057117 10.155812 11.219940 11.863878 11.872293 11.384890 10.616759 10.108615 11.179932 12.127102 12.543575 12.127099 11.179932 10.108614 10.616759 11.384892 11.872294 11.863879 11.219940 10.155810 9.057117 10.421603 10.770189 10.781984 10.392826 9.647073 8.720788 7.839432 9.721199 9.713393 9.434152 8.901602 8.193017 7.455654 6.825818,
 11.955267 12.712778 13.566978 14.210393 14.464328 14.461244 14.336874 13.552325 14.826103 16.116535 16.849997 16.702940 16.042131 15.300206 15.074397 16.868519 18.661200 19.533133 18.892433 17.421261 15.942607 15.939939 17.863451 19.814428 20.741798 19.814425 17.863453 15.939939 15.942606 17.421261 18.892433 19.533131 18.661200 16.868519 15.074397 15.300203 16.042130 16.702940 16.849997 16.116535 14.826103 13.552325 14.336869 14.461242 14.464328 14.210392 13.566977 12.712779 11.955268,
 7.053456 7.225336 7.196212 7.004045 6.739203 6.429832 6.063997 7.625659 8.080730 8.196026 8.007439 7.611840 7.068654 6.487997 7.804955 8.598767 9.106763 9.171848 8.705259 7.870490 7.003602 7.521299 8.495679 9.366227 9.752677 9.366227 8.495679 7.521299 7.003601 7.870491 8.705259 9.171848 9.106763 8.598767 7.804955 6.487995 7.068654 7.611840 8.007439 8.196026 8.080729 7.625659 6.063997 6.429831 6.739203 7.004045 7.196212 7.225335 7.053456,

Pairwise cross-correlations of the modulus of all oriented sub-bands at the same scale (size QxQ)
 2.236519 4.674658 6.268138 4.405210 4.674658 34.638176 36.795872 6.295272 6.268138 36.795872 78.354988 38.666115 4.405210 6.295272 38.666115 36.522190,
 1.789650 2.958905 3.655770 2.496027 2.958905 21.484455 21.047398 2.086368 3.655770 21.047398 46.415241 22.463568 2.496027 2.086368 22.463568 21.995892,
 1.175294 1.978185 2.061738 1.261829 1.978185 12.543575 10.567596 0.399168 2.061738 10.567596 20.741796 9.318755 1.261829 0.399168 9.318755 9.752676,

Cross-correlations of the modulus of all oriented sub-bands with all oriented sub-bands at the coarser scale (size QxQ)
 1.569575 2.888077 3.859922 2.615005 3.304527 19.649523 20.817728 3.319042 4.563740 19.785681 41.955555 21.674494 2.889534 2.498495 21.424696 20.502914,
 1.137948 1.703029 2.055488 1.381990 2.067393 10.895723 9.984120 0.425831 2.463748 9.249651 19.796244 9.658185 1.361478 0.097219 9.962579 10.197357,

Cross-correlations of the real part of each oriented sub-band with both the real and imaginary part of all phase-doubled oriented sub-bands at the next coarser scale (Q matrices of size 1x2Q, which are computed and stored in a matrix of size Qx2Q)
 0.188220 -0.336953 -0.476550 -0.432506 -0.005987 0.044586 0.060672 0.046691 -0.249496 -2.624920 -2.624761 -0.459309 0.049546 0.438975 0.495118 0.051468 -0.540027 -2.606933 -5.957252 -3.589422 0.007324 0.588026 1.171462 0.534543 -0.371228 -0.443469 -3.472209 -3.727365 -0.031400 0.133806 0.599576 0.558521,
 0.199836 -0.306133 -0.252317 -0.124050 0.026328 0.002642 -0.019793 -0.028413 -0.235759 -1.731789 -1.161864 -0.149099 0.009181 -0.095207 -0.297065 -0.074754 -0.234101 -1.298339 -2.132950 -1.264431 0.013949 -0.271972 -1.389659 -0.539073 -0.002274 -0.123327 -1.253941 -1.289309 0.030601 -0.082701 -0.791209 -0.492908,
