Low-band skewness and kurtosis
 -1.473266 4.585898,
 -1.254679 3.958371,
 -1.060706 3.309582,
 -1.209833 3.723494,
 -0.639412 1.966530,

High-band variance
 101.417572,

Skewness, kurtosis, variance, mean, maximum and minimum of the reconstructed texture
 118.000000 255.000000 240.591476 604.158813 -1.681020 4.996176

Auto-correlations of the low-frequency bands at each scale
 214.963928 199.318741 187.988358 183.959274 187.268219 196.475891 208.401779 236.633408 212.946396 189.018600 178.975037 189.324265 213.843933 238.935684 310.226776 327.088898 340.565460 346.163818 341.970734 331.729279 319.920227 367.890930 417.054657 462.989960 482.416321 462.989960 417.054657 367.890900 319.920258 331.729218 341.970734 346.163818 340.565460 327.088837 310.226715 238.935669 213.843918 189.324265 178.975037 189.018600 212.946396 236.633362 208.401825 196.475906 187.268219 183.959274 187.988358 199.318741 214.963928,
 204.832718 196.494385 190.656296 188.308929 188.574219 191.866730 197.336960 219.334610 204.738800 189.342621 181.933807 186.041916 198.748383 212.192780 256.187988 264.142944 270.972076 273.973816 271.083679 264.866089 258.098297 286.288544 313.947174 341.047791 352.879303 341.047791 313.947174 286.288544 258.098267 264.866058 271.083679 273.973816 270.972107 264.142975 256.187988 212.192764 198.748352 186.041931 181.933807 189.342651 204.738846 219.334625 197.336975 191.866730 188.574249 188.308929 190.656296 196.494400 204.832718,
 183.532532 178.102890 175.447708 175.584747 177.037476 179.353973 181.850449 199.174469 190.055740 181.273972 177.497879 180.212662 187.690918 195.601044 227.446228 231.920471 234.938934 235.164673 231.829956 227.286819 223.675629 242.201721 257.907013 273.337036 280.124634 273.337036 257.907013 242.201721 223.675598 227.286819 231.829956 235.164673 234.938934 231.920471 227.446198 195.601028 187.690918 180.212677 177.497864 181.273972 190.055710 199.174469 181.850449 179.353973 177.037476 175.584732 175.447693 178.102890 183.532532,
 10.076198 15.807442 19.272434 20.967171 25.026428 31.992676 36.009159 15.875152 18.455669 19.702066 24.895422 33.677952 38.524837 35.107029 18.332937 19.526384 25.449148 35.978077 41.444962 36.590164 27.706568 20.746307 26.632303 37.165092 42.965542 37.165100 26.632305 20.746307 27.706568 36.590164 41.444962 35.978073 25.449146 19.526388 18.332937 35.107029 38.524837 33.677948 24.895416 19.702066 18.455667 15.875149 36.009159 31.992670 25.026432 20.967171 19.272434 15.807443 10.076195,

Auto-correlations of the modulus of each oriented sub-band
 1.123103 1.243356 1.331298 1.367258 1.339921 1.259110 1.145300 1.217110 1.385710 1.513811 1.569720 1.536098 1.418232 1.247309 1.327456 1.576608 1.758161 1.827100 1.767528 1.592456 1.346731 1.377038 1.698798 2.005938 2.144606 2.005938 1.698798 1.377038 1.346731 1.592456 1.767528 1.827100 1.758161 1.576608 1.327456 1.247309 1.418232 1.536098 1.569720 1.513811 1.385710 1.217110 1.145300 1.259110 1.339921 1.367258 1.331298 1.243356 1.123103,
 17.722799 18.576294 19.699602 20.852505 21.712486 22.209280 22.401188 19.700802 21.344772 23.259462 24.769297 25.294039 25.031847 24.386623 22.344479 24.777243 27.435698 29.064806 28.719511 27.155203 25.370283 24.602339 27.167719 29.817255 31.101303 29.817253 27.167719 24.602339 25.370283 27.155201 28.719511 29.064806 27.435696 24.777245 22.344475 24.386625 25.031847 25.294039 24.769297 23.259466 21.344772 19.700800 22.401188 22.209280 21.712488 20.852501 19.699600 18.576294 17.722797,
 56.025677 57.594868 59.206707 59.910461 59.148167 57.567318 56.055233 60.599251 64.415314 68.611542 70.578072 68.718155 64.810005 61.277718 65.556602 72.027863 79.433159 83.042015 79.597160 72.481598 66.255455 68.072311 75.718109 84.612144 89.050064 84.612144 75.718109 68.072311 66.255455 72.481590 79.597145 83.042015 79.433159 72.027870 65.556602 61.277718 64.810013 68.718147 70.578072 68.611526 64.415314 60.599251 56.055233 57.567310 59.148163 59.910461 59.206707 57.594860 56.025677,
 22.426435 22.176991 21.674625 20.834852 19.685837 18.566576 17.725389 24.110044 24.777451 25.143011 24.724731 23.234549 21.320812 19.720179 24.894501 26.715811 28.445551 28.945906 27.293692 24.580370 22.196655 24.207733 26.762362 29.544992 30.941490 29.544989 26.762363 24.207733 22.196653 24.580366 27.293697 28.945906 28.445545 26.715809 24.894497 19.720179 21.320808 23.234549 24.724731 25.143009 24.777451 24.110044 17.725389 18.566578 19.685837 20.834852 21.674622 22.176992 22.426435,
 0.729920 0.921577 1.075191 1.133989 1.074417 0.923809 0.740991 0.787502 1.015812 1.194668 1.260972 1.188461 1.005377 0.779423 0.830455 1.111855 1.347893 1.442596 1.347728 1.109147 0.826591 0.865608 1.192616 1.488282 1.614105 1.488283 1.192616 0.865608 0.826591 1.109147 1.347728 1.442596 1.347894 1.111855 0.830454 0.779423 1.005377 1.188461 1.260972 1.194668 1.015812 0.787502 0.740991 0.923809 1.074417 1.133989 1.075191 0.921577 0.729920,
 9.991497 10.546932 11.179188 11.731066 12.034698 12.079303 11.979719 11.024304 12.060373 13.168308 13.923765 14.056194 13.669543 13.050239 12.354496 13.904121 15.550873 16.438747 16.085409 14.963338 13.702382 13.441822 15.117129 16.850847 17.677673 16.850847 15.117129 13.441822 13.702383 14.963338 16.085407 16.438747 15.550874 13.904119 12.354497 13.050239 13.669543 14.056194 13.923765 13.168307 12.060373 11.024305 11.979719 12.079303 12.034698 11.731064 11.179188 10.546932 9.991497,
 29.679173 30.453228 31.298443 31.723906 31.326494 30.465773 29.777590 32.303680 34.436855 36.882915 38.073574 36.928436 34.504387 32.509060 34.942307 38.709461 43.154358 45.339676 43.195328 38.781933 35.122246 36.169693 40.674885 46.103374 48.822090 46.103374 40.674885 36.169701 35.122238 38.781937 43.195328 45.339676 43.154358 38.709461 34.942310 32.509056 34.504387 36.928436 38.073578 36.882915 34.436855 32.303680 29.777586 30.465771 31.326500 31.723906 31.298443 30.453228 29.679178,
 11.805507 11.887597 11.761940 11.389167 10.837223 10.271755 9.804057 12.725868 13.326402 13.627261 13.397920 12.609143 11.550076 10.611014 13.135695 14.418786 15.497419 15.774806 14.860142 13.248025 11.750533 12.757361 14.443128 16.155436 16.959068 16.155439 14.443128 12.757361 11.750533 13.248025 14.860142 15.774806 15.497419 14.418786 13.135695 10.611012 11.550076 12.609143 13.397920 13.627261 13.326402 12.725871 9.804058 10.271757 10.837224 11.389168 11.761942 11.887597 11.805507,
 0.387400 0.520400 0.630981 0.673097 0.627931 0.517977 0.387721 0.406316 0.556858 0.680654 0.726188 0.674060 0.548209 0.398011 0.418714 0.596200 0.756608 0.822550 0.754156 0.589198 0.406587 0.425905 0.636387 0.841216 0.931441 0.841216 0.636387 0.425905 0.406587 0.589198 0.754156 0.822550 0.756607 0.596200 0.418714 0.398011 0.548209 0.674060 0.726188 0.680654 0.556858 0.406316 0.387721 0.517977 0.627931 0.673097 0.630981 0.520400 0.387400,
 4.556574 4.711687 4.952519 5.209284 5.327840 5.233842 5.026331 4.980232 5.504311 6.099922 6.497859 6.496984 6.140229 5.639040 5.519426 6.438616 7.452788 7.973801 7.676112 6.870168 6.020260 5.953363 7.005062 8.148090 8.694840 8.148090 7.005062 5.953362 6.020259 6.870169 7.676111 7.973801 7.452788 6.438616 5.519426 5.639040 6.140228 6.496984 6.497859 6.099922 5.504311 4.980231 5.026331 5.233842 5.327840 5.209284 4.952520 4.711687 4.556574,
 14.577729 15.092562 15.715795 16.121473 15.891603 15.111146 14.294987 16.001961 17.319965 18.904427 19.823187 19.251127 17.631451 16.095398 17.483324 19.804363 22.571655 24.038475 22.861652 20.100798 17.655205 18.225231 21.066284 24.417095 26.064880 24.417095 21.066284 18.225231 17.655205 20.100798 22.861649 24.038479 22.571655 19.804367 17.483324 16.095398 17.631451 19.251125 19.823187 18.904427 17.319969 16.001961 14.294987 15.111143 15.891601 16.121473 15.715796 15.092560 14.577731,
 6.674622 6.932282 6.987449 6.752685 6.301437 5.816123 5.411754 7.217826 7.762842 8.102913 8.041387 7.542864 6.807806 6.121285 7.566441 8.437729 9.208561 9.466772 8.920094 7.887292 6.908417 7.476854 8.543874 9.638885 10.157515 9.638885 8.543874 7.476853 6.908418 7.887291 8.920094 9.466772 9.208562 8.437727 7.566441 6.121285 6.807805 7.542863 8.041387 8.102913 7.762841 7.217826 5.411754 5.816123 6.301437 6.752685 6.987449 6.932281 6.674621,

Pairwise cross-correlations of the modulus of all oriented sub-bands at the same scale (size QxQ)
 2.144607 3.843722 5.313708 3.867298 3.843722 31.101309 40.186115 10.406599 5.313708 40.186115 89.050064 38.872246 3.867298 10.406599 38.872246 30.941483,
 1.614105 2.076200 2.803177 2.136492 2.076200 17.677673 22.041815 4.746764 2.803177 22.041815 48.822071 20.492088 2.136492 4.746764 20.492088 16.959068,
 0.931441 1.202602 1.697610 1.139344 1.202602 8.694841 11.127171 2.733838 1.697610 11.127171 26.064880 12.076920 1.139344 2.733838 12.076920 10.157516,

Cross-correlations of the modulus of all oriented sub-bands with all oriented sub-bands at the coarser scale (size QxQ)
 1.480841 2.364937 3.356459 2.356088 2.540508 15.941413 21.172926 5.938284 3.862844 20.748362 41.874779 19.871725 2.619004 5.886649 19.627386 15.614640,
 0.971449 1.380874 1.921000 1.241985 1.412981 7.986618 10.775064 2.987125 2.156379 9.988206 20.590227 10.195640 1.350041 2.714931 10.245390 8.373636,

Cross-correlations of the real part of each oriented sub-band with both the real and imaginary part of all phase-doubled oriented sub-bands at the next coarser scale (Q matrices of size 1x2Q, which are computed and stored in a matrix of size Qx2Q)
 0.005741 -0.624285 -0.587227 -0.739427 -0.004853 -0.005363 -0.003545 0.043133 -0.560015 -5.344925 -4.826594 -0.914193 0.015237 0.149249 0.434853 0.138591 -0.829537 -5.571744 -9.957977 -5.899125 0.004354 0.425293 2.117687 0.774239 -0.693478 -0.806376 -4.577255 -5.825923 -0.020652 0.143655 1.087883 0.564395,
 0.162039 -0.192383 -0.208108 -0.276060 -0.004734 -0.020581 -0.028078 -0.023634 -0.154262 -1.693853 -2.074200 -0.400217 0.010291 -0.078422 -0.194284 -0.009733 -0.308376 -1.840103 -4.475194 -2.408728 0.032626 -0.113358 -0.530195 -0.197578 -0.235859 -0.285924 -1.963589 -2.289459 0.011184 -0.039494 -0.319337 -0.240942,
