Low-band skewness and kurtosis
 -1.791952 5.861674,
 -1.688520 5.705815,
 -1.548467 5.229712,
 -1.744155 6.168917,
 -0.856729 2.467981,

High-band variance
 92.721710,

Skewness, kurtosis, variance, mean, maximum and minimum of the reconstructed texture
 104.000000 255.000000 240.851349 680.040771 -1.922598 6.061419

Auto-correlations of the low-frequency bands at each scale
 328.138824 308.900055 294.290436 289.054077 293.787323 306.977081 324.864868 359.570618 332.386475 302.658051 289.148468 301.041199 330.147766 357.958679 409.586670 427.517242 441.678711 446.639282 440.554932 427.475067 411.909546 440.144531 494.086548 546.818848 569.421936 546.818787 494.086548 440.144501 411.909546 427.475037 440.554993 446.639252 441.678711 427.517242 409.586639 357.958679 330.147766 301.041199 289.148499 302.658051 332.386475 359.570618 324.864868 306.977112 293.787323 289.054077 294.290466 308.899994 328.138824,
 318.203033 312.637878 308.978912 308.065033 309.105286 313.115723 319.830322 336.376709 321.685638 305.796295 298.520477 304.256683 319.650513 335.191315 362.966919 369.624268 375.562195 377.951416 374.773254 368.369812 361.018280 377.718994 406.228180 434.873169 447.462708 434.873169 406.228180 377.718994 361.018311 368.369781 374.773254 377.951416 375.562195 369.624268 362.966888 335.191345 319.650452 304.256683 298.520477 305.796295 321.685638 336.376648 319.830383 313.115723 309.105316 308.065033 308.978973 312.637878 318.203033,
 286.291168 284.575745 283.230743 283.236603 284.255035 286.743927 290.247101 310.783356 306.367676 301.486725 299.972076 302.950958 309.184357 314.761627 334.978729 340.619598 345.514801 347.563812 345.378082 340.828033 335.477600 345.573608 360.293671 374.637817 380.939514 374.637817 360.293671 345.573608 335.477570 340.828033 345.378082 347.563782 345.514801 340.619568 334.978729 314.761566 309.184357 302.950958 299.972015 301.486725 306.367676 310.783325 290.247101 286.743927 284.255035 283.236572 283.230743 284.575745 286.291168,
 -11.936838 -3.747663 7.319088 22.416672 41.227062 56.575497 59.467018 -2.964344 7.673531 22.242130 42.015068 59.986927 64.953094 55.178856 9.235093 22.881678 42.312531 62.274643 69.465660 59.269508 41.370338 24.384869 42.144466 62.073669 71.516823 62.073669 42.144466 24.384865 41.370338 59.269508 69.465660 62.274643 42.312538 22.881674 9.235090 55.178856 64.953087 59.986927 42.015068 22.242130 7.673530 -2.964345 59.467022 56.575497 41.227058 22.416668 7.319088 -3.747665 -11.936840,

Auto-correlations of the modulus of each oriented sub-band
 1.579551 1.669103 1.729088 1.740888 1.696902 1.610811 1.503602 1.678701 1.825118 1.916684 1.935863 1.878162 1.750907 1.585275 1.767883 1.987793 2.143267 2.187840 2.111320 1.939268 1.713747 1.762303 2.064263 2.358428 2.493035 2.358428 2.064263 1.762303 1.713747 1.939268 2.111320 2.187840 2.143267 1.987793 1.767882 1.585276 1.750907 1.878161 1.935863 1.916684 1.825118 1.678701 1.503602 1.610811 1.696902 1.740887 1.729088 1.669103 1.579551,
 26.377728 26.986225 27.908094 29.014500 29.979359 30.619314 30.832493 27.976912 29.292997 30.986019 32.542755 33.332260 33.326702 32.681240 30.206356 32.312622 34.711899 36.380058 36.335545 35.075619 33.339909 32.332432 34.694740 37.045628 38.189396 37.045624 34.694740 32.332432 33.339905 35.075619 36.335545 36.380062 34.711895 32.312622 30.206356 32.681236 33.326702 33.332260 32.542763 30.986019 29.292997 27.976913 30.832493 30.619314 29.979359 29.014500 27.908089 26.986229 26.377728,
 62.932594 63.773922 64.514259 64.795464 64.294159 63.325047 62.363056 67.065567 69.670303 72.293915 73.503059 72.183868 69.407211 66.664093 71.078453 75.964516 81.134720 83.616470 81.091759 75.840378 70.856598 72.705620 78.743881 85.267296 88.485016 85.267296 78.743881 72.705620 70.856583 75.840370 81.091759 83.616455 81.134720 75.964500 71.078453 66.664078 69.407211 72.183868 73.503052 72.293907 69.670303 67.065559 62.363045 63.325058 64.294159 64.795471 64.514259 63.773918 62.932590,
 31.427481 31.044128 30.214451 29.043640 27.757090 26.692795 25.939947 33.290012 33.870975 33.766708 32.815918 31.060976 29.157364 27.618803 33.779362 35.600761 36.895866 36.886696 35.052765 32.423447 30.066311 32.491554 35.057819 37.579109 38.798153 37.579109 35.057827 32.491554 30.066311 32.423439 35.052769 36.886696 36.895866 35.600761 33.779354 27.618803 29.157362 31.060976 32.815918 33.766705 33.870979 33.290012 25.939951 26.692793 27.757090 29.043640 30.214451 31.044128 31.427475,
 0.967135 1.151904 1.297163 1.346734 1.276429 1.115038 0.922777 1.000159 1.216491 1.387097 1.447463 1.371241 1.189962 0.971430 1.048987 1.316777 1.540353 1.625579 1.529744 1.300245 1.031754 1.071393 1.380532 1.658685 1.776031 1.658685 1.380532 1.071393 1.031754 1.300245 1.529744 1.625579 1.540353 1.316777 1.048987 0.971430 1.189962 1.371241 1.447463 1.387097 1.216491 1.000158 0.922777 1.115038 1.276428 1.346734 1.297163 1.151904 0.967135,
 14.846567 15.284525 15.785148 16.262775 16.614653 16.760527 16.687729 15.768136 16.630899 17.542223 18.198376 18.428303 18.242237 17.735538 17.016718 18.352985 19.704758 20.458162 20.280590 19.445633 18.349308 18.076319 19.545513 20.936094 21.566128 20.936094 19.545513 18.076319 18.349308 19.445629 20.280590 20.458160 19.704758 18.352983 17.016718 17.735540 18.242239 18.428303 18.198376 17.542225 16.630899 15.768133 16.687731 16.760527 16.614653 16.262777 15.785149 15.284525 14.846567,
 36.410652 37.372360 38.234615 38.499317 37.935162 36.968266 36.184898 38.569675 40.618523 42.614639 43.377083 42.239941 40.089340 38.219292 41.014439 44.427891 47.920605 49.419777 47.608341 43.981606 40.700512 42.000622 46.033035 50.357933 52.409618 50.357933 46.033035 42.000622 40.700512 43.981606 47.608341 49.419777 47.920605 44.427891 41.014446 38.219292 40.089340 42.239941 43.377083 42.614643 40.618523 38.569675 36.184898 36.968266 37.935162 38.499317 38.234627 37.372360 36.410652,
 16.341331 16.528959 16.442093 16.087690 15.571171 15.027700 14.525757 17.324961 17.988884 18.250271 17.962074 17.182304 16.194319 15.317568 17.893724 19.144312 20.093061 20.250832 19.345373 17.851870 16.483522 17.558500 19.123554 20.679127 21.402386 20.679129 19.123554 17.558502 16.483521 17.851868 19.345367 20.250830 20.093063 19.144314 17.893724 15.317567 16.194319 17.182302 17.962074 18.250271 17.988884 17.324961 14.525756 15.027700 15.571168 16.087694 16.442097 16.528961 16.341331,
 0.505468 0.628986 0.725536 0.755101 0.700970 0.582674 0.444255 0.509660 0.647143 0.756575 0.793607 0.741231 0.620005 0.474978 0.523071 0.692672 0.841728 0.899722 0.833461 0.679655 0.507163 0.530136 0.725056 0.909536 0.989747 0.909536 0.725056 0.530136 0.507163 0.679655 0.833461 0.899722 0.841728 0.692672 0.523071 0.474978 0.620005 0.741231 0.793607 0.756575 0.647143 0.509660 0.444255 0.582674 0.700970 0.755101 0.725536 0.628986 0.505468,
 5.392020 5.847708 6.256325 6.576401 6.762074 6.762745 6.577234 5.905515 6.490155 7.038113 7.414073 7.540256 7.388834 6.997381 6.525685 7.294063 8.037598 8.436992 8.327812 7.854199 7.194456 7.028605 7.855291 8.622775 8.972904 8.622775 7.855290 7.028605 7.194457 7.854199 8.327811 8.436992 8.037598 7.294061 6.525685 6.997381 7.388833 7.540255 7.414072 7.038113 6.490154 5.905515 6.577234 6.762744 6.762075 6.576401 6.256325 5.847708 5.392019,
 13.610112 13.879495 14.097118 14.184280 14.032296 13.665949 13.204509 14.862606 15.612957 16.348166 16.717484 16.410479 15.589407 14.658061 16.133804 17.584515 19.064701 19.791035 19.167299 17.657274 16.093416 16.700623 18.544785 20.427197 21.301804 20.427197 18.544785 16.700623 16.093416 17.657274 19.167299 19.791035 19.064701 17.584513 16.133802 14.658060 15.589409 16.410479 16.717482 16.348164 15.612956 14.862604 13.204509 13.665949 14.032297 14.184280 14.097118 13.879495 13.610112,
 6.315761 6.377557 6.284669 6.026219 5.671868 5.318436 5.010778 6.990687 7.304239 7.400717 7.217496 6.803976 6.280382 5.786811 7.411314 8.029529 8.480797 8.562001 8.131366 7.372165 6.634066 7.275683 8.081546 8.863107 9.225635 8.863107 8.081546 7.275682 6.634067 7.372165 8.131366 8.562001 8.480798 8.029528 7.411314 5.786811 6.280382 6.803976 7.217495 7.400718 7.304237 6.990686 5.010778 5.318435 5.671868 6.026218 6.284669 6.377558 6.315760,

Pairwise cross-correlations of the modulus of all oriented sub-bands at the same scale (size QxQ)
 2.493034 4.740187 6.668430 5.227583 4.740187 38.189392 42.200565 7.732759 6.668430 42.200565 88.485001 41.526825 5.227583 7.732759 41.526825 38.798145,
 1.776031 2.682086 3.846267 2.832275 2.682086 21.566128 24.227234 4.075589 3.846267 24.227234 52.409607 23.945436 2.832275 4.075589 23.945436 21.402384,
 0.989747 1.255405 2.031447 1.452756 1.255405 8.972903 9.751379 1.389832 2.031447 9.751379 21.301804 9.900165 1.452756 1.389832 9.900165 9.225634,

Cross-correlations of the modulus of all oriented sub-bands with all oriented sub-bands at the coarser scale (size QxQ)
 1.619475 2.874996 4.328070 3.027280 3.172406 20.915155 23.767200 4.439304 4.823859 23.302954 46.358295 22.168650 3.355410 4.622082 23.016714 20.328400,
 1.032987 1.420892 2.275396 1.605715 1.659001 10.169631 12.326825 2.490484 2.862908 11.061336 23.274727 11.260939 1.874110 1.690855 10.687834 9.671172,

Cross-correlations of the real part of each oriented sub-band with both the real and imaginary part of all phase-doubled oriented sub-bands at the next coarser scale (Q matrices of size 1x2Q, which are computed and stored in a matrix of size Qx2Q)
 0.150961 -0.383197 -0.407578 -0.465290 -0.000346 0.028840 0.063905 0.062599 -0.275552 -3.036463 -2.655036 -0.450518 0.035139 0.170927 0.159157 0.060340 -0.533049 -3.113153 -5.232269 -2.890527 -0.011486 0.134383 0.412348 0.329931 -0.445315 -0.499459 -2.493565 -3.054266 -0.062291 0.022301 0.357190 0.356890,
 0.287086 -0.042756 -0.009384 0.010332 0.013118 0.159419 0.121441 0.092699 0.012396 -0.450104 -0.122015 -0.008467 0.172459 1.224550 1.321774 0.141170 -0.074229 -0.358718 0.238499 0.178287 0.087208 1.129728 1.984356 0.340812 0.058211 -0.032879 0.376227 0.203310 -0.071028 0.138453 0.495507 0.300884,
