Low-band skewness and kurtosis
 -1.321133 4.168300,
 -1.103724 3.598908,
 -0.841589 2.877395,
 -0.759930 2.727683,
 -0.061905 1.607687,

High-band variance
 104.267899,

Skewness, kurtosis, variance, mean, maximum and minimum of the reconstructed texture
 114.000000 255.000000 240.506973 557.598816 -1.570513 4.625784

Auto-correlations of the low-frequency bands at each scale
 137.623505 127.496857 121.912910 120.630936 122.397133 127.181091 135.024231 165.624588 143.154312 123.024376 114.754837 122.305000 142.123367 165.127930 263.612366 276.229218 285.020172 287.801849 283.994293 276.763000 268.806305 336.816833 379.542480 416.608704 431.783295 416.608704 379.542480 336.816833 268.806305 276.762970 283.994263 287.801849 285.020172 276.229218 263.612366 165.127930 142.123383 122.305000 114.754814 123.024376 143.154282 165.624573 135.024231 127.181099 122.397133 120.630943 121.912910 127.496834 137.623505,
 131.156540 124.364792 120.959427 119.986671 119.731834 121.248611 125.383614 140.073669 125.373901 112.491310 106.810844 110.207603 121.909912 137.222092 196.261978 203.966827 209.755600 212.026672 209.715042 205.495743 201.367828 242.243179 268.905701 292.111755 301.766876 292.111786 268.905701 242.243179 201.367828 205.495712 209.715027 212.026627 209.755600 203.966827 196.261978 137.222092 121.909927 110.207581 106.810844 112.491325 125.373901 140.073685 125.383614 121.248611 119.731812 119.986679 120.959442 124.364799 131.156555,
 128.533752 123.939178 121.525299 120.765854 120.453400 120.976509 122.611748 136.298279 127.834648 120.368576 117.219032 119.325745 126.148987 134.691223 161.359680 166.104507 169.718430 170.898682 169.008087 166.373230 164.679794 182.025009 197.082062 211.019974 216.994583 211.019974 197.082062 182.025009 164.679764 166.373230 169.008057 170.898712 169.718399 166.104507 161.359680 134.691208 126.148979 119.325745 117.219025 120.368576 127.834633 136.298279 122.611748 120.976509 120.453400 120.765846 121.525291 123.939178 128.533752,
 14.249352 18.468395 21.886356 25.283728 29.943169 34.986301 37.063862 18.355820 21.244566 24.443417 30.054535 36.402767 39.087650 36.446110 21.363995 24.350822 30.356750 38.114979 41.377850 37.723156 31.300858 25.223091 30.792700 38.576855 42.624184 38.576859 30.792702 25.223091 31.300854 37.723148 41.377850 38.114979 30.356749 24.350824 21.363995 36.446110 39.087650 36.402767 30.054531 24.443417 21.244566 18.355820 37.063862 34.986301 29.943169 25.283731 21.886356 18.468403 14.249357,

Auto-correlations of the modulus of each oriented sub-band
 0.775778 0.866355 0.936560 0.968339 0.947267 0.875591 0.772713 0.843180 0.964677 1.062740 1.104201 1.073967 0.982399 0.855807 0.934637 1.106448 1.239113 1.297405 1.261337 1.134251 0.953371 0.986485 1.218550 1.445632 1.549088 1.445632 1.218551 0.986485 0.953371 1.134251 1.261337 1.297405 1.239113 1.106448 0.934637 0.855807 0.982399 1.073966 1.104201 1.062740 0.964677 0.843180 0.772713 0.875591 0.947267 0.968339 0.936560 0.866355 0.775778,
 13.016396 13.528215 14.201558 14.896276 15.400926 15.712152 15.925786 14.926558 16.084616 17.433130 18.472473 18.774569 18.549040 18.149536 17.414843 19.242508 21.268314 22.488405 22.147787 20.911026 19.603832 19.339684 21.290840 23.377289 24.408520 23.377289 21.290840 19.339684 19.603834 20.911022 22.147787 22.488405 21.268314 19.242508 17.414843 18.149536 18.549040 18.774565 18.472473 17.433128 16.084612 14.926556 15.925785 15.712152 15.400927 14.896274 14.201555 13.528216 13.016396,
 45.150051 46.576595 48.128929 48.870312 48.329441 47.141510 46.043583 51.033978 54.800919 59.091412 61.197968 59.525867 55.860313 52.618713 57.502960 64.031853 71.661903 75.424889 72.017303 64.888863 58.772194 60.884972 68.580093 77.696503 82.239357 77.696510 68.580093 60.884972 58.772190 64.888863 72.017303 75.424904 71.661903 64.031853 57.502968 52.618713 55.860317 59.525856 61.197960 59.091419 54.800919 51.033978 46.043571 47.141510 48.329433 48.870300 48.128929 46.576588 45.150051,
 16.437094 16.255781 15.928087 15.327157 14.464907 13.596082 12.943474 18.453848 19.001127 19.387552 19.123558 17.948547 16.377783 15.061383 19.674522 21.195261 22.732586 23.214972 21.853777 19.547367 17.532425 19.359188 21.526150 23.943161 25.140375 23.943161 21.526152 19.359184 17.532423 19.547367 21.853779 23.214972 22.732588 21.195259 19.674524 15.061382 16.377783 17.948549 19.123558 19.387554 19.001127 18.453848 12.943474 13.596082 14.464909 15.327157 15.928090 16.255781 16.437092,
 0.647941 0.829454 0.978110 1.035191 0.973400 0.817929 0.628282 0.678711 0.875899 1.033371 1.093787 1.031018 0.867639 0.663280 0.707841 0.939699 1.136196 1.217734 1.142454 0.944812 0.707628 0.727428 0.993380 1.237550 1.342448 1.237550 0.993380 0.727428 0.707628 0.944812 1.142454 1.217734 1.136197 0.939700 0.707842 0.663280 0.867639 1.031018 1.093787 1.033371 0.875899 0.678711 0.628282 0.817929 0.973400 1.035191 0.978110 0.829454 0.647941,
 8.435880 8.831518 9.288407 9.712710 9.955026 9.948673 9.786448 9.296974 10.155968 11.065331 11.690781 11.818983 11.483973 10.906744 10.481219 11.823921 13.239563 14.003502 13.713984 12.756113 11.642590 11.470857 12.936997 14.432341 15.142910 14.432342 12.936997 11.470857 11.642590 12.756113 13.713984 14.003502 13.239564 11.823921 10.481220 10.906745 11.483972 11.818983 11.690781 11.065332 10.155970 9.296972 9.786448 9.948673 9.955024 9.712710 9.288409 8.831518 8.435879,
 26.505617 27.750689 29.105736 29.903151 29.667782 28.592350 27.294788 29.288809 32.248005 35.478607 37.179546 36.183655 33.313450 30.327040 32.533653 37.584507 43.102539 45.813206 43.592106 38.339485 33.300728 34.312824 40.352654 46.921028 50.014191 46.921032 40.352654 34.312817 33.300732 38.339474 43.592106 45.813206 43.102539 37.584507 32.533649 30.327045 33.313454 36.183655 37.179546 35.478611 32.247997 29.288803 27.294792 28.592348 29.667782 29.903151 29.105736 27.750692 26.505613,
 9.258422 9.285013 9.250711 9.044920 8.638973 8.135661 7.655777 10.270782 10.758049 11.103092 11.045609 10.437195 9.474012 8.554701 10.907523 12.028081 13.060496 13.426753 12.650197 11.162591 9.756751 10.722851 12.256343 13.848147 14.609489 13.848150 12.256343 10.722851 9.756751 11.162593 12.650197 13.426754 13.060496 12.028081 10.907524 8.554701 9.474012 10.437194 11.045610 11.103092 10.758050 10.270782 7.655777 8.135663 8.638973 9.044921 9.250711 9.285013 9.258422,
 0.402922 0.552555 0.688678 0.748362 0.700015 0.570479 0.420665 0.429663 0.588078 0.727799 0.789056 0.740325 0.604353 0.441791 0.463150 0.647202 0.814900 0.889232 0.827123 0.663465 0.477827 0.490972 0.699494 0.899488 0.986732 0.899488 0.699494 0.490972 0.477827 0.663465 0.827123 0.889232 0.814900 0.647202 0.463150 0.441791 0.604353 0.740325 0.789056 0.727799 0.588078 0.429663 0.420665 0.570479 0.700015 0.748362 0.688678 0.552555 0.402922,
 4.044073 4.421167 4.816025 5.162152 5.389598 5.458636 5.366932 4.624155 5.282535 5.922185 6.363039 6.499747 6.331159 5.949924 5.447114 6.419358 7.347396 7.823392 7.667768 7.071624 6.309198 6.127821 7.161025 8.135826 8.573462 8.135826 7.161025 6.127821 6.309197 7.071623 7.667768 7.823394 7.347397 6.419357 5.447114 5.949924 6.331159 6.499747 6.363039 5.922185 5.282534 4.624155 5.366932 5.458636 5.389597 5.162153 4.816025 4.421167 4.044073,
 12.511820 13.204741 13.689700 13.742253 13.306094 12.641744 12.101954 13.762480 15.456898 17.061409 17.688396 16.885040 15.284634 13.825270 15.338430 18.303724 21.417179 22.814497 21.360390 18.300373 15.528955 16.174435 19.689302 23.572983 25.429405 23.572983 19.689301 16.174435 15.528953 18.300373 21.360388 22.814497 21.417179 18.303724 15.338430 13.825268 15.284635 16.885040 17.688396 17.061409 15.456893 13.762478 12.101953 12.641745 13.306093 13.742251 13.689699 13.204739 12.511818,
 4.530975 4.705367 4.762136 4.642204 4.387931 4.065826 3.735649 5.044144 5.498183 5.827204 5.844593 5.493845 4.905988 4.314154 5.436918 6.223225 6.967457 7.260383 6.804275 5.870030 4.971875 5.425360 6.419933 7.472326 7.974659 7.472326 6.419932 5.425360 4.971874 5.870031 6.804275 7.260384 6.967456 6.223225 5.436918 4.314154 4.905988 5.493845 5.844593 5.827204 5.498183 5.044144 3.735649 4.065826 4.387931 4.642204 4.762136 4.705367 4.530975,

Pairwise cross-correlations of the modulus of all oriented sub-bands at the same scale (size QxQ)
 1.549088 2.691976 3.915861 2.854709 2.691976 24.408516 35.190784 10.392944 3.915861 35.190784 82.239365 34.942238 2.854709 10.392944 34.942238 25.140369,
 1.342448 1.556368 2.395953 1.690713 1.556368 15.142910 21.839706 5.883420 2.395953 21.839706 50.014194 20.365944 1.690713 5.883420 20.365944 14.609488,
 0.986732 1.021008 1.367284 1.086198 1.021008 8.573462 11.867557 3.058429 1.367284 11.867557 25.429405 10.164982 1.086198 3.058429 10.164982 7.974658,

Cross-correlations of the modulus of all oriented sub-bands with all oriented sub-bands at the coarser scale (size QxQ)
 1.149274 1.768076 2.805959 1.822500 1.893168 11.918938 18.462782 6.613839 3.049974 17.780823 37.112560 17.864496 2.039369 6.336360 17.569534 12.188784,
 0.930109 1.051961 1.380711 1.053192 1.233078 6.267073 9.422986 3.137328 2.159775 9.261038 18.475225 8.905971 1.329418 3.385647 8.745975 6.359350,

Cross-correlations of the real part of each oriented sub-band with both the real and imaginary part of all phase-doubled oriented sub-bands at the next coarser scale (Q matrices of size 1x2Q, which are computed and stored in a matrix of size Qx2Q)
 0.206769 -0.284570 -0.330386 -0.411519 0.000201 0.013072 -0.006316 -0.016228 -0.213622 -5.010940 -6.835242 -1.602662 0.003874 -0.139348 -0.041361 0.056947 -0.516416 -7.518079 -17.249792 -8.226274 -0.006360 -0.288959 0.038167 0.184349 -0.295567 -1.684002 -7.204041 -6.133369 -0.005892 -0.065543 0.046190 0.049853,
 0.260677 -0.111418 -0.172911 -0.231977 -0.008553 -0.007829 0.006436 0.074031 -0.027121 -2.226809 -2.785996 -0.563391 0.002326 -0.580032 -0.178869 0.102794 -0.262538 -3.034026 -6.813704 -3.359232 -0.024006 -0.693412 0.883445 0.831614 -0.119407 -0.544797 -2.885915 -2.896935 -0.042832 -0.038087 0.794537 0.760306,
