Low-band skewness and kurtosis
 -1.716429 5.499861,
 -1.544555 4.921897,
 -1.389976 4.355955,
 -1.625889 5.397964,
 -0.851153 2.347478,

High-band variance
 96.476562,

Skewness, kurtosis, variance, mean, maximum and minimum of the reconstructed texture
 107.000000 255.000000 240.804794 670.349915 -1.876429 5.821935

Auto-correlations of the low-frequency bands at each scale
 303.102295 281.139679 261.721436 251.756027 252.231537 261.573395 277.512512 324.479370 303.987122 277.757233 263.382324 271.927460 299.157715 329.407806 372.014252 398.845245 420.414215 429.281372 425.494720 415.554504 403.074463 422.965912 479.855438 533.305481 555.875061 533.305420 479.855530 422.965912 403.074463 415.554535 425.494720 429.281342 420.414215 398.845154 372.014221 329.407806 299.157745 271.927460 263.382324 277.757263 303.987122 324.479370 277.512512 261.573395 252.231537 251.756027 261.721375 281.139679 303.102295,
 291.904572 277.816406 266.547546 261.787689 261.876770 265.548950 272.112732 303.956085 286.015503 263.582367 250.406982 254.469498 273.325867 295.567902 319.874756 335.326996 347.180145 350.712189 346.621246 341.038391 336.654083 345.016693 381.970886 418.656708 434.589264 418.656769 381.970886 345.016693 336.654083 341.038391 346.621216 350.712189 347.180176 335.326935 319.874786 295.567902 273.325867 254.469467 250.406982 263.582428 286.015503 303.956085 272.112732 265.549011 261.876770 261.787689 266.547577 277.816345 291.904572,
 271.758545 266.685791 263.552856 263.325592 263.954132 264.787079 266.263275 283.053314 275.083008 265.481567 260.716797 263.682678 272.499725 281.554871 296.262817 304.079224 309.791107 310.909393 307.890350 304.468567 301.945221 309.007263 326.730072 344.852997 352.930420 344.852997 326.730042 309.007263 301.945282 304.468597 307.890350 310.909393 309.791107 304.079163 296.262817 281.554871 272.499695 263.682678 260.716797 265.481567 275.082947 283.053284 266.263275 264.787109 263.954102 263.325592 263.552826 266.685760 271.758545,
 -3.859418 4.510734 13.422940 22.966724 33.357464 41.262192 42.082066 3.589631 12.135697 21.592018 33.091228 43.041744 45.563244 39.858017 11.717669 21.184902 33.224216 45.182564 49.384987 43.386742 32.620998 21.859152 33.407608 45.638935 51.388828 45.638935 33.407608 21.859152 32.620995 43.386734 49.384987 45.182564 33.224213 21.184902 11.717669 39.858017 45.563240 43.041744 33.091228 21.592016 12.135699 3.589631 42.082066 41.262192 33.357464 22.966722 13.422937 4.510736 -3.859419,

Auto-correlations of the modulus of each oriented sub-band
 1.545424 1.617060 1.638377 1.606052 1.524505 1.412627 1.294146 1.625184 1.767789 1.848759 1.847515 1.761057 1.606394 1.422399 1.678268 1.925722 2.096220 2.135284 2.034308 1.829089 1.576755 1.665117 1.992538 2.303517 2.443558 2.303516 1.992538 1.665117 1.576756 1.829089 2.034308 2.135283 2.096219 1.925722 1.678268 1.422399 1.606393 1.761057 1.847515 1.848759 1.767789 1.625184 1.294146 1.412627 1.524506 1.606052 1.638377 1.617061 1.545424,
 25.415781 26.133102 27.062775 28.046392 28.859312 29.419641 29.698109 27.100054 28.606129 30.325384 31.760645 32.471088 32.499405 32.019592 29.660372 31.977867 34.388393 35.938732 35.913544 34.743252 33.092186 32.113899 34.580624 36.887005 37.937847 36.887001 34.580624 32.113899 33.092186 34.743248 35.913544 35.938732 34.388386 31.977863 29.660370 32.019592 32.499401 32.471096 31.760641 30.325378 28.606129 27.100050 29.698107 29.419645 28.859320 28.046394 27.062773 26.133097 25.415787,
 59.924835 60.981369 61.927860 62.354599 62.011524 61.244858 60.376034 63.622162 66.618462 69.690369 71.201653 70.087471 67.479698 64.835030 67.660988 72.988358 78.749191 81.595543 79.145309 73.792274 68.736649 69.897209 76.245049 83.222305 86.648834 83.222298 76.245049 69.897194 68.736656 73.792267 79.145294 81.595520 78.749191 72.988350 67.660965 64.835037 67.479706 70.087463 71.201653 69.690361 66.618454 63.622158 60.376030 61.244869 62.011524 62.354607 61.927856 60.981361 59.924839,
 27.339197 26.918331 26.050209 24.857780 23.525156 22.414192 21.657646 28.744514 29.379461 29.393620 28.543266 26.761662 24.790623 23.258354 28.928673 30.850967 32.386543 32.557423 30.650326 27.866251 25.484758 27.676939 30.319706 33.084167 34.462482 33.084164 30.319706 27.676939 25.484762 27.866247 30.650326 32.557423 32.386543 30.850967 28.928669 23.258354 24.790619 26.761662 28.543264 29.393620 29.379459 28.744514 21.657642 22.414194 23.525156 24.857784 26.050211 26.918331 27.339195,
 1.189484 1.370929 1.498484 1.526514 1.440049 1.268093 1.068354 1.241436 1.464502 1.622857 1.659791 1.558801 1.355962 1.121838 1.272044 1.566310 1.803264 1.882139 1.760472 1.495406 1.195753 1.266653 1.614576 1.930905 2.065516 1.930905 1.614576 1.266653 1.195753 1.495406 1.760472 1.882139 1.803264 1.566310 1.272044 1.121838 1.355962 1.558801 1.659791 1.622857 1.464502 1.241436 1.068354 1.268093 1.440048 1.526514 1.498484 1.370929 1.189484,
 17.474606 18.034357 18.664474 19.244875 19.618404 19.717772 19.595526 18.663912 19.719833 20.825411 21.655329 21.972939 21.780817 21.224224 20.290987 21.857534 23.417583 24.331842 24.217083 23.352131 22.158199 21.743799 23.401731 24.936172 25.624250 24.936172 23.401731 21.743801 22.158201 23.352131 24.217087 24.331839 23.417583 21.857534 20.290987 21.224226 21.780817 21.972940 21.655329 20.825411 19.719833 18.663912 19.595528 19.717770 19.618406 19.244879 18.664471 18.034357 17.474606,
 38.311260 39.369190 40.574654 41.343662 41.243340 40.612232 39.999557 40.526043 42.864449 45.497257 47.041088 46.454281 44.492168 42.474915 43.076336 46.961884 51.269485 53.578655 52.062168 48.233624 44.491013 44.758698 49.351246 54.320732 56.717930 54.320732 49.351246 44.758698 44.491013 48.233627 52.062172 53.578655 51.269485 46.961884 43.076336 42.474918 44.492172 46.454273 47.041088 45.497261 42.864445 40.526043 39.999557 40.612236 41.243332 41.343658 40.574657 39.369190 38.311260,
 20.067591 20.018101 19.589808 18.890909 18.113235 17.434992 16.923075 20.918463 21.571251 21.679787 21.163439 20.118591 18.872004 17.820396 21.049852 22.525589 23.608536 23.727892 22.580065 20.737108 19.063030 20.315460 22.223154 24.103228 24.970726 24.103228 22.223158 20.315460 19.063030 20.737110 22.580063 23.727890 23.608536 22.525589 21.049850 17.820393 18.872004 20.118591 21.163439 21.679789 21.571251 20.918463 16.923075 17.434990 18.113239 18.890909 19.589808 20.018101 20.067593,
 0.562503 0.706540 0.821731 0.860685 0.803156 0.673706 0.523561 0.603120 0.762786 0.886901 0.927897 0.861644 0.711366 0.539858 0.619159 0.814247 0.985149 1.049131 0.964559 0.777748 0.577467 0.614619 0.842347 1.066381 1.166272 1.066381 0.842347 0.614619 0.577467 0.777748 0.964559 1.049131 0.985149 0.814247 0.619159 0.539858 0.711366 0.861644 0.927897 0.886901 0.762785 0.603120 0.523561 0.673706 0.803156 0.860685 0.821731 0.706540 0.562503,
 7.126096 7.419133 7.740916 8.008110 8.131843 8.105377 7.968396 7.776351 8.328328 8.904946 9.311423 9.393703 9.173078 8.769568 8.484706 9.358821 10.232872 10.710086 10.552553 9.953732 9.198697 9.046886 10.029622 10.970812 11.399978 10.970813 10.029622 9.046886 9.198697 9.953732 10.552553 10.710086 10.232873 9.358821 8.484706 8.769567 9.173079 9.393701 9.311423 8.904945 8.328328 7.776351 7.968395 8.105377 8.131843 8.008110 7.740916 7.419131 7.126096,
 18.113834 18.607626 19.091578 19.189026 18.707623 18.004168 17.469065 19.268061 20.590750 22.010450 22.634628 21.866091 20.334246 18.971455 20.311245 22.530392 25.026293 26.245073 25.050261 22.539566 20.288054 20.785887 23.422476 26.417953 27.902164 26.417955 23.422472 20.785887 20.288050 22.539566 25.050261 26.245073 25.026293 22.530390 20.311245 18.971453 20.334246 21.866089 22.634626 22.010447 20.590746 19.268057 17.469063 18.004168 18.707619 19.189026 19.091578 18.607626 18.113834,
 8.711591 8.852339 8.790350 8.486964 8.064364 7.641204 7.242565 9.391043 9.981375 10.266153 10.099030 9.526413 8.729780 7.965632 9.668496 10.711667 11.554263 11.767188 11.099850 9.897418 8.759060 9.410899 10.678926 11.953734 12.544889 11.953734 10.678926 9.410898 8.759060 9.897418 11.099850 11.767188 11.554262 10.711667 9.668497 7.965631 8.729778 9.526413 10.099030 10.266153 9.981373 9.391042 7.242565 7.641204 8.064363 8.486962 8.790350 8.852338 8.711591,

Pairwise cross-correlations of the modulus of all oriented sub-bands at the same scale (size QxQ)
 2.443558 3.918985 6.294425 5.432902 3.918985 37.937847 44.967693 8.180182 6.294425 44.967693 86.648857 36.302380 5.432902 8.180182 36.302380 34.462490,
 2.065516 2.442457 4.188875 4.053071 2.442457 25.624252 29.574308 3.575413 4.188875 29.574308 56.717934 23.098959 4.053071 3.575413 23.098959 24.970728,
 1.166272 1.404857 2.402622 2.010285 1.404857 11.399977 13.483067 2.568231 2.402622 13.483067 27.902164 12.810217 2.010285 2.568231 12.810217 12.544888,

Cross-correlations of the modulus of all oriented sub-bands with all oriented sub-bands at the coarser scale (size QxQ)
 1.734534 2.573379 4.318737 3.634234 2.592668 21.844175 25.605223 4.103443 4.655960 26.361864 46.491913 20.250196 3.894902 4.942864 20.903990 20.483047,
 1.205873 1.409392 2.503518 2.213431 1.803266 12.086181 14.727458 2.697511 3.292492 14.473744 26.831711 12.585478 2.397146 2.363267 12.266277 12.518751,

Cross-correlations of the real part of each oriented sub-band with both the real and imaginary part of all phase-doubled oriented sub-bands at the next coarser scale (Q matrices of size 1x2Q, which are computed and stored in a matrix of size Qx2Q)
 -0.001418 -0.424724 -0.764417 -1.039668 0.000830 0.024925 0.001793 -0.004496 -0.322155 -5.002971 -4.488435 -0.571640 0.010264 0.286580 0.808554 0.166118 -0.892687 -5.436207 -8.008225 -4.776944 0.000026 0.454857 1.828583 0.406205 -1.002253 -0.703705 -4.126256 -6.030404 -0.011494 0.127222 0.541124 0.094498,
 0.233929 -0.042439 -0.095155 -0.168023 -0.072378 -0.027255 0.027789 0.124567 0.009550 -0.761004 -0.741930 -0.278017 -0.033963 -0.217849 -0.008633 0.155055 -0.189510 -0.980010 -2.413479 -1.785058 -0.056710 -0.084803 0.842826 0.867145 -0.125078 -0.215382 -1.424129 -1.614463 -0.114844 0.069624 0.716332 0.822838,
