Low-band skewness and kurtosis
 -1.934441 6.471682,
 -1.856405 6.370689,
 -1.799621 6.470861,
 -1.554587 7.402252,
 -0.850546 2.762126,

High-band variance
 86.741821,

Skewness, kurtosis, variance, mean, maximum and minimum of the reconstructed texture
 103.000000 255.000000 241.093826 715.692261 -2.023078 6.484695

Auto-correlations of the low-frequency bands at each scale
 374.327026 356.750427 345.812744 343.561005 349.984528 364.368073 382.845428 417.277954 391.849030 364.592926 352.931610 364.357147 390.714722 414.733246 465.272217 483.788147 496.553253 500.347748 492.886230 476.902008 457.790710 484.840393 539.227112 590.784058 612.549377 590.784058 539.227051 484.840393 457.790680 476.902008 492.886230 500.347748 496.553284 483.788055 465.272125 414.733154 390.714722 364.357147 352.931641 364.592896 391.848969 417.277954 382.845428 364.368103 349.984528 343.561035 345.812744 356.750427 374.326996,
 355.644531 344.226593 337.448425 336.505707 340.829987 350.821259 364.181000 379.577301 362.569305 345.680695 340.063690 349.438324 368.576660 386.001923 405.250061 417.723297 427.631958 432.311218 429.121460 420.050079 408.725037 418.737823 454.647705 489.139923 503.887329 489.139923 454.647705 418.737823 408.724976 420.050049 429.121368 432.311157 427.631958 417.723328 405.250061 386.001923 368.576660 349.438324 340.063690 345.680725 362.569336 379.577240 364.181000 350.821198 340.829956 336.505768 337.448425 344.226685 355.644501,
 322.741119 320.722656 319.771027 319.822968 320.122528 321.530365 324.134583 349.806152 344.449707 337.928528 336.263824 341.541534 350.973541 357.985016 368.471558 378.100128 386.348816 391.420197 391.337128 386.814453 379.099792 380.507263 402.558319 423.365814 432.270508 423.365814 402.558319 380.507263 379.099731 386.814453 391.337067 391.420197 386.348816 378.100098 368.471558 357.985046 350.973572 341.541534 336.263794 337.928528 344.449646 349.806152 324.134583 321.530365 320.122589 319.822937 319.771057 320.722656 322.741089,
 -19.623461 -15.569074 -5.359408 16.910147 46.827732 66.982346 66.613907 -14.096777 -4.936657 14.873396 46.180164 73.108276 77.986465 62.990837 -2.191909 15.639519 45.670452 76.785194 87.031296 71.024200 44.980358 19.061968 45.487694 76.155556 90.734383 76.155556 45.487694 19.061968 44.980354 71.024193 87.031296 76.785194 45.670460 15.639523 -2.191904 62.990845 77.986458 73.108276 46.180164 14.873397 -4.936649 -14.096778 66.613907 66.982338 46.827732 16.910145 -5.359411 -15.569072 -19.623461,

Auto-correlations of the modulus of each oriented sub-band
 1.368908 1.465407 1.541686 1.580752 1.569872 1.516045 1.433667 1.447585 1.606737 1.728167 1.778463 1.755100 1.664624 1.525931 1.569541 1.789145 1.952840 2.026165 1.988862 1.839792 1.617615 1.617377 1.891836 2.159942 2.284146 2.159942 1.891836 1.617377 1.617615 1.839792 1.988862 2.026165 1.952840 1.789145 1.569541 1.525931 1.664624 1.755100 1.778462 1.728167 1.606737 1.447585 1.433667 1.516045 1.569873 1.580752 1.541686 1.465407 1.368908,
 24.533392 25.097248 26.013367 27.223503 28.470123 29.561623 30.294125 25.897625 27.133461 28.757439 30.409407 31.545731 32.067013 31.925241 28.146814 30.083445 32.260338 33.912174 34.197754 33.445454 32.113689 30.603764 32.677490 34.629223 35.574589 34.629219 32.677494 30.603767 32.113686 33.445446 34.197754 33.912174 32.260330 30.083445 28.146811 31.925245 32.067013 31.545731 30.409407 28.757437 27.133461 25.897623 30.294125 29.561623 28.470125 27.223501 26.013365 25.097250 24.533394,
 61.001568 61.192493 61.468433 61.675068 61.508110 61.092190 60.728680 64.943481 66.453712 67.978554 68.725060 67.898842 66.118179 64.375809 68.744530 72.125870 75.546616 77.166832 75.438164 71.791588 68.247200 70.171341 74.551437 79.094025 81.291954 79.094025 74.551437 70.171341 68.247215 71.791573 75.438164 77.166824 75.546600 72.125870 68.744530 64.375801 66.118172 67.898842 68.725060 67.978546 66.453712 64.943481 60.728680 61.092194 61.508118 61.675068 61.468430 61.192486 61.001568,
 32.506466 31.849941 30.892803 29.792608 28.680346 27.728411 27.043440 34.607746 34.754932 34.324409 33.313477 31.752630 30.065268 28.683758 35.194511 36.534935 37.332027 37.109066 35.512779 33.262020 31.189909 33.790363 35.942112 37.945709 38.884281 37.945709 35.942116 33.790359 31.189909 33.262016 35.512779 37.109066 37.332024 36.534943 35.194511 28.683762 30.065264 31.752628 33.313477 34.324409 34.754932 34.607746 27.043440 27.728411 28.680351 29.792608 30.892803 31.849945 32.506466,
 1.061170 1.235700 1.374768 1.425074 1.366838 1.227483 1.059763 1.101317 1.311104 1.477428 1.537843 1.467929 1.298362 1.093453 1.148323 1.419997 1.648692 1.739268 1.646101 1.413976 1.142182 1.172887 1.483232 1.760057 1.875977 1.760057 1.483232 1.172887 1.142182 1.413976 1.646101 1.739268 1.648692 1.419997 1.148323 1.093453 1.298362 1.467929 1.537843 1.477428 1.311104 1.101317 1.059764 1.227483 1.366838 1.425074 1.374768 1.235700 1.061170,
 16.989302 17.416487 17.970839 18.673618 19.440258 20.101660 20.514944 17.795521 18.750433 19.874273 20.947708 21.763863 22.127796 21.938759 19.332376 20.862030 22.464581 23.580893 23.843370 23.331081 22.270906 21.161448 22.796970 24.233534 24.860762 24.233540 22.796974 21.161446 22.270908 23.331081 23.843365 23.580893 22.464582 20.862032 19.332376 21.938761 22.127796 21.763863 20.947708 19.874275 18.750435 17.795523 20.514948 20.101662 19.440258 18.673618 17.970839 17.416487 16.989304,
 36.302544 36.614807 36.986599 37.291470 37.436134 37.527981 37.568935 38.923374 40.255516 41.517597 42.218098 42.033562 41.261944 40.290752 42.030777 44.659492 47.086189 48.258995 47.475166 45.385624 42.988010 43.815426 47.001705 49.922722 51.216988 49.922722 47.001713 43.815426 42.988010 45.385624 47.475166 48.258995 47.086189 44.659485 42.030777 40.290752 41.261944 42.033562 42.218098 41.517597 40.255516 38.923374 37.568935 37.527988 37.436134 37.291470 36.986599 36.614803 36.302544,
 21.047293 20.749144 20.186941 19.500975 18.833006 18.271486 17.816248 22.409693 22.699827 22.444008 21.736431 20.752499 19.722309 18.850550 22.825373 23.928553 24.496571 24.291231 23.261639 21.798801 20.400297 21.991812 23.562969 24.933962 25.533361 24.933964 23.562969 21.991812 20.400295 21.798800 23.261635 24.291227 24.496572 23.928553 22.825373 18.850550 19.722309 20.752497 21.736433 22.444008 22.699827 22.409693 17.816252 18.271486 18.833006 19.500975 20.186945 20.749146 21.047293,
 0.517685 0.656959 0.776704 0.824481 0.777861 0.661044 0.525308 0.550388 0.696503 0.821329 0.869596 0.818360 0.692911 0.547666 0.569601 0.738175 0.894120 0.962398 0.901323 0.745977 0.572569 0.582596 0.776318 0.963355 1.045005 0.963356 0.776318 0.582596 0.572569 0.745977 0.901323 0.962398 0.894120 0.738175 0.569601 0.547666 0.692911 0.818360 0.869596 0.821329 0.696503 0.550388 0.525308 0.661044 0.777861 0.824481 0.776704 0.656959 0.517685,
 8.055823 8.777180 9.462758 10.086346 10.595545 10.904744 10.951366 9.294338 10.155201 10.973180 11.618200 12.010086 12.088886 11.831421 10.587273 11.608943 12.575943 13.159731 13.202032 12.807706 12.131932 11.653831 12.638348 13.497756 13.869692 13.497756 12.638348 11.653831 12.131932 12.807707 13.202033 13.159729 12.575945 11.608943 10.587273 11.831420 12.088886 12.010085 11.618198 10.973179 10.155200 9.294336 10.951365 10.904742 10.595545 10.086346 9.462758 8.777180 8.055823,
 16.111706 16.723782 17.347229 17.796919 17.792446 17.497887 17.176544 17.744511 18.912813 20.070972 20.794558 20.623341 19.889643 19.070265 19.498873 21.273293 23.024246 23.973429 23.432861 21.996578 20.461117 20.629587 22.600191 24.524378 25.435823 24.524378 22.600189 20.629587 20.461117 21.996578 23.432861 23.973429 23.024246 21.273289 19.498869 19.070267 19.889643 20.623341 20.794558 20.070972 18.912809 17.744514 17.176544 17.497887 17.792446 17.796919 17.347229 16.723782 16.111706,
 8.556289 8.654120 8.565524 8.326461 7.973784 7.546915 7.077536 9.242651 9.612060 9.708606 9.526004 9.093507 8.487756 7.843429 9.615189 10.346021 10.823524 10.883162 10.421588 9.593396 8.713078 9.419677 10.371011 11.197183 11.555047 11.197183 10.371011 9.419677 8.713078 9.593397 10.421588 10.883162 10.823524 10.346021 9.615189 7.843429 8.487755 9.093506 9.526003 9.708606 9.612060 9.242651 7.077537 7.546913 7.973785 8.326461 8.565524 8.654119 8.556289,

Pairwise cross-correlations of the modulus of all oriented sub-bands at the same scale (size QxQ)
 2.284146 4.775533 6.396373 4.620959 4.775533 35.574593 37.098007 5.724893 6.396373 37.098007 81.291962 40.764332 4.620959 5.724893 40.764332 38.884281,
 1.875977 3.294432 4.296658 2.978436 3.294432 24.860758 23.757164 1.568285 4.296658 23.757164 51.216984 25.102667 2.978436 1.568285 25.102667 25.533358,
 1.045005 1.770542 2.339305 1.645221 1.770542 13.869692 13.337480 0.966029 2.339305 13.337480 25.435820 11.131909 1.645221 0.966029 11.131909 11.555046,

Cross-correlations of the modulus of all oriented sub-bands with all oriented sub-bands at the coarser scale (size QxQ)
 1.625939 3.185204 4.487490 2.960082 3.277435 22.086737 22.965782 2.658891 4.519143 20.416880 44.949768 23.063826 3.101789 1.860578 23.293318 23.058102,
 1.142959 2.008268 2.529567 1.799881 2.141838 14.713932 14.250813 1.113783 3.187369 13.264063 25.865177 12.895220 2.007643 0.175755 11.620091 13.002218,

Cross-correlations of the real part of each oriented sub-band with both the real and imaginary part of all phase-doubled oriented sub-bands at the next coarser scale (Q matrices of size 1x2Q, which are computed and stored in a matrix of size Qx2Q)
 0.099931 -0.656340 -0.725132 -0.550564 -0.012103 -0.039229 -0.006931 0.024200 -0.598460 -4.420111 -3.794532 -0.489382 -0.060953 -0.111815 0.074677 0.057195 -0.816029 -3.779190 -6.883867 -4.062566 -0.042870 -0.056020 0.461368 0.215961 -0.489935 -0.473194 -3.711972 -4.432036 -0.020350 -0.004066 0.258215 0.156453,
 0.283834 -0.147299 -0.128328 -0.060901 -0.007655 -0.067965 -0.049558 -0.033850 0.024184 -1.624726 -1.692366 -0.166196 -0.049628 -0.372316 -0.078832 0.033779 -0.121843 -1.620630 -1.790310 -0.492560 -0.070481 -0.178408 0.113279 0.108322 -0.004984 -0.131819 -0.173500 -0.448137 -0.052258 0.038131 -0.030014 -0.043945,
