Low-band skewness and kurtosis
 -1.694922 5.330214,
 -1.516229 4.789825,
 -1.342809 4.172728,
 -1.191382 4.094494,
 -0.891302 2.513403,

High-band variance
 94.930740,

Skewness, kurtosis, variance, mean, maximum and minimum of the reconstructed texture
 104.000000 255.000000 240.778885 671.937134 -1.854139 5.672810

Auto-correlations of the low-frequency bands at each scale
 304.999176 286.938263 272.565033 266.984406 270.968964 282.818756 298.582031 344.095795 317.861206 286.631866 270.037384 278.880646 306.152069 333.563385 395.907288 414.968658 428.793823 432.091248 423.639069 408.428192 391.693390 423.890808 480.255463 534.930359 558.312561 534.930359 480.255524 423.890747 391.693420 408.428131 423.639069 432.091248 428.793823 414.968658 395.907257 333.563416 306.152008 278.880646 270.037445 286.631866 317.861237 344.095764 298.582062 282.818726 270.968903 266.984406 272.565033 286.938263 304.999146,
 288.929230 279.446442 273.714508 273.382446 276.879395 283.682739 292.464722 306.616882 292.181824 276.238159 269.336853 275.999176 292.305817 308.103577 337.700684 349.610291 358.093567 359.889740 354.053589 344.768280 335.634125 355.009644 388.365723 421.035553 435.215698 421.035553 388.365723 355.009644 335.634155 344.768341 354.053528 359.889709 358.093536 349.610229 337.700653 308.103607 292.305817 275.999176 269.336823 276.238159 292.181824 306.616882 292.464813 283.682770 276.879395 273.382477 273.714508 279.446442 288.929199,
 270.273651 264.370209 259.759674 258.666168 260.797150 265.482452 271.129669 286.859589 279.165375 270.371185 267.050568 272.141479 283.189331 293.355621 302.570770 311.104370 318.428070 321.514038 319.151001 314.153992 308.788147 312.276215 332.832214 353.628174 362.803589 353.628174 332.832184 312.276215 308.788208 314.153961 319.151001 321.513977 318.428040 311.104370 302.570770 293.355591 283.189331 272.141479 267.050568 270.371185 279.165375 286.859589 271.129669 265.482452 260.797150 258.666168 259.759613 264.370239 270.273651,
 -2.988046 6.453395 15.568278 24.837315 35.733234 44.437992 45.256496 5.239740 13.868052 22.903849 34.949471 46.406952 49.352200 42.591942 13.062507 22.212830 34.818150 48.599697 53.622944 46.313225 33.838993 22.588724 34.803944 48.922535 55.882950 48.922539 34.803944 22.588724 33.838993 46.313221 53.622936 48.599697 34.818157 22.212830 13.062507 42.591949 49.352192 46.406952 34.949467 22.903851 13.868052 5.239744 45.256496 44.437992 35.733231 24.837311 15.568277 6.453392 -2.988043,

Auto-correlations of the modulus of each oriented sub-band
 1.653589 1.738141 1.785282 1.780769 1.718899 1.614199 1.490521 1.754264 1.897025 1.984163 1.994750 1.926197 1.790000 1.615224 1.839560 2.069649 2.228457 2.271387 2.189609 2.008253 1.770619 1.836920 2.154684 2.462858 2.603164 2.462858 2.154684 1.836920 1.770619 2.008253 2.189609 2.271387 2.228457 2.069649 1.839560 1.615224 1.789999 1.926197 1.994750 1.984163 1.897025 1.754264 1.490521 1.614199 1.718899 1.780769 1.785282 1.738141 1.653589,
 24.569292 25.310976 26.346161 27.494967 28.449619 29.084812 29.371494 26.367109 27.809013 29.599487 31.140875 31.821714 31.744564 31.172695 28.784859 30.959547 33.439743 35.084263 34.906788 33.556404 31.886692 30.963703 33.311928 35.742870 36.943218 35.742870 33.311928 30.963701 31.886694 33.556404 34.906792 35.084263 33.439743 30.959541 28.784853 31.172695 31.744564 31.821714 31.140873 29.599487 27.809013 26.367100 29.371498 29.084812 28.449614 27.494961 26.346159 25.310976 24.569288,
 61.090645 61.977066 63.165169 64.008354 63.883545 63.012794 61.994560 64.410927 67.325470 70.759949 72.704216 71.546265 68.469154 65.491737 67.978828 73.327164 79.542664 82.801727 80.086891 74.108627 68.745964 69.835426 76.336746 83.866539 87.655327 83.866554 76.336746 69.835411 68.745972 74.108620 80.086891 82.801720 79.542656 73.327179 67.978821 65.491753 68.469139 71.546265 72.704216 70.759949 67.325470 64.410912 61.994568 63.012794 63.883545 64.008354 63.165180 61.977074 61.090641,
 31.769781 31.479250 30.710978 29.506889 28.068573 26.753042 25.702372 33.522182 34.250362 34.315266 33.422165 31.570894 29.468330 27.697882 34.034420 36.026627 37.527042 37.612370 35.707817 32.905785 30.357559 32.829762 35.576633 38.278610 39.577007 38.278610 35.576641 32.829762 30.357553 32.905785 35.707813 37.612366 37.527046 36.026627 34.034424 27.697878 29.468330 31.570892 33.422169 34.315266 34.250362 33.522182 25.702370 26.753038 28.068573 29.506891 30.710972 31.479248 31.769781,
 1.095935 1.283915 1.425001 1.462826 1.377218 1.200879 0.995527 1.142889 1.367601 1.533676 1.582242 1.492242 1.295142 1.057511 1.180674 1.462933 1.696236 1.784302 1.680202 1.430882 1.137292 1.190700 1.521662 1.821140 1.948672 1.821140 1.521662 1.190700 1.137292 1.430882 1.680202 1.784302 1.696236 1.462932 1.180674 1.057511 1.295142 1.492242 1.582242 1.533676 1.367601 1.142889 0.995527 1.200879 1.377218 1.462826 1.425001 1.283915 1.095935,
 13.215560 13.784053 14.472454 15.191188 15.786675 16.101528 16.101467 14.100619 15.169145 16.393122 17.376705 17.822893 17.677046 17.093670 15.447869 17.039234 18.754393 19.805653 19.680429 18.705980 17.419231 16.773483 18.494211 20.192520 20.985088 20.192522 18.494215 16.773483 17.419228 18.705980 19.680429 19.805656 18.754393 17.039234 15.447869 17.093668 17.677046 17.822891 17.376705 16.393127 15.169146 14.100618 16.101469 16.101526 15.786673 15.191189 14.472459 13.784053 13.215557,
 35.412399 36.239620 36.950359 37.181988 36.728088 35.873661 35.085911 37.879810 39.988750 41.946911 42.716507 41.684319 39.527943 37.421993 40.251644 43.986420 47.673088 49.274807 47.513477 43.699802 39.959030 41.190781 45.717247 50.342499 52.475361 50.342510 45.717247 41.190781 39.959038 43.699802 47.513477 49.274807 47.673096 43.986420 40.251644 37.421993 39.527943 41.684319 42.716507 41.946918 39.988750 37.879810 35.085907 35.873669 36.728096 37.181992 36.950359 36.239620 35.412399,
 18.486917 18.602654 18.347378 17.753056 16.937965 16.093143 15.352067 19.535971 20.311522 20.560068 20.127247 19.045620 17.625980 16.300442 19.895658 21.487782 22.656893 22.831919 21.659018 19.663340 17.726183 19.177050 21.270655 23.256966 24.160486 23.256968 21.270657 19.177050 17.726187 19.663340 21.659018 22.831915 22.656895 21.487785 19.895658 16.300442 17.625978 19.045620 20.127245 20.560068 20.311527 19.535973 15.352067 16.093143 16.937963 17.753056 18.347382 18.602654 18.486917,
 0.630562 0.773067 0.891613 0.931732 0.870039 0.730613 0.567446 0.664562 0.832903 0.973897 1.023186 0.954758 0.796199 0.609784 0.693897 0.906797 1.098402 1.176236 1.091021 0.888032 0.660713 0.700635 0.953239 1.193368 1.298101 1.193368 0.953239 0.700635 0.660713 0.888032 1.091021 1.176235 1.098402 0.906797 0.693897 0.609784 0.796199 0.954758 1.023186 0.973897 0.832903 0.664562 0.567446 0.730613 0.870039 0.931732 0.891613 0.773067 0.630562,
 7.995984 8.361429 8.743643 9.080017 9.306643 9.368711 9.240610 8.607087 9.234709 9.865849 10.326563 10.503703 10.362024 9.934620 9.444831 10.380684 11.271599 11.769932 11.691204 11.152591 10.346295 10.161525 11.196044 12.099879 12.489686 12.099878 11.196044 10.161524 10.346296 11.152591 11.691204 11.769932 11.271599 10.380684 9.444830 9.934619 10.362024 10.503703 10.326563 9.865849 9.234707 8.607087 9.240610 9.368711 9.306641 9.080017 8.743643 8.361429 7.995984,
 15.680050 16.030184 16.432360 16.592699 16.387470 15.987169 15.512176 16.932125 17.945807 19.067499 19.558147 19.006231 17.827303 16.610174 18.043213 19.956665 22.080976 23.057871 22.023655 19.829388 17.750517 18.398962 20.817814 23.492495 24.779634 23.492495 20.817814 18.398962 17.750519 19.829388 22.023655 23.057871 22.080975 19.956663 18.043213 16.610174 17.827301 19.006231 19.558147 19.067499 17.945805 16.932125 15.512177 15.987171 16.387470 16.592699 16.432358 16.030184 15.680050,
 9.437090 9.532992 9.448004 9.121281 8.558573 7.837429 7.091740 10.097502 10.583354 10.817403 10.641253 9.991260 8.994936 7.947881 10.334582 11.306404 12.058200 12.225057 11.563550 10.313913 8.990074 9.915046 11.238358 12.443071 12.968619 12.443072 11.238358 9.915046 8.990074 10.313914 11.563549 12.225057 12.058202 11.306403 10.334583 7.947881 8.994936 9.991259 10.641253 10.817402 10.583354 10.097501 7.091740 7.837429 8.558572 9.121281 9.448005 9.532992 9.437090,

Pairwise cross-correlations of the modulus of all oriented sub-bands at the same scale (size QxQ)
 2.603164 4.678775 7.030334 5.770455 4.678775 36.943214 42.022987 9.060584 7.030334 42.022987 87.655319 42.130760 5.770455 9.060584 42.130760 39.576996,
 1.948672 2.734896 4.235098 3.245023 2.734896 20.985086 23.425919 3.932742 4.235098 23.425919 52.475349 25.684250 3.245023 3.932742 25.684250 24.160486,
 1.298101 1.650004 2.136475 2.034839 1.650004 12.489686 12.053990 1.196962 2.136475 12.053990 24.779633 11.769104 2.034839 1.196962 11.769104 12.968619,

Cross-correlations of the modulus of all oriented sub-bands with all oriented sub-bands at the coarser scale (size QxQ)
 1.733921 2.811100 4.787640 3.562154 3.202941 19.477430 23.747086 5.521546 5.060133 21.978563 46.376270 23.522461 3.696626 4.740648 24.910803 22.201452,
 1.263801 1.843761 2.392074 2.079999 1.684042 11.813653 12.136628 1.917813 2.964644 12.252870 23.852076 12.464954 2.213382 1.371796 11.823958 12.226489,

Cross-correlations of the real part of each oriented sub-band with both the real and imaginary part of all phase-doubled oriented sub-bands at the next coarser scale (Q matrices of size 1x2Q, which are computed and stored in a matrix of size Qx2Q)
 0.066278 -0.428034 -0.511142 -0.644122 -0.003551 -0.049043 -0.055521 -0.019207 -0.423428 -3.543346 -3.386982 -0.683750 -0.013558 -0.395992 -0.098368 0.163690 -0.722575 -3.695644 -8.062304 -4.725610 0.011652 -0.256744 0.695016 0.441067 -0.601960 -0.653090 -4.369102 -4.829808 0.026469 0.053431 0.439009 0.077447,
 0.195997 -0.193041 -0.277212 -0.298113 0.004803 -0.084508 -0.113372 -0.080293 -0.094555 -1.230822 -0.667716 -0.141091 -0.049165 -0.507741 0.113447 0.210921 -0.325297 -0.894960 -2.100653 -1.957227 0.037704 -0.214415 1.214262 0.162576 -0.250485 -0.128718 -1.799547 -2.305908 0.090298 0.062642 0.370167 -0.455617,
