Low-band skewness and kurtosis
 -1.417394 4.485559,
 -1.169827 3.786352,
 -0.967513 3.271169,
 -1.045716 3.519424,
 -0.215923 1.660639,

High-band variance
 102.040642,

Skewness, kurtosis, variance, mean, maximum and minimum of the reconstructed texture
 113.000000 255.000000 240.562881 581.941406 -1.645456 4.918053

Auto-correlations of the low-frequency bands at each scale
 161.983658 148.232925 139.164047 136.208969 138.469116 144.966904 154.726074 193.050674 167.107544 142.679764 131.900742 140.351349 163.562363 190.102951 283.213104 298.662476 309.824524 313.286194 308.602997 300.025330 290.856903 350.508362 398.803528 441.774902 459.544037 441.774902 398.803467 350.508362 290.856873 300.025269 308.602997 313.286194 309.824524 298.662445 283.213104 190.102936 163.562363 140.351334 131.900726 142.679703 167.107529 193.050690 154.726044 144.966904 138.469162 136.208984 139.164001 148.232895 161.983673,
 155.189026 149.020294 146.755524 147.798630 149.976227 153.329681 158.102829 169.268341 154.532272 141.362152 136.417877 141.902328 155.781326 171.808670 218.041321 226.511093 232.651489 234.532516 231.539185 227.210114 223.966782 258.270203 285.516754 310.705963 321.437317 310.705963 285.516754 258.270203 223.966782 227.210129 231.539139 234.532471 232.651520 226.511093 218.041321 171.808670 155.781357 141.902328 136.417862 141.362122 154.532272 169.268341 158.102859 153.329697 149.976242 147.798645 146.755524 149.020294 155.189011,
 150.925385 148.161728 146.212830 145.061493 144.164444 144.243561 145.681793 152.619507 145.647720 140.270386 139.318527 143.183517 150.727463 158.696884 182.057770 186.151642 190.990173 194.598404 195.093979 193.819809 191.946442 209.434341 223.089752 236.258408 242.061340 236.258377 223.089752 209.434311 191.946442 193.819809 195.094009 194.598404 190.990112 186.151642 182.057770 158.696884 150.727463 143.183548 139.318527 140.270340 145.647690 152.619492 145.681793 144.243576 144.164444 145.061508 146.212784 148.161697 150.925385,
 14.880309 17.623398 18.953434 21.812773 29.279604 38.552753 42.799244 17.555052 18.928097 21.703579 29.695984 39.999580 44.709625 40.819019 19.422729 22.371841 30.528341 41.783699 46.843201 41.719341 32.308048 23.736563 31.420202 42.412064 48.084808 42.412071 31.420202 23.736563 32.308048 41.719341 46.843208 41.783699 30.528343 22.371841 19.422729 40.819023 44.709625 39.999580 29.695988 21.703579 18.928091 17.555052 42.799244 38.552753 29.279604 21.812773 18.953434 17.623400 14.880305,

Auto-correlations of the modulus of each oriented sub-band
 0.971911 1.075803 1.146741 1.166321 1.126819 1.039634 0.926575 1.059821 1.198751 1.301793 1.337548 1.291963 1.176814 1.022475 1.148453 1.360051 1.511603 1.565004 1.508483 1.351163 1.133230 1.179324 1.457466 1.727877 1.851226 1.727877 1.457466 1.179324 1.133230 1.351163 1.508483 1.565004 1.511603 1.360051 1.148453 1.022475 1.176814 1.291963 1.337548 1.301793 1.198751 1.059821 0.926574 1.039634 1.126819 1.166321 1.146741 1.075803 0.971911,
 17.202755 17.890774 18.789421 19.708954 20.394274 20.808298 21.019793 19.309521 20.665546 22.221434 23.432062 23.825069 23.575651 23.034805 21.877560 23.948597 26.178970 27.522160 27.187550 25.814259 24.260220 23.856939 26.086586 28.367115 29.463150 28.367115 26.086586 23.856939 24.260220 25.814257 27.187550 27.522160 26.178970 23.948597 21.877560 23.034809 23.575651 23.825068 23.432062 22.221434 20.665545 19.309521 21.019793 20.808302 20.394274 19.708952 18.789419 17.890774 17.202755,
 54.160343 55.491699 57.134178 58.071144 57.574112 56.181107 54.883194 60.041916 63.674549 67.995010 70.187653 68.309128 64.128296 60.434166 65.969147 72.497765 80.305443 84.208771 80.465614 72.711273 66.114960 68.584122 76.542809 86.112503 90.935814 86.112503 76.542809 68.584122 66.114960 72.711266 80.465622 84.208763 80.305443 72.497765 65.969147 60.434155 64.128288 68.309120 70.187637 67.995010 63.674549 60.041904 54.883202 56.181110 57.574112 58.071144 57.134193 55.491711 54.160343,
 19.952091 19.628626 19.146795 18.375729 17.322292 16.330809 15.645804 21.920158 22.500315 22.809694 22.348810 20.832985 18.908533 17.331617 22.783672 24.598137 26.295280 26.726625 25.006094 22.215689 19.761147 21.948191 24.576292 27.400833 28.798197 27.400831 24.576294 21.948191 19.761147 22.215691 25.006092 26.726627 26.295279 24.598133 22.783670 17.331617 18.908531 20.832985 22.348810 22.809694 22.500315 21.920156 15.645804 16.330809 17.322296 18.375729 19.146793 19.628630 19.952091,
 0.731195 0.914897 1.061663 1.111890 1.041018 0.879264 0.688118 0.770622 0.979421 1.143918 1.201427 1.125926 0.946897 0.731215 0.804474 1.057855 1.272745 1.359262 1.270180 1.048186 0.788350 0.826355 1.120717 1.391631 1.508324 1.391631 1.120717 0.826355 0.788350 1.048186 1.270180 1.359262 1.272746 1.057855 0.804474 0.731215 0.946897 1.125926 1.201427 1.143918 0.979421 0.770622 0.688118 0.879264 1.041018 1.111890 1.061663 0.914897 0.731195,
 9.742015 9.972170 10.269477 10.567936 10.773144 10.828683 10.737757 10.533761 11.311598 12.116190 12.630663 12.695214 12.367360 11.804219 11.623231 13.013882 14.431218 15.127145 14.764964 13.741657 12.551550 12.479114 14.061295 15.644183 16.382370 15.644183 14.061295 12.479115 12.551552 13.741657 14.764964 15.127145 14.431217 13.013884 11.623231 11.804216 12.367360 12.695214 12.630663 12.116188 11.311598 10.533763 10.737757 10.828683 10.773144 10.567936 10.269475 9.972170 9.742016,
 30.028980 30.633289 31.615398 32.342102 32.186470 31.380676 30.542034 32.659454 35.038166 37.980316 39.637230 38.675900 36.043274 33.558746 35.916164 40.445202 45.768085 48.494804 46.294807 41.215557 36.655449 37.732460 43.288647 49.709335 52.828491 49.709335 43.288647 37.732460 36.655449 41.215557 46.294807 48.494804 45.768085 40.445210 35.916161 33.558750 36.043274 38.675900 39.637234 37.980316 35.038174 32.659451 30.542040 31.380678 32.186474 32.342102 31.615400 30.633295 30.028975,
 11.230671 11.392810 11.408996 11.187123 10.771280 10.315544 9.949096 12.179943 12.845807 13.334382 13.322890 12.695381 11.739489 10.887862 12.843942 14.146045 15.386518 15.853571 15.030861 13.449425 12.008200 12.796655 14.458414 16.244001 17.104351 16.244003 14.458415 12.796655 12.008202 13.449425 15.030863 15.853570 15.386517 14.146048 12.843944 10.887864 11.739489 12.695381 13.322889 13.334382 12.845808 12.179942 9.949096 10.315544 10.771280 11.187123 11.408996 11.392811 11.230670,
 0.423361 0.574966 0.705465 0.756156 0.699368 0.562947 0.406438 0.448522 0.623029 0.770076 0.822154 0.752713 0.594597 0.416024 0.464159 0.676314 0.864680 0.934136 0.844898 0.649667 0.440364 0.468525 0.705754 0.934755 1.034664 0.934755 0.705754 0.468525 0.440364 0.649667 0.844898 0.934137 0.864680 0.676314 0.464159 0.416024 0.594597 0.752713 0.822154 0.770076 0.623029 0.448522 0.406438 0.562947 0.699368 0.756156 0.705465 0.574966 0.423361,
 5.579039 5.840980 6.084359 6.251437 6.325161 6.320476 6.233258 6.127637 6.637420 7.142727 7.410258 7.367699 7.113781 6.769606 6.738118 7.535535 8.362008 8.749547 8.476598 7.825331 7.134320 7.139920 8.038189 8.969577 9.408990 8.969576 8.038188 7.139920 7.134322 7.825331 8.476598 8.749547 8.362008 7.535533 6.738118 6.769606 7.113782 7.367699 7.410258 7.142727 6.637419 6.127636 6.233258 6.320475 6.325161 6.251437 6.084359 5.840979 5.579038,
 17.735788 18.318466 18.857237 18.824505 17.930410 16.725927 15.884002 19.342522 20.920376 22.540047 22.973900 21.630604 19.476183 17.761669 20.553053 23.271120 26.312584 27.540056 25.740067 22.432404 19.674767 20.768507 24.009253 27.824965 29.705162 27.824965 24.009253 20.768507 19.674767 22.432404 25.740061 27.540056 26.312580 23.271124 20.553053 17.761669 19.476183 21.630604 22.973900 22.540047 20.920374 19.342522 15.883999 16.725927 17.930407 18.824505 18.857241 18.318466 17.735785,
 4.423017 4.632221 4.753785 4.721559 4.540504 4.268844 3.995552 4.720194 5.208464 5.599340 5.683481 5.373992 4.814095 4.300867 4.894358 5.675624 6.480183 6.836048 6.374791 5.432902 4.623986 4.855635 5.782911 6.873829 7.421690 6.873829 5.782911 4.855635 4.623987 5.432902 6.374791 6.836048 6.480183 5.675624 4.894358 4.300866 4.814095 5.373991 5.683480 5.599339 5.208464 4.720194 3.995552 4.268844 4.540504 4.721559 4.753785 4.632221 4.423018,

Pairwise cross-correlations of the modulus of all oriented sub-bands at the same scale (size QxQ)
 1.851226 3.302838 4.719350 3.435078 3.302838 29.463167 40.599487 11.625697 4.719350 40.599487 90.935829 38.766693 3.435078 11.625697 38.766693 28.798185,
 1.508323 1.806213 2.785181 1.957943 1.806213 16.382368 22.797884 5.778155 2.785181 22.797884 52.828487 22.404028 1.957943 5.778155 22.404028 17.104355,
 1.034664 1.225815 1.674607 1.099694 1.225815 9.408989 13.266819 3.807175 1.674607 13.266819 29.705156 11.560790 1.099694 3.807175 11.560790 7.421690,

Cross-correlations of the modulus of all oriented sub-bands with all oriented sub-bands at the coarser scale (size QxQ)
 1.334061 2.031176 3.055843 2.060535 2.270748 14.366575 20.733534 6.764874 3.676354 20.441624 42.264000 20.407122 2.447134 6.881034 20.090345 14.583364,
 1.016149 1.248301 1.785478 1.198469 1.319671 8.065746 11.291002 3.651310 2.234328 11.782513 22.368792 10.028759 1.274922 3.954330 10.509715 6.807211,

Cross-correlations of the real part of each oriented sub-band with both the real and imaginary part of all phase-doubled oriented sub-bands at the next coarser scale (Q matrices of size 1x2Q, which are computed and stored in a matrix of size Qx2Q)
 0.127834 -0.361615 -0.470029 -0.655253 0.011863 0.015836 0.006979 -0.019871 -0.285064 -5.131076 -6.677426 -1.414152 0.011392 0.083495 -0.065808 -0.086914 -0.696405 -7.338261 -16.581451 -8.322710 0.005174 0.022041 -0.403687 -0.318413 -0.583687 -1.588844 -7.302303 -7.117360 0.004929 -0.012675 -0.209301 -0.197822,
 0.191845 -0.212888 -0.149443 -0.191995 0.020020 0.041349 0.041308 -0.016143 -0.096975 -2.371813 -2.357066 -0.405356 0.026487 0.490546 0.030243 -0.188797 -0.238003 -2.938713 -5.081545 -2.140049 0.022588 0.146522 -1.455879 -0.763566 -0.118865 -0.540150 -1.865810 -1.867477 0.015055 -0.149856 -0.864455 -0.400286,
