Low-band skewness and kurtosis
 -1.747746 5.528125,
 -1.591192 5.032855,
 -1.477061 4.701585,
 -1.635879 5.988904,
 -0.855900 2.408102,

High-band variance
 92.233223,

Skewness, kurtosis, variance, mean, maximum and minimum of the reconstructed texture
 111.000000 255.000000 240.847092 685.956482 -1.899948 5.881168

Auto-correlations of the low-frequency bands at each scale
 340.347107 320.186646 305.282990 300.022797 305.083252 318.758972 336.331482 377.015564 348.955658 318.430573 303.550293 313.129761 339.904968 366.820679 421.171173 440.362854 453.933777 457.324310 449.017792 433.653259 416.954895 444.003387 500.190582 553.577942 576.215942 553.577942 500.190491 444.003296 416.954895 433.653290 449.017731 457.324371 453.933777 440.362762 421.171082 366.820679 339.904968 313.129700 303.550293 318.430573 348.955566 377.015564 336.331512 318.759033 305.083252 300.022858 305.282990 320.186615 340.347076,
 325.458527 316.608368 312.504425 314.101074 319.101624 326.660461 335.308929 346.654419 328.761261 311.912262 306.606750 315.867218 334.205566 350.807953 370.149170 379.894135 387.274353 389.206238 384.421478 376.366791 367.903595 380.115295 412.826447 444.824524 458.703156 444.824524 412.826447 380.115295 367.903595 376.366791 384.421478 389.206238 387.274323 379.894196 370.149170 350.807953 334.205566 315.867249 306.606750 311.912323 328.761292 346.654388 335.308929 326.660461 319.101593 314.101074 312.504425 316.608368 325.458588,
 291.501068 289.618530 289.349030 290.999512 293.687012 297.445312 301.386261 317.668884 312.503021 307.611420 307.498230 312.854340 320.944000 326.497314 340.539612 347.084351 353.084381 356.602081 355.254517 350.054108 342.991089 349.006622 366.607239 383.751190 391.245728 383.751190 366.607239 349.006622 342.991028 350.054108 355.254517 356.602081 353.084351 347.084351 340.539612 326.497314 320.944000 312.854340 307.498169 307.611420 312.502960 317.668854 301.386261 297.445312 293.687042 290.999512 289.349030 289.618500 291.501068,
 -16.671597 -6.620696 8.197084 27.003891 47.131332 61.497829 63.383610 -7.216421 6.027217 24.120932 46.333920 64.950172 69.766922 58.990856 4.799861 22.161081 45.259319 67.254852 74.997414 63.861233 42.409092 21.442148 44.036381 66.957848 77.242989 66.957848 44.036381 21.442146 42.409100 63.861233 74.997414 67.254852 45.259327 22.161085 4.799858 58.990868 69.766914 64.950172 46.333912 24.120932 6.027218 -7.216424 63.383610 61.497822 47.131332 27.003891 8.197084 -6.620697 -16.671598,

Auto-correlations of the modulus of each oriented sub-band
 1.607414 1.697014 1.760671 1.781983 1.750380 1.677624 1.585405 1.680946 1.834416 1.936826 1.959812 1.907557 1.796813 1.652277 1.778441 1.992622 2.144378 2.200839 2.138175 1.967724 1.745809 1.778216 2.072277 2.370802 2.510210 2.370802 2.072277 1.778216 1.745809 1.967723 2.138176 2.200839 2.144378 1.992622 1.778441 1.652277 1.796813 1.907557 1.959811 1.936826 1.834416 1.680945 1.585405 1.677624 1.750381 1.781983 1.760671 1.697014 1.607414,
 25.966772 26.717165 27.680923 28.739784 29.613298 30.194693 30.433659 27.669672 29.032045 30.649437 32.070423 32.730057 32.717140 32.214024 29.962442 31.973095 34.176678 35.689014 35.601994 34.476994 32.968369 32.077251 34.232830 36.348301 37.395889 36.348297 34.232830 32.077251 32.968365 34.476990 35.601994 35.689018 34.176678 31.973095 29.962437 32.214024 32.717136 32.730057 32.070419 30.649431 29.032042 27.669670 30.433657 30.194689 29.613302 28.739786 27.680923 26.717161 25.966772,
 62.104874 63.020897 63.662491 63.729866 63.075668 62.103729 61.258190 66.052307 68.515724 70.859665 71.748154 70.254982 67.596268 65.235870 69.799561 74.241653 78.981209 81.171005 78.602669 73.681381 69.329720 71.250366 76.620842 82.665291 85.728905 82.665291 76.620842 71.250359 69.329727 73.681381 78.602669 81.170998 78.981209 74.241653 69.799561 65.235870 67.596260 70.254974 71.748154 70.859665 68.515724 66.052299 61.258190 62.103729 63.075668 63.729866 63.662491 63.020897 62.104862,
 31.651016 31.432278 30.773264 29.819437 28.750360 27.846998 27.232616 33.547356 34.181648 34.172504 33.384586 31.802767 30.049189 28.697586 34.216499 35.989685 37.294815 37.365669 35.618931 33.090210 30.915873 33.138859 35.575199 38.042908 39.259430 38.042908 35.575207 33.138855 30.915873 33.090210 35.618931 37.365677 37.294815 35.989689 34.216496 28.697590 30.049187 31.802765 33.384586 34.172504 34.181648 33.547352 27.232616 27.846994 28.750364 29.819437 30.773264 31.432281 31.651016,
 1.031498 1.230587 1.390709 1.454955 1.398235 1.246159 1.056191 1.090006 1.318573 1.500210 1.567848 1.495593 1.315622 1.094958 1.140227 1.422926 1.663231 1.756806 1.657852 1.419744 1.143327 1.167626 1.487331 1.778164 1.901983 1.778164 1.487331 1.167626 1.143327 1.419744 1.657851 1.756806 1.663231 1.422926 1.140227 1.094958 1.315622 1.495593 1.567848 1.500211 1.318573 1.090006 1.056191 1.246159 1.398236 1.454955 1.390710 1.230587 1.031498,
 15.004355 15.592293 16.206083 16.809729 17.334286 17.683508 17.772669 16.070225 16.992561 17.921724 18.685289 19.148989 19.226896 18.892271 17.495848 18.852940 20.154804 20.937862 20.957556 20.361074 19.392069 18.830612 20.260759 21.524176 22.071613 21.524176 20.260759 18.830612 19.392071 20.361076 20.957556 20.937862 20.154804 18.852938 17.495844 18.892271 19.226898 19.148989 18.685286 17.921724 16.992559 16.070227 17.772669 17.683508 17.334286 16.809729 16.206083 15.592291 15.004354,
 34.306244 35.355621 36.405281 36.920013 36.602058 35.910892 35.285629 36.559208 38.556129 40.598946 41.613220 40.868851 39.135860 37.408875 38.950966 42.177319 45.536472 47.194157 45.784786 42.620155 39.492188 40.210083 44.035839 48.013634 49.920712 48.013634 44.035847 40.210079 39.492184 42.620152 45.784786 47.194157 45.536480 42.177319 38.950966 37.408875 39.135860 40.868851 41.613220 40.598946 38.556129 36.559204 35.285629 35.910892 36.602058 36.920013 36.405281 35.355625 34.306244,
 19.273783 19.379511 19.161629 18.658354 18.016628 17.412983 16.929941 20.327839 20.966541 21.119007 20.705112 19.821272 18.740387 17.766579 20.747387 22.036804 22.942888 23.038658 22.107948 20.553020 19.033768 20.234882 21.916460 23.483925 24.183453 23.483925 21.916464 20.234879 19.033768 20.553019 22.107948 23.038656 22.942888 22.036806 20.747387 17.766579 18.740387 19.821272 20.705112 21.119007 20.966539 20.327837 16.929941 17.412983 18.016628 18.658358 19.161629 19.379515 19.273783,
 0.494723 0.653236 0.785932 0.839735 0.794572 0.676228 0.535616 0.527319 0.695932 0.838316 0.899101 0.854838 0.727621 0.569228 0.568544 0.763623 0.939126 1.017416 0.956260 0.791188 0.596855 0.604360 0.823828 1.028278 1.116861 1.028278 0.823827 0.604360 0.596855 0.791188 0.956260 1.017416 0.939126 0.763623 0.568544 0.569228 0.727621 0.854838 0.899101 0.838316 0.695932 0.527319 0.535616 0.676228 0.794572 0.839735 0.785932 0.653236 0.494723,
 5.995863 6.435307 6.919736 7.385770 7.752790 7.936229 7.896488 6.623114 7.278999 7.975658 8.537986 8.846805 8.839448 8.521898 7.425869 8.352034 9.285666 9.850795 9.836878 9.371752 8.661891 8.218041 9.201861 10.109196 10.514646 10.109195 9.201860 8.218040 8.661893 9.371752 9.836878 9.850795 9.285666 8.352034 7.425869 8.521898 8.839449 8.846805 8.537985 7.975657 7.278998 6.623113 7.896488 7.936229 7.752791 7.385769 6.919735 6.435307 5.995863,
 12.554069 12.855263 13.254094 13.487306 13.332340 12.967650 12.602965 13.634717 14.364907 15.275874 15.774280 15.390992 14.494680 13.578232 14.558239 15.942154 17.558996 18.396629 17.657206 16.041407 14.491511 14.901468 16.682594 18.673248 19.666578 18.673248 16.682594 14.901468 14.491509 16.041407 17.657206 18.396629 17.558998 15.942152 14.558239 13.578231 14.494679 15.390990 15.774277 15.275874 14.364907 13.634717 12.602965 12.967651 13.332339 13.487303 13.254093 12.855263 12.554070,
 6.545353 6.727503 6.784593 6.677142 6.432061 6.108679 5.751314 7.267036 7.612035 7.772192 7.679445 7.339132 6.818938 6.252532 7.701510 8.297674 8.736563 8.835357 8.450522 7.718941 6.941823 7.547378 8.344980 9.077363 9.404838 9.077362 8.344980 7.547378 6.941823 7.718940 8.450522 8.835356 8.736562 8.297674 7.701511 6.252532 6.818939 7.339132 7.679444 7.772192 7.612035 7.267036 5.751314 6.108679 6.432062 6.677142 6.784593 6.727503 6.545353,

Pairwise cross-correlations of the modulus of all oriented sub-bands at the same scale (size QxQ)
 2.510211 5.001729 7.002406 5.206220 5.001729 37.395885 41.153175 7.903382 7.002406 41.153175 85.728897 41.635868 5.206220 7.903382 41.635868 39.259411,
 1.901983 3.086124 4.155494 3.058081 3.086124 22.071613 22.478195 2.968221 4.155494 22.478195 49.920712 24.903131 3.058081 2.968221 24.903131 24.183453,
 1.116861 1.681408 1.970921 1.328473 1.681408 10.514646 9.700500 1.095550 1.970921 9.700500 19.666574 9.453706 1.328473 1.095550 9.453706 9.404838,

Cross-correlations of the modulus of all oriented sub-bands with all oriented sub-bands at the coarser scale (size QxQ)
 1.701108 3.329040 4.700139 3.200617 3.321719 21.438698 22.919422 3.838510 4.813234 22.485388 45.779934 23.382187 3.334028 4.086211 24.437817 22.454788,
 1.133344 1.586763 2.046725 1.543680 2.117653 10.297961 10.078144 1.712090 3.045141 9.479045 20.041506 11.930532 1.793905 0.718909 10.073836 10.915671,

Cross-correlations of the real part of each oriented sub-band with both the real and imaginary part of all phase-doubled oriented sub-bands at the next coarser scale (Q matrices of size 1x2Q, which are computed and stored in a matrix of size Qx2Q)
 0.147142 -0.557510 -0.609791 -0.496541 0.006488 -0.042126 0.051410 0.093730 -0.482632 -4.077894 -3.175995 -0.530958 -0.065012 -0.365720 -0.333355 -0.066202 -0.714970 -3.719206 -6.863239 -4.529457 -0.064881 -0.364605 -0.064439 0.565572 -0.413900 -0.527505 -4.083331 -4.611280 -0.022575 -0.044047 0.543661 0.873939,
 0.229817 -0.264255 -0.230422 -0.121427 0.087544 0.195358 0.082773 -0.047864 -0.163102 -1.933636 -1.363213 -0.110421 0.185456 0.923959 -0.042465 -0.063952 -0.252619 -1.451837 -1.915922 -1.207548 0.147715 0.372169 -0.683315 -0.162487 -0.037389 -0.068345 -0.927324 -1.291613 0.108598 -0.064065 -0.195283 -0.133149,
