Low-band skewness and kurtosis
 -1.420400 4.427055,
 -1.214722 3.820769,
 -1.020534 3.358882,
 -1.254516 3.834585,
 -0.445355 1.753249,

High-band variance
 102.288864,

Skewness, kurtosis, variance, mean, maximum and minimum of the reconstructed texture
 119.000000 255.000000 240.483429 592.027710 -1.643625 4.878345

Auto-correlations of the low-frequency bands at each scale
 200.418884 185.051041 174.836197 171.343353 173.729187 181.654663 194.402618 227.844604 202.742340 178.078003 167.570587 177.560455 202.638672 229.304001 300.099579 316.918030 329.686340 334.704041 330.829224 321.300049 309.091797 353.995880 404.795349 450.801483 469.907959 450.801422 404.795349 353.995880 309.091827 321.300018 330.829193 334.703979 329.686279 316.918030 300.099579 229.304001 202.638672 177.560516 167.570587 178.077972 202.742340 227.844604 194.402603 181.654663 173.729218 171.343353 174.836243 185.051056 200.418884,
 191.013245 181.693619 174.704193 170.792511 169.377106 172.045975 179.292618 208.526917 191.246246 173.643265 164.909073 169.010284 183.727768 200.663620 243.967865 252.207108 259.119293 262.185425 259.627167 253.677246 246.263336 271.141357 301.809845 330.607056 342.860016 330.607056 301.809845 271.141357 246.263290 253.677246 259.627197 262.185425 259.119293 252.207092 243.967911 200.663605 183.727783 169.010284 164.909073 173.643265 191.246201 208.526932 179.292603 172.046021 169.377136 170.792511 174.704163 181.693649 191.013275,
 177.335434 172.307617 170.862595 173.035141 176.848526 181.231232 185.230896 189.062576 180.356613 171.407333 167.080750 169.768311 179.080521 190.741608 214.055176 219.652496 222.281845 221.015137 216.367676 211.795654 209.527542 226.614670 243.938599 260.226929 267.197998 260.226929 243.938599 226.614670 209.527557 211.795654 216.367676 221.015137 222.281845 219.652466 214.055222 190.741531 179.080521 169.768280 167.080750 171.407318 180.356598 189.062622 185.230896 181.231247 176.848511 173.035156 170.862579 172.307617 177.335464,
 12.003627 16.567385 19.184364 23.134768 31.100319 39.294529 40.992676 17.317638 19.427967 22.358896 30.376499 40.201576 43.471531 38.157997 20.053595 22.303484 30.073620 41.369892 46.103882 40.144680 30.668467 23.410337 30.272537 41.481308 47.449928 41.481297 30.272539 23.410337 30.668463 40.144680 46.103874 41.369892 30.073612 22.303490 20.053598 38.157997 43.471523 40.201584 30.376499 22.358889 19.427967 17.317642 40.992676 39.294521 31.100323 23.134766 19.184364 16.567387 12.003626,

Auto-correlations of the modulus of each oriented sub-band
 1.009922 1.089088 1.142469 1.153952 1.115716 1.038201 0.939611 1.070931 1.189394 1.274335 1.301621 1.260602 1.160292 1.029665 1.150664 1.333261 1.464927 1.513573 1.468009 1.334460 1.142986 1.180201 1.434920 1.697215 1.820748 1.697215 1.434920 1.180201 1.142986 1.334460 1.468009 1.513573 1.464927 1.333261 1.150664 1.029665 1.160292 1.260602 1.301621 1.274335 1.189394 1.070931 0.939611 1.038200 1.115716 1.153952 1.142469 1.089088 1.009922,
 17.812851 18.431753 19.335613 20.353466 21.154015 21.647869 21.885088 19.538889 20.957287 22.691210 24.124353 24.644373 24.412703 23.806095 21.879723 24.148359 26.690092 28.289934 27.961433 26.433165 24.685423 23.933414 26.412390 29.002651 30.269428 29.002651 26.412395 23.933414 24.685419 26.433165 27.961433 28.289936 26.690092 24.148359 21.879719 23.806095 24.412706 24.644369 24.124353 22.691210 20.957287 19.538889 21.885090 21.647869 21.154015 20.353470 19.335613 18.431755 17.812851,
 52.634357 54.186012 55.753860 56.482307 55.815643 54.314034 52.847012 57.041012 60.786430 64.963615 66.983299 65.087967 61.016762 57.351818 61.336128 67.723747 75.198944 78.895752 75.289558 67.900787 61.579983 63.269344 70.884384 79.975609 84.577957 79.975609 70.884392 63.269341 61.579979 67.900772 75.289558 78.895737 75.198936 67.723755 61.336128 57.351818 61.016758 65.087959 66.983299 64.963593 60.786446 57.041008 52.847023 54.314022 55.815643 56.482307 55.753860 54.186024 52.634357,
 21.760889 21.596214 21.153172 20.347319 19.236202 18.150904 17.341179 23.620716 24.334858 24.671978 24.188286 22.679865 20.771664 19.164175 24.436100 26.294542 27.944090 28.321465 26.661337 23.981094 21.568512 23.649315 26.238628 28.943342 30.260670 28.943342 26.238634 23.649315 21.568512 23.981087 26.661337 28.321465 27.944080 26.294538 24.436092 19.164173 20.771662 22.679869 24.188286 24.671976 24.334862 23.620716 17.341179 18.150902 19.236204 20.347319 21.153168 21.596216 21.760887,
 0.743888 0.922488 1.067255 1.118071 1.049626 0.891717 0.707080 0.774582 0.973278 1.130596 1.187487 1.120426 0.954580 0.750199 0.803388 1.043947 1.246974 1.325741 1.239419 1.030198 0.786485 0.821717 1.103989 1.368528 1.483307 1.368528 1.103989 0.821717 0.786485 1.030198 1.239419 1.325741 1.246974 1.043948 0.803388 0.750199 0.954580 1.120425 1.187487 1.130596 0.973278 0.774583 0.707080 0.891717 1.049626 1.118071 1.067255 0.922489 0.743888,
 11.214896 11.790204 12.436797 13.036410 13.430405 13.535204 13.373448 12.148407 13.222558 14.328755 15.114313 15.340360 15.005843 14.305039 13.368714 15.000240 16.634075 17.516014 17.237106 16.132563 14.739993 14.393455 16.196901 17.919834 18.699730 17.919836 16.196901 14.393455 14.739992 16.132561 17.237103 17.516016 16.634077 15.000240 13.368712 14.305039 15.005843 15.340360 15.114313 14.328757 13.222557 12.148406 13.373448 13.535206 13.430405 13.036410 12.436799 11.790204 11.214894,
 27.752823 28.988726 30.276783 30.926590 30.566553 29.578455 28.591198 29.445770 32.211605 35.318165 36.806652 35.553192 32.716595 30.204054 31.448339 36.009010 41.354424 43.939644 41.460079 36.254040 31.859589 32.492443 37.847530 44.272575 47.463993 44.272579 37.847530 32.492443 31.859589 36.254032 41.460079 43.939640 41.354427 36.009010 31.448345 30.204054 32.716591 35.553188 36.806656 35.318165 32.211605 29.445772 28.591198 29.578453 30.566551 30.926592 30.276789 28.988728 27.752825,
 12.178765 12.384638 12.334270 11.966126 11.394658 10.818573 10.349735 13.044383 13.789571 14.222342 14.063793 13.272719 12.153093 11.131929 13.461908 14.876332 16.104881 16.474987 15.542102 13.820074 12.202047 13.134202 14.943695 16.791174 17.654266 16.791174 14.943696 13.134200 12.202047 13.820072 15.542102 16.474987 16.104881 14.876332 13.461908 11.131930 12.153091 13.272721 14.063793 14.222341 13.789571 13.044383 10.349733 10.818572 11.394658 11.966126 12.334270 12.384639 12.178765,
 0.444104 0.579759 0.690354 0.730626 0.682348 0.564467 0.424025 0.451134 0.596451 0.715865 0.763004 0.715819 0.591805 0.443021 0.456475 0.621121 0.771066 0.837976 0.779760 0.628680 0.460159 0.471487 0.658730 0.842255 0.924349 0.842255 0.658730 0.471487 0.460159 0.628680 0.779760 0.837976 0.771066 0.621121 0.456475 0.443021 0.591805 0.715819 0.763004 0.715865 0.596451 0.451134 0.424025 0.564467 0.682348 0.730626 0.690354 0.579759 0.444103,
 4.497668 4.673832 4.886380 5.075587 5.168053 5.141027 5.028676 4.889433 5.335212 5.820885 6.160295 6.209329 5.968128 5.579890 5.389730 6.173737 6.993779 7.438081 7.255312 6.622261 5.889633 5.800165 6.723198 7.654409 8.081080 7.654409 6.723197 5.800165 5.889631 6.622261 7.255313 7.438081 6.993779 6.173737 5.389730 5.579889 5.968128 6.209329 6.160295 5.820885 5.335211 4.889432 5.028676 5.141027 5.168053 5.075587 4.886379 4.673833 4.497668,
 15.901183 16.760628 17.452244 17.465546 16.667652 15.535778 14.620030 16.822937 18.542055 20.354063 21.102480 20.081047 18.084112 16.319818 17.830463 20.553963 23.690367 25.234270 23.708796 20.528126 17.765516 18.328039 21.545868 25.333576 27.235123 25.333576 21.545866 18.328039 17.765514 20.528126 23.708796 25.234270 23.690371 20.553959 17.830462 16.319820 18.084112 20.081051 21.102480 20.354059 18.542055 16.822935 14.620030 15.535779 16.667652 17.465546 17.452244 16.760626 15.901182,
 7.839270 8.059974 8.170619 8.114219 7.900927 7.583268 7.215017 8.563459 9.088841 9.484311 9.571606 9.272823 8.677774 8.015647 9.124384 10.012829 10.817937 11.151500 10.725476 9.767807 8.782652 9.223207 10.315438 11.401425 11.900357 11.401425 10.315438 9.223207 8.782652 9.767807 10.725476 11.151500 10.817937 10.012829 9.124384 8.015646 8.677773 9.272822 9.571606 9.484310 9.088839 8.563459 7.215015 7.583268 7.900926 8.114219 8.170618 8.059974 7.839270,

Pairwise cross-correlations of the modulus of all oriented sub-bands at the same scale (size QxQ)
 1.820748 3.333162 5.219706 3.909850 3.333162 30.269419 38.866470 9.864103 5.219706 38.866470 84.577934 37.133160 3.909850 9.864103 37.133160 30.260677,
 1.483308 2.054681 3.195445 2.305236 2.054681 18.699726 22.543446 5.244442 3.195445 22.543446 47.463993 20.781271 2.305236 5.244442 20.781271 17.654264,
 0.924349 0.986453 1.610743 1.493630 0.986453 8.081079 10.991071 3.069707 1.610743 10.991071 27.235119 13.363786 1.493630 3.069707 13.363786 11.900355,

Cross-correlations of the modulus of all oriented sub-bands with all oriented sub-bands at the coarser scale (size QxQ)
 1.288178 2.178561 3.483420 2.391634 2.357466 15.979481 20.069508 5.837644 4.098529 20.813786 38.901638 19.489710 2.816961 6.431743 19.581638 15.665234,
 0.913008 1.108354 1.639154 1.443554 1.159063 7.373510 10.339919 3.264983 2.377739 9.710032 21.113348 11.985163 1.631214 3.102448 11.063657 9.721677,

Cross-correlations of the real part of each oriented sub-band with both the real and imaginary part of all phase-doubled oriented sub-bands at the next coarser scale (Q matrices of size 1x2Q, which are computed and stored in a matrix of size Qx2Q)
 0.145336 -0.507948 -0.493821 -0.509846 -0.015792 0.016635 0.011199 0.002457 -0.411912 -5.642653 -5.042805 -0.855351 -0.016141 0.236675 0.126413 -0.011191 -0.715469 -6.167851 -10.213362 -5.417684 -0.003491 0.206875 -0.098363 -0.054520 -0.440570 -0.890704 -4.371208 -4.961218 -0.002564 0.001643 -0.123453 -0.001772,
 0.201775 -0.104280 -0.244572 -0.387758 0.003819 -0.012960 0.002904 -0.095596 -0.047160 -1.617391 -1.570367 -0.394541 -0.007854 -0.260369 -0.330395 -0.090001 -0.401808 -1.963035 -4.322773 -2.995101 0.044914 -0.341734 -0.824127 -0.478775 -0.345344 -0.364277 -2.486562 -3.141670 0.084770 -0.025973 -0.269503 -0.522660,
