Low-band skewness and kurtosis
 -1.360197 4.172569,
 -1.074957 3.339867,
 -0.842451 2.764910,
 -0.854222 2.904741,
 -0.493205 1.800158,

High-band variance
 102.880020,

Skewness, kurtosis, variance, mean, maximum and minimum of the reconstructed texture
 114.000000 255.000000 240.526459 576.482971 -1.613092 4.753951

Auto-correlations of the low-frequency bands at each scale
 159.114441 143.334717 133.472153 130.493896 132.527191 138.558884 148.436569 188.046661 163.402664 139.680740 129.062531 137.388870 160.866089 188.393951 273.317627 291.667816 304.432037 308.534973 304.640411 297.628540 290.462738 343.031677 391.919617 435.037384 452.751740 435.037384 391.919617 343.031647 290.462738 297.628479 304.640411 308.534973 304.431976 291.667816 273.317566 188.393936 160.866119 137.388885 129.062531 139.680771 163.402618 188.046692 148.436569 138.558884 132.527191 130.493896 133.472137 143.334686 159.114456,
 155.071091 147.639297 143.822845 143.439529 144.394455 147.078430 152.270004 164.934937 149.812973 136.351959 131.243729 136.775894 151.125183 167.771317 211.183395 219.862930 226.804199 229.656738 227.630295 224.015244 220.559067 251.727585 279.826324 305.545837 316.448273 305.545868 279.826355 251.727554 220.559067 224.015198 227.630295 229.656738 226.804199 219.863007 211.183395 167.771332 151.125183 136.775894 131.243729 136.351959 149.813019 164.934937 152.270004 147.078430 144.394440 143.439529 143.822876 147.639282 155.071106,
 150.939911 147.629227 145.952332 146.034409 146.907166 148.933517 152.320740 156.490906 149.114532 142.366486 139.552185 141.805603 148.744461 157.393341 181.258331 185.150650 188.781555 190.523666 189.202972 186.667404 184.217850 202.317673 216.432739 229.794846 235.617462 229.794846 216.432755 202.317673 184.217850 186.667374 189.202972 190.523666 188.781555 185.150696 181.258331 157.393311 148.744446 141.805588 139.552185 142.366486 149.114548 156.490906 152.320740 148.933517 146.907150 146.034409 145.952332 147.629242 150.939880,
 13.459176 17.669050 19.574530 21.571602 26.526249 32.117867 33.276119 17.811588 19.495089 20.810764 25.981745 32.979656 35.206581 31.451691 19.971090 20.950956 25.819952 33.997128 37.383347 32.874207 26.680012 22.209448 26.141596 34.035007 38.567039 34.035007 26.141600 22.209444 26.680014 32.874203 37.383347 33.997128 25.819952 20.950960 19.971090 31.451694 35.206581 32.979656 25.981739 20.810760 19.495094 17.811584 33.276127 32.117863 26.526253 21.571600 19.574524 17.669054 13.459172,

Auto-correlations of the modulus of each oriented sub-band
 0.964443 1.058327 1.118992 1.124436 1.069571 0.970495 0.850236 1.039658 1.167790 1.249918 1.262211 1.197780 1.073914 0.926704 1.091296 1.278761 1.411207 1.451881 1.388618 1.234211 1.030487 1.092893 1.346542 1.597530 1.713433 1.597530 1.346542 1.092893 1.030487 1.234210 1.388618 1.451881 1.411207 1.278761 1.091296 0.926704 1.073914 1.197780 1.262211 1.249918 1.167790 1.039658 0.850236 0.970495 1.069571 1.124436 1.118992 1.058327 0.964443,
 15.786762 16.446388 17.300808 18.221203 18.987822 19.523499 19.830908 17.953056 19.328278 20.894522 22.164190 22.687883 22.574787 22.118902 20.723946 22.837572 25.082994 26.477867 26.257656 24.980789 23.458311 22.948788 25.202692 27.452803 28.519995 27.452803 25.202694 22.948788 23.458311 24.980787 26.257652 26.477867 25.082998 22.837570 20.723942 22.118904 22.574787 22.687887 22.164190 20.894522 19.328278 17.953056 19.830912 19.523499 18.987822 18.221203 17.300808 16.446388 15.786761,
 51.707138 53.013355 54.444279 55.054840 54.408752 53.244919 52.405758 57.178501 60.958885 65.244759 67.229523 65.269371 61.343117 58.113625 62.956474 69.721519 77.626846 81.460457 77.717255 70.115158 63.747524 65.855270 73.915184 83.529831 88.342064 83.529831 73.915184 65.855286 63.747517 70.115158 77.717270 81.460457 77.626846 69.721512 62.956467 58.113625 61.343117 65.269371 67.229523 65.244751 60.958874 57.178501 52.405750 53.244919 54.408752 55.054840 54.444271 53.013355 51.707146,
 20.502260 20.105532 19.505894 18.622065 17.509428 16.478558 15.757437 22.494858 22.998873 23.201265 22.625294 21.043327 19.106733 17.551727 23.346329 25.109350 26.737097 27.082876 25.317539 22.527599 20.104879 22.418903 25.020895 27.827728 29.210823 27.827728 25.020897 22.418901 20.104877 22.527597 25.317539 27.082876 26.737097 25.109350 23.346323 17.551733 19.106731 21.043327 22.625294 23.201263 22.998875 22.494858 15.757437 16.478558 17.509430 18.622063 19.505890 20.105534 20.502256,
 0.727448 0.914503 1.060161 1.104967 1.026554 0.857040 0.660398 0.764253 0.976701 1.140966 1.193143 1.109600 0.923079 0.702689 0.788602 1.045606 1.263586 1.347002 1.249726 1.019953 0.756135 0.795321 1.094878 1.374388 1.495171 1.374388 1.094878 0.795321 0.756135 1.019953 1.249726 1.347002 1.263586 1.045606 0.788602 0.702689 0.923079 1.109600 1.193143 1.140966 0.976701 0.764253 0.660398 0.857040 1.026554 1.104967 1.060161 0.914503 0.727448,
 9.170803 9.448805 9.830840 10.254611 10.604419 10.808705 10.884309 10.251390 11.035432 11.896822 12.533594 12.746826 12.567050 12.161262 11.803792 13.168920 14.564510 15.329098 15.093589 14.197604 13.108968 13.009775 14.549363 16.044315 16.730820 16.044315 14.549363 13.009776 13.108968 14.197603 15.093586 15.329096 14.564510 13.168921 11.803793 12.161262 12.567049 12.746826 12.533596 11.896824 11.035434 10.251391 10.884307 10.808705 10.604419 10.254613 9.830839 9.448805 9.170803,
 27.984362 28.916540 29.997614 30.562735 30.247898 29.528316 29.049431 30.721426 33.354115 36.397099 37.960655 36.868164 34.280823 32.069088 33.992428 38.635643 44.040756 46.764374 44.467678 39.396595 35.002857 35.881565 41.400974 47.860023 51.033489 47.860016 41.400974 35.881557 35.002857 39.396595 44.467678 46.764366 44.040749 38.635643 33.992428 32.069096 34.280823 36.868164 37.960655 36.397099 33.354118 30.721420 29.049431 29.528315 30.247904 30.562735 29.997612 28.916542 27.984356,
 10.982132 11.217342 11.229584 10.916677 10.372613 9.819048 9.418524 11.938981 12.717684 13.236591 13.148796 12.364116 11.236364 10.267193 12.451234 13.887751 15.231063 15.691927 14.730218 12.945964 11.336909 12.206993 14.030777 15.993608 16.935354 15.993608 14.030777 12.206993 11.336910 12.945964 14.730218 15.691927 15.231063 13.887752 12.451235 10.267194 11.236364 12.364114 13.148797 13.236591 12.717684 11.938981 9.418524 9.819049 10.372613 10.916677 11.229585 11.217341 10.982133,
 0.427267 0.581036 0.703447 0.743976 0.683780 0.550268 0.397730 0.440357 0.607236 0.742565 0.790340 0.728345 0.583402 0.414204 0.447405 0.641001 0.813005 0.882773 0.809345 0.632055 0.432955 0.459059 0.679426 0.888952 0.979775 0.888952 0.679426 0.459059 0.432955 0.632055 0.809345 0.882773 0.813005 0.641001 0.447405 0.414204 0.583402 0.728345 0.790340 0.742565 0.607236 0.440357 0.397730 0.550268 0.683780 0.743976 0.703447 0.581036 0.427267,
 4.182648 4.431455 4.668364 4.844742 4.912785 4.886566 4.810063 4.638845 5.114240 5.605687 5.924731 5.952816 5.726183 5.369729 5.252427 6.058908 6.882219 7.313611 7.123346 6.508220 5.765280 5.726117 6.679136 7.605521 8.031341 7.605521 6.679136 5.726117 5.765279 6.508221 7.123346 7.313611 6.882219 6.058907 5.252426 5.369728 5.726183 5.952815 5.924731 5.605686 5.114239 4.638845 4.810063 4.886566 4.912785 4.844742 4.668363 4.431455 4.182648,
 13.556428 14.190979 14.974061 15.481367 15.235915 14.431891 13.701035 14.975743 16.279474 17.869915 18.808367 18.196054 16.531792 14.968918 16.476042 18.765316 21.441944 22.864933 21.671616 18.924778 16.410368 17.119184 19.997444 23.270014 24.878542 23.270014 19.997444 17.119188 16.410366 18.924774 21.671614 22.864931 21.441944 18.765318 16.476042 14.968917 16.531792 18.196053 18.808365 17.869915 16.279476 14.975744 13.701031 14.431891 15.235915 15.481368 14.974061 14.190978 13.556429,
 4.948900 5.247928 5.423805 5.399224 5.198798 4.909528 4.598501 5.355752 5.930279 6.345957 6.430885 6.126425 5.541073 4.934186 5.637669 6.517844 7.319659 7.659951 7.219424 6.254519 5.329989 5.628781 6.669644 7.757056 8.276507 7.757057 6.669644 5.628781 5.329989 6.254519 7.219426 7.659952 7.319659 6.517844 5.637668 4.934186 5.541073 6.126425 6.430885 6.345957 5.930279 5.355751 4.598501 4.909527 5.198798 5.399223 5.423805 5.247928 4.948900,

Pairwise cross-correlations of the modulus of all oriented sub-bands at the same scale (size QxQ)
 1.713433 2.824868 4.496278 3.513781 2.824868 28.519997 39.716743 10.654747 4.496278 39.716743 88.342064 37.453671 3.513781 10.654747 37.453671 29.210817,
 1.495170 1.782114 2.660788 2.123389 1.782114 16.730818 22.537527 5.384771 2.660788 22.537527 51.033482 21.335526 2.123389 5.384771 21.335526 16.935352,
 0.979775 1.106290 1.645848 1.315070 1.106290 8.031341 10.566279 2.635865 1.645848 10.566279 24.878542 10.379984 1.315070 2.635865 10.379984 8.276507,

Cross-correlations of the modulus of all oriented sub-bands with all oriented sub-bands at the coarser scale (size QxQ)
 1.280163 1.888471 2.935138 2.190763 2.026162 14.189322 19.864157 6.080388 3.393666 19.795082 40.438740 19.236629 2.406226 6.207758 19.217558 14.485924,
 0.970926 1.153546 1.638711 1.327264 1.220021 7.536497 9.986747 2.720046 2.079773 10.523035 20.586136 9.150335 1.420585 3.044515 9.568993 6.948341,

Cross-correlations of the real part of each oriented sub-band with both the real and imaginary part of all phase-doubled oriented sub-bands at the next coarser scale (Q matrices of size 1x2Q, which are computed and stored in a matrix of size Qx2Q)
 0.151990 -0.410750 -0.477543 -0.579671 -0.009526 -0.039396 -0.040649 -0.027058 -0.287890 -5.997894 -6.665365 -1.324187 -0.011343 -0.437309 -0.323345 -0.061761 -0.712027 -7.611874 -14.832155 -7.101578 -0.005648 -0.455156 -0.474969 -0.211730 -0.529626 -1.330741 -6.138094 -5.964099 0.005987 -0.050970 -0.184404 -0.176634,
 0.254262 -0.129852 -0.213373 -0.234114 0.009727 0.041909 -0.001141 -0.035039 -0.028597 -2.305137 -2.211421 -0.415633 0.037887 0.562950 0.550193 0.026673 -0.272119 -2.656055 -4.672017 -2.667797 0.052213 0.590545 0.506901 -0.152434 -0.123083 -0.358048 -2.093657 -2.399678 0.031222 0.044084 -0.145528 -0.250661,
