Low-band skewness and kurtosis
 -1.466220 4.478136,
 -1.250140 3.795523,
 -1.045929 3.182433,
 -1.481147 4.914820,
 -0.546365 1.915384,

High-band variance
 100.436607,

Skewness, kurtosis, variance, mean, maximum and minimum of the reconstructed texture
 116.000000 255.000000 240.538818 611.900818 -1.688699 5.011373

Auto-correlations of the low-frequency bands at each scale
 215.664536 199.694580 189.218094 185.696152 189.546844 201.509232 220.339050 254.456650 225.623047 198.901337 188.451782 200.274841 228.273163 258.121796 324.191223 339.844788 352.544952 358.544647 354.572723 342.144257 324.664185 364.137970 420.878174 471.361816 492.168579 471.361786 420.878174 364.137939 324.664185 342.144257 354.572723 358.544647 352.544952 339.844757 324.191193 258.121796 228.273163 200.274872 188.451752 198.901306 225.623032 254.456619 220.339066 201.509247 189.546844 185.696152 189.218109 199.694580 215.664490,
 213.246429 204.779266 199.581116 197.764267 198.322540 202.689743 211.370407 230.653778 210.215179 192.526199 186.486252 194.687164 213.314758 232.735474 263.057068 270.761383 278.154053 282.405670 280.881409 275.112885 266.756012 284.384430 318.842682 350.731567 364.190430 350.731567 318.842651 284.384430 266.756012 275.112885 280.881439 282.405670 278.154053 270.761322 263.057068 232.735474 213.314819 194.687180 186.486252 192.526154 210.215164 230.653763 211.370422 202.689774 198.322586 197.764267 199.581085 204.779251 213.246429,
 195.111664 192.704529 192.347565 193.634552 195.475998 198.591263 203.279495 215.310486 207.305023 199.621429 196.416275 199.468842 208.041916 217.777328 237.833359 241.175720 243.982651 244.911987 242.427048 237.863312 232.555908 244.629761 261.870178 278.000885 284.944489 278.000885 261.870178 244.629761 232.555908 237.863312 242.427048 244.911987 243.982666 241.175720 237.833359 217.777328 208.041916 199.468842 196.416290 199.621429 207.304977 215.310471 203.279495 198.591293 195.475998 193.634552 192.347565 192.704498 195.111664,
 10.594863 16.897919 18.393332 18.454281 23.623245 31.798603 35.086075 15.348213 16.831045 16.985903 23.241442 33.913506 38.785221 34.632225 15.957991 16.955824 23.797205 36.139099 42.151123 36.288803 26.631107 18.361664 25.093842 37.085293 43.778660 37.085293 25.093842 18.361662 26.631107 36.288803 42.151123 36.139107 23.797205 16.955820 15.957985 34.632225 38.785225 33.913506 23.241442 16.985903 16.831045 15.348212 35.086075 31.798603 23.623241 18.454281 18.393328 16.897923 10.594863,

Auto-correlations of the modulus of each oriented sub-band
 1.022426 1.118214 1.191614 1.222593 1.196126 1.122714 1.025918 1.102900 1.237880 1.341670 1.381433 1.344217 1.240875 1.102702 1.204426 1.407706 1.547731 1.591548 1.535270 1.391008 1.192956 1.218161 1.486888 1.772068 1.909657 1.772068 1.486888 1.218161 1.192956 1.391008 1.535270 1.591548 1.547730 1.407706 1.204426 1.102703 1.240875 1.344217 1.381433 1.341670 1.237880 1.102900 1.025918 1.122714 1.196126 1.222593 1.191614 1.118214 1.022426,
 20.872238 21.626848 22.671978 23.811634 24.745573 25.369265 25.672573 22.722933 24.317030 26.233120 27.825983 28.486923 28.353197 27.741222 25.312166 27.733040 30.418291 32.152798 31.918808 30.426537 28.606415 27.661686 30.261520 32.903610 34.192265 32.903610 30.261522 27.661684 28.606417 30.426537 31.918802 32.152794 30.418291 27.733042 25.312160 27.741226 28.353191 28.486923 27.825975 26.233120 24.317036 22.722927 25.672573 25.369261 24.745569 23.811634 22.671978 21.626850 20.872234,
 55.307808 56.192062 57.348560 57.968819 57.362129 55.935890 54.540497 59.141132 62.191738 65.886124 67.771652 65.938622 61.926384 58.329769 62.716755 68.564903 75.657394 79.268867 75.705498 68.359444 62.149796 64.019302 71.347076 80.277061 84.852997 80.277061 71.347076 64.019287 62.149807 68.359436 75.705498 79.268852 75.657394 68.564926 62.716751 58.329762 61.926380 65.938622 67.771660 65.886124 62.191746 59.141132 54.540497 55.935871 57.362122 57.968811 57.348572 56.192062 55.307796,
 24.008711 23.570131 22.918608 22.020023 20.943136 19.980230 19.294518 26.059877 26.467245 26.493261 25.815094 24.283634 22.485687 21.001610 26.918770 28.557178 29.904921 30.078453 28.399540 25.833231 23.517000 25.905594 28.379158 30.892044 32.117863 30.892044 28.379162 25.905594 23.517000 25.833231 28.399542 30.078451 29.904921 28.557178 26.918766 21.001614 22.485687 24.283628 25.815092 26.493261 26.467247 26.059877 19.294521 19.980228 20.943136 22.020025 22.918608 23.570131 24.008709,
 0.781797 0.964476 1.115043 1.173293 1.110064 0.952335 0.763252 0.823205 1.033751 1.201729 1.263727 1.192860 1.016238 0.800838 0.855062 1.117276 1.341254 1.428957 1.335557 1.109290 0.846118 0.878547 1.184153 1.470508 1.594700 1.470508 1.184153 0.878547 0.846118 1.109290 1.335557 1.428957 1.341254 1.117276 0.855062 0.800838 1.016238 1.192860 1.263727 1.201729 1.033751 0.823205 0.763252 0.952335 1.110064 1.173293 1.115043 0.964476 0.781797,
 13.870861 14.379047 15.005244 15.652230 16.188349 16.507599 16.575970 15.097602 16.114784 17.250355 18.155689 18.569206 18.449312 17.927132 16.715340 18.327427 20.002758 21.010887 20.888302 19.918139 18.602282 18.120789 19.916023 21.621122 22.394512 21.621122 19.916023 18.120789 18.602282 19.918139 20.888298 21.010887 20.002758 18.327427 16.715342 17.927132 18.449308 18.569206 18.155689 17.250357 16.114784 15.097602 16.575970 16.507599 16.188351 15.652230 15.005249 14.379048 13.870861,
 31.243299 32.111649 33.171196 33.612251 33.090996 32.169731 31.359417 33.445549 35.836685 38.629883 39.894627 38.540356 35.833912 33.472355 35.485332 39.767826 44.791508 47.172806 44.703094 39.714764 35.453869 36.311100 41.495399 47.644279 50.704739 47.644268 41.495399 36.311100 35.453873 39.714760 44.703094 47.172813 44.791504 39.767826 35.485336 33.472359 35.833908 38.540356 39.894627 38.629883 35.836685 33.445549 31.359423 32.169731 33.090996 33.612251 33.171196 32.111652 31.243298,
 13.734715 13.764178 13.574013 13.161488 12.615182 12.069329 11.605635 14.713710 15.307112 15.591836 15.357172 14.585282 13.539147 12.582945 15.199260 16.519129 17.616970 17.886320 16.970623 15.350601 13.810884 14.848455 16.591225 18.328140 19.126709 18.328140 16.591225 14.848455 13.810886 15.350600 16.970623 17.886318 17.616970 16.519129 15.199263 12.582945 13.539145 14.585282 15.357174 15.591835 15.307114 14.713710 11.605635 12.069329 12.615182 13.161488 13.574014 13.764178 13.734716,
 0.431674 0.585665 0.716612 0.769298 0.719056 0.589267 0.435653 0.440298 0.603706 0.738079 0.792316 0.746173 0.619505 0.461803 0.459617 0.644314 0.808701 0.879379 0.818715 0.658879 0.472501 0.477403 0.690310 0.895401 0.985626 0.895401 0.690310 0.477403 0.472501 0.658879 0.818715 0.879379 0.808701 0.644314 0.459617 0.461803 0.619505 0.746173 0.792316 0.738079 0.603706 0.440298 0.435653 0.589267 0.719056 0.769298 0.716612 0.585665 0.431674,
 5.222274 5.514200 5.822692 6.082150 6.228238 6.240767 6.167568 5.559925 6.111256 6.690009 7.085686 7.177762 6.992490 6.650752 6.096073 6.973143 7.885044 8.379886 8.211256 7.593630 6.870146 6.635442 7.610014 8.592957 9.048254 8.592957 7.610014 6.635442 6.870146 7.593631 8.211255 8.379887 7.885045 6.973143 6.096074 6.650752 6.992490 7.177762 7.085686 6.690009 6.111256 5.559924 6.167568 6.240768 6.228238 6.082149 5.822693 5.514200 5.222274,
 11.683007 12.291346 12.995130 13.480964 13.344035 12.696576 12.019688 12.495164 13.801285 15.401389 16.398077 15.919611 14.424860 13.010464 13.463746 15.689548 18.445583 19.993898 18.849808 16.172235 13.870529 14.059935 16.758261 20.073200 21.769547 20.073202 16.758261 14.059934 13.870529 16.172235 18.849808 19.993898 18.445585 15.689548 13.463744 13.010464 14.424858 15.919610 16.398075 15.401390 13.801285 12.495163 12.019688 12.696575 13.344035 13.480961 12.995130 12.291348 11.683005,
 5.758682 6.045455 6.207901 6.187335 5.992052 5.667012 5.283276 6.328813 6.871981 7.250616 7.327327 7.054833 6.505240 5.877844 6.767404 7.612759 8.338787 8.628970 8.250010 7.389935 6.476486 6.830231 7.847676 8.828075 9.272680 8.828075 7.847676 6.830231 6.476486 7.389935 8.250010 8.628969 8.338785 7.612758 6.767404 5.877843 6.505239 7.054833 7.327327 7.250615 6.871980 6.328814 5.283276 5.667012 5.992052 6.187335 6.207901 6.045455 5.758681,

Pairwise cross-correlations of the modulus of all oriented sub-bands at the same scale (size QxQ)
 1.909657 4.004549 5.580245 3.703668 4.004549 34.192265 40.183472 9.427577 5.580245 40.183472 84.852989 38.785526 3.703668 9.427577 38.785526 32.117863,
 1.594700 2.465897 3.251680 2.147650 2.465897 22.394506 24.363190 4.319595 3.251680 24.363190 50.704735 22.341555 2.147650 4.319595 22.341555 19.126707,
 0.985626 1.181015 1.569559 1.192943 1.181015 9.048253 9.871359 2.064695 1.569559 9.871359 21.769552 10.393618 1.192943 2.064695 10.393618 9.272679,

Cross-correlations of the modulus of all oriented sub-bands with all oriented sub-bands at the coarser scale (size QxQ)
 1.378064 2.591511 3.812934 2.441715 2.815490 19.260860 22.011250 5.567191 4.046983 22.260956 40.795952 20.132084 2.469004 5.191211 20.317661 16.795078,
 0.981307 1.385022 1.868427 1.329838 1.504989 9.696754 10.562696 2.690952 2.295407 11.065477 20.316702 10.376800 1.352232 2.243361 9.855580 8.327811,

Cross-correlations of the real part of each oriented sub-band with both the real and imaginary part of all phase-doubled oriented sub-bands at the next coarser scale (Q matrices of size 1x2Q, which are computed and stored in a matrix of size Qx2Q)
 0.111047 -0.668316 -0.662763 -0.593234 -0.005262 -0.031393 -0.050219 -0.051673 -0.577329 -6.293252 -5.221283 -0.789724 -0.038797 -0.392045 -0.649002 -0.111579 -0.892680 -6.256916 -9.989452 -5.556115 -0.003600 -0.543053 -1.468588 -0.489984 -0.542241 -0.824012 -4.604679 -5.419189 0.031724 -0.118585 -0.609277 -0.409383,
 0.239039 -0.239497 -0.209139 -0.179803 -0.028007 -0.077319 -0.072965 -0.007124 -0.093160 -2.563042 -2.092252 -0.350221 -0.075595 -1.228028 -1.215668 -0.049886 -0.293617 -2.573618 -4.371449 -2.483138 -0.043222 -1.472540 -1.691170 0.037472 -0.122121 -0.301280 -2.006869 -2.201716 0.015903 -0.204619 -0.319126 0.066723,
