Low-band skewness and kurtosis
 -1.458113 4.572106,
 -1.219595 3.912297,
 -1.024772 3.249156,
 -1.252568 4.364092,
 -0.445627 1.850214,

High-band variance
 101.035294,

Skewness, kurtosis, variance, mean, maximum and minimum of the reconstructed texture
 111.000000 255.000000 240.573975 597.345886 -1.676024 5.023768

Auto-correlations of the low-frequency bands at each scale
 191.785049 177.829376 169.013596 165.879501 168.464325 177.241318 190.902267 221.227829 191.985886 165.995407 156.162903 167.449677 193.658752 221.507675 301.796722 315.470459 326.462555 331.875214 328.670105 318.224121 304.052368 356.813324 409.680573 456.482056 475.746857 456.482056 409.680573 356.813263 304.052368 318.224060 328.670105 331.875214 326.462555 315.470459 301.796661 221.507751 193.658707 167.449692 156.162903 165.995392 191.985916 221.227798 190.902298 177.241318 168.464371 165.879471 169.013580 177.829407 191.784973,
 178.565292 171.976761 167.994659 166.431107 166.908508 171.273499 179.771698 201.909622 183.817520 167.845367 161.525253 167.176651 182.106430 198.755356 244.324890 250.060608 255.546158 258.579834 256.242645 249.748138 241.262207 269.394989 299.910248 327.858643 339.665192 327.858704 299.910278 269.394989 241.262207 249.748138 256.242554 258.579865 255.546204 250.060654 244.324875 198.755356 182.106384 167.176620 161.525238 167.845398 183.817520 201.909622 179.771683 171.273453 166.908478 166.431091 167.994720 171.976791 178.565292,
 172.670792 170.455322 169.701263 169.875717 170.048416 171.181168 173.827774 182.921341 173.390167 165.377243 162.812531 166.479614 175.033844 184.550507 209.688629 212.387573 215.107941 216.541733 215.055740 211.834915 208.073395 225.412201 241.987244 257.322327 263.893402 257.322327 241.987228 225.412201 208.073380 211.834885 215.055710 216.541733 215.107941 212.387604 209.688629 184.550476 175.033844 166.479614 162.812531 165.377228 173.390152 182.921341 173.827774 171.181168 170.048416 169.875717 169.701263 170.455307 172.670761,
 9.834603 14.143739 16.310087 19.788469 28.170238 37.594109 40.983967 14.903347 16.794373 19.661638 28.467766 39.658855 44.091702 39.615128 17.744900 20.329542 28.971849 41.574436 47.075993 41.096127 31.170843 22.147827 29.884903 42.048512 48.523396 42.048508 29.884899 22.147827 31.170847 41.096127 47.075996 41.574436 28.971848 20.329544 17.744900 39.615128 44.091702 39.658855 28.467764 19.661640 16.794374 14.903349 40.983959 37.594109 28.170240 19.788469 16.310083 14.143739 9.834604,

Auto-correlations of the modulus of each oriented sub-band
 0.957406 1.054541 1.131265 1.165449 1.143494 1.074918 0.979980 1.041955 1.175804 1.278167 1.315452 1.278226 1.180152 1.049661 1.157606 1.350625 1.483649 1.529366 1.480761 1.344585 1.150614 1.185285 1.445232 1.713504 1.840927 1.713504 1.445232 1.185285 1.150614 1.344585 1.480761 1.529367 1.483649 1.350625 1.157606 1.049661 1.180152 1.278226 1.315452 1.278168 1.175805 1.041955 0.979980 1.074918 1.143494 1.165449 1.131265 1.054541 0.957406,
 19.239614 20.013294 21.003111 21.987833 22.641785 22.951317 23.059111 21.302280 22.821291 24.619175 26.023447 26.368484 25.910339 25.164976 23.849575 26.153889 28.741123 30.347614 29.880848 28.175959 26.336012 25.854433 28.368622 31.039125 32.369652 31.039125 28.368620 25.854431 26.336012 28.175957 29.880848 30.347620 28.741125 26.153889 23.849575 25.164976 25.910339 26.368481 26.023447 24.619173 22.821291 21.302280 23.059113 22.951317 22.641787 21.987833 21.003113 20.013294 19.239613,
 54.357105 55.940678 57.504772 58.123039 57.280922 55.576900 53.960884 59.620888 63.629032 67.940239 69.873047 67.681931 63.174683 59.152874 64.550148 71.443642 79.272461 83.026115 79.115326 71.148674 64.260284 66.538704 74.789810 84.430260 89.242798 84.430237 74.789810 66.538704 64.260277 71.148666 79.115349 83.026115 79.272453 71.443642 64.550148 59.152878 63.174683 67.681931 69.873047 67.940231 63.629032 59.620884 53.960888 55.576889 57.280930 58.123035 57.504768 55.940674 54.357105,
 22.108397 21.786909 21.242540 20.415520 19.357655 18.342417 17.544741 24.118401 24.617378 24.793217 24.281225 22.881882 21.120001 19.591583 25.066856 26.700537 28.139357 28.459435 26.931194 24.449978 22.175117 24.331715 26.733505 29.214106 30.423452 29.214106 26.733505 24.331715 22.175117 24.449978 26.931192 28.459435 28.139359 26.700539 25.066856 19.591581 21.119997 22.881886 24.281227 24.793211 24.617374 24.118401 17.544737 18.342417 19.357656 20.415522 21.242540 21.786911 22.108397,
 0.731579 0.912025 1.061560 1.121167 1.063146 0.913018 0.730183 0.768006 0.970056 1.136884 1.204441 1.143032 0.977588 0.771943 0.815869 1.063829 1.279597 1.369302 1.285117 1.070280 0.818346 0.846350 1.137751 1.409706 1.527371 1.409706 1.137751 0.846350 0.818346 1.070280 1.285116 1.369302 1.279597 1.063829 0.815869 0.771943 0.977588 1.143031 1.204441 1.136884 0.970056 0.768006 0.730183 0.913018 1.063146 1.121167 1.061560 0.912025 0.731579,
 10.367999 10.811508 11.316236 11.775869 12.084671 12.195656 12.140114 11.440005 12.332876 13.286560 13.964884 14.160010 13.920822 13.424314 12.813380 14.237245 15.713167 16.519241 16.260544 15.302895 14.164043 13.916926 15.484411 17.052084 17.780750 17.052084 15.484414 13.916928 14.164042 15.302895 16.260544 16.519241 15.713168 14.237245 12.813380 13.424313 13.920824 14.160008 13.964885 13.286561 12.332876 11.440007 12.140114 12.195656 12.084668 11.775868 11.316236 10.811508 10.368002,
 25.714573 26.543036 27.564939 28.029484 27.563492 26.612370 25.769697 28.032694 30.266214 32.989861 34.331074 33.100624 30.445534 28.157990 30.600670 34.658875 39.594711 42.051750 39.691128 34.799431 30.703793 31.808962 36.773258 42.826481 45.872734 42.826488 36.773258 31.808962 30.703793 34.799431 39.691120 42.051746 39.594719 34.658875 30.600670 28.157990 30.445534 33.100624 34.331074 32.989864 30.266216 28.032694 25.769695 26.612368 27.563492 28.029486 27.564941 26.543041 25.714575,
 11.641899 11.660571 11.479116 11.091487 10.576764 10.075092 9.699244 12.762338 13.255892 13.452187 13.190899 12.445118 11.460116 10.593477 13.386843 14.549903 15.505201 15.731237 14.860784 13.329433 11.891191 13.040133 14.641053 16.252987 17.004570 16.252987 14.641054 13.040133 11.891191 13.329433 14.860784 15.731237 15.505201 14.549902 13.386843 10.593477 11.460116 12.445118 13.190899 13.452185 13.255892 12.762338 9.699244 10.075094 10.576764 11.091486 11.479116 11.660571 11.641900,
 0.402598 0.541531 0.659806 0.704092 0.653323 0.533435 0.396040 0.425289 0.575073 0.701360 0.750922 0.699123 0.567130 0.410951 0.443910 0.624707 0.787353 0.852800 0.780904 0.612852 0.430490 0.446594 0.651708 0.853413 0.942638 0.853413 0.651708 0.446594 0.430490 0.612852 0.780904 0.852800 0.787353 0.624707 0.443910 0.410951 0.567130 0.699123 0.750922 0.701360 0.575073 0.425289 0.396040 0.533435 0.653323 0.704092 0.659806 0.541531 0.402598,
 4.830704 5.180539 5.589602 5.967436 6.203012 6.198981 5.969993 5.360750 6.047900 6.765668 7.245045 7.328920 7.018447 6.465957 6.008794 7.031914 8.078495 8.627549 8.393347 7.620064 6.703053 6.533333 7.661246 8.776237 9.290824 8.776237 7.661246 6.533333 6.703052 7.620063 8.393347 8.627549 8.078495 7.031913 6.008794 6.465957 7.018447 7.328919 7.245044 6.765667 6.047900 5.360750 5.969993 6.198981 6.203012 5.967435 5.589601 5.180539 4.830704,
 13.629918 14.496031 15.485601 15.984545 15.497689 14.396508 13.267110 14.833587 16.840244 18.986084 19.956583 18.844645 16.508694 14.257133 15.898331 19.150261 22.681620 24.304426 22.523142 18.850452 15.453010 16.167028 20.026432 24.284378 26.349670 24.284378 20.026432 16.167028 15.453009 18.850452 22.523142 24.304428 22.681622 19.150261 15.898331 14.257133 16.508692 18.844646 19.956581 18.986084 16.840242 14.833585 13.267109 14.396507 15.497689 15.984545 15.485601 14.496028 13.629920,
 5.671608 5.835891 5.888129 5.775478 5.536976 5.233356 4.926970 6.223150 6.686494 6.978940 6.962355 6.600344 5.991174 5.371758 6.556918 7.416438 8.149073 8.401149 7.918747 6.933385 5.959890 6.447006 7.535891 8.618510 9.115457 8.618511 7.535891 6.447006 5.959890 6.933385 7.918746 8.401150 8.149073 7.416437 6.556918 5.371758 5.991174 6.600344 6.962355 6.978940 6.686494 6.223149 4.926971 5.233356 5.536976 5.775477 5.888131 5.835890 5.671608,

Pairwise cross-correlations of the modulus of all oriented sub-bands at the same scale (size QxQ)
 1.840927 3.840919 5.262242 3.426156 3.840919 32.369644 40.881638 10.805953 5.262242 40.881638 89.242798 39.330299 3.426156 10.805953 39.330299 30.423458,
 1.527370 2.203914 2.848891 1.936775 2.203914 17.780746 20.384485 4.532928 2.848891 20.384485 45.872738 20.791924 1.936775 4.532928 20.791924 17.004568,
 0.942638 1.177264 1.646234 1.128209 1.177264 9.290824 11.668753 2.780334 1.646234 11.668753 26.349669 11.448635 1.128209 2.780334 11.448635 9.115456,

Cross-correlations of the modulus of all oriented sub-bands with all oriented sub-bands at the coarser scale (size QxQ)
 1.326027 2.395055 3.204936 2.104841 2.779415 16.432617 19.238918 5.779601 4.110227 20.815678 38.322151 19.302336 2.404145 6.287888 19.579901 15.024220,
 0.967307 1.286988 1.833150 1.245613 1.444243 8.208065 10.491611 3.206398 2.169752 9.720932 20.020615 10.808998 1.310663 2.453234 9.871211 8.283908,

Cross-correlations of the real part of each oriented sub-band with both the real and imaginary part of all phase-doubled oriented sub-bands at the next coarser scale (Q matrices of size 1x2Q, which are computed and stored in a matrix of size Qx2Q)
 0.144343 -0.597659 -0.549063 -0.533692 -0.041444 0.003677 -0.005671 0.016604 -0.461843 -6.556226 -6.303035 -1.144866 -0.032078 -0.006528 -0.012816 -0.044621 -0.746475 -7.513741 -14.019888 -7.087975 -0.032121 -0.015955 -0.948306 -0.578779 -0.424501 -1.213737 -6.205445 -6.086535 -0.033834 -0.026143 -0.743976 -0.400707,
 0.220823 -0.157695 -0.187225 -0.213258 -0.046489 0.011730 0.051981 0.099406 -0.090661 -2.312019 -2.350350 -0.547914 0.008528 0.340831 0.305096 0.079176 -0.284547 -2.847124 -6.272411 -3.482732 -0.013541 0.467229 0.514757 0.690821 -0.136640 -0.491057 -3.059449 -2.854671 -0.072637 0.083551 0.289001 0.764123,
