Low-band skewness and kurtosis
 -2.157842 8.033263,
 -2.198051 8.864030,
 -2.286306 9.776376,
 -1.539999 8.276063,
 -0.857843 2.736669,

High-band variance
 84.574989,

Skewness, kurtosis, variance, mean, maximum and minimum of the reconstructed texture
 96.000000 255.000000 241.451263 720.343628 -2.202955 7.660047

Auto-correlations of the low-frequency bands at each scale
 424.631256 406.769501 390.688324 383.267456 386.726227 399.643951 416.936401 457.228668 434.811218 406.107147 390.693298 399.566315 425.451019 449.480804 483.563110 501.532410 515.868103 520.333984 512.604309 496.711731 478.040375 493.383636 545.367798 597.559143 620.102539 597.559143 545.367798 493.383636 478.040405 496.711731 512.604248 520.333984 515.868103 501.532410 483.563110 449.480804 425.451080 399.566315 390.693298 406.107147 434.811218 457.228668 416.936401 399.643951 386.726227 383.267456 390.688324 406.769501 424.631195,
 382.559418 374.928589 369.284546 368.972504 372.657104 378.997437 386.058350 412.420227 402.498047 387.765259 380.411377 386.811646 402.451172 415.362274 438.893280 450.929871 459.637604 461.014099 454.737335 445.352325 435.868805 447.607391 476.799744 507.809601 521.684387 507.809601 476.799744 447.607391 435.868774 445.352234 454.737305 461.014099 459.637665 450.929871 438.893280 415.362274 402.451111 386.811646 380.411377 387.765198 402.498108 412.420227 386.058350 378.997437 372.657104 368.972534 369.284546 374.928619 382.559479,
 308.586548 305.178558 303.030304 303.576874 306.134277 310.299194 314.715546 352.605560 352.397461 350.048065 349.860687 353.593689 359.513550 362.691589 393.858398 407.268494 417.716797 421.991638 418.802124 410.767151 400.330139 414.390411 436.126709 456.158752 464.696320 456.158752 436.126678 414.390411 400.330139 410.767151 418.802094 421.991638 417.716797 407.268494 393.858459 362.691528 359.513519 353.593689 349.860687 350.048004 352.397461 352.605591 314.715485 310.299133 306.134338 303.576843 303.030304 305.178528 308.586578,
 -15.148250 -19.094322 -21.374071 -5.918416 31.216721 66.303757 75.217911 -18.437658 -21.236647 -7.808818 32.162453 76.462463 90.522469 70.443459 -17.827465 -5.544476 33.550659 83.374283 103.158722 78.812263 37.985416 0.836112 35.658062 84.179443 108.475143 84.179428 35.658062 0.836108 37.985424 78.812256 103.158722 83.374283 33.550655 -5.544480 -17.827465 70.443466 90.522461 76.462463 32.162457 -7.808823 -21.236647 -18.437654 75.217911 66.303757 31.216717 -5.918415 -21.374077 -19.094328 -15.148249,

Auto-correlations of the modulus of each oriented sub-band
 1.806017 1.883389 1.926702 1.930911 1.892456 1.821597 1.726245 1.894112 2.051418 2.155736 2.178452 2.115323 1.982352 1.817895 1.990731 2.241619 2.411451 2.455496 2.375546 2.190782 1.937873 1.993532 2.283443 2.560273 2.687443 2.560273 2.283444 1.993532 1.937874 2.190782 2.375546 2.455496 2.411451 2.241620 1.990730 1.817895 1.982352 2.115323 2.178451 2.155736 2.051418 1.894112 1.726245 1.821597 1.892456 1.930911 1.926702 1.883389 1.806017,
 26.167894 26.925257 27.891106 29.035912 30.226347 31.337980 32.189720 27.886425 29.142103 30.664679 32.183109 33.334076 34.020267 34.120090 30.300100 32.077354 34.007652 35.487152 35.902302 35.453316 34.412674 32.845676 34.650284 36.269642 37.025646 36.269642 34.650288 32.845676 34.412670 35.453316 35.902302 35.487152 34.007648 32.077354 30.300098 34.120090 34.020264 33.334080 32.183105 30.664679 29.142099 27.886425 32.189720 31.337980 30.226347 29.035912 27.891106 26.925259 26.167894,
 52.264328 52.276054 52.312500 52.327301 52.211639 52.128239 52.160107 57.364029 58.148186 58.968639 59.384602 58.905388 57.967255 57.021145 62.131279 64.159889 66.247307 67.282906 66.241592 64.045853 61.799847 63.997669 66.794426 69.636841 71.031181 69.636841 66.794426 63.997669 61.799847 64.045853 66.241585 67.282906 66.247292 64.159882 62.131283 57.021145 57.967251 58.905388 59.384605 58.968636 58.148190 57.364029 52.160099 52.128235 52.211643 52.327293 52.312500 52.276062 52.264328,
 31.998491 31.143639 29.937670 28.573469 27.223181 26.132156 25.350620 33.911095 33.857918 33.180275 31.947653 30.261778 28.605259 27.273031 34.342896 35.380596 35.843899 35.418068 33.863419 31.878315 30.049356 32.831123 34.634312 36.242477 37.008766 36.242477 34.634312 32.831123 30.049358 31.878311 33.863419 35.418068 35.843899 35.380596 34.342896 27.273031 28.605255 30.261778 31.947653 33.180275 33.857922 33.911091 25.350620 26.132158 27.223181 28.573469 29.937668 31.143639 31.998491,
 1.241675 1.418548 1.552363 1.593258 1.520490 1.360373 1.166408 1.292374 1.511835 1.678098 1.730132 1.645152 1.455249 1.224775 1.337542 1.621882 1.850140 1.931872 1.828202 1.584759 1.294677 1.347284 1.668891 1.942366 2.053894 1.942366 1.668891 1.347284 1.294677 1.584759 1.828202 1.931872 1.850140 1.621882 1.337542 1.224775 1.455249 1.645152 1.730132 1.678098 1.511835 1.292374 1.166408 1.360372 1.520490 1.593258 1.552363 1.418548 1.241675,
 13.247593 13.849550 14.508596 15.223439 15.909306 16.445761 16.724619 14.284269 15.242254 16.229322 17.107918 17.767040 18.081060 17.925041 15.783792 17.054903 18.294186 19.131506 19.344463 19.009201 18.216167 17.339954 18.589685 19.633444 20.090017 19.633444 18.589687 17.339952 18.216167 19.009201 19.344463 19.131506 18.294186 17.054901 15.783791 17.925041 18.081059 17.767038 17.107918 16.229322 15.242254 14.284271 16.724619 16.445761 15.909303 15.223439 14.508598 13.849550 13.247593,
 29.219572 29.445248 29.582056 29.533672 29.264061 28.964380 28.753839 32.411983 33.211361 33.787766 33.926552 33.513329 32.804676 32.031349 35.446838 37.006622 38.241611 38.699471 38.100433 36.799080 35.250431 36.687378 38.634037 40.255604 40.941269 40.255604 38.634037 36.687382 35.250431 36.799080 38.100433 38.699471 38.241611 37.006618 35.446838 32.031345 32.804680 33.513329 33.926552 33.787769 33.211361 32.411983 28.753841 28.964380 29.264059 29.533670 29.582056 29.445248 29.219572,
 20.005470 19.672409 18.976213 18.072727 17.142296 16.311195 15.614499 21.197849 21.410450 21.041531 20.202713 19.089308 17.901096 16.813478 21.358664 22.307110 22.697803 22.393757 21.402534 19.991968 18.536409 20.304430 21.760748 22.929472 23.406580 22.929474 21.760748 20.304430 18.536409 19.991970 21.402534 22.393757 22.697805 22.307108 21.358667 16.813478 17.901096 19.089310 20.202715 21.041531 21.410450 21.197851 15.614496 16.311197 17.142296 18.072727 18.976213 19.672409 20.005466,
 0.570562 0.720660 0.845407 0.892075 0.836477 0.703663 0.548052 0.601220 0.773302 0.916616 0.969386 0.904527 0.752082 0.575099 0.632388 0.839877 1.019964 1.090027 1.010035 0.822911 0.612429 0.642900 0.873514 1.082407 1.170347 1.082407 0.873514 0.642900 0.612429 0.822911 1.010035 1.090027 1.019964 0.839877 0.632388 0.575099 0.752082 0.904527 0.969386 0.916616 0.773302 0.601220 0.548052 0.703663 0.836477 0.892075 0.845407 0.720660 0.570562,
 6.301294 6.604893 6.911475 7.234715 7.540363 7.757421 7.820567 7.018773 7.471148 7.925808 8.322403 8.580388 8.604048 8.375968 7.777076 8.443762 9.077150 9.470656 9.493969 9.170957 8.611796 8.387893 9.131110 9.764679 10.035607 9.764679 9.131110 8.387893 8.611796 9.170956 9.493969 9.470657 9.077148 8.443761 7.777076 8.375967 8.604047 8.580387 8.322403 7.925808 7.471148 7.018772 7.820567 7.757420 7.540362 7.234715 6.911475 6.604894 6.301295,
 15.515679 15.708882 15.820446 15.809425 15.631589 15.314967 14.961254 16.981106 17.486887 17.889961 18.037338 17.807589 17.274910 16.628849 18.381992 19.362301 20.224245 20.601206 20.231821 19.317327 18.247593 18.993328 20.253866 21.378063 21.864950 21.378063 20.253866 18.993328 18.247593 19.317327 20.231821 20.601204 20.224245 19.362305 18.381992 16.628845 17.274908 17.807587 18.037338 17.889961 17.486887 16.981106 14.961254 15.314965 15.631589 15.809423 15.820446 15.708882 15.515679,
 8.125722 7.960170 7.644361 7.231422 6.798240 6.387720 5.984045 8.833869 8.937905 8.788276 8.425130 7.933456 7.359902 6.786935 9.064402 9.524603 9.754107 9.674510 9.214888 8.488789 7.745492 8.632125 9.358115 9.988291 10.267751 9.988291 9.358115 8.632125 7.745493 8.488791 9.214887 9.674508 9.754106 9.524603 9.064402 6.786933 7.359902 7.933456 8.425129 8.788275 8.937902 8.833867 5.984045 6.387718 6.798240 7.231423 7.644361 7.960171 8.125722,

Pairwise cross-correlations of the modulus of all oriented sub-bands at the same scale (size QxQ)
 2.687442 4.550281 5.805618 5.247309 4.550281 37.025646 34.949024 2.383507 5.805618 34.949024 71.031158 33.828213 5.247309 2.383507 33.828213 37.008766,
 2.053894 2.548170 3.365793 3.450578 2.548170 20.090017 18.107250 -0.131451 3.365793 18.107250 40.941273 20.052771 3.450578 -0.131451 20.052771 23.406574,
 1.170347 1.286118 1.629089 1.581866 1.286118 10.035607 9.983886 0.740631 1.629089 9.983886 21.864948 9.600410 1.581866 0.740631 9.600410 10.267750,

Cross-correlations of the modulus of all oriented sub-bands with all oriented sub-bands at the coarser scale (size QxQ)
 1.807118 2.650814 3.533256 3.254869 2.433433 19.814291 17.871006 -0.650792 3.235562 16.683874 36.750828 17.381935 3.253625 -0.328699 18.764580 21.695642,
 1.238382 1.207803 1.499180 1.692810 1.607379 9.646244 8.734733 -0.304804 2.346727 8.374632 19.831520 9.576506 2.018524 -0.790643 8.830882 11.133787,

Cross-correlations of the real part of each oriented sub-band with both the real and imaginary part of all phase-doubled oriented sub-bands at the next coarser scale (Q matrices of size 1x2Q, which are computed and stored in a matrix of size Qx2Q)
 0.093802 -0.358973 -0.592769 -0.690485 0.039857 -0.001945 -0.052944 -0.094481 -0.255961 -2.988424 -3.049262 -0.572829 0.012783 0.370558 0.307960 -0.049486 -0.634926 -3.136290 -6.805193 -4.088485 0.045208 0.406468 -0.243454 -0.690657 -0.618139 -0.528663 -3.965522 -4.554081 0.084574 -0.016280 -0.601675 -0.724988,
 0.166890 -0.079001 -0.276715 -0.419188 -0.019607 0.014251 0.014826 0.037935 -0.013767 -0.655996 0.056108 0.247362 0.003931 0.321254 -0.475804 -0.439827 -0.287380 0.068835 1.787123 0.358245 0.000711 -0.251682 -3.717292 -2.059731 -0.341080 0.313530 0.484160 -1.117771 -0.073226 -0.356631 -2.232716 -1.083509,
