Low-band skewness and kurtosis
 -2.062687 7.327729,
 -2.059681 7.732482,
 -2.035933 7.995682,
 -1.658563 8.875300,
 -0.823942 2.745344,

High-band variance
 86.133339,

Skewness, kurtosis, variance, mean, maximum and minimum of the reconstructed texture
 97.000000 255.000000 241.223251 713.644287 -2.105761 7.036374

Auto-correlations of the low-frequency bands at each scale
 393.770172 375.023071 358.819641 350.669434 353.680908 367.720551 386.944061 428.888947 402.593658 372.550751 359.319427 371.990753 400.330841 424.377075 463.545990 480.114990 494.619751 502.060547 497.681030 483.104309 464.600983 482.674622 534.949402 587.937012 610.953247 587.937012 534.949402 482.674591 464.601013 483.104279 497.681061 502.060455 494.619751 480.114990 463.545990 424.377075 400.330841 371.990784 359.319397 372.550751 402.593597 428.888947 386.944000 367.720551 353.680939 350.669495 358.819641 375.023071 393.770172,
 365.553772 358.209778 355.441711 357.228790 360.214874 363.333282 366.267883 386.661774 374.105347 360.197510 355.194885 362.665741 377.546539 389.602478 416.103119 427.043793 434.454590 435.858795 431.284668 424.763641 418.767487 433.268860 461.326752 490.191284 502.964935 490.191284 461.326813 433.268860 418.767426 424.763611 431.284668 435.858856 434.454681 427.043793 416.103149 389.602539 377.546448 362.665741 355.194885 360.197540 374.105286 386.661774 366.267883 363.333252 360.214905 357.228790 355.441742 358.209839 365.553772,
 322.649689 319.382996 316.725769 315.760345 316.737793 320.113403 324.264191 354.485504 351.496979 346.158173 343.340973 345.227600 350.480560 354.730560 381.704590 391.103790 398.180573 401.123383 398.232574 391.221924 382.891693 396.431793 414.946991 432.466492 440.033295 432.466492 414.947021 396.431793 382.891693 391.221924 398.232544 401.123383 398.180573 391.103821 381.704590 354.730530 350.480530 345.227539 343.340973 346.158173 351.497040 354.485474 324.264130 320.113403 316.737762 315.760345 316.725769 319.383026 322.649689,
 -24.835068 -24.753939 -17.509325 6.475936 44.891926 76.244568 80.669258 -24.250710 -17.659161 4.614423 44.712772 82.652824 92.659897 72.380707 -15.154889 5.506903 44.665730 86.659439 101.927048 80.934250 43.849873 9.012472 44.600456 86.229118 105.717148 86.229118 44.600452 9.012466 43.849876 80.934265 101.927048 86.659439 44.665726 5.506905 -15.154898 72.380730 92.659897 82.652824 44.712776 4.614421 -17.659155 -24.250710 80.669273 76.244568 44.891926 6.475936 -17.509317 -24.753939 -24.835068,

Auto-correlations of the modulus of each oriented sub-band
 1.690616 1.796462 1.880619 1.928565 1.925410 1.872345 1.779390 1.792269 1.963781 2.094185 2.156298 2.134756 2.028637 1.864778 1.912540 2.165874 2.356522 2.434659 2.379217 2.203717 1.954018 1.960610 2.269581 2.555556 2.682782 2.555556 2.269581 1.960610 1.954018 2.203717 2.379217 2.434658 2.356522 2.165874 1.912539 1.864778 2.028637 2.134756 2.156298 2.094185 1.963781 1.792269 1.779390 1.872344 1.925410 1.928565 1.880619 1.796462 1.690616,
 27.415575 28.263632 29.408648 30.737040 32.026680 33.146507 33.921139 29.207903 30.691004 32.491482 34.210030 35.374638 35.924587 35.831516 31.899342 33.992184 36.254265 37.920967 38.245430 37.530560 36.224991 34.665901 36.793579 38.744724 39.660343 38.744724 36.793579 34.665894 36.224998 37.530552 38.245430 37.920971 36.254261 33.992180 31.899340 35.831524 35.924583 35.374638 34.210030 32.491482 30.691000 29.207901 33.921139 33.146507 32.026676 30.737045 29.408646 28.263628 27.415575,
 55.632221 55.846058 56.069386 56.184799 56.012177 55.750446 55.615955 60.185463 61.647873 62.992413 63.593319 62.887379 61.513306 60.214783 64.790794 67.889221 70.894836 72.281090 70.807434 67.790337 64.834053 66.816154 70.678856 74.599274 76.497070 74.599274 70.678856 66.816147 64.834045 67.790337 70.807434 72.281082 70.894836 67.889221 64.790787 60.214783 61.513306 62.887379 63.593307 62.992416 61.647858 60.185463 55.615955 55.750450 56.012184 56.184799 56.069386 55.846058 55.632221,
 31.275660 30.527750 29.410143 28.122461 26.824192 25.717587 24.864067 33.080338 33.185207 32.621902 31.453856 29.760056 28.005484 26.560831 33.322041 34.647465 35.368172 35.050930 33.374420 31.113392 29.056770 31.700275 33.828663 35.809666 36.751942 35.809658 33.828663 31.700275 29.056770 31.113386 33.374416 35.050922 35.368172 34.647465 33.322041 26.560827 28.005484 29.760054 31.453859 32.621902 33.185211 33.080338 24.864067 25.717587 26.824192 28.122461 29.410143 30.527750 31.275660,
 1.014485 1.188393 1.326495 1.373739 1.307781 1.156249 0.971383 1.068430 1.276214 1.445815 1.512143 1.443554 1.265907 1.042273 1.122805 1.392528 1.620963 1.714038 1.626263 1.398649 1.121077 1.156013 1.464116 1.734015 1.846400 1.734015 1.464116 1.156013 1.121077 1.398649 1.626263 1.714038 1.620963 1.392528 1.122805 1.042273 1.265907 1.443554 1.512143 1.445815 1.276214 1.068430 0.971383 1.156249 1.307781 1.373739 1.326496 1.188393 1.014485,
 13.465654 13.772446 14.171023 14.642101 15.124200 15.548418 15.842249 14.450038 15.149925 15.967014 16.725620 17.278040 17.534189 17.421957 15.943776 17.106951 18.336767 19.175970 19.329462 18.908319 18.118883 17.458382 18.720306 19.870722 20.384243 19.870722 18.720310 17.458382 18.118881 18.908318 19.329462 19.175966 18.336769 17.106949 15.943776 17.421957 17.534187 17.278036 16.725620 15.967014 15.149926 14.450038 15.842249 15.548417 15.124200 14.642101 14.171023 13.772446 13.465654,
 37.118935 36.983841 36.794083 36.529633 36.125629 35.767891 35.557686 40.069164 40.884777 41.492622 41.627586 41.094891 40.210991 39.294224 43.163742 45.164326 46.840824 47.503616 46.705494 44.968578 42.992661 44.562119 47.115917 49.353878 50.330017 49.353878 47.115917 44.562119 42.992661 44.968578 46.705494 47.503605 46.840824 45.164330 43.163734 39.294224 40.210991 41.094891 41.627583 41.492622 40.884781 40.069164 35.557690 35.767891 36.125629 36.529636 36.794083 36.983841 37.118935,
 19.218561 18.859894 18.162319 17.257963 16.291502 15.377963 14.563577 20.383757 20.606165 20.291977 19.527191 18.441645 17.218233 16.038401 20.577393 21.548698 22.031071 21.842136 20.877844 19.421995 17.897999 19.620752 21.116529 22.373592 22.916275 22.373594 21.116529 19.620752 17.897997 19.421995 20.877842 21.842136 22.031075 21.548698 20.577394 16.038401 17.218231 18.441643 19.527191 20.291979 20.606167 20.383757 14.563577 15.377963 16.291502 17.257963 18.162323 18.859894 19.218565,
 0.462985 0.593538 0.707607 0.759188 0.724885 0.620738 0.489891 0.509591 0.661194 0.791037 0.846329 0.800152 0.673701 0.520130 0.558465 0.745438 0.909912 0.977927 0.911019 0.745714 0.557347 0.580522 0.791537 0.983787 1.065368 0.983787 0.791537 0.580522 0.557347 0.745714 0.911019 0.977927 0.909912 0.745438 0.558465 0.520130 0.673701 0.800152 0.846329 0.791037 0.661194 0.509591 0.489891 0.620738 0.724885 0.759188 0.707607 0.593538 0.462985,
 5.913789 6.316816 6.754736 7.213224 7.593366 7.764741 7.689893 6.531945 7.123031 7.725190 8.233061 8.542411 8.539000 8.217646 7.375679 8.179698 8.963696 9.437144 9.454812 9.087134 8.461696 8.153215 8.984389 9.718606 10.041651 9.718606 8.984389 8.153215 8.461697 9.087134 9.454813 9.437144 8.963696 8.179697 7.375679 8.217646 8.539000 8.542409 8.233062 7.725189 7.123031 6.531945 7.689894 7.764741 7.593366 7.213224 6.754736 6.316814 5.913789,
 14.760257 15.263984 15.842772 16.335615 16.506166 16.278444 15.823480 16.627855 17.474293 18.355331 18.986860 19.017748 18.450926 17.627794 18.683840 20.014317 21.305325 22.046432 21.766022 20.689032 19.382530 19.901527 21.468651 22.905205 23.541952 22.905203 21.468649 19.901527 19.382534 20.689032 21.766026 22.046434 21.305326 20.014317 18.683840 17.627798 18.450926 19.017750 18.986856 18.355331 17.474291 16.627855 15.823480 16.278446 16.506166 16.335615 15.842770 15.263982 14.760256,
 7.512116 7.486135 7.348744 7.140898 6.894949 6.601696 6.240376 8.333090 8.567998 8.568636 8.363579 7.985942 7.453254 6.856479 8.675244 9.289450 9.649918 9.667577 9.239619 8.469434 7.636388 8.370264 9.234515 9.966754 10.290174 9.966754 9.234515 8.370264 7.636388 8.469434 9.239619 9.667577 9.649918 9.289450 8.675244 6.856479 7.453253 7.985942 8.363579 8.568635 8.567998 8.333089 6.240376 6.601695 6.894949 7.140897 7.348744 7.486135 7.512116,

Pairwise cross-correlations of the modulus of all oriented sub-bands at the same scale (size QxQ)
 2.682782 5.434478 6.385058 4.721774 5.434478 39.660343 37.759357 3.335286 6.385058 37.759357 76.497070 35.789398 4.721774 3.335286 35.789398 36.751945,
 1.846399 2.524428 3.393691 2.911936 2.524428 20.384245 21.718304 1.616140 3.393691 21.718304 50.330029 22.966599 2.911936 1.616140 22.966599 22.916277,
 1.065368 1.434121 1.857726 1.438666 1.434121 10.041650 10.414605 0.716415 1.857726 10.414605 23.541952 10.156880 1.438666 0.716415 10.156880 10.290173,

Cross-correlations of the modulus of all oriented sub-bands with all oriented sub-bands at the coarser scale (size QxQ)
 1.677049 2.943177 3.800559 2.784448 2.770769 20.205540 19.909737 0.361282 3.835946 20.444115 43.911110 19.396143 2.989288 2.073096 22.344490 21.319773,
 1.127160 1.477711 2.032114 1.599762 1.637131 10.270225 10.633657 0.587978 2.406166 10.121681 24.157358 11.557567 1.834875 0.022140 10.861418 11.714675,

Cross-correlations of the real part of each oriented sub-band with both the real and imaginary part of all phase-doubled oriented sub-bands at the next coarser scale (Q matrices of size 1x2Q, which are computed and stored in a matrix of size Qx2Q)
 0.173508 -0.373482 -0.514733 -0.451731 -0.054496 0.040890 0.169667 0.224969 -0.338832 -2.390243 -2.452793 -0.446038 0.016438 0.238722 0.371064 0.058928 -0.517528 -2.364507 -5.464810 -3.017256 -0.080733 0.155701 0.781775 0.703407 -0.332852 -0.473458 -3.217863 -3.286707 -0.190741 -0.011379 0.711772 1.140753,
 0.277126 -0.027091 -0.239672 -0.328684 0.009450 0.069689 0.040836 -0.019088 0.121156 -0.249235 -0.385282 -0.177265 0.026812 0.733135 1.376180 0.186463 -0.143634 -0.483597 -2.071539 -1.841231 0.041670 1.148105 2.668190 0.191069 -0.143782 -0.186713 -1.845624 -2.315192 0.032072 0.266212 0.669549 -0.182078,
