Low-band skewness and kurtosis
 -1.719454 5.339299,
 -1.579465 4.838581,
 -1.461354 4.473124,
 -1.500318 5.515907,
 -0.762246 2.350463,

High-band variance
 90.195778,

Skewness, kurtosis, variance, mean, maximum and minimum of the reconstructed texture
 106.000000 255.000000 240.836411 679.919983 -1.875677 5.742988

Auto-correlations of the low-frequency bands at each scale
 318.623932 305.003021 295.133484 292.287506 298.903778 314.372681 333.198456 362.771576 333.483612 305.311676 295.231903 309.619781 338.539032 364.672485 420.328888 432.506531 444.309967 451.183685 446.413391 429.906525 407.693878 439.701752 495.959503 549.394226 572.165466 549.394226 495.959503 439.701752 407.693909 429.906525 446.413422 451.183655 444.309967 432.506592 420.328888 364.672516 338.538971 309.619781 295.231903 305.311676 333.483612 362.771545 333.198425 314.372589 298.903809 292.287567 295.133484 305.003021 318.623871,
 309.099701 303.015625 298.646881 296.574524 297.531311 303.176849 311.897003 332.292969 316.097076 300.197754 294.515564 302.328857 318.469208 332.662689 364.507629 370.644318 377.435303 382.043060 379.628571 370.369171 357.814789 375.779327 407.789459 439.487549 453.330505 439.487610 407.789459 375.779327 357.814758 370.369171 379.628571 382.043030 377.435303 370.644348 364.507568 332.662689 318.469208 302.328857 294.515564 300.197754 316.097015 332.292938 311.897003 303.176849 297.531342 296.574524 298.646881 303.015625 309.099701,
 287.972382 283.430511 280.327972 279.491119 280.570770 283.428162 286.471436 313.059082 304.554626 295.765625 292.010101 294.849792 301.868042 307.748016 333.017853 338.201813 342.804504 344.610687 341.115234 333.907959 325.787872 337.514771 356.705139 375.632324 383.961884 375.632324 356.705109 337.514771 325.787872 333.907959 341.115265 344.610718 342.804504 338.201813 333.017853 307.748016 301.867981 294.849792 292.010071 295.765594 304.554626 313.059052 286.471436 283.428101 280.570770 279.491119 280.327942 283.430511 287.972382,
 -8.451751 -0.683642 7.748831 19.013979 33.935375 48.187359 55.541637 1.800852 9.525086 20.404776 36.875660 53.564213 61.490849 57.649124 11.979065 22.578323 39.691078 58.440613 66.806816 60.072693 45.073032 26.228664 42.534859 60.741249 69.254005 60.741253 42.534859 26.228661 45.073032 60.072693 66.806801 58.440613 39.691086 22.578323 11.979062 57.649124 61.490856 53.564213 36.875668 20.404783 9.525081 1.800851 55.541637 48.187359 33.935375 19.013979 7.748831 -0.683645 -8.451749,

Auto-correlations of the modulus of each oriented sub-band
 1.394553 1.522731 1.637673 1.711782 1.724544 1.680050 1.590684 1.507912 1.702622 1.860356 1.946785 1.944528 1.845980 1.671680 1.664116 1.931525 2.133946 2.222594 2.176790 2.004942 1.749018 1.722092 2.070184 2.411235 2.567355 2.411235 2.070184 1.722092 1.749018 2.004942 2.176790 2.222594 2.133946 1.931524 1.664116 1.671680 1.845980 1.944528 1.946785 1.860356 1.702622 1.507912 1.590684 1.680050 1.724544 1.711782 1.637673 1.522731 1.394553,
 24.201565 25.144741 26.464947 27.940323 29.154026 29.909903 30.143724 25.919245 27.637751 29.814514 31.759926 32.673191 32.607349 31.849649 28.385239 30.901865 33.793598 35.803772 35.709553 34.200863 32.218151 30.855831 33.574013 36.329437 37.694851 36.329437 33.574013 30.855831 32.218147 34.200863 35.709549 35.803768 33.793594 30.901873 28.385237 31.849649 32.607349 32.673191 31.759928 29.814512 27.637747 25.919243 30.143724 29.909901 29.154022 27.940317 26.464947 25.144745 24.201565,
 59.534100 60.741974 62.020302 62.789165 62.516491 61.528961 60.387646 63.678413 66.377396 69.360153 70.944305 69.720131 66.839760 63.998730 67.512009 72.153793 77.423904 80.127388 77.615982 72.341515 67.517525 69.063927 74.743454 81.213715 84.498360 81.213715 74.743462 69.063927 67.517525 72.341515 77.615982 80.127388 77.423904 72.153793 67.512001 63.998734 66.839752 69.720131 70.944321 69.360138 66.377403 63.678406 60.387646 61.528961 62.516495 62.789177 62.020302 60.741974 59.534107,
 29.273836 29.164017 28.670948 27.827892 26.738951 25.700294 24.846441 31.237751 31.830576 31.894728 31.263212 29.840261 28.179392 26.735620 32.161926 33.700020 34.838696 34.960426 33.474461 31.256001 29.197708 31.362522 33.532051 35.649166 36.700077 35.649162 33.532051 31.362526 29.197706 31.256001 33.474457 34.960426 34.838692 33.700020 32.161922 26.735617 28.179390 29.840261 31.263208 31.894728 31.830570 31.237747 24.846441 25.700293 26.738951 27.827892 28.670944 29.164022 29.273840,
 0.916015 1.128690 1.310735 1.400744 1.366861 1.228895 1.042373 0.981377 1.227268 1.432081 1.523543 1.469668 1.296520 1.068570 1.056269 1.357400 1.615910 1.724693 1.632591 1.388843 1.096750 1.105857 1.446439 1.754269 1.884676 1.754270 1.446439 1.105857 1.096750 1.388843 1.632591 1.724693 1.615910 1.357400 1.056269 1.068570 1.296520 1.469667 1.523543 1.432081 1.227268 0.981377 1.042373 1.228895 1.366861 1.400744 1.310735 1.128690 0.916015,
 14.331825 14.929682 15.644306 16.372908 16.928986 17.165354 17.041437 15.512605 16.621672 17.812134 18.742901 19.128414 18.898293 18.171467 17.059324 18.740551 20.425400 21.414232 21.259539 20.215683 18.754663 18.346031 20.225122 21.947371 22.712864 21.947374 20.225122 18.346031 18.754663 20.215683 21.259539 21.414230 20.425400 18.740551 17.059324 18.171467 18.898291 19.128414 18.742901 17.812136 16.621672 15.512606 17.041437 17.165352 16.928986 16.372910 15.644310 14.929684 14.331826,
 34.518970 34.925488 35.285408 35.365013 34.962940 34.303825 33.681686 37.216549 39.008865 40.591896 41.047928 39.854004 37.754974 35.764870 39.377007 42.859097 46.180046 47.443127 45.488361 41.746277 38.156307 39.730110 44.046787 48.440067 50.493683 48.440067 44.046787 39.730110 38.156307 41.746277 45.488361 47.443127 46.180046 42.859097 39.377010 35.764870 37.754974 39.854004 41.047935 40.591896 39.008858 37.216549 33.681690 34.303822 34.962933 35.365005 35.285412 34.925488 34.518974,
 16.028004 15.974373 15.718310 15.308754 14.830659 14.372856 13.970135 17.235834 17.683025 17.748339 17.386995 16.653313 15.731358 14.877975 17.772049 18.899315 19.683958 19.761990 18.911631 17.485010 16.099609 17.277224 18.824606 20.274527 20.926416 20.274530 18.824610 17.277225 16.099609 17.485010 18.911629 19.761990 19.683958 18.899317 17.772051 14.877975 15.731355 16.653315 17.386995 17.748337 17.683027 17.235836 13.970138 14.372856 14.830657 15.308756 15.718311 15.974374 16.028008,
 0.513275 0.697309 0.852548 0.918729 0.873941 0.745284 0.587327 0.547724 0.740293 0.904169 0.978849 0.935462 0.795841 0.618171 0.589360 0.813033 1.016561 1.110514 1.043349 0.853870 0.632965 0.631057 0.889122 1.132915 1.238823 1.132915 0.889122 0.631057 0.632965 0.853870 1.043349 1.110514 1.016561 0.813033 0.589360 0.618171 0.795841 0.935462 0.978849 0.904169 0.740293 0.547724 0.587327 0.745284 0.873941 0.918729 0.852548 0.697309 0.513275,
 6.578511 7.025303 7.409285 7.657601 7.726731 7.650149 7.477895 7.086392 7.753160 8.394276 8.776127 8.792580 8.524942 8.111989 7.713539 8.660162 9.648915 10.153152 9.903790 9.205353 8.431100 8.260371 9.281966 10.353636 10.863517 10.353636 9.281966 8.260372 8.431100 9.205353 9.903790 10.153152 9.648915 8.660162 7.713539 8.111987 8.524942 8.792577 8.776125 8.394277 7.753160 7.086392 7.477894 7.650149 7.726731 7.657601 7.409285 7.025302 6.578511,
 15.998739 16.317726 16.671337 16.955297 16.904552 16.615255 16.271233 16.847382 17.659180 18.726204 19.518061 19.361143 18.550695 17.691221 17.955893 19.454847 21.354790 22.550875 21.929140 20.241602 18.681353 18.774754 20.641615 22.868771 24.022648 22.868771 20.641615 18.774752 18.681356 20.241604 21.929140 22.550871 21.354790 19.454847 17.955893 17.691219 18.550695 19.361143 19.518061 18.726204 17.659176 16.847382 16.271235 16.615255 16.904554 16.955296 16.671337 16.317724 15.998737,
 8.540957 8.656240 8.653823 8.559513 8.382590 8.145259 7.863173 9.111484 9.443259 9.661783 9.716866 9.532018 9.128926 8.622401 9.533842 10.175228 10.748505 11.022182 10.748253 10.047149 9.260159 9.604275 10.461877 11.284194 11.661228 11.284194 10.461877 9.604275 9.260159 10.047150 10.748252 11.022181 10.748506 10.175228 9.533842 8.622401 9.128926 9.532018 9.716866 9.661783 9.443259 9.111483 7.863173 8.145259 8.382590 8.559512 8.653822 8.656239 8.540957,

Pairwise cross-correlations of the modulus of all oriented sub-bands at the same scale (size QxQ)
 2.567355 5.390161 6.480067 4.239605 5.390161 37.694851 39.297615 7.620949 6.480067 39.297615 84.498352 41.727718 4.239605 7.620949 41.727718 36.700077,
 1.884676 3.211611 3.761683 2.407277 3.211611 22.712862 22.891779 3.184097 3.761683 22.891779 50.493683 23.795811 2.407277 3.184097 23.795811 20.926414,
 1.238823 1.874692 2.361132 1.671072 1.874692 10.863519 10.795660 1.847078 2.361132 10.795660 24.022642 12.339665 1.671072 1.847078 12.339665 11.661228,

Cross-correlations of the modulus of all oriented sub-bands with all oriented sub-bands at the coarser scale (size QxQ)
 1.704346 3.286223 4.159397 2.636368 3.447680 20.811930 22.099382 3.945769 4.547285 21.564291 44.634991 22.263340 2.874515 3.869611 23.054285 19.812481,
 1.186541 1.895053 2.250128 1.639268 1.999667 10.815110 11.403837 1.843324 2.934751 11.261902 24.263239 13.161243 1.758013 1.787141 12.273286 11.289354,

Cross-correlations of the real part of each oriented sub-band with both the real and imaginary part of all phase-doubled oriented sub-bands at the next coarser scale (Q matrices of size 1x2Q, which are computed and stored in a matrix of size Qx2Q)
 -0.044032 -0.738712 -0.635121 -0.598956 -0.015448 -0.084020 -0.073670 -0.027710 -0.701259 -4.470565 -3.481646 -0.647824 -0.078328 -0.784293 -0.707340 -0.125664 -0.782864 -3.747114 -6.994387 -4.485571 -0.017706 -0.749479 -1.319261 -0.721773 -0.534508 -0.467167 -3.807641 -4.621990 0.040898 -0.085889 -0.525442 -0.511090,
 0.134080 -0.238987 -0.181708 -0.230537 -0.027837 0.014017 0.014962 -0.032353 -0.202477 -1.297859 -0.527324 -0.032460 -0.012772 0.387052 0.216662 0.029951 -0.285108 -0.920198 -0.890103 -0.830094 0.010298 0.374001 0.031810 0.071786 -0.160070 -0.096366 -0.678976 -1.297515 0.007991 0.016352 -0.124321 -0.078978,
