Low-band skewness and kurtosis
 -1.378998 4.312550,
 -1.112722 3.532421,
 -0.821682 2.754375,
 -0.802382 2.652211,
 -0.308742 1.728144,

High-band variance
 103.500580,

Skewness, kurtosis, variance, mean, maximum and minimum of the reconstructed texture
 116.000000 255.000000 240.519028 577.926697 -1.625005 4.828898

Auto-correlations of the low-frequency bands at each scale
 158.872375 144.059250 135.678024 134.081070 137.130142 143.712891 153.624420 188.838333 162.590286 138.065521 127.649956 136.718430 160.735107 188.504272 275.942749 292.526306 303.937256 307.205322 302.686218 294.900299 286.638031 342.136658 391.784149 435.468842 453.432220 435.468842 391.784149 342.136658 286.638000 294.900238 302.686218 307.205322 303.937256 292.526337 275.942719 188.504272 160.735062 136.718399 127.649971 138.065506 162.590286 188.838333 153.624420 143.712875 137.130142 134.081085 135.678024 144.059250 158.872360,
 159.974319 152.899796 148.831711 147.017731 146.021774 147.428452 152.503616 169.745270 152.956192 138.444656 132.740616 137.508896 150.835602 167.002762 213.344040 220.127975 226.294022 229.738251 228.563431 224.702820 219.674118 251.292221 279.739899 305.272858 316.013611 305.272858 279.739838 251.292221 219.674072 224.702850 228.563385 229.738220 226.294067 220.127960 213.344070 167.002762 150.835617 137.508881 132.740601 138.444672 152.956192 169.745285 152.503601 147.428452 146.021759 147.017731 148.831741 152.899796 159.974350,
 153.564957 149.688629 147.170944 145.651794 144.341232 144.083206 145.549316 162.761398 152.906525 144.263550 140.680695 143.024124 149.956375 157.729553 185.230301 188.141785 190.680847 191.800110 190.397217 187.805908 184.942032 201.067352 216.039886 229.909943 235.862885 229.909943 216.039886 201.067352 184.942032 187.805939 190.397217 191.800110 190.680847 188.141785 185.230286 157.729553 149.956375 143.024139 140.680695 144.263550 152.906509 162.761398 145.549316 144.083221 144.341232 145.651794 147.170944 149.688614 153.564957,
 15.162654 21.318354 24.570200 26.945845 31.776266 38.025135 40.910881 21.442284 24.263186 26.345903 31.880692 39.582703 43.514072 41.174389 24.595669 26.863773 32.916111 41.879711 46.295391 42.702164 35.850624 28.686495 34.436310 43.126984 47.700512 43.126984 34.436310 28.686491 35.850624 42.702164 46.295383 41.879711 32.916111 26.863779 24.595659 41.174389 43.514076 39.582703 31.880692 26.345900 24.263186 21.442278 40.910881 38.025135 31.776260 26.945845 24.570202 21.318354 15.162649,

Auto-correlations of the modulus of each oriented sub-band
 0.988472 1.081299 1.146301 1.163165 1.127011 1.052337 0.959157 1.069882 1.194822 1.280819 1.304509 1.259348 1.157897 1.030865 1.148872 1.330657 1.462647 1.508723 1.456636 1.320777 1.138241 1.169458 1.423791 1.678433 1.795814 1.678433 1.423791 1.169458 1.138241 1.320777 1.456636 1.508723 1.462647 1.330657 1.148872 1.030865 1.157897 1.259348 1.304509 1.280819 1.194822 1.069882 0.959157 1.052337 1.127011 1.163165 1.146301 1.081299 0.988471,
 15.785871 16.374605 17.126989 17.890387 18.456356 18.790722 18.958508 17.705866 19.053167 20.568127 21.724419 22.088264 21.834967 21.313791 20.328394 22.438362 24.687208 26.034470 25.715065 24.357573 22.816774 22.444897 24.701637 26.996359 28.093681 26.996359 24.701645 22.444893 22.816771 24.357571 25.715065 26.034470 24.687208 22.438366 20.328388 21.313795 21.834963 22.088264 21.724419 20.568125 19.053171 17.705866 18.958508 18.790720 18.456358 17.890387 17.126986 16.374607 15.785873,
 52.989758 54.691895 56.382591 57.021221 56.103016 54.406006 52.929760 58.067711 62.192230 66.760048 68.918304 66.854904 62.504967 58.622505 63.349552 70.393982 78.543182 82.580681 78.777802 70.850838 63.952774 65.951881 74.350952 84.198837 89.126991 84.198837 74.350952 65.951874 63.952766 70.850822 78.777802 82.580696 78.543175 70.393990 63.349545 58.622505 62.504974 66.854897 68.918304 66.760040 62.192230 58.067711 52.929760 54.406006 56.103024 57.021217 56.382584 54.691891 52.989750,
 23.065514 22.773983 22.264719 21.433243 20.321070 19.297691 18.619465 25.086203 25.676519 25.962814 25.449541 23.881273 21.989105 20.543959 26.026915 27.776993 29.423498 29.811811 28.063028 25.359425 23.103935 25.280451 27.746857 30.482805 31.864786 30.482805 27.746857 25.280451 23.103931 25.359428 28.063025 29.811813 29.423498 27.776995 26.026915 20.543957 21.989105 23.881273 25.449539 25.962814 25.676523 25.086203 18.619465 19.297695 20.321072 21.433243 22.264719 22.773983 23.065516,
 0.756851 0.940792 1.092330 1.150840 1.089688 0.936349 0.750564 0.804141 1.009698 1.171159 1.226194 1.153202 0.983705 0.781013 0.842887 1.086978 1.292668 1.371436 1.281219 1.067839 0.822942 0.856669 1.139656 1.404268 1.519500 1.404269 1.139656 0.856668 0.822942 1.067839 1.281219 1.371436 1.292668 1.086978 0.842887 0.781013 0.983705 1.153202 1.226194 1.171159 1.009698 0.804141 0.750564 0.936348 1.089688 1.150840 1.092331 0.940792 0.756851,
 9.931613 10.302684 10.766037 11.216572 11.490999 11.509306 11.344278 10.880078 11.711287 12.657832 13.356943 13.518394 13.154563 12.515655 12.141800 13.526751 15.018610 15.859890 15.571937 14.517745 13.280015 13.133647 14.722053 16.337824 17.098162 16.337826 14.722052 13.133647 13.280015 14.517745 15.571938 15.859890 15.018610 13.526751 12.141802 12.515655 13.154563 13.518392 13.356945 12.657832 11.711289 10.880079 11.344280 11.509307 11.490997 11.216570 10.766037 10.302684 9.931612,
 28.607981 29.722391 31.143694 32.011173 31.657520 30.448761 29.256586 31.232456 33.973190 37.383141 39.302242 38.136333 34.992760 32.019222 34.253132 39.050369 44.868874 47.920589 45.441532 39.801502 34.784485 35.810249 41.687939 48.642838 52.090729 48.642838 41.687939 35.810249 34.784485 39.801506 45.441525 47.920589 44.868874 39.050369 34.253136 32.019226 34.992752 38.136330 39.302238 37.383141 33.973190 31.232458 29.256590 30.448761 31.657520 32.011177 31.143698 29.722391 28.607985,
 11.728924 11.673199 11.473760 11.137229 10.747206 10.402721 10.140700 12.895244 13.348759 13.503857 13.243880 12.582221 11.721920 10.973456 13.528331 14.665699 15.586721 15.805744 14.969143 13.496902 12.153279 13.211486 14.755906 16.342743 17.091682 16.342743 14.755906 13.211486 12.153279 13.496901 14.969140 15.805744 15.586722 14.665699 13.528332 10.973456 11.721917 12.582221 13.243880 13.503859 13.348759 12.895245 10.140700 10.402721 10.747206 11.137229 11.473760 11.673199 11.728925,
 0.338073 0.465688 0.580827 0.632014 0.594392 0.486993 0.359816 0.364178 0.502028 0.620370 0.667530 0.621820 0.505587 0.370705 0.386758 0.542817 0.686904 0.746324 0.683717 0.536778 0.379077 0.394031 0.572108 0.751332 0.831929 0.751332 0.572108 0.394031 0.379077 0.536778 0.683717 0.746324 0.686904 0.542817 0.386758 0.370705 0.505587 0.621820 0.667530 0.620370 0.502028 0.364178 0.359816 0.486993 0.594392 0.632014 0.580827 0.465688 0.338073,
 4.865565 5.041774 5.196771 5.306234 5.335171 5.263335 5.113185 5.407407 5.827759 6.224120 6.441289 6.403013 6.138488 5.752622 6.027894 6.759956 7.490162 7.833523 7.601074 6.994238 6.296544 6.415388 7.280755 8.137234 8.535345 8.137234 7.280755 6.415388 6.296544 6.994237 7.601074 7.833522 7.490162 6.759956 6.027894 5.752622 6.138487 6.403013 6.441289 6.224119 5.827759 5.407406 5.113185 5.263335 5.335171 5.306233 5.196771 5.041773 4.865565,
 13.173131 13.704193 14.105185 14.037617 13.396736 12.570348 11.996321 14.062260 15.540127 17.109167 17.611284 16.538929 14.785918 13.432223 15.081951 17.659220 20.715467 22.048830 20.389673 17.314352 14.876279 15.539093 18.576014 22.358732 24.261778 22.358732 18.576014 15.539095 14.876279 17.314352 20.389673 22.048834 20.715466 17.659218 15.081953 13.432222 14.785919 16.538927 17.611284 17.109163 15.540124 14.062260 11.996321 12.570349 13.396736 14.037617 14.105184 13.704193 13.173131,
 5.388031 5.500471 5.480981 5.313939 5.026195 4.686582 4.412018 5.788737 6.166701 6.386613 6.310947 5.916229 5.353627 4.868980 6.064080 6.781105 7.417060 7.610898 7.141291 6.277360 5.493484 5.975803 6.881374 7.837307 8.289684 7.837307 6.881374 5.975803 5.493484 6.277361 7.141290 7.610898 7.417060 6.781104 6.064081 4.868980 5.353626 5.916229 6.310947 6.386612 6.166702 5.788737 4.412018 4.686582 5.026195 5.313939 5.480980 5.500470 5.388032,

Pairwise cross-correlations of the modulus of all oriented sub-bands at the same scale (size QxQ)
 1.795814 3.197919 4.980096 3.903600 3.197919 28.093681 39.310959 11.600836 4.980096 39.310959 89.126999 40.021530 3.903600 11.600836 40.021530 31.864784,
 1.519500 1.997122 3.171017 2.315421 1.997122 17.098156 23.710878 6.777875 3.171017 23.710878 52.090729 22.141701 2.315421 6.777875 22.141701 17.091682,
 0.831929 1.021433 1.368519 1.006739 1.021433 8.535344 10.941525 2.999292 1.368519 10.941525 24.261784 10.514789 1.006739 2.999292 10.514789 8.289684,

Cross-correlations of the modulus of all oriented sub-bands with all oriented sub-bands at the coarser scale (size QxQ)
 1.311476 2.148724 3.452100 2.452017 2.356870 14.516638 21.189251 7.856843 3.956241 20.876442 41.962971 21.549723 2.775464 7.097514 20.164042 15.906743,
 0.918905 1.126019 1.567681 1.219997 1.424154 7.506987 10.774677 4.063055 2.490107 10.726697 20.165766 10.514308 1.517845 3.698561 9.639201 7.587340,

Cross-correlations of the real part of each oriented sub-band with both the real and imaginary part of all phase-doubled oriented sub-bands at the next coarser scale (Q matrices of size 1x2Q, which are computed and stored in a matrix of size Qx2Q)
 0.226171 -0.398353 -0.456021 -0.491981 0.011038 -0.022483 -0.004930 0.020965 -0.289049 -6.018553 -6.775823 -1.454725 -0.005364 -0.564365 -0.394367 -0.005229 -0.580853 -7.816426 -15.286336 -7.600274 -0.023925 -0.676417 -0.071059 0.382904 -0.294156 -1.366465 -6.279460 -6.026159 -0.013284 -0.060579 0.289262 0.376087,
 0.255687 -0.140646 -0.166228 -0.176799 0.037705 0.006720 -0.003172 -0.015706 -0.054581 -2.253500 -2.374676 -0.572628 0.008802 0.015028 -0.260044 -0.062698 -0.233250 -2.857241 -5.612907 -3.067339 0.016495 -0.023625 -0.653287 -0.226875 -0.065648 -0.486025 -2.429271 -2.443171 0.045579 -0.040446 -0.217652 -0.162957,
