Low-band skewness and kurtosis
 -1.504626 4.676015,
 -1.314694 4.117373,
 -1.115565 3.491751,
 -1.539305 4.975657,
 -0.694650 2.056145,

High-band variance
 101.351982,

Skewness, kurtosis, variance, mean, maximum and minimum of the reconstructed texture
 116.000000 255.000000 240.552917 614.725403 -1.708685 5.123792

Auto-correlations of the low-frequency bands at each scale
 229.146866 213.710510 202.674423 199.200470 204.060425 215.598007 229.003738 261.427734 235.885986 209.769943 198.711517 209.393646 234.057510 257.785217 329.234161 345.492218 357.858459 362.266022 355.931427 342.285889 327.428894 372.094666 423.687744 472.645477 493.485077 472.645416 423.687744 372.094666 327.428864 342.285950 355.931458 362.266022 357.858398 345.492218 329.234131 257.785217 234.057495 209.393646 198.711517 209.769897 235.885941 261.427704 229.003738 215.598007 204.060425 199.200470 202.674408 213.710510 229.146851,
 227.664719 219.731339 214.020432 212.037827 213.527573 218.466721 224.575867 238.277588 221.385895 204.538528 197.641266 204.226288 219.774200 234.749542 271.021271 279.082703 286.166016 289.394806 286.189911 279.220856 272.360901 296.312347 325.977905 355.769684 368.877686 355.769714 325.977844 296.312317 272.360901 279.220856 286.189911 289.394806 286.166046 279.082642 271.021240 234.749542 219.774231 204.226288 197.641296 204.538513 221.385895 238.277557 224.575897 218.466736 213.527573 212.037827 214.020432 219.731308 227.664688,
 205.004562 200.869476 199.145340 200.074921 202.798096 207.348694 212.773987 220.052963 214.753845 209.235321 207.543533 211.194519 218.616180 225.651764 244.376266 249.764496 253.916809 255.298141 252.805313 248.536774 244.546432 257.369232 271.291382 285.398865 291.749237 285.398865 271.291382 257.369232 244.546432 248.536774 252.805313 255.298157 253.916779 249.764511 244.376266 225.651733 218.616180 211.194519 207.543533 209.235275 214.753830 220.052963 212.773987 207.348663 202.798065 200.074890 199.145340 200.869476 205.004578,
 7.438461 13.695726 17.903845 21.386196 27.089853 33.127636 34.511578 12.399354 15.967708 19.213026 26.103319 34.681892 37.940456 34.160385 14.838205 18.567961 26.250109 36.863945 41.534630 36.555252 28.061272 19.616940 27.215446 37.794968 43.372566 37.794968 27.215446 19.616940 28.061272 36.555252 41.534634 36.863945 26.250113 18.567957 14.838205 34.160385 37.940460 34.681892 26.103325 19.213026 15.967710 12.399357 34.511574 33.127636 27.089853 21.386194 17.903847 13.695725 7.438462,

Auto-correlations of the modulus of each oriented sub-band
 1.242199 1.353826 1.444182 1.492795 1.481825 1.413448 1.304943 1.351966 1.528216 1.662306 1.718592 1.682658 1.561980 1.385499 1.465959 1.719688 1.910474 1.990173 1.930902 1.742705 1.480421 1.514161 1.852214 2.170345 2.312253 2.170345 1.852214 1.514161 1.480421 1.742705 1.930902 1.990173 1.910474 1.719688 1.465959 1.385498 1.561980 1.682658 1.718592 1.662306 1.528216 1.351966 1.304943 1.413448 1.481825 1.492795 1.444182 1.353826 1.242199,
 19.593748 20.316540 21.316381 22.343391 23.054745 23.417950 23.518011 21.333763 22.803265 24.602205 26.023907 26.394903 25.951920 25.168728 23.585768 25.865870 28.457554 30.067745 29.617962 27.907009 26.029741 25.452913 27.978176 30.660189 31.983831 30.660189 27.978176 25.452911 26.029741 27.907005 29.617962 30.067741 28.457550 25.865875 23.585768 25.168728 25.951920 26.394903 26.023903 24.602205 22.803265 21.333763 23.518015 23.417950 23.054743 22.343390 21.316380 20.316540 19.593748,
 54.541958 55.445740 56.345997 56.672485 55.989929 54.718235 53.526558 58.974079 62.041378 65.396614 66.870552 64.944664 61.132607 57.771278 63.043335 68.867470 75.557137 78.734703 75.228043 68.227577 62.235291 64.466293 71.666367 80.170395 84.442497 80.170395 71.666359 64.466286 62.235294 68.227577 75.228043 78.734695 75.557121 68.867462 63.043335 57.771278 61.132610 64.944672 66.870537 65.396606 62.041374 58.974079 53.526566 54.718235 55.989941 56.672489 56.345997 55.445728 54.541950,
 23.227318 22.909809 22.287125 21.347549 20.198076 19.146450 18.378281 25.193939 25.846586 26.062130 25.456921 23.888784 21.964142 20.337893 26.057333 27.978977 29.613594 29.929308 28.204733 25.440681 22.923634 25.185503 27.912292 30.702223 32.042549 30.702225 27.912292 25.185505 22.923634 25.440681 28.204733 29.929308 29.613594 27.978977 26.057333 20.337893 21.964140 23.888779 25.456921 26.062128 25.846586 25.193941 18.378279 19.146450 20.198078 21.347551 22.287125 22.909809 23.227320,
 0.883045 1.072297 1.233359 1.307590 1.265836 1.130947 0.956002 0.939457 1.171828 1.364682 1.449420 1.393757 1.223052 1.001938 1.003088 1.295340 1.551010 1.663068 1.573269 1.328078 1.036224 1.050183 1.394581 1.712187 1.848257 1.712188 1.394581 1.050183 1.036224 1.328078 1.573269 1.663068 1.551010 1.295340 1.003088 1.001938 1.223052 1.393756 1.449419 1.364682 1.171828 0.939457 0.956002 1.130947 1.265836 1.307590 1.233359 1.072297 0.883045,
 12.705296 13.227727 13.844186 14.421482 14.757771 14.757258 14.485667 13.567493 14.577991 15.694393 16.478800 16.614361 16.142212 15.333043 14.711564 16.271326 17.934841 18.842344 18.474340 17.258972 15.838712 15.624436 17.382883 19.162819 20.000692 19.162823 17.382883 15.624436 15.838713 17.258972 18.474339 18.842344 17.934843 16.271326 14.711565 15.333046 16.142212 16.614359 16.478800 15.694393 14.577991 13.567492 14.485667 14.757260 14.757770 14.421481 13.844188 13.227727 12.705297,
 32.936260 34.048916 35.254704 35.621700 34.733692 33.288654 32.005852 34.913963 37.343826 40.135056 41.308426 39.740536 36.807590 34.202564 36.793667 40.848125 45.609554 47.846790 45.392715 40.566544 36.395458 37.469379 42.339527 48.097290 50.989338 48.097290 42.339531 37.469379 36.395458 40.566544 45.392712 47.846783 45.609554 40.848125 36.793667 34.202564 36.807587 39.740536 41.308426 40.135063 37.343826 34.913971 32.005848 33.288654 34.733688 35.621704 35.254704 34.048916 32.936260,
 13.005658 13.230054 13.302545 13.093609 12.591062 11.983501 11.453965 14.082625 14.804678 15.311907 15.280127 14.556332 13.450296 12.447460 14.729259 16.094990 17.355932 17.799316 16.889540 15.187119 13.625449 14.544860 16.294079 18.142662 19.033001 18.142662 16.294079 14.544860 13.625449 15.187119 16.889540 17.799316 17.355932 16.094994 14.729259 12.447461 13.450294 14.556332 15.280126 15.311906 14.804679 14.082625 11.453965 11.983500 12.591062 13.093607 13.302542 13.230056 13.005661,
 0.423727 0.563940 0.684878 0.738238 0.701149 0.591887 0.454056 0.429648 0.585964 0.725780 0.792871 0.757324 0.636748 0.481452 0.444297 0.638083 0.819745 0.905021 0.846884 0.682052 0.490937 0.483998 0.708106 0.923281 1.017423 0.923281 0.708106 0.483998 0.490937 0.682052 0.846884 0.905021 0.819745 0.638083 0.444297 0.481452 0.636748 0.757324 0.792871 0.725780 0.585964 0.429648 0.454056 0.591887 0.701149 0.738238 0.684878 0.563940 0.423727,
 3.959971 4.252946 4.582609 4.921391 5.180860 5.310791 5.298015 4.352126 4.886359 5.478366 5.937584 6.113729 6.012787 5.728138 5.020635 5.833653 6.738176 7.266647 7.130250 6.572504 5.907481 5.657996 6.552634 7.497925 7.962457 7.497925 6.552634 5.657996 5.907481 6.572505 7.130251 7.266647 6.738176 5.833655 5.020634 5.728139 6.012787 6.113729 5.937585 5.478365 4.886359 4.352126 5.298015 5.310791 5.180861 4.921391 4.582609 4.252946 3.959970,
 11.359441 11.660306 11.933379 12.093085 11.976376 11.729058 11.513597 12.292663 13.398133 14.510944 15.028465 14.499982 13.456839 12.533779 13.319165 15.415983 17.690996 18.768799 17.647961 15.425293 13.470377 13.826622 16.351461 19.224024 20.666477 19.224024 16.351461 13.826622 13.470377 15.425293 17.647961 18.768799 17.690996 15.415983 13.319162 12.533778 13.456841 14.499978 15.028465 14.510944 13.398132 12.292662 11.513598 11.729058 11.976374 12.093086 11.933379 11.660307 11.359441,
 5.271342 5.501984 5.573027 5.463858 5.220592 4.912382 4.602247 5.700266 6.238937 6.554854 6.514155 6.113968 5.498884 4.908080 5.890460 6.799999 7.562714 7.794549 7.269622 6.275472 5.328306 5.728910 6.827770 7.932815 8.440790 7.932815 6.827770 5.728910 5.328306 6.275473 7.269622 7.794551 7.562715 6.799999 5.890460 4.908080 5.498884 6.113967 6.514155 6.554854 6.238937 5.700265 4.602246 4.912382 5.220592 5.463858 5.573027 5.501983 5.271342,

Pairwise cross-correlations of the modulus of all oriented sub-bands at the same scale (size QxQ)
 2.312253 4.294141 5.341965 3.832139 4.294141 31.983831 38.230873 9.081388 5.341965 38.230873 84.442474 38.286324 3.832139 9.081388 38.286324 32.042549,
 1.848258 2.810946 3.311932 2.300817 2.810946 20.000689 22.915798 4.926052 3.311932 22.915798 50.989338 22.669128 2.300817 4.926052 22.669128 19.033001,
 1.017423 1.364546 1.666656 1.258541 1.364546 7.962455 8.779468 2.018296 1.666656 8.779468 20.666477 9.673534 1.258541 2.018296 9.673534 8.440790,

Cross-correlations of the modulus of all oriented sub-bands with all oriented sub-bands at the coarser scale (size QxQ)
 1.646842 2.935549 3.729442 2.396471 3.135189 17.800011 21.173944 5.329526 4.164193 21.667627 42.526382 20.336290 2.634887 6.132013 21.391193 16.693850,
 1.059082 1.663391 2.106952 1.425692 1.581309 8.400777 9.838487 2.617616 2.217293 9.604330 19.353378 9.976103 1.402734 2.304968 9.515526 7.836485,

Cross-correlations of the real part of each oriented sub-band with both the real and imaginary part of all phase-doubled oriented sub-bands at the next coarser scale (Q matrices of size 1x2Q, which are computed and stored in a matrix of size Qx2Q)
 -0.044344 -0.823903 -0.649129 -0.739812 -0.002145 -0.061076 -0.020792 -0.004445 -0.764556 -6.136734 -5.177114 -0.846220 -0.021949 -0.338769 -0.395723 0.000945 -0.939435 -6.115815 -10.833300 -6.073689 -0.012456 -0.241157 -0.065274 0.242202 -0.705191 -0.928053 -5.075698 -6.079285 -0.003749 0.008374 0.286403 0.190664,
 0.199089 -0.287434 -0.216983 -0.172408 -0.025840 -0.029626 0.022470 0.027241 -0.175465 -2.069031 -1.800976 -0.291668 -0.021712 0.030929 0.681218 0.062698 -0.267352 -1.997827 -4.110530 -2.025080 -0.015369 0.286121 1.706991 0.350550 -0.102641 -0.323878 -1.961943 -1.844461 -0.021195 0.117099 0.639760 0.287935,
