Low-band skewness and kurtosis
 -1.610140 4.960565,
 -1.399505 4.208630,
 -1.244847 3.662371,
 -1.221427 3.891140,
 -0.867677 2.474993,

High-band variance
 95.433517,

Skewness, kurtosis, variance, mean, maximum and minimum of the reconstructed texture
 114.000000 255.000000 240.689194 654.001953 -1.795627 5.422560

Auto-correlations of the low-frequency bands at each scale
 277.590881 264.591461 255.329285 252.937469 259.781860 276.084534 296.664978 319.270264 292.402222 265.995056 256.421326 269.945831 297.199554 320.663483 388.101105 399.619598 410.286438 415.649841 409.437531 391.453339 367.516052 412.521210 466.649902 518.289429 540.227722 518.289429 466.649902 412.521149 367.516052 391.453339 409.437531 415.649872 410.286438 399.619598 388.101105 320.663513 297.199524 269.945862 256.421326 265.995056 292.402222 319.270233 296.665009 276.084564 259.781860 252.937454 255.329285 264.591461 277.590912,
 271.391296 261.731201 254.562576 251.894608 254.237579 262.320679 273.403900 293.181732 275.130768 258.348816 253.220581 262.372437 279.687836 293.739807 325.300781 332.531219 340.183105 344.828918 341.932037 332.298920 319.713379 340.105042 372.389587 404.830505 419.013153 404.830505 372.389587 340.105042 319.713440 332.298950 341.932007 344.828918 340.183136 332.531250 325.300781 293.739868 279.687836 262.372437 253.220581 258.348846 275.130768 293.181702 273.403900 262.320679 254.237564 251.894623 254.562561 261.731232 271.391266,
 245.570892 240.778351 238.725067 239.184006 241.079178 244.843781 249.923691 264.204071 257.053589 249.398468 246.267181 249.569870 257.135284 263.371582 293.868317 298.838257 302.685242 303.861938 300.590118 294.135956 286.416656 305.657654 322.937439 340.192291 347.825714 340.192291 322.937439 305.657654 286.416656 294.135956 300.590057 303.861938 302.685242 298.838257 293.868286 263.371552 257.135254 249.569870 246.267136 249.398422 257.053589 264.204041 249.923676 244.843781 241.079163 239.184006 238.725067 240.778351 245.570847,
 4.165793 10.469008 14.709958 19.303452 27.471910 36.210007 39.535156 9.500824 13.180025 17.764771 27.678598 39.481018 44.264164 39.578159 12.642576 17.576048 28.384394 42.501179 48.641254 42.159809 30.291679 18.797583 29.408377 43.521172 50.682178 43.521172 29.408381 18.797579 30.291677 42.159809 48.641262 42.501179 28.384398 17.576052 12.642576 39.578159 44.264172 39.481014 27.678598 17.764772 13.180028 9.500824 39.535156 36.210007 27.471905 19.303448 14.709958 10.469013 4.165793,

Auto-correlations of the modulus of each oriented sub-band
 1.353099 1.452866 1.530508 1.568177 1.553573 1.493792 1.405305 1.444820 1.604614 1.728154 1.780102 1.750535 1.648209 1.497537 1.558083 1.791986 1.969222 2.042859 1.990343 1.823692 1.591432 1.612965 1.924808 2.231881 2.372680 2.231881 1.924809 1.612965 1.591432 1.823693 1.990343 2.042859 1.969221 1.791986 1.558083 1.497537 1.648209 1.750535 1.780102 1.728154 1.604614 1.444819 1.405305 1.493792 1.553573 1.568177 1.530508 1.452866 1.353099,
 22.622883 23.372578 24.470383 25.701111 26.737822 27.477976 27.898073 24.329666 25.821617 27.742664 29.413443 30.153326 30.077612 29.505270 26.642197 28.947695 31.645508 33.449329 33.249981 31.746572 29.932915 28.823267 31.360865 34.035854 35.355888 34.035854 31.360867 28.823267 29.932915 31.746572 33.249981 33.449333 31.645508 28.947693 26.642193 29.505270 30.077612 30.153326 29.413439 27.742659 25.821613 24.329666 27.898075 27.477972 26.737825 25.701115 24.470383 23.372578 22.622883,
 59.882732 60.939304 61.948967 62.313728 61.525055 60.086163 58.802628 63.845524 66.730698 69.905365 71.417709 69.679977 66.120872 62.936279 67.714127 72.951134 78.991959 82.011604 78.912117 72.618996 67.155113 69.199997 75.675629 83.282494 87.159637 83.282494 75.675629 69.199997 67.155098 72.618980 78.912117 82.011604 78.991959 72.951126 67.714119 62.936272 66.120872 69.679977 71.417709 69.905365 66.730698 63.845528 58.802612 60.086163 61.525055 62.313728 61.948967 60.939312 59.882744,
 27.496574 27.314997 26.785028 25.920565 24.814898 23.714220 22.785553 29.283672 29.949970 30.129782 29.569834 28.154352 26.364775 24.734812 30.173445 31.938189 33.318382 33.549232 32.043880 29.610773 27.269251 29.434340 31.916330 34.308144 35.438389 34.308144 31.916330 29.434340 27.269251 29.610769 32.043884 33.549236 33.318382 31.938192 30.173445 24.734814 26.364775 28.154348 29.569830 30.129782 29.949970 29.283670 22.785553 23.714220 24.814898 25.920567 26.785034 27.315001 27.496572,
 1.001675 1.189107 1.341377 1.404712 1.356069 1.219795 1.047746 1.071561 1.294471 1.470752 1.538907 1.477021 1.312459 1.101921 1.139669 1.420375 1.655990 1.748659 1.652129 1.414612 1.133481 1.171274 1.504132 1.806556 1.935392 1.806556 1.504132 1.171274 1.133481 1.414612 1.652129 1.748659 1.655990 1.420375 1.139669 1.101921 1.312459 1.477021 1.538907 1.470752 1.294471 1.071562 1.047746 1.219795 1.356069 1.404712 1.341377 1.189107 1.001675,
 14.782686 15.440999 16.136795 16.824198 17.399885 17.750774 17.792048 15.971736 17.141115 18.349930 19.260668 19.648390 19.488497 18.872910 17.393936 19.131155 20.909941 21.930779 21.724184 20.655148 19.243074 18.657372 20.548527 22.372704 23.213232 22.372704 20.548527 18.657372 19.243074 20.655146 21.724184 21.930779 20.909941 19.131155 17.393934 18.872913 19.488497 19.648390 19.260668 18.349930 17.141119 15.971738 17.792048 17.750772 17.399885 16.824198 16.136795 15.440997 14.782689,
 31.463327 32.168137 32.852158 33.137646 32.812134 32.168339 31.567453 34.240635 36.220592 38.181019 38.968670 37.876095 35.829372 33.970119 36.595234 40.178917 43.937386 45.591984 43.595043 39.749161 36.302639 37.430393 41.714531 46.449005 48.788811 46.449009 41.714535 37.430393 36.302647 39.749153 43.595036 45.591984 43.937389 40.178921 36.595234 33.970119 35.829369 37.876091 38.968674 38.181023 36.220596 34.240631 31.567459 32.168335 32.812130 33.137650 32.852158 32.168140 31.463331,
 15.768281 15.703362 15.350594 14.787586 14.179359 13.660625 13.266539 16.902838 17.402979 17.439629 16.973589 16.110786 15.083399 14.166839 17.299887 18.554890 19.427500 19.502537 18.544888 16.971437 15.454592 16.707172 18.413841 20.021330 20.749201 20.021330 18.413841 16.707172 15.454592 16.971437 18.544888 19.502537 19.427500 18.554890 17.299883 14.166839 15.083398 16.110788 16.973589 17.439629 17.402983 16.902838 13.266539 13.660625 14.179358 14.787586 15.350594 15.703364 15.768281,
 0.465664 0.599101 0.716247 0.771187 0.742117 0.644698 0.518189 0.494697 0.642171 0.772483 0.832464 0.795316 0.677810 0.528863 0.526418 0.710211 0.878576 0.953851 0.892319 0.729393 0.542853 0.553454 0.767327 0.972673 1.062896 0.972673 0.767327 0.553454 0.542853 0.729393 0.892319 0.953851 0.878576 0.710211 0.526418 0.528863 0.677810 0.795316 0.832464 0.772483 0.642171 0.494697 0.518188 0.644698 0.742117 0.771187 0.716247 0.599101 0.465664,
 6.193885 6.335454 6.579775 6.949424 7.323563 7.539437 7.518031 6.522303 6.929803 7.534781 8.131192 8.452093 8.363326 7.929413 7.017254 7.838462 8.873188 9.582032 9.528174 8.861957 7.983061 7.600356 8.649463 9.771484 10.312177 9.771484 8.649462 7.600357 7.983061 8.861957 9.528175 9.582033 8.873188 7.838462 7.017255 7.929412 8.363326 8.452092 8.131192 7.534781 6.929801 6.522303 7.518030 7.539437 7.323563 6.949424 6.579774 6.335454 6.193885,
 17.486105 17.928425 18.459421 18.922087 19.025909 18.729261 18.258755 18.917332 20.094627 21.391092 22.164173 21.795080 20.589373 19.275721 20.153358 22.264843 24.554598 25.738953 24.777884 22.504671 20.269318 20.682646 23.288614 26.077898 27.425398 26.077898 23.288614 20.682646 20.269314 22.504671 24.777882 25.738953 24.554594 22.264843 20.153358 19.275721 20.589373 21.795080 22.164171 21.391090 20.094627 18.917332 18.258755 18.729261 19.025909 18.922085 18.459423 17.928425 17.486105,
 7.890746 8.123519 8.185236 8.036955 7.728014 7.327566 6.878250 8.517277 9.100029 9.410800 9.318914 8.840311 8.121901 7.371797 8.825378 9.801324 10.552214 10.744031 10.181528 9.125888 8.037404 8.624774 9.823033 10.936892 11.434846 10.936892 9.823033 8.624774 8.037405 9.125887 10.181526 10.744030 10.552214 9.801324 8.825377 7.371797 8.121901 8.840310 9.318914 9.410800 9.100029 8.517278 6.878250 7.327566 7.728014 8.036955 8.185236 8.123519 7.890747,

Pairwise cross-correlations of the modulus of all oriented sub-bands at the same scale (size QxQ)
 2.372680 5.285054 6.318947 4.047387 5.285054 35.355888 38.506493 9.376586 6.318947 38.506493 87.159622 42.981655 4.047387 9.376586 42.981655 35.438385,
 1.935392 3.538144 4.085904 2.562813 3.538144 23.213230 22.720247 3.713161 4.085904 22.720247 48.788811 23.065050 2.562813 3.713161 23.065050 20.749197,
 1.062896 1.590888 2.138129 1.462804 1.590888 10.312176 11.118587 2.175460 2.138129 11.118587 27.425388 13.380389 1.462804 2.175460 13.380389 11.434846,

Cross-correlations of the modulus of all oriented sub-bands with all oriented sub-bands at the coarser scale (size QxQ)
 1.660747 3.374572 4.124551 2.586805 3.669510 20.216742 21.691084 5.100928 4.910239 21.614815 44.055981 23.101580 2.952518 5.052073 22.867474 19.453505,
 1.112118 1.904199 2.556458 1.668100 2.056695 10.969755 11.151684 2.075547 2.878534 11.214835 23.442839 11.892168 1.695568 2.202592 12.819085 10.845080,

Cross-correlations of the real part of each oriented sub-band with both the real and imaginary part of all phase-doubled oriented sub-bands at the next coarser scale (Q matrices of size 1x2Q, which are computed and stored in a matrix of size Qx2Q)
 0.053094 -0.699379 -0.670670 -0.619721 -0.031482 0.038421 0.052087 0.022202 -0.654480 -4.758066 -3.679900 -0.568122 -0.005789 0.285842 0.684217 0.101086 -0.823340 -4.087554 -6.958296 -4.598350 -0.016975 0.436900 1.599452 0.409502 -0.522017 -0.477275 -3.663333 -4.922981 -0.036656 0.124266 0.642149 0.273867,
 0.193379 -0.342271 -0.300152 -0.218773 0.010457 0.023880 0.025617 0.020199 -0.218433 -2.829906 -2.276056 -0.120371 -0.009925 0.162650 0.021609 -0.097960 -0.364720 -2.542604 -3.199085 -0.731681 -0.042237 0.056054 0.150029 -0.094479 -0.177417 -0.256976 -1.043443 -1.074015 -0.023605 -0.018014 0.233413 0.153909,
