Low-band skewness and kurtosis
 -1.384421 4.379197,
 -1.197026 3.965933,
 -0.975259 3.408386,
 -0.887411 2.959954,
 -0.353091 1.758434,

High-band variance
 103.488281,

Skewness, kurtosis, variance, mean, maximum and minimum of the reconstructed texture
 115.000000 255.000000 240.499405 578.574097 -1.616559 4.793974

Auto-correlations of the low-frequency bands at each scale
 165.933685 154.951752 148.605774 147.654999 151.560715 160.464737 173.782562 202.648605 175.896042 151.232086 140.344910 148.349854 170.677155 195.923431 293.095856 303.856079 311.403381 312.796326 306.379517 294.737823 280.921417 346.021637 394.232452 436.816528 454.355560 436.816528 394.232483 346.021606 280.921417 294.737823 306.379517 312.796326 311.403351 303.856079 293.095825 195.923447 170.677170 148.349854 140.344894 151.232040 175.896057 202.648560 173.782578 160.464722 151.560684 147.655029 148.605743 154.951752 165.933685,
 165.507584 160.467255 158.490158 158.702744 159.667648 162.704361 168.506149 173.701340 159.388062 147.254623 143.635864 150.339508 165.138809 181.342819 224.535431 231.169022 236.632538 238.957642 236.488663 231.554062 226.196579 259.090790 286.401123 311.502655 322.151611 311.502655 286.401154 259.090790 226.196579 231.554031 236.488693 238.957626 236.632507 231.169052 224.535431 181.342819 165.138733 150.339493 143.635864 147.254623 159.388092 173.701355 168.506165 162.704330 159.667648 158.702728 158.490158 160.467285 165.507614,
 157.714417 156.779266 156.426086 156.462234 156.991898 159.683716 164.783051 170.954193 164.220184 157.894547 155.608704 158.702759 166.389435 174.851669 193.977020 196.701920 200.244156 202.907043 202.478180 199.647003 195.536240 209.100693 223.261063 236.978867 242.988297 236.978867 223.261063 209.100647 195.536285 199.647018 202.478180 202.907043 200.244156 196.701920 193.977005 174.851685 166.389435 158.702744 155.608704 157.894562 164.220184 170.954132 164.783081 159.683716 156.991898 156.462234 156.426071 156.779251 157.714417,
 14.274010 19.179535 21.034828 22.941286 28.619459 35.322041 36.798435 19.421968 20.655441 21.674538 27.820679 36.518806 39.395233 34.419590 20.804262 21.275511 27.292217 37.660942 41.978596 36.069473 27.492779 22.020123 27.172581 37.497681 43.327457 37.497681 27.172579 22.020123 27.492779 36.069473 41.978596 37.660942 27.292219 21.275511 20.804258 34.419590 39.395241 36.518803 27.820677 21.674541 20.655437 19.421970 36.798435 35.322044 28.619459 22.941286 21.034828 19.179535 14.274006,

Auto-correlations of the modulus of each oriented sub-band
 0.956158 1.049022 1.114946 1.135562 1.098575 1.013367 0.905233 1.022520 1.146214 1.237288 1.264900 1.218133 1.111499 0.975347 1.098438 1.279024 1.406926 1.451074 1.400638 1.263569 1.073469 1.116781 1.364242 1.616070 1.733900 1.616070 1.364242 1.116781 1.073469 1.263569 1.400638 1.451074 1.406926 1.279024 1.098438 0.975347 1.111499 1.218133 1.264900 1.237288 1.146214 1.022520 0.905233 1.013367 1.098575 1.135562 1.114946 1.049022 0.956158,
 16.579245 17.169300 17.958748 18.763830 19.336313 19.674469 19.869873 18.390331 19.630072 21.152187 22.357883 22.688042 22.377678 21.843468 20.678453 22.639477 24.920494 26.348883 25.949392 24.490267 22.958216 22.514065 24.672014 27.047205 28.245707 27.047203 24.672014 22.514065 22.958216 24.490265 25.949392 26.348883 24.920494 22.639477 20.678453 21.843472 22.377674 22.688042 22.357882 21.152185 19.630072 18.390331 19.869873 19.674469 19.336317 18.763830 17.958746 17.169300 16.579245,
 51.213638 52.403008 53.976624 54.939545 54.531162 53.167717 51.704823 56.420052 59.912140 64.195000 66.481133 64.752632 60.603413 56.731133 61.686928 68.100319 75.853165 79.824478 76.222137 68.512131 61.803516 63.991047 71.932800 81.432266 86.217865 81.432259 71.932800 63.991051 61.803505 68.512138 76.222137 79.824478 75.853149 68.100319 61.686935 56.731129 60.603413 64.752632 66.481133 64.195000 59.912140 56.420055 51.704811 53.167706 54.531162 54.939552 53.976616 52.403008 51.213646,
 19.793318 19.589483 19.255201 18.676517 17.810877 16.912796 16.229998 21.899406 22.475029 22.816744 22.486761 21.190697 19.454399 17.980371 23.098089 24.806648 26.382742 26.809467 25.286741 22.739429 20.443277 22.537458 25.012306 27.614634 28.882236 27.614634 25.012306 22.537458 20.443277 22.739428 25.286741 26.809467 26.382740 24.806650 23.098091 17.980368 19.454399 21.190697 22.486759 22.816740 22.475033 21.899408 16.229994 16.912798 17.810877 18.676517 19.255203 19.589483 19.793318,
 0.749683 0.929219 1.077364 1.134009 1.071175 0.915399 0.728795 0.784362 0.986242 1.147238 1.206369 1.139007 0.971158 0.765643 0.815351 1.057380 1.265604 1.348042 1.260622 1.048413 0.802874 0.833046 1.113161 1.374976 1.488682 1.374976 1.113161 0.833046 0.802874 1.048413 1.260622 1.348042 1.265605 1.057381 0.815351 0.765643 0.971158 1.139007 1.206369 1.147238 0.986242 0.784362 0.728796 0.915399 1.071175 1.134009 1.077364 0.929219 0.749683,
 9.570868 9.992576 10.474543 10.916113 11.212447 11.316344 11.249277 10.495909 11.319940 12.220012 12.876729 13.059638 12.794999 12.255998 11.681276 13.018033 14.423615 15.212426 14.968813 14.016717 12.849282 12.632051 14.157013 15.673017 16.377548 15.673017 14.157014 12.632051 12.849282 14.016715 14.968811 15.212426 14.423615 13.018033 11.681276 12.255999 12.794999 13.059638 12.876729 12.220012 11.319940 10.495911 11.249277 11.316343 11.212448 10.916113 10.474543 9.992576 9.570868,
 29.544970 30.811951 31.869764 32.072540 31.174465 29.730730 28.542065 32.071072 35.053913 37.912846 38.806026 36.881065 33.545685 30.768623 34.512970 39.483879 44.762981 46.912334 43.927387 38.308704 33.508907 35.181427 41.026321 47.665585 50.887611 47.665588 41.026321 35.181427 33.508907 38.308708 43.927380 46.912338 44.762985 39.483879 34.512966 30.768625 33.545685 36.881065 38.806023 37.912849 35.053913 32.071072 28.542061 29.730734 31.174467 32.072540 31.869770 30.811953 29.544970,
 10.698476 10.862003 10.794123 10.469843 10.029609 9.657546 9.438482 11.572005 12.255413 12.641827 12.476949 11.770976 10.850683 10.106419 12.154650 13.465743 14.619358 14.952376 14.070534 12.512334 11.132664 11.998636 13.639454 15.375653 16.200159 15.375656 13.639454 11.998636 11.132664 12.512332 14.070532 14.952378 14.619358 13.465743 12.154650 10.106419 10.850683 11.770976 12.476949 12.641828 12.255415 11.572005 9.438484 9.657545 10.029609 10.469845 10.794123 10.862003 10.698476,
 0.432086 0.575574 0.703333 0.763680 0.728528 0.616533 0.476905 0.449659 0.603114 0.738737 0.801870 0.763143 0.642062 0.491574 0.475547 0.655635 0.820147 0.891858 0.829732 0.670975 0.492315 0.496282 0.700720 0.898002 0.984538 0.898002 0.700720 0.496282 0.492315 0.670975 0.829732 0.891858 0.820147 0.655635 0.475547 0.491574 0.642062 0.763143 0.801869 0.738737 0.603114 0.449659 0.476905 0.616533 0.728528 0.763680 0.703333 0.575574 0.432086,
 4.277011 4.628986 5.050831 5.441556 5.690205 5.767222 5.720861 4.953872 5.555213 6.186954 6.627752 6.747912 6.571338 6.229725 5.771263 6.662690 7.559856 8.025837 7.856262 7.264727 6.550222 6.404932 7.365548 8.302043 8.730618 8.302043 7.365547 6.404932 6.550221 7.264727 7.856262 8.025837 7.559857 6.662690 5.771263 6.229724 6.571336 6.747912 6.627752 6.186954 5.555213 4.953872 5.720862 5.767221 5.690205 5.441555 5.050831 4.628986 4.277011,
 11.350102 11.505305 11.860319 11.934523 11.430429 10.813383 10.649963 11.879225 13.004278 14.484962 15.175079 14.366701 12.860765 11.790331 12.783748 15.101964 17.972261 19.405312 18.071093 15.301206 13.019043 13.410986 16.301224 19.808472 21.556801 19.808472 16.301224 13.410986 13.019045 15.301206 18.071093 19.405313 17.972260 15.101963 12.783748 11.790331 12.860765 14.366701 15.175078 14.484960 13.004278 11.879224 10.649962 10.813383 11.430429 11.934523 11.860318 11.505304 11.350101,
 4.325174 4.432326 4.410414 4.276073 4.124517 4.028798 3.988900 4.641849 5.024292 5.269713 5.271627 5.027718 4.651460 4.321006 4.862540 5.562188 6.223131 6.499858 6.131385 5.364576 4.669174 4.881302 5.738398 6.672216 7.128072 6.672216 5.738398 4.881301 4.669174 5.364576 6.131385 6.499858 6.223131 5.562189 4.862540 4.321007 4.651459 5.027718 5.271627 5.269714 5.024292 4.641848 3.988900 4.028798 4.124516 4.276072 4.410414 4.432326 4.325173,

Pairwise cross-correlations of the modulus of all oriented sub-bands at the same scale (size QxQ)
 1.733900 3.356923 4.762161 3.254179 3.356923 28.245703 37.159283 10.724780 4.762161 37.159283 86.217857 38.704556 3.254179 10.724780 38.704556 28.882236,
 1.488682 1.914284 2.630551 1.800317 1.914284 16.377548 21.825499 6.056786 2.630551 21.825499 50.887604 22.224434 1.800317 6.056786 22.224434 16.200159,
 0.984537 1.219595 1.445113 1.017809 1.219595 8.730617 9.868927 2.669173 1.445113 9.868927 21.556801 9.375582 1.017809 2.669173 9.375582 7.128072,

Cross-correlations of the modulus of all oriented sub-bands with all oriented sub-bands at the coarser scale (size QxQ)
 1.267164 2.074362 3.049543 1.983303 2.342801 14.112205 19.041815 6.333276 3.716579 19.181156 38.876190 19.315466 2.320897 6.819663 19.947559 14.037779,
 0.985992 1.208033 1.539738 1.092030 1.439979 7.416522 9.630828 3.191554 2.152200 9.671521 19.560797 9.973176 1.245475 3.221529 9.491274 6.874819,

Cross-correlations of the real part of each oriented sub-band with both the real and imaginary part of all phase-doubled oriented sub-bands at the next coarser scale (Q matrices of size 1x2Q, which are computed and stored in a matrix of size Qx2Q)
 0.200306 -0.315758 -0.359078 -0.480542 0.001476 0.013633 -0.008342 -0.055618 -0.224013 -4.484258 -4.763781 -1.106540 0.007329 -0.035695 -0.307044 -0.130341 -0.597410 -5.968112 -12.332295 -6.870199 0.018310 -0.176371 -1.094377 -0.793842 -0.421041 -1.215051 -5.726724 -5.779213 0.016310 -0.059795 -0.540651 -0.658180,
 0.248906 -0.155437 -0.202147 -0.202300 -0.035628 -0.046635 -0.020064 -0.001200 -0.078482 -1.864681 -2.028989 -0.485856 -0.052404 0.207133 0.209171 -0.054834 -0.279414 -2.210262 -5.176748 -3.224058 -0.022482 0.427747 0.096748 -0.231303 -0.117314 -0.423854 -2.599806 -2.738045 -0.008605 0.040029 -0.208270 -0.082507,
