Low-band skewness and kurtosis
 -1.403995 4.252664,
 -1.147181 3.458570,
 -0.905958 2.729708,
 -1.139697 3.554274,
 -0.519844 1.842061,

High-band variance
 99.877327,

Skewness, kurtosis, variance, mean, maximum and minimum of the reconstructed texture
 118.000000 255.000000 240.516373 594.136536 -1.634088 4.790522

Auto-correlations of the low-frequency bands at each scale
 196.780197 184.036362 175.267212 171.957306 175.034439 184.666245 197.572342 227.800476 200.931595 176.333786 167.442184 178.831070 202.571487 224.550598 310.194427 321.232971 331.086792 336.291473 332.210236 319.489471 302.855804 361.262146 409.749695 454.860626 473.906525 454.860596 409.749725 361.262115 302.855804 319.489471 332.210205 336.291473 331.086792 321.232941 310.194366 224.550598 202.571487 178.831039 167.442169 176.333755 200.931625 227.800430 197.572357 184.666260 175.034439 171.957352 175.267212 184.036362 196.780197,
 178.583008 171.845093 167.877731 166.690903 168.177353 173.745392 181.953949 199.530487 184.124908 170.167130 164.730148 169.895081 182.433929 194.842957 251.717468 256.898071 261.575836 263.554382 259.361542 250.230377 239.669754 278.184479 306.307343 333.017792 344.536774 333.017792 306.307343 278.184479 239.669754 250.230377 259.361481 263.554382 261.575867 256.898071 251.717453 194.843002 182.433945 169.895081 164.730164 170.167130 184.124878 199.530472 181.953979 173.745392 168.177353 166.690872 167.877777 171.845108 178.582962,
 171.545288 167.851074 165.658661 165.250992 166.318634 169.610489 174.290649 182.448486 173.517075 165.024994 161.488632 164.201004 171.635193 179.354736 213.270309 216.425934 219.298645 220.261826 217.209091 211.744751 206.168289 229.515289 245.623276 261.575012 268.650574 261.575012 245.623291 229.515289 206.168320 211.744720 217.209106 220.261795 219.298645 216.425964 213.270309 179.354736 171.635162 164.200989 161.488632 165.024979 173.517075 182.448502 174.290665 169.610474 166.318619 165.250992 165.658676 167.851074 171.545288,
 10.855553 16.315395 20.083639 24.188452 31.751373 40.169983 42.555546 16.565432 19.976410 23.677050 32.103554 42.264042 45.706860 40.267365 20.734421 23.935854 32.361359 44.324520 49.127754 42.666466 32.878002 25.369188 32.618267 44.486217 50.906818 44.486217 32.618267 25.369188 32.878010 42.666466 49.127754 44.324524 32.361359 23.935854 20.734419 40.267368 45.706856 42.264042 32.103554 23.677048 19.976414 16.565432 42.555550 40.169979 31.751373 24.188452 20.083633 16.315399 10.855552,

Auto-correlations of the modulus of each oriented sub-band
 1.014120 1.140489 1.253786 1.324955 1.333686 1.282945 1.190433 1.115256 1.282695 1.425157 1.506481 1.503755 1.416710 1.270325 1.242541 1.472741 1.653370 1.734544 1.694041 1.544969 1.328770 1.323622 1.624829 1.912647 2.041541 1.912647 1.624829 1.323622 1.328770 1.544969 1.694041 1.734544 1.653370 1.472741 1.242541 1.270325 1.416710 1.503755 1.506481 1.425157 1.282695 1.115256 1.190433 1.282945 1.333686 1.324955 1.253786 1.140489 1.014120,
 17.576189 18.421808 19.580503 20.754633 21.584282 22.009121 22.141293 19.576910 21.205034 23.179262 24.694258 25.088192 24.619179 23.814117 22.035719 24.474297 27.260208 28.932926 28.407078 26.569536 24.625244 24.000450 26.644884 29.516180 30.930840 29.516180 26.644884 24.000450 24.625244 26.569534 28.407072 28.932928 27.260206 24.474295 22.035719 23.814123 24.619173 25.088198 24.694256 23.179262 21.205034 19.576910 22.141293 22.009121 21.584282 20.754633 19.580500 18.421806 17.576189,
 55.374378 56.783600 58.460449 59.426239 58.908772 57.416325 55.953255 60.716595 64.350517 68.496292 70.497139 68.514648 64.319862 60.614616 65.938538 72.287117 79.672974 83.237396 79.491348 71.976677 65.568871 67.978935 75.654854 84.761505 89.348526 84.761505 75.654854 67.978935 65.568871 71.976669 79.491348 83.237396 79.672974 72.287117 65.938538 60.614616 64.319855 68.514641 70.497139 68.496292 64.350517 60.716595 55.953274 57.416313 58.908772 59.426239 58.460457 56.783607 55.374386,
 21.593674 21.382460 21.012274 20.366016 19.421165 18.431623 17.621681 23.540762 24.105659 24.427462 24.073053 22.774517 21.060831 19.566038 24.618347 26.231482 27.725361 28.126339 26.657715 24.236391 22.041924 24.063534 26.382706 28.834843 30.044830 28.834843 26.382711 24.063530 22.041924 24.236389 26.657711 28.126337 27.725359 26.231483 24.618347 19.566038 21.060827 22.774513 24.073048 24.427464 24.105659 23.540758 17.621681 18.431623 19.421164 20.366020 21.012278 21.382462 21.593672,
 0.727697 0.932848 1.114696 1.203552 1.161541 1.011931 0.817549 0.768806 1.003376 1.207623 1.303546 1.251633 1.076809 0.849328 0.829533 1.109410 1.358170 1.467589 1.382247 1.149689 0.873619 0.881884 1.200111 1.495861 1.623432 1.495861 1.200111 0.881884 0.873619 1.149689 1.382247 1.467589 1.358170 1.109410 0.829533 0.849328 1.076809 1.251633 1.303546 1.207623 1.003376 0.768806 0.817549 1.011931 1.161541 1.203552 1.114696 0.932848 0.727697,
 9.735024 10.055525 10.539849 11.067134 11.392642 11.412793 11.257114 10.384234 11.240528 12.300943 13.106375 13.266068 12.796514 12.064487 11.357280 12.856861 14.580626 15.559060 15.167778 13.883368 12.497025 12.225256 13.971089 15.881996 16.806942 15.881996 13.971087 12.225256 12.497025 13.883368 15.167778 15.559060 14.580626 12.856860 11.357280 12.064487 12.796514 13.266068 13.106377 12.300943 11.240528 10.384233 11.257116 11.412793 11.392645 11.067132 10.539848 10.055526 9.735024,
 30.754370 31.196884 31.591228 31.613708 31.008339 30.057983 29.253008 33.029770 35.006058 37.189438 38.158276 36.900105 34.303505 31.974775 35.290852 39.212940 43.693501 45.845848 43.606461 38.895237 34.747238 36.122036 41.064301 46.783138 49.591347 46.783146 41.064301 36.122040 34.747238 38.895237 43.606453 45.845840 43.693501 39.212940 35.290852 31.974775 34.303505 36.900097 38.158276 37.189438 35.006065 33.029774 29.253008 30.057981 31.008343 31.613712 31.591228 31.196890 30.754372,
 12.168385 12.098224 11.819353 11.317248 10.693018 10.110527 9.660254 13.345600 13.778633 13.905270 13.552387 12.737185 11.719400 10.832910 13.976376 15.097046 15.992672 16.154274 15.258226 13.745070 12.336978 13.599528 15.155833 16.710627 17.438274 16.710629 15.155833 13.599528 12.336978 13.745071 15.258226 16.154274 15.992675 15.097046 13.976376 10.832910 11.719398 12.737184 13.552390 13.905272 13.778635 13.345600 9.660254 10.110527 10.693018 11.317249 11.819351 12.098223 12.168384,
 0.472494 0.632653 0.763526 0.816035 0.769228 0.642062 0.482530 0.496894 0.667440 0.807245 0.865683 0.820874 0.688843 0.516045 0.523396 0.728300 0.911017 0.990432 0.923949 0.748264 0.541437 0.547009 0.785781 1.011210 1.109294 1.011210 0.785781 0.547009 0.541437 0.748264 0.923949 0.990432 0.911017 0.728300 0.523396 0.516045 0.688843 0.820874 0.865683 0.807245 0.667440 0.496894 0.482530 0.642062 0.769228 0.816035 0.763526 0.632653 0.472494,
 5.188225 5.364964 5.606926 5.866701 5.983990 5.855914 5.608096 5.704485 6.166978 6.728845 7.111457 7.081603 6.677359 6.175186 6.237135 7.034042 8.002434 8.521263 8.186285 7.351271 6.563524 6.585222 7.519903 8.639857 9.203991 8.639857 7.519901 6.585222 6.563523 7.351272 8.186285 8.521263 8.002434 7.034042 6.237135 6.175186 6.677359 7.081602 7.111456 6.728845 6.166977 5.704483 5.608096 5.855914 5.983990 5.866701 5.606926 5.364964 5.188225,
 17.274162 17.677839 18.256706 18.542440 18.137690 17.351427 16.828106 19.098530 20.463484 22.003130 22.680708 21.787167 20.056326 18.752670 20.688854 23.222622 26.119429 27.451595 25.942766 22.938864 20.514452 21.295685 24.320917 27.943129 29.734093 27.943129 24.320913 21.295687 20.514452 22.938868 25.942766 27.451595 26.119429 23.222620 20.688854 18.752668 20.056322 21.787165 22.680702 22.003130 20.463484 19.098528 16.828106 17.351425 18.137690 18.542440 18.256704 17.677839 17.274162,
 6.811847 6.871065 6.802951 6.586575 6.257362 5.908546 5.627535 7.525705 7.959188 8.204805 8.113782 7.646779 6.984596 6.404044 7.966282 8.846567 9.603391 9.820381 9.250195 8.220045 7.267570 7.881381 8.987103 10.110476 10.629373 10.110476 8.987103 7.881381 7.267569 8.220046 9.250194 9.820381 9.603391 8.846567 7.966282 6.404044 6.984595 7.646779 8.113781 8.204804 7.959187 7.525705 5.627535 5.908545 6.257362 6.586574 6.802951 6.871065 6.811847,

Pairwise cross-correlations of the modulus of all oriented sub-bands at the same scale (size QxQ)
 2.041541 4.112306 5.073545 3.337496 4.112306 30.930828 38.970779 10.895288 5.073545 38.970779 89.348503 40.032742 3.337496 10.895288 40.032742 30.044834,
 1.623431 2.348179 2.896836 1.804383 2.348179 16.806940 20.492832 5.043788 2.896836 20.492832 49.591351 22.577034 1.804383 5.043788 22.577034 17.438274,
 1.109294 1.336375 1.554503 1.325746 1.336375 9.203992 11.537734 2.843347 1.554503 11.537734 29.734091 13.574335 1.325746 2.843347 13.574335 10.629372,

Cross-correlations of the modulus of all oriented sub-bands with all oriented sub-bands at the coarser scale (size QxQ)
 1.437535 2.590409 3.570700 2.158100 2.771669 15.433928 20.457195 6.550112 3.723803 19.567192 41.950279 20.889523 2.229602 6.312830 21.398661 15.324926,
 1.052819 1.484578 1.658913 1.285430 1.437024 7.875446 10.201018 2.902348 2.274900 10.595384 23.880808 12.200836 1.304674 3.035902 12.448296 9.244754,

Cross-correlations of the real part of each oriented sub-band with both the real and imaginary part of all phase-doubled oriented sub-bands at the next coarser scale (Q matrices of size 1x2Q, which are computed and stored in a matrix of size Qx2Q)
 0.045766 -0.735114 -0.504614 -0.438608 0.037626 0.011302 -0.004254 -0.039751 -0.733422 -5.584955 -5.064014 -1.089626 0.035522 -0.119429 -0.264653 -0.039919 -0.738407 -5.651053 -11.860334 -6.405227 0.033409 -0.314153 -0.733795 -0.246790 -0.328687 -0.897072 -5.513872 -5.285456 0.033422 -0.084973 -0.298057 -0.236533,
 0.159586 -0.222231 -0.223470 -0.243950 0.063176 0.016871 -0.028912 -0.078137 -0.219892 -1.497187 -1.024123 -0.380674 0.022512 0.097209 0.268898 -0.085463 -0.314221 -1.340523 -3.348539 -2.576363 0.014545 0.061220 -0.615108 -0.820367 -0.137912 -0.192080 -2.186020 -2.374449 0.039782 -0.044246 -0.826319 -0.731435,
