Low-band skewness and kurtosis
 -1.364358 4.314697,
 -1.152560 3.814383,
 -0.914656 3.027915,
 -0.972003 3.277443,
 -0.377150 1.864242,

High-band variance
 103.158875,

Skewness, kurtosis, variance, mean, maximum and minimum of the reconstructed texture
 116.000000 255.000000 240.521301 564.052368 -1.607259 4.795209

Auto-correlations of the low-frequency bands at each scale
 148.419296 138.580231 133.338943 132.388901 134.559296 140.030579 149.102310 171.914246 147.388275 126.191643 118.315102 127.855515 150.907120 177.801437 266.304932 279.082001 288.735962 292.710907 289.867493 282.988983 274.538788 336.058441 382.826538 423.031036 439.434753 423.031036 382.826569 336.058441 274.538788 282.988953 289.867462 292.710846 288.735962 279.082001 266.304901 177.801468 150.907074 127.855499 118.315079 126.191658 147.388306 171.914246 149.102310 140.030548 134.559311 132.388916 133.338913 138.580231 148.419312,
 145.330719 139.530899 137.034119 136.936783 137.710831 140.465347 145.897095 157.787674 142.915146 130.402084 125.880714 131.085938 144.755981 161.522888 203.783539 210.776047 216.985733 220.428085 219.430023 216.171204 212.321854 241.977173 269.074280 293.082611 303.132660 293.082611 269.074280 241.977173 212.321869 216.171204 219.429977 220.428085 216.985764 210.776031 203.783493 161.522919 144.755981 131.085907 125.880722 130.402084 142.915146 157.787674 145.897095 140.465363 137.710815 136.936783 137.034149 139.530899 145.330688,
 144.596466 142.528717 140.977417 139.713684 138.576675 138.921387 141.389771 149.997147 142.122284 135.770401 133.457245 135.686752 141.819962 149.186020 172.411621 175.365906 179.125473 182.126953 182.582474 181.268784 178.903427 194.530472 208.208084 220.671066 226.018875 220.671066 208.208084 194.530472 178.903427 181.268784 182.582504 182.126953 179.125458 175.365921 172.411621 149.186020 141.819962 135.686752 133.457245 135.770386 142.122284 149.997131 141.389740 138.921371 138.576675 139.713654 140.977402 142.528717 144.596466,
 14.252608 18.687218 19.773003 20.819078 26.245972 33.565735 35.603745 18.821293 19.496536 19.832190 25.501892 34.494392 38.097519 33.365997 19.652973 19.778795 25.463598 35.769981 40.533897 35.044941 26.413630 20.731152 25.879192 36.075558 41.775646 36.075554 25.879192 20.731152 26.413635 35.044941 40.533901 35.769981 25.463598 19.778793 19.652971 33.365997 38.097519 34.494396 25.501886 19.832190 19.496540 18.821293 35.603741 33.565735 26.245975 20.819082 19.773005 18.687216 14.252607,

Auto-correlations of the modulus of each oriented sub-band
 0.818483 0.927553 1.013103 1.051557 1.031440 0.960836 0.860223 0.900514 1.030285 1.133786 1.178508 1.148485 1.054233 0.926083 0.992386 1.173373 1.307832 1.361123 1.318631 1.190497 1.010980 1.031937 1.273659 1.514183 1.624555 1.514182 1.273659 1.031937 1.010980 1.190496 1.318631 1.361123 1.307832 1.173373 0.992386 0.926083 1.054233 1.148485 1.178508 1.133786 1.030285 0.900514 0.860223 0.960836 1.031440 1.051557 1.013103 0.927553 0.818483,
 13.722272 14.270610 15.039914 15.845487 16.472227 16.927732 17.296249 15.994101 17.241037 18.773746 19.991827 20.402147 20.243290 19.914173 18.876429 20.841097 23.100739 24.515081 24.207033 22.899662 21.527079 21.129570 23.225973 25.508108 26.643225 25.508106 23.225973 21.129570 21.527079 22.899662 24.207031 24.515083 23.100735 20.841097 18.876429 19.914169 20.243288 20.402151 19.991827 18.773745 17.241039 15.994101 17.296249 16.927732 16.472227 15.845490 15.039911 14.270609 13.722272,
 47.524101 48.969749 50.435074 50.951256 50.030632 48.399395 47.027466 53.731552 57.722572 62.118851 64.013100 61.705658 57.199741 53.334835 59.894211 66.925850 75.000114 78.778526 74.706970 66.579720 59.650211 62.466618 70.901093 80.828423 85.762009 80.828423 70.901100 62.466618 59.650211 66.579704 74.706970 78.778526 75.000114 66.925850 59.894211 53.334835 57.199730 61.705662 64.013092 62.118851 57.722580 53.731544 47.027473 48.399384 50.030632 50.951263 50.435078 48.969757 47.524113,
 18.057899 17.899315 17.569389 16.933968 16.014935 15.118603 14.458998 20.237803 20.820639 21.169403 20.816793 19.511192 17.844223 16.486923 21.465656 23.071249 24.606173 25.025200 23.518862 21.084267 18.987947 20.980303 23.251600 25.751734 27.004786 25.751730 23.251600 20.980299 18.987949 21.084269 23.518864 25.025200 24.606167 23.071245 21.465656 16.486923 17.844225 19.511194 20.816793 21.169401 20.820639 20.237801 14.459001 15.118606 16.014935 16.933968 17.569386 17.899313 18.057898,
 0.663291 0.847296 1.003898 1.071666 1.021050 0.875952 0.694662 0.706269 0.910674 1.082463 1.156363 1.099849 0.936366 0.730523 0.748196 0.989239 1.202271 1.295381 1.218663 1.011709 0.767279 0.777602 1.056551 1.318917 1.432754 1.318918 1.056551 0.777602 0.767279 1.011709 1.218663 1.295381 1.202271 0.989240 0.748196 0.730524 0.936366 1.099849 1.156363 1.082463 0.910674 0.706269 0.694662 0.875952 1.021050 1.071666 1.003899 0.847296 0.663291,
 7.793025 8.150390 8.559175 8.934762 9.194924 9.306689 9.312945 8.791964 9.589482 10.432734 11.018246 11.202109 11.031929 10.652164 10.240279 11.521810 12.842279 13.558516 13.350350 12.552717 11.578907 11.424475 12.820309 14.193727 14.832278 14.193727 12.820309 11.424475 11.578907 12.552717 13.350348 13.558516 12.842280 11.521810 10.240279 10.652164 11.031930 11.202108 11.018246 10.432734 9.589482 8.791965 9.312945 9.306687 9.194924 8.934763 8.559176 8.150390 7.793026,
 23.463306 24.391245 25.499155 26.024881 25.484806 24.279728 23.230391 25.635731 27.913515 30.790459 32.324654 31.122725 28.239616 25.673370 28.168800 32.317234 37.472336 40.160725 37.840496 32.716957 28.330614 29.440842 34.609287 40.899773 44.039196 40.899776 34.609287 29.440842 28.330614 32.716957 37.840500 40.160721 37.472343 32.317234 28.168795 25.673370 28.239620 31.122723 32.324657 30.790461 27.913515 25.635729 23.230394 24.279728 25.484806 26.024883 25.499161 24.391245 23.463308,
 9.475574 9.569529 9.581940 9.397482 9.013046 8.570984 8.212058 10.536067 11.049680 11.401296 11.332377 10.743988 9.865260 9.059435 11.284484 12.367875 13.335161 13.654694 12.924202 11.546408 10.234932 11.173956 12.629456 14.112089 14.813190 14.112089 12.629456 11.173955 10.234932 11.546410 12.924202 13.654695 13.335160 12.367875 11.284482 9.059435 9.865260 10.743990 11.332376 11.401296 11.049680 10.536068 8.212058 8.570984 9.013046 9.397482 9.581940 9.569529 9.475574,
 0.365780 0.508888 0.635544 0.691823 0.651759 0.537123 0.398237 0.376919 0.531186 0.665800 0.723305 0.678542 0.555944 0.407650 0.395893 0.577743 0.744215 0.814921 0.751125 0.593376 0.416226 0.414038 0.618594 0.815245 0.901181 0.815245 0.618594 0.414038 0.416226 0.593376 0.751125 0.814921 0.744214 0.577743 0.395893 0.407650 0.555944 0.678542 0.723305 0.665800 0.531186 0.376919 0.398237 0.537123 0.651759 0.691823 0.635544 0.508888 0.365780,
 4.225251 4.407172 4.585518 4.712866 4.716835 4.556288 4.283638 4.713904 5.151388 5.580372 5.825419 5.771760 5.429152 4.940217 5.297789 6.058999 6.820735 7.177336 6.927183 6.273413 5.517141 5.654485 6.557575 7.453455 7.864553 7.453455 6.557575 5.654485 5.517140 6.273413 6.927184 7.177336 6.820735 6.059000 5.297789 4.940217 5.429152 5.771759 5.825419 5.580371 5.151388 4.713904 4.283638 4.556287 4.716835 4.712866 4.585518 4.407172 4.225251,
 10.412225 11.183047 12.103824 12.681403 12.531624 11.804632 10.859100 11.956775 13.591254 15.506203 16.526285 15.868529 14.151836 12.365340 13.440585 16.091373 19.201550 20.774059 19.421516 16.456598 13.721684 14.172709 17.325035 20.973261 22.779930 20.973261 17.325035 14.172709 13.721684 16.456598 19.421516 20.774059 19.201550 16.091373 13.440585 12.365340 14.151834 15.868530 16.526285 15.506202 13.591254 11.956775 10.859100 11.804633 12.531624 12.681403 12.103824 11.183048 10.412227,
 3.433131 3.686296 3.863215 3.873307 3.736399 3.539398 3.338174 3.974441 4.406792 4.736060 4.768621 4.480525 4.040900 3.655525 4.370799 5.030695 5.662026 5.884171 5.477809 4.732324 4.090951 4.408540 5.180240 6.037903 6.456971 6.037903 5.180240 4.408540 4.090952 4.732325 5.477809 5.884171 5.662025 5.030694 4.370800 3.655524 4.040900 4.480525 4.768621 4.736060 4.406791 3.974441 3.338174 3.539398 3.736399 3.873307 3.863215 3.686296 3.433131,

Pairwise cross-correlations of the modulus of all oriented sub-bands at the same scale (size QxQ)
 1.624555 2.862813 4.275531 3.072926 2.862813 26.643219 37.300926 10.777793 4.275531 37.300926 85.762024 36.740273 3.072926 10.777793 36.740273 27.004784,
 1.432754 1.691545 2.377183 1.840196 1.691545 14.832279 19.492550 5.235503 2.377183 19.492550 44.039196 18.771086 1.840196 5.235503 18.771086 14.813188,
 0.901181 1.143886 1.370224 1.026861 1.143886 7.864553 10.311365 2.729091 1.370224 10.311365 22.779930 8.978993 1.026861 2.729091 8.978993 6.456971,

Cross-correlations of the modulus of all oriented sub-bands with all oriented sub-bands at the coarser scale (size QxQ)
 1.215488 1.900837 2.755511 1.975952 1.991617 12.670892 16.888304 5.657751 3.178533 17.805326 34.497982 16.796646 2.123526 6.310389 17.165531 12.652525,
 0.927159 1.228731 1.470222 1.184120 1.181449 6.401844 8.625032 2.939326 1.855992 9.319862 17.675625 7.977919 1.193321 3.270686 8.479884 5.735659,

Cross-correlations of the real part of each oriented sub-band with both the real and imaginary part of all phase-doubled oriented sub-bands at the next coarser scale (Q matrices of size 1x2Q, which are computed and stored in a matrix of size Qx2Q)
 0.192522 -0.401450 -0.399719 -0.381857 -0.024329 0.013157 0.005210 0.022533 -0.287969 -6.192904 -6.793355 -1.246310 -0.002741 0.272955 -0.092051 -0.030463 -0.557622 -8.055418 -14.314499 -6.362683 -0.016785 0.176315 -0.555188 0.238518 -0.279784 -1.414963 -5.411931 -4.971688 -0.032000 -0.041369 -0.245368 0.309618,
 0.255112 -0.168017 -0.160961 -0.065065 -0.035288 0.049940 0.019795 0.005309 -0.083284 -2.799767 -2.532578 -0.473836 -0.001723 0.521246 0.451744 0.106437 -0.219993 -3.339962 -5.405777 -2.251338 -0.010714 0.621994 0.984939 0.430727 0.008180 -0.496854 -2.081724 -1.614112 -0.042896 0.086884 0.354183 0.240138,
