Low-band skewness and kurtosis
 -1.425376 4.373360,
 -1.159969 3.603775,
 -0.911905 2.975013,
 -1.253663 4.121883,
 -0.470566 1.762972,

High-band variance
 101.656891,

Skewness, kurtosis, variance, mean, maximum and minimum of the reconstructed texture
 115.000000 255.000000 240.555222 595.166138 -1.662819 4.939487

Auto-correlations of the low-frequency bands at each scale
 186.264297 172.036316 161.178619 156.399063 158.105209 165.641968 177.096375 218.185486 191.157715 164.863541 152.417404 160.208572 183.158554 208.703720 300.515289 315.030701 326.102661 329.594421 323.677032 311.903381 298.260925 355.979980 407.402405 453.693207 472.971466 453.693207 407.402405 355.979919 298.260925 311.903381 323.677032 329.594421 326.102600 315.030762 300.515259 208.703690 183.158554 160.208572 152.417389 164.863541 191.157684 218.185471 177.096375 165.641922 158.105209 156.399063 161.178589 172.036331 186.264297,
 168.840240 162.947906 160.611618 162.108932 166.121231 172.806107 181.534653 189.588852 173.234512 158.085129 151.754288 157.373520 172.496994 189.448242 239.247375 246.652405 252.002472 252.643784 247.270050 239.260910 231.386292 266.515564 297.394165 325.997894 338.194672 325.997833 297.394165 266.515564 231.386276 239.260864 247.270050 252.643753 252.002472 246.652405 239.247406 189.448273 172.497009 157.373550 151.754318 158.085129 173.234512 189.588852 181.534653 172.806107 166.121262 162.108932 160.611603 162.947922 168.840256,
 175.733688 173.572327 171.460236 169.894699 169.051102 170.285721 173.892059 182.092514 173.021149 164.640030 161.564728 165.556519 175.310272 186.146332 199.544907 203.528442 208.280426 211.755981 211.793152 209.566849 206.426361 215.499176 232.861664 249.489761 256.733917 249.489761 232.861649 215.499176 206.426331 209.566864 211.793182 211.755981 208.280426 203.528397 199.544952 186.146301 175.310272 165.556519 161.564728 164.640015 173.021118 182.092529 173.892029 170.285736 169.051102 169.894699 171.460236 173.572296 175.733704,
 10.778326 17.155548 20.677290 23.975912 30.542955 37.279209 37.879940 17.407894 20.373127 22.533585 29.370405 38.232544 40.689465 35.175236 20.691730 22.271355 28.968021 39.749779 44.007893 37.685795 28.872801 23.224373 28.904503 39.757256 45.845634 39.757256 28.904503 23.224373 28.872805 37.685795 44.007893 39.749775 28.968023 22.271357 20.691730 35.175236 40.689468 38.232544 29.370405 22.533583 20.373125 17.407894 37.879940 37.279202 30.542953 23.975912 20.677290 17.155554 10.778326,

Auto-correlations of the modulus of each oriented sub-band
 1.119470 1.227089 1.300752 1.321080 1.278553 1.184761 1.063855 1.207028 1.363148 1.473121 1.505280 1.450130 1.323506 1.160298 1.302220 1.531562 1.693596 1.747660 1.679712 1.505164 1.269451 1.319868 1.626720 1.921982 2.055414 1.921982 1.626721 1.319868 1.269451 1.505164 1.679712 1.747660 1.693596 1.531562 1.302220 1.160299 1.323506 1.450130 1.505280 1.473121 1.363148 1.207027 1.063855 1.184761 1.278553 1.321080 1.300752 1.227089 1.119470,
 18.267040 19.045656 20.100664 21.181917 21.936871 22.307598 22.406528 20.394953 21.912006 23.711714 25.118586 25.528561 25.150267 24.422363 22.965549 25.256411 27.796833 29.340981 28.924875 27.307112 25.510073 24.982992 27.463997 30.063406 31.329639 30.063402 27.464001 24.982992 25.510075 27.307112 28.924881 29.340981 27.796831 25.256409 22.965549 24.422359 25.150267 25.528561 25.118586 23.711718 21.912004 20.394953 22.406530 22.307598 21.936872 21.181917 20.100664 19.045652 18.267040,
 55.532318 57.214146 59.006161 59.906113 59.288525 57.659367 55.886585 60.987263 65.013786 69.466003 71.608017 69.650093 65.226585 60.965195 66.241211 73.169731 81.042770 84.854904 81.118088 73.211342 66.084213 68.398949 76.800499 86.430389 91.169609 86.430389 76.800499 68.398949 66.084206 73.211342 81.118073 84.854904 81.042755 73.169724 66.241211 60.965195 65.226585 69.650101 71.608017 69.466011 65.013771 60.987255 55.886585 57.659367 59.288525 59.906116 59.006161 57.214146 55.532310,
 21.669210 21.442106 20.993320 20.184345 19.037590 17.908604 17.042660 23.805750 24.461662 24.817989 24.369661 22.837460 20.864321 19.192028 24.892445 26.716351 28.417595 28.864141 27.173689 24.407553 21.945724 24.207237 26.808706 29.597054 30.975834 29.597050 26.808706 24.207237 21.945724 24.407547 27.173689 28.864140 28.417591 26.716352 24.892443 19.192030 20.864319 22.837460 24.369661 24.817989 24.461658 23.805750 17.042658 17.908604 19.037590 20.184345 20.993320 21.442112 21.669210,
 0.786282 0.978254 1.131792 1.187173 1.119390 0.956459 0.758535 0.829447 1.055846 1.237210 1.305698 1.233088 1.048604 0.819861 0.877412 1.156233 1.394019 1.491756 1.399615 1.163100 0.880928 0.914520 1.237858 1.532685 1.658900 1.532685 1.237858 0.914520 0.880928 1.163100 1.399615 1.491756 1.394019 1.156234 0.877412 0.819861 1.048604 1.233088 1.305698 1.237210 1.055846 0.829447 0.758535 0.956459 1.119390 1.187173 1.131792 0.978254 0.786282,
 9.816232 10.179477 10.616818 11.033855 11.296225 11.341354 11.225612 10.825093 11.636933 12.523504 13.128686 13.216529 12.866071 12.311724 12.055698 13.395026 14.830378 15.603476 15.257401 14.220743 13.074346 12.984674 14.500465 16.080788 16.838326 16.080788 14.500465 12.984674 13.074346 14.220740 15.257401 15.603476 14.830378 13.395026 12.055698 12.311723 12.866071 13.216528 13.128686 12.523506 11.636932 10.825095 11.225612 11.341354 11.296225 11.033856 10.616818 10.179477 9.816234,
 29.789797 30.726219 31.909426 32.648643 32.471992 31.660883 30.624615 32.370529 35.004791 38.049950 39.693443 38.700382 35.991459 33.184563 35.105946 39.882076 45.272488 47.995613 45.745052 40.531509 35.591610 36.479176 42.360146 48.886410 52.024746 48.886410 42.360146 36.479176 35.591610 40.531506 45.745052 47.995613 45.272491 39.882076 35.105946 33.184563 35.991455 38.700382 39.693443 38.049957 35.004799 32.370529 30.624615 31.660883 32.471992 32.648643 31.909428 30.726219 29.789801,
 13.237764 13.340748 13.233292 12.840075 12.246895 11.631486 11.120487 14.420590 15.114300 15.530524 15.348113 14.510796 13.343627 12.283014 15.146507 16.573601 17.824741 18.180519 17.197208 15.424209 13.751543 14.907131 16.772652 18.669079 19.554396 18.669079 16.772652 14.907131 13.751542 15.424207 17.197212 18.180519 17.824741 16.573601 15.146507 12.283014 13.343628 14.510795 15.348114 15.530525 15.114300 14.420589 11.120488 11.631486 12.246896 12.840074 13.233292 13.340749 13.237764,
 0.434199 0.595562 0.733507 0.789995 0.736669 0.600372 0.440383 0.444435 0.625987 0.780906 0.844794 0.787256 0.635990 0.458275 0.462996 0.675887 0.867724 0.947533 0.870552 0.682303 0.473336 0.481287 0.721702 0.951720 1.052035 0.951720 0.721702 0.481287 0.473336 0.682303 0.870552 0.947533 0.867724 0.675887 0.462996 0.458275 0.635990 0.787255 0.844794 0.780906 0.625987 0.444435 0.440383 0.600372 0.736669 0.789995 0.733507 0.595562 0.434199,
 6.056655 6.629731 7.158082 7.552104 7.710960 7.613165 7.324782 6.695504 7.507839 8.282823 8.756725 8.780564 8.402746 7.802634 7.409023 8.487585 9.570279 10.110111 9.829196 9.029878 8.094561 7.953408 9.093432 10.237188 10.776051 10.237188 9.093432 7.953408 8.094562 9.029880 9.829195 10.110111 9.570281 8.487585 7.409024 7.802634 8.402748 8.780561 8.756725 8.282822 7.507837 6.695504 7.324781 7.613165 7.710959 7.552104 7.158084 6.629731 6.056656,
 13.369884 14.486377 15.425007 15.721331 15.222518 14.271487 13.359433 14.526806 16.596560 18.671602 19.469059 18.379232 16.290930 14.435755 15.484551 18.676632 22.179886 23.711725 21.913334 18.393282 15.360205 15.797589 19.453869 23.671175 25.740170 23.671179 19.453871 15.797589 15.360203 18.393282 21.913330 23.711727 22.179884 18.676632 15.484551 14.435755 16.290928 18.379232 19.469057 18.671602 16.596560 14.526804 13.359432 14.271486 15.222517 15.721331 15.425006 14.486378 13.369884,
 5.075988 5.269121 5.322040 5.171120 4.838990 4.453062 4.153396 5.635414 6.120061 6.478708 6.509015 6.116799 5.465842 4.863946 6.116748 6.986523 7.804401 8.129496 7.651205 6.648569 5.680893 6.180987 7.285920 8.420357 8.945056 8.420357 7.285920 6.180987 5.680894 6.648567 7.651205 8.129496 7.804401 6.986523 6.116748 4.863947 5.465842 6.116800 6.509015 6.478708 6.120061 5.635414 4.153396 4.453062 4.838990 5.171120 5.322040 5.269121 5.075987,

Pairwise cross-correlations of the modulus of all oriented sub-bands at the same scale (size QxQ)
 2.055414 3.733190 5.356098 3.836115 3.733190 31.329639 41.004910 11.082372 5.356098 41.004910 91.169609 40.106415 3.836115 11.082372 40.106415 30.975836,
 1.658900 2.049217 2.856042 2.204405 2.049217 16.838326 21.548437 5.529511 2.856042 21.548437 52.024738 24.254272 2.204405 5.529511 24.254272 19.554390,
 1.052035 1.353131 1.684832 1.230085 1.353131 10.776050 12.384086 2.875427 1.684832 12.384086 25.740168 10.928690 1.230085 2.875427 10.928690 8.945057,

Cross-correlations of the modulus of all oriented sub-bands with all oriented sub-bands at the coarser scale (size QxQ)
 1.473130 2.236638 3.298644 2.394564 2.619161 15.573950 20.501862 6.463451 4.078666 20.785934 42.035343 21.162186 2.705519 6.470853 21.170326 16.130886,
 1.041725 1.370354 1.911363 1.372360 1.402198 8.175263 10.756058 3.367842 2.205490 10.142571 20.731865 10.981599 1.461466 2.766531 9.926516 8.406025,

Cross-correlations of the real part of each oriented sub-band with both the real and imaginary part of all phase-doubled oriented sub-bands at the next coarser scale (Q matrices of size 1x2Q, which are computed and stored in a matrix of size Qx2Q)
 0.056594 -0.536191 -0.504428 -0.614236 0.015193 -0.000985 0.009845 -0.002989 -0.435837 -5.798584 -5.958886 -1.102921 0.016534 0.291382 0.637033 0.103885 -0.722772 -7.070981 -14.062740 -7.199378 0.016500 0.549110 1.443309 0.081008 -0.581059 -1.309705 -6.439837 -6.391507 0.017823 0.142495 0.453940 -0.079861,
 0.159847 -0.161938 -0.216853 -0.286652 0.033457 -0.057232 -0.012577 0.003256 -0.122289 -1.475909 -1.346360 -0.390454 -0.017745 -0.693082 -0.834536 -0.069621 -0.327816 -1.536309 -4.052583 -3.088027 -0.028350 -0.845294 -1.022382 0.281700 -0.233883 -0.253086 -2.499358 -2.938484 0.017641 -0.127643 0.062549 0.381502,
