Low-band skewness and kurtosis
 -1.489155 4.588475,
 -1.240896 3.831358,
 -1.023298 3.202448,
 -1.095584 3.147093,
 -0.646204 1.999092,

High-band variance
 100.296219,

Skewness, kurtosis, variance, mean, maximum and minimum of the reconstructed texture
 112.000000 255.000000 240.505737 617.857361 -1.701351 5.083897

Auto-correlations of the low-frequency bands at each scale
 226.723907 211.739761 202.557587 200.219467 205.540558 219.111740 237.968765 269.245789 239.120956 211.291321 201.187485 214.325241 242.368225 269.245544 336.640259 350.377106 361.471191 366.793304 361.907135 347.386169 327.927856 369.466949 425.392731 476.642578 498.028687 476.642578 425.392731 369.466949 327.927856 347.386169 361.907196 366.793304 361.471130 350.377106 336.640167 269.245544 242.368225 214.325272 201.187469 211.291290 239.120987 269.245789 237.968781 219.111740 205.540573 200.219498 202.557587 211.739807 226.723862,
 224.384048 214.799026 209.782440 208.921066 211.632111 219.443542 231.281174 238.730377 220.864517 205.754044 201.876984 211.457581 230.200851 248.711380 274.489319 282.262207 289.316711 293.662018 291.862793 284.757660 275.392090 294.197083 327.055359 358.031128 371.236206 358.031128 327.055328 294.197083 275.392090 284.757660 291.862762 293.662018 289.316681 282.262207 274.489319 248.711365 230.200897 211.457596 201.876984 205.754028 220.864487 238.730377 231.281158 219.443558 211.632141 208.921097 209.782440 214.799026 224.384064,
 219.145889 218.315735 218.184174 217.354736 215.450180 214.809799 216.700974 233.098297 224.492264 216.143799 212.947388 216.387009 224.559937 232.445129 247.514267 249.497787 252.668762 256.009857 256.800812 254.776138 250.783783 257.148560 272.406433 287.814026 294.649902 287.814026 272.406433 257.148529 250.783783 254.776154 256.800812 256.009857 252.668762 249.497787 247.514252 232.445114 224.559937 216.386978 212.947388 216.143784 224.492218 233.098267 216.700974 214.809799 215.450180 217.354736 218.184174 218.315765 219.145844,
 7.815282 13.425346 18.012478 22.382305 27.976732 33.543007 36.050507 13.810670 18.246227 22.529547 28.704704 35.169270 37.933483 35.870052 18.721210 22.927517 29.265167 36.754768 39.858627 36.619385 30.644098 23.889610 29.830286 37.158249 40.888000 37.158249 29.830290 23.889606 30.644102 36.619385 39.858631 36.754768 29.265167 22.927521 18.721210 35.870056 37.933479 35.169270 28.704699 22.529543 18.246229 13.810666 36.050514 33.543003 27.976732 22.382305 18.012478 13.425346 7.815278,

Auto-correlations of the modulus of each oriented sub-band
 1.103249 1.207850 1.296125 1.346625 1.343867 1.294281 1.215140 1.187915 1.335425 1.454957 1.514689 1.502437 1.422496 1.295042 1.302504 1.510296 1.668199 1.737517 1.702783 1.569496 1.371260 1.366541 1.646634 1.933296 2.068187 1.933296 1.646634 1.366541 1.371260 1.569496 1.702783 1.737517 1.668199 1.510295 1.302504 1.295042 1.422496 1.502437 1.514689 1.454957 1.335425 1.187915 1.215140 1.294281 1.343867 1.346625 1.296125 1.207850 1.103249,
 21.622746 22.547855 23.753468 24.999462 25.897203 26.337528 26.399378 23.520519 25.237942 27.270773 28.906525 29.434269 29.022236 28.116753 25.879055 28.457176 31.329586 33.127163 32.707291 30.884426 28.779833 27.925449 30.748459 33.682865 35.122921 33.682865 30.748461 27.925449 28.779833 30.884422 32.707294 33.127163 31.329586 28.457176 25.879055 28.116756 29.022230 29.434265 28.906525 27.270769 25.237940 23.520519 26.399378 26.337530 25.897203 24.999464 23.753469 22.547857 21.622746,
 56.682877 57.837162 59.196690 59.923862 59.334667 58.002216 56.853195 60.586082 63.918182 67.730568 69.573586 67.657883 63.774555 60.439163 64.357208 70.405891 77.490425 80.986526 77.389259 70.245392 64.197067 65.908173 73.260002 82.040649 86.530205 82.040649 73.260010 65.908173 64.197075 70.245392 77.389259 80.986526 77.490417 70.405891 64.357201 60.439167 63.774563 67.657890 69.573586 67.730560 63.918182 60.586071 56.853195 58.002224 59.334667 59.923855 59.196678 57.837162 56.682873,
 25.643217 25.363890 24.781792 23.929373 22.925310 22.051060 21.458601 27.525648 28.142488 28.281506 27.652626 26.177771 24.448484 23.032185 28.351143 30.193645 31.670263 31.889336 30.237947 27.677851 25.349337 27.489861 30.087139 32.681728 33.923603 32.681728 30.087143 27.489859 25.349337 27.677847 30.237947 31.889336 31.670267 30.193645 28.351143 23.032181 24.448486 26.177773 27.652626 28.281509 28.142487 27.525648 21.458601 22.051067 22.925312 23.929375 24.781792 25.363892 25.643217,
 0.850617 1.030100 1.181282 1.249861 1.210091 1.079923 0.909355 0.890849 1.094116 1.264300 1.339815 1.291610 1.138730 0.938390 0.931526 1.181415 1.402541 1.499519 1.422388 1.212571 0.963484 0.975264 1.268854 1.545957 1.666876 1.545957 1.268854 0.975264 0.963484 1.212571 1.422387 1.499519 1.402542 1.181415 0.931525 0.938390 1.138730 1.291610 1.339815 1.264300 1.094116 0.890849 0.909355 1.079923 1.210090 1.249861 1.181282 1.030100 0.850617,
 13.567254 13.982920 14.538057 15.149109 15.669656 15.992826 16.102180 14.397460 15.363589 16.518032 17.449984 17.843708 17.686819 17.165037 15.730160 17.327734 19.100531 20.178690 20.006191 18.936384 17.607250 17.046255 18.843828 20.678587 21.532459 20.678587 18.843828 17.046255 17.607250 18.936384 20.006191 20.178690 19.100531 17.327734 15.730160 17.165037 17.686819 17.843706 17.449984 16.518032 15.363589 14.397460 16.102182 15.992826 15.669654 15.149110 14.538058 13.982920 13.567254,
 32.260998 33.185074 34.078053 34.420033 33.829899 32.711937 31.834745 34.431343 36.756077 39.313568 40.427937 38.890678 35.930561 33.569801 36.272915 40.365181 45.207115 47.523094 44.886932 39.745701 35.621468 36.794952 41.746021 47.854816 50.966858 47.854816 41.746021 36.794960 35.621460 39.745701 44.886932 47.523094 45.207119 40.365181 36.272919 33.569794 35.930561 38.890671 40.427940 39.313568 36.756077 34.431343 31.834742 32.711941 33.829899 34.420033 34.078053 33.185074 32.261005,
 14.787196 14.810588 14.645315 14.284591 13.805867 13.328560 12.930676 16.100517 16.655960 16.854357 16.544159 15.750367 14.730463 13.817731 16.801247 18.129276 19.127466 19.286783 18.332523 16.720760 15.180265 16.413345 18.187357 19.883984 20.650454 19.883986 18.187359 16.413345 15.180265 16.720760 18.332525 19.286783 19.127468 18.129280 16.801245 13.817732 14.730460 15.750367 16.544159 16.854357 16.655960 16.100517 12.930676 13.328560 13.805867 14.284591 14.645317 14.810589 14.787196,
 0.444463 0.589020 0.712009 0.761663 0.715503 0.596183 0.455286 0.462140 0.618478 0.750360 0.803847 0.756424 0.630807 0.479072 0.484782 0.663780 0.823243 0.890670 0.828458 0.671318 0.492349 0.503959 0.708883 0.903828 0.989062 0.903828 0.708883 0.503959 0.492349 0.671318 0.828458 0.890670 0.823243 0.663780 0.484782 0.479072 0.630807 0.756424 0.803847 0.750360 0.618478 0.462140 0.455286 0.596183 0.715503 0.761663 0.712009 0.589020 0.444463,
 6.296827 6.859171 7.392651 7.832153 8.060203 7.988122 7.647678 7.068274 7.882441 8.644846 9.165603 9.285574 8.960350 8.319351 7.919934 9.021875 10.055846 10.600907 10.420400 9.677895 8.681799 8.543134 9.741917 10.822854 11.298123 10.822854 9.741916 8.543134 8.681800 9.677896 10.420400 10.600907 10.055845 9.021875 7.919935 8.319350 8.960351 9.285572 9.165602 8.644846 7.882440 7.068274 7.647678 7.988123 8.060203 7.832152 7.392650 6.859171 6.296827,
 14.030197 14.644728 15.483296 16.028099 15.830334 15.148598 14.497827 15.284478 16.529531 18.235241 19.231972 18.539358 16.850069 15.394985 16.396547 18.528784 21.380226 22.935987 21.547920 18.624798 16.301336 16.775455 19.417852 22.894983 24.721855 22.894987 19.417852 16.775455 16.301336 18.624796 21.547920 22.935991 21.380228 18.528786 16.396545 15.394983 16.850067 18.539356 19.231972 18.235239 16.529531 15.284479 14.497826 15.148595 15.830334 16.028099 15.483294 14.644730 14.030197,
 5.951005 6.088874 6.091832 5.938962 5.677063 5.400561 5.182228 6.492140 6.838993 6.993109 6.845506 6.431031 5.920883 5.511406 6.748562 7.409222 7.940302 8.036544 7.545653 6.745519 6.049512 6.556437 7.388771 8.258776 8.671716 8.258776 7.388771 6.556437 6.049512 6.745519 7.545653 8.036543 7.940302 7.409222 6.748561 5.511406 5.920882 6.431031 6.845506 6.993109 6.838993 6.492139 5.182228 5.400561 5.677063 5.938963 6.091833 6.088873 5.951005,

Pairwise cross-correlations of the modulus of all oriented sub-bands at the same scale (size QxQ)
 2.068187 4.804002 6.230224 3.792499 4.804002 35.122921 40.068924 10.228537 6.230224 40.068924 86.530182 41.489429 3.792499 10.228537 41.489429 33.923607,
 1.666876 2.934328 3.691962 2.348505 2.934328 21.532459 23.744204 5.413539 3.691962 23.744204 50.966854 24.301241 2.348505 5.413539 24.301241 20.650452,
 0.989062 1.594572 1.805061 0.978603 1.594572 11.298124 12.533113 2.876497 1.805061 12.533113 24.721853 10.681750 0.978603 2.876497 10.681750 8.671716,

Cross-correlations of the modulus of all oriented sub-bands with all oriented sub-bands at the coarser scale (size QxQ)
 1.462303 3.115223 4.191247 2.537797 3.455527 19.554174 22.519587 6.785890 4.739145 22.849129 44.799507 24.012236 2.628199 6.536497 23.754555 18.772873,
 1.015819 1.646767 2.103270 1.199242 1.944915 10.684257 12.073696 3.552960 2.700410 11.892914 22.434950 12.190263 1.488607 3.099232 11.643097 9.476735,

Cross-correlations of the real part of each oriented sub-band with both the real and imaginary part of all phase-doubled oriented sub-bands at the next coarser scale (Q matrices of size 1x2Q, which are computed and stored in a matrix of size Qx2Q)
 0.115734 -0.704888 -0.625861 -0.533912 -0.000690 -0.020479 -0.060407 -0.000792 -0.674206 -5.677695 -4.707329 -0.809403 -0.035580 -0.025411 -0.291244 -0.022851 -0.873500 -5.668328 -9.983689 -5.745220 -0.011990 0.020903 -0.374758 -0.077596 -0.445555 -0.854509 -4.937497 -5.478261 0.012432 -0.019459 -0.206454 -0.067466,
 0.281072 -0.173689 -0.184101 -0.084530 -0.001927 -0.059901 -0.023346 -0.034060 -0.090284 -1.876226 -1.162151 -0.139063 -0.045848 -0.253674 -0.151008 -0.137716 -0.236805 -1.714092 -1.772750 -1.600296 -0.020806 -0.128253 -0.724365 -0.769228 -0.018993 -0.110555 -0.946607 -1.584249 0.018636 -0.008938 -0.478224 -0.574095,
