Low-band skewness and kurtosis
 -1.356765 4.169271,
 -1.097356 3.489103,
 -0.833108 2.757254,
 -0.769111 2.731430,
 -0.397707 1.713593,

High-band variance
 100.762428,

Skewness, kurtosis, variance, mean, maximum and minimum of the reconstructed texture
 120.000000 255.000000 240.534927 576.714539 -1.601182 4.683492

Auto-correlations of the low-frequency bands at each scale
 151.330978 140.816818 135.033386 133.751083 136.548035 144.221817 156.810013 189.007187 162.601471 139.663330 130.354141 138.725098 160.387146 184.754211 289.894440 299.518616 307.026276 309.671967 304.808838 293.776550 279.026794 350.123810 397.486542 438.485565 455.245300 438.485565 397.486542 350.123810 279.026825 293.776489 304.808777 309.671967 307.026276 299.518616 289.894440 184.754196 160.387161 138.725067 130.354141 139.663330 162.601486 189.007187 156.810028 144.221817 136.548019 133.751083 135.033417 140.816818 151.330978,
 148.943665 144.122986 142.745728 143.709579 145.720261 150.331573 158.241241 162.064194 145.274948 131.948273 127.881889 134.325012 149.082458 165.708954 220.101578 224.765884 228.848358 230.470688 227.204514 220.527161 212.403397 254.928741 284.118591 310.051086 320.874634 310.051086 284.118591 254.928757 212.403381 220.527176 227.204498 230.470688 228.848358 224.765884 220.101608 165.708923 149.082489 134.325012 127.881905 131.948318 145.274933 162.064194 158.241241 150.331589 145.720230 143.709579 142.745758 144.122971 148.943695,
 146.146713 143.528534 141.833221 140.606812 139.585220 140.393326 143.795074 158.693375 148.604752 140.251740 137.502167 141.046005 149.329712 158.115662 184.213867 185.745361 188.419250 190.785507 190.364471 187.406052 182.784531 199.763138 215.387543 230.088272 236.429230 230.088272 215.387558 199.763138 182.784531 187.406006 190.364471 190.785492 188.419250 185.745361 184.213867 158.115631 149.329712 141.046005 137.502151 140.251724 148.604752 158.693329 143.795074 140.393311 139.585220 140.606796 141.833252 143.528534 146.146713,
 13.463520 18.331985 21.002983 23.279072 28.581625 35.320240 38.137547 18.591869 21.002571 22.828608 28.694603 36.949150 40.509888 37.198147 21.363741 23.075645 28.945873 38.477943 42.837078 38.190578 30.755850 24.342236 29.622133 38.844704 43.981518 38.844704 29.622131 24.342236 30.755848 38.190582 42.837078 38.477943 28.945873 23.075642 21.363745 37.198147 40.509888 36.949150 28.694601 22.828608 21.002565 18.591871 38.137543 35.320240 28.581625 23.279074 21.002977 18.331980 13.463520,

Auto-correlations of the modulus of each oriented sub-band
 0.842386 0.940005 1.014236 1.043324 1.016044 0.944455 0.852595 0.921838 1.047765 1.146060 1.186621 1.157192 1.065923 0.939263 1.033902 1.216136 1.345308 1.388267 1.338295 1.209996 1.036258 1.060809 1.304572 1.553090 1.669322 1.553090 1.304572 1.060809 1.036258 1.209996 1.338296 1.388267 1.345308 1.216136 1.033902 0.939263 1.065923 1.157192 1.186621 1.146060 1.047765 0.921838 0.852595 0.944455 1.016044 1.043324 1.014236 0.940005 0.842386,
 15.516416 16.207619 17.087906 17.946779 18.533190 18.839264 18.974308 17.529127 18.916924 20.557720 21.798050 22.102327 21.720058 21.094841 20.009361 22.141598 24.555372 26.010303 25.566870 24.001429 22.341770 21.942398 24.264475 26.767439 28.002792 26.767439 24.264479 21.942398 22.341770 24.001425 25.566870 26.010305 24.555372 22.141598 20.009359 21.094837 21.720058 22.102327 21.798050 20.557720 18.916924 17.529127 18.974308 18.839262 18.533194 17.946779 17.087906 16.207617 15.516414,
 50.438400 51.998524 53.657925 54.424400 53.718407 52.082047 50.438450 56.896282 60.618950 64.926636 67.049026 65.084206 60.735138 56.778717 63.214314 69.680450 77.374222 81.221825 77.503548 69.729630 63.044800 65.847229 73.741371 83.191345 87.938904 83.191338 73.741371 65.847237 63.044800 69.729614 77.503548 81.221825 77.374222 69.680443 63.214317 56.778713 60.735134 65.084206 67.049026 64.926643 60.618950 56.896290 50.438438 52.082050 53.718407 54.424408 53.657932 51.998524 50.438408,
 18.992346 18.812643 18.480392 17.860380 16.979027 16.129959 15.501722 21.274815 21.772614 22.053755 21.680586 20.423483 18.858501 17.569433 22.658550 24.131386 25.517086 25.868956 24.439095 22.173964 20.189899 22.250282 24.382870 26.689175 27.847643 26.689173 24.382872 22.250282 20.189899 22.173964 24.439093 25.868956 25.517086 24.131386 22.658552 17.569433 18.858500 20.423483 21.680584 22.053753 21.772615 21.274809 15.501721 16.129957 16.979029 17.860380 18.480392 18.812645 18.992344,
 0.702864 0.885965 1.040802 1.105330 1.051575 0.905109 0.725453 0.746426 0.950191 1.115884 1.181527 1.121060 0.959619 0.759632 0.795548 1.039784 1.248414 1.332096 1.246954 1.037299 0.795797 0.824127 1.102929 1.364706 1.478696 1.364706 1.102929 0.824127 0.795797 1.037299 1.246954 1.332096 1.248414 1.039784 0.795548 0.759632 0.959619 1.121060 1.181527 1.115884 0.950191 0.746426 0.725453 0.905109 1.051575 1.105330 1.040802 0.885965 0.702864,
 9.008370 9.390742 9.866931 10.356854 10.745310 10.948190 10.959040 9.912570 10.793182 11.771888 12.479006 12.681812 12.426046 11.924446 11.160765 12.600467 14.140473 14.986203 14.683260 13.641498 12.463387 12.183751 13.789778 15.449254 16.232798 15.449254 13.789778 12.183751 12.463385 13.641495 14.683258 14.986203 14.140473 12.600467 11.160765 11.924444 12.426047 12.681811 12.479007 11.771889 10.793182 9.912570 10.959041 10.948190 10.745311 10.356853 9.866933 9.390742 9.008371,
 29.706736 30.962132 32.341511 32.904366 32.232563 31.014019 30.046000 32.722878 35.518646 38.701015 40.079002 38.405041 35.211346 32.582100 35.675541 40.379086 45.904037 48.480389 45.642708 40.056774 35.431427 36.843414 42.438873 49.178719 52.535744 49.178722 42.438869 36.843418 35.431419 40.056778 45.642708 48.480389 45.904037 40.379086 35.675541 32.582100 35.211349 38.405037 40.079002 38.701012 35.518639 32.722881 30.045996 31.014025 32.232563 32.904366 32.341515 30.962132 29.706739,
 11.466825 11.578604 11.545390 11.306870 10.903073 10.445589 10.031890 12.772615 13.348115 13.664021 13.517488 12.858626 11.891763 10.975145 13.568943 14.785282 15.793885 16.073526 15.258086 13.739734 12.271667 13.357137 14.981632 16.587847 17.328169 16.587847 14.981630 13.357137 12.271666 13.739737 15.258086 16.073524 15.793885 14.785281 13.568943 10.975148 11.891764 12.858625 13.517488 13.664021 13.348115 12.772614 10.031891 10.445591 10.903073 11.306870 11.545390 11.578602 11.466825,
 0.430668 0.578335 0.703011 0.751749 0.701062 0.576267 0.431409 0.445969 0.602782 0.734907 0.784796 0.731037 0.601696 0.450029 0.469901 0.647906 0.807250 0.871121 0.804432 0.648361 0.473531 0.487241 0.686898 0.877701 0.961285 0.877701 0.686898 0.487241 0.473531 0.648361 0.804432 0.871121 0.807250 0.647906 0.469901 0.450029 0.601696 0.731037 0.784796 0.734907 0.602782 0.445969 0.431409 0.576267 0.701062 0.751749 0.703011 0.578335 0.430668,
 5.328608 5.676332 6.049950 6.362190 6.511808 6.469384 6.299089 6.026972 6.623231 7.235177 7.627437 7.636973 7.313696 6.854748 6.714676 7.594310 8.519898 8.995381 8.723987 7.989010 7.209148 7.164688 8.130654 9.157635 9.650884 9.157635 8.130654 7.164688 7.209149 7.989010 8.723986 8.995381 8.519897 7.594310 6.714676 6.854748 7.313696 7.636971 7.627437 7.235176 6.623230 6.026972 6.299088 6.469384 6.511808 6.362190 6.049950 5.676331 5.328609,
 11.151073 11.615043 12.098993 12.265110 11.925311 11.321224 10.768285 13.050737 14.436943 15.923047 16.474360 15.510604 13.794736 12.373532 14.735848 17.173910 20.008671 21.255899 19.634226 16.629034 14.210728 15.234673 18.139402 21.715406 23.535101 21.715405 18.139402 15.234673 14.210728 16.629034 19.634224 21.255899 20.008671 17.173910 14.735847 12.373529 13.794735 15.510604 16.474358 15.923046 14.436945 13.050737 10.768284 11.321224 11.925313 12.265108 12.098993 11.615045 11.151071,
 4.815413 4.890495 4.911129 4.849878 4.691127 4.446919 4.167374 5.353891 5.661201 5.872259 5.868555 5.597304 5.131538 4.654089 5.747217 6.358693 6.912663 7.117918 6.753263 6.006136 5.284346 5.735498 6.533528 7.361844 7.750362 7.361844 6.533526 5.735498 5.284347 6.006136 6.753263 7.117917 6.912662 6.358693 5.747218 4.654089 5.131539 5.597303 5.868555 5.872259 5.661201 5.353891 4.167373 4.446920 4.691127 4.849877 4.911128 4.890494 4.815413,

Pairwise cross-correlations of the modulus of all oriented sub-bands at the same scale (size QxQ)
 1.669322 3.251283 4.631423 3.096424 3.251283 28.002798 38.240200 11.749976 4.631423 38.240200 87.938881 38.944221 3.096424 11.749976 38.944221 27.847647,
 1.478696 1.998192 2.752578 1.841887 1.998192 16.232794 21.503159 6.266365 2.752578 21.503159 52.535751 23.778984 1.841887 6.266365 23.778984 17.328167,
 0.961285 1.181302 1.364525 0.941361 1.181302 9.650886 10.782966 2.369863 1.364525 10.782966 23.535101 10.092044 0.941361 2.369863 10.092044 7.750361,

Cross-correlations of the modulus of all oriented sub-bands with all oriented sub-bands at the coarser scale (size QxQ)
 1.248858 2.095527 3.121109 2.059214 2.306561 14.049435 19.619390 7.029901 3.642634 20.058306 40.833843 20.330297 2.268627 7.337934 20.631441 14.478602,
 0.968635 1.184058 1.555959 1.108051 1.451852 7.586683 9.652755 3.679245 2.137799 9.694980 19.803200 11.078990 1.205716 2.743027 9.717940 7.500908,

Cross-correlations of the real part of each oriented sub-band with both the real and imaginary part of all phase-doubled oriented sub-bands at the next coarser scale (Q matrices of size 1x2Q, which are computed and stored in a matrix of size Qx2Q)
 0.225885 -0.448869 -0.461279 -0.424837 -0.008957 0.024981 0.015386 0.007726 -0.334399 -5.983300 -6.614858 -1.557710 0.006002 0.414599 0.396178 0.003728 -0.610782 -7.701915 -15.995404 -8.142551 0.002896 0.545425 0.519967 -0.181001 -0.268848 -1.466169 -6.932957 -6.170492 -0.014307 0.071619 0.040281 -0.150821,
 0.258792 -0.247016 -0.219739 -0.131878 -0.048547 -0.048009 -0.041826 0.003834 -0.145942 -2.825635 -2.394275 -0.582411 -0.043489 -0.487540 -0.689302 -0.075772 -0.278669 -3.225139 -6.220456 -3.430443 -0.028632 -0.627670 -1.442666 -0.425258 -0.019777 -0.557330 -3.096243 -2.604686 -0.032016 -0.153336 -0.568692 -0.242904,
