Low-band skewness and kurtosis
 -1.425293 4.502060,
 -1.211886 3.944555,
 -0.967952 3.269521,
 -0.943126 3.072162,
 -0.459609 1.848726,

High-band variance
 102.910492,

Skewness, kurtosis, variance, mean, maximum and minimum of the reconstructed texture
 117.000000 255.000000 240.557388 583.421692 -1.649283 4.926570

Auto-correlations of the low-frequency bands at each scale
 157.160751 144.096085 136.864304 136.237640 140.880692 149.732361 161.587097 190.829666 165.607162 142.354996 133.452850 144.291809 170.001465 198.915222 280.258545 297.299744 309.630585 314.223389 310.419800 302.233582 293.230591 346.197754 396.800415 441.449707 459.865417 441.449646 396.800415 346.197815 293.230560 302.233582 310.419800 314.223389 309.630554 297.299744 280.258575 198.915207 170.001465 144.291809 133.452850 142.354950 165.607147 190.829697 161.587067 149.732361 140.880737 136.237610 136.864304 144.096085 157.160751,
 153.706345 145.915985 141.948364 141.467529 142.816711 146.553772 152.975342 164.562408 148.712448 134.751419 130.073761 137.104706 153.620438 172.974319 210.048019 220.525284 229.479797 234.881134 235.149582 232.704849 229.711823 254.832153 285.292908 312.665344 324.154907 312.665344 285.292908 254.832184 229.711853 232.704849 235.149597 234.881134 229.479797 220.525269 210.048019 172.974274 153.620453 137.104752 130.073761 134.751404 148.712448 164.562424 152.975342 146.553818 142.816742 141.467529 141.948380 145.915985 153.706360,
 148.012665 144.602890 142.854050 142.274078 141.946472 142.753113 145.217178 154.418686 146.515350 140.305801 139.347336 144.307175 153.874878 164.405991 177.181396 182.844604 188.649536 193.219757 195.041031 195.258316 194.811142 202.392929 218.325729 232.942841 239.203232 232.942825 218.325729 202.392929 194.811111 195.258316 195.041046 193.219772 188.649506 182.844589 177.181396 164.405975 153.874847 144.307175 139.347321 140.305771 146.515350 154.418686 145.217178 142.753098 141.946472 142.274094 142.854034 144.602875 148.012634,
 12.756992 16.353367 17.974854 20.106476 25.790901 32.448521 33.968060 16.355045 17.578430 19.077906 25.106600 33.221535 35.821533 30.973038 17.613337 18.690765 24.534090 34.014774 37.865643 32.390263 24.390606 19.226377 24.279924 33.690880 38.971390 33.690884 24.279921 19.226376 24.390612 32.390266 37.865643 34.014774 24.534090 18.690762 17.613333 30.973043 35.821537 33.221542 25.106600 19.077906 17.578430 16.355043 33.968060 32.448524 25.790895 20.106476 17.974854 16.353363 12.756989,

Auto-correlations of the modulus of each oriented sub-band
 0.977023 1.077533 1.144701 1.160076 1.115463 1.024712 0.913385 1.061835 1.199743 1.296900 1.323881 1.272392 1.158340 1.013780 1.143321 1.341428 1.485495 1.541332 1.492573 1.345941 1.139958 1.180328 1.451905 1.718718 1.840861 1.718718 1.451905 1.180328 1.139958 1.345941 1.492573 1.541332 1.485495 1.341428 1.143321 1.013780 1.158340 1.272392 1.323881 1.296900 1.199743 1.061835 0.913385 1.024712 1.115463 1.160076 1.144701 1.077533 0.977023,
 15.844270 16.670704 17.711605 18.765989 19.561001 20.084377 20.428930 18.218504 19.698351 21.424093 22.801743 23.306463 23.176014 22.798304 21.123705 23.245119 25.611444 27.096640 26.809443 25.501690 24.087116 23.460558 25.635647 27.958254 29.115150 27.958256 25.635647 23.460558 24.087122 25.501690 26.809443 27.096636 25.611444 23.245119 21.123705 22.798304 23.176016 23.306461 22.801743 21.424091 19.698355 18.218502 20.428930 20.084379 19.561003 18.765991 17.711605 16.670702 15.844268,
 50.061272 51.604374 53.275574 54.046440 53.329082 51.914318 50.784512 55.274952 59.228439 63.776760 65.997253 64.038239 59.922039 56.439651 60.563633 67.359222 75.413643 79.423042 75.672607 67.977501 61.524200 63.261066 71.277687 80.931923 85.804115 80.931923 71.277687 63.261063 61.524197 67.977486 75.672607 79.423042 75.413628 67.359215 60.563633 56.439651 59.922050 64.038246 65.997253 63.776760 59.228436 55.274956 50.784500 51.914318 53.329090 54.046440 53.275574 51.604366 50.061279,
 19.881130 19.692421 19.289867 18.536535 17.447073 16.373905 15.602873 21.919462 22.626686 23.057596 22.670372 21.182598 19.278433 17.751572 22.962334 24.804813 26.567562 27.056320 25.377884 22.657179 20.328373 22.372589 24.912334 27.710131 29.105669 27.710131 24.912334 22.372589 20.328373 22.657175 25.377880 27.056320 26.567558 24.804811 22.962332 17.751572 19.278431 21.182598 22.670370 23.057594 22.626690 21.919462 15.602874 16.373905 17.447073 18.536531 19.289867 19.692421 19.881130,
 0.693452 0.869423 1.012347 1.065615 1.004790 0.858042 0.683475 0.755545 0.956712 1.113564 1.166440 1.093250 0.924336 0.723126 0.799693 1.047364 1.254802 1.332152 1.237876 1.019600 0.770089 0.811272 1.100567 1.369984 1.486884 1.369984 1.100567 0.811272 0.770089 1.019600 1.237876 1.332152 1.254802 1.047364 0.799693 0.723126 0.924336 1.093250 1.166440 1.113564 0.956713 0.755545 0.683475 0.858042 1.004790 1.065615 1.012348 0.869423 0.693452,
 9.785921 10.420949 11.186196 11.924300 12.454205 12.680860 12.623801 11.161981 12.362384 13.645621 14.596851 14.940780 14.692141 14.062013 12.951987 14.736078 16.537699 17.555258 17.341249 16.246698 14.848010 14.431139 16.339405 18.157572 18.976887 18.157572 16.339403 14.431141 14.848010 16.246700 17.341249 17.555258 16.537699 14.736076 12.951987 14.062013 14.692142 14.940778 14.596851 13.645621 12.362382 11.161982 12.623801 12.680861 12.454205 11.924300 11.186199 10.420949 9.785922,
 28.187988 29.658670 31.173964 32.068233 31.843769 30.725632 29.359114 30.738695 33.978432 37.394833 39.126247 38.005306 35.047707 32.080452 33.760288 39.036076 44.816505 47.625717 45.197472 39.738583 34.696724 35.486679 41.633564 48.495007 51.791630 48.495007 41.633564 35.486679 34.696724 39.738583 45.197472 47.625717 44.816505 39.036079 33.760288 32.080452 35.047707 38.005302 39.126247 37.394833 33.978436 30.738695 29.359119 30.725628 31.843767 32.068237 31.173964 29.658670 28.187988,
 10.942218 11.040262 10.885167 10.472736 9.917526 9.366602 8.905805 11.858245 12.504194 12.814632 12.576834 11.775373 10.691669 9.732142 12.312246 13.650271 14.806011 15.117392 14.149261 12.441592 10.897895 11.938483 13.682338 15.514559 16.387978 15.514562 13.682339 11.938483 10.897896 12.441592 14.149260 15.117392 14.806015 13.650272 12.312246 9.732142 10.691669 11.775373 12.576834 12.814632 12.504196 11.858245 8.905805 9.366602 9.917524 10.472736 10.885169 11.040262 10.942218,
 0.356293 0.498002 0.615595 0.662208 0.618660 0.506813 0.372952 0.377087 0.530992 0.658577 0.706888 0.656034 0.531571 0.384995 0.401748 0.576442 0.729553 0.789167 0.721444 0.566077 0.394819 0.409738 0.606235 0.793605 0.875512 0.793605 0.606235 0.409738 0.394819 0.566077 0.721444 0.789167 0.729553 0.576442 0.401748 0.384995 0.531571 0.656034 0.706888 0.658577 0.530992 0.377087 0.372952 0.506813 0.618660 0.662208 0.615595 0.498002 0.356293,
 4.998913 5.301905 5.657200 5.992749 6.213537 6.249901 6.108370 5.740522 6.305287 6.946424 7.411887 7.524390 7.301250 6.887256 6.716465 7.602718 8.577185 9.132088 8.954976 8.287697 7.504123 7.462576 8.469311 9.506843 9.997919 9.506843 8.469310 7.462575 7.504123 8.287698 8.954976 9.132088 8.577187 7.602717 6.716464 6.887256 7.301251 7.524389 7.411886 6.946425 6.305287 5.740522 6.108370 6.249901 6.213537 5.992747 5.657200 5.301905 4.998913,
 12.449347 12.826155 13.330249 13.524760 13.261657 12.801066 12.437795 13.772330 14.967392 16.509918 17.237066 16.494692 15.019958 13.850414 15.226703 17.544254 20.501041 21.970596 20.542225 17.639114 15.321259 15.920748 18.812332 22.493805 24.358723 22.493805 18.812332 15.920746 15.321259 17.639114 20.542225 21.970596 20.501040 17.544254 15.226703 13.850412 15.019958 16.494692 17.237066 16.509920 14.967389 13.772329 12.437793 12.801065 13.261659 13.524758 13.330249 12.826155 12.449347,
 4.301981 4.511228 4.650364 4.612618 4.417502 4.180689 3.962260 4.766634 5.175793 5.517459 5.594692 5.313247 4.803975 4.306439 5.076879 5.763168 6.473131 6.808563 6.401354 5.527772 4.731240 5.055184 5.931767 6.928617 7.430393 6.928617 5.931766 5.055184 4.731241 5.527772 6.401353 6.808563 6.473131 5.763167 5.076879 4.306440 4.803974 5.313246 5.594691 5.517458 5.175792 4.766633 3.962260 4.180689 4.417502 4.612618 4.650364 4.511227 4.301981,

Pairwise cross-correlations of the modulus of all oriented sub-bands at the same scale (size QxQ)
 1.840860 3.309270 4.763444 3.413509 3.309270 29.115152 38.525917 10.417227 4.763444 38.525917 85.804108 37.326553 3.413509 10.417227 37.326553 29.105673,
 1.486883 2.016491 2.775825 1.921256 2.016491 18.976887 24.706917 5.571611 2.775825 24.706917 51.791645 20.706081 1.921256 5.571611 20.706081 16.387976,
 0.875512 1.101286 1.593407 0.985523 1.101286 9.997918 12.399202 2.630653 1.593407 12.399202 24.358717 9.263008 0.985523 2.630653 9.263008 7.430392,

Cross-correlations of the modulus of all oriented sub-bands with all oriented sub-bands at the coarser scale (size QxQ)
 1.316936 2.224365 3.127475 2.045233 2.297553 15.517786 20.268059 5.841593 3.529721 20.982946 39.156715 18.303204 2.302439 6.750500 18.882679 13.965384,
 0.918624 1.171052 1.810968 1.099365 1.356465 8.600971 11.608172 3.206563 2.115906 11.244495 19.714556 8.729153 1.254051 2.923516 8.234819 6.420619,

Cross-correlations of the real part of each oriented sub-band with both the real and imaginary part of all phase-doubled oriented sub-bands at the next coarser scale (Q matrices of size 1x2Q, which are computed and stored in a matrix of size Qx2Q)
 0.160587 -0.436734 -0.508915 -0.619548 0.002422 -0.005620 0.020225 0.039945 -0.352859 -5.955455 -6.190245 -1.187166 -0.009283 0.379866 0.567604 0.063813 -0.749141 -7.435584 -14.046939 -7.387296 -0.007412 0.711180 0.925322 0.166116 -0.536534 -1.274203 -6.203507 -6.528771 -0.011781 0.163894 0.204141 0.179396,
 0.249139 -0.136538 -0.158470 -0.175606 0.008020 -0.038426 -0.018302 -0.039073 -0.086634 -2.787471 -3.090445 -0.302287 -0.005789 0.091297 0.252827 -0.036419 -0.286606 -3.634664 -5.510783 -1.680027 0.008641 0.344525 -0.436548 -0.625266 -0.127313 -0.556477 -1.644742 -1.630623 0.019344 0.055917 -0.640867 -0.541936,
