Low-band skewness and kurtosis
 -1.392656 4.316800,
 -1.167089 3.692559,
 -0.965801 3.169395,
 -1.102173 3.300843,
 -0.388809 1.633016,

High-band variance
 101.226906,

Skewness, kurtosis, variance, mean, maximum and minimum of the reconstructed texture
 119.000000 255.000000 240.509796 581.724915 -1.616611 4.758814

Auto-correlations of the low-frequency bands at each scale
 172.921616 159.497055 151.199966 148.151520 150.168594 157.635101 169.132477 207.637207 180.856430 156.800018 147.142563 156.330383 179.000854 203.496735 292.774719 306.292725 316.532257 321.010712 317.302551 307.377472 295.071899 350.987640 399.667786 442.770844 460.539825 442.770844 399.667786 350.987640 295.071899 307.377472 317.302551 321.010712 316.532227 306.292725 292.774689 203.496735 179.000885 156.330368 147.142548 156.800018 180.856400 207.637207 169.132507 157.635086 150.168579 148.151520 151.199966 159.497055 172.921585,
 158.714340 150.547684 146.052979 144.835129 145.721420 149.497101 155.755478 178.016800 160.196991 145.213028 140.232010 146.876755 161.881683 177.666855 230.084869 236.812943 242.279907 244.623245 241.749023 235.689224 228.999451 262.935394 292.258911 319.104889 330.450470 319.104889 292.258911 262.935455 228.999451 235.689209 241.749023 244.623230 242.279892 236.812943 230.084869 177.666870 161.881653 146.876785 140.231995 145.213028 160.196991 178.016800 155.755478 149.497086 145.721436 144.835129 146.052963 150.547699 158.714340,
 155.820251 151.856369 150.659119 151.065582 151.414246 152.059341 153.376587 163.135818 153.809906 145.900543 142.746552 145.359299 152.725494 161.132034 193.699203 197.242920 199.440186 199.612244 197.093430 193.537430 190.245575 213.158020 229.349152 243.865540 250.010468 243.865540 229.349152 213.158005 190.245605 193.537430 197.093445 199.612244 199.440186 197.242889 193.699203 161.132034 152.725494 145.359299 142.746552 145.900528 153.809891 163.135818 153.376587 152.059341 151.414230 151.065567 150.659119 151.856354 155.820251,
 14.014934 18.700136 19.596273 19.218933 23.073750 30.367880 34.547649 17.769911 18.811028 18.807674 23.795876 32.940769 38.047749 35.803291 18.924173 19.730537 25.362036 35.791290 41.302322 37.085979 29.612207 22.024242 27.446697 37.289707 42.840157 37.289707 27.446695 22.024242 29.612213 37.085987 41.302322 35.791294 25.362036 19.730532 18.924173 35.803299 38.047749 32.940769 23.795874 18.807676 18.811028 17.769909 34.547646 30.367880 23.073750 19.218931 19.596273 18.700138 14.014936,

Auto-correlations of the modulus of each oriented sub-band
 0.850834 0.955578 1.039191 1.080525 1.066687 1.004749 0.915582 0.942515 1.080380 1.192698 1.243240 1.219048 1.132581 1.008939 1.054593 1.247492 1.393422 1.457714 1.420301 1.288568 1.102771 1.122773 1.379512 1.630116 1.743985 1.630115 1.379513 1.122773 1.102771 1.288568 1.420301 1.457714 1.393422 1.247492 1.054593 1.008939 1.132582 1.219048 1.243241 1.192698 1.080380 0.942515 0.915582 1.004749 1.066687 1.080525 1.039191 0.955578 0.850834,
 15.292827 16.012257 16.970255 17.971760 18.697701 19.085875 19.246569 17.401365 18.861095 20.566830 21.894587 22.269865 21.919596 21.300650 19.990417 22.190372 24.623928 26.099068 25.679058 24.131723 22.472862 22.007063 24.354334 26.840347 28.062607 26.840347 24.354336 22.007063 22.472862 24.131720 25.679056 26.099070 24.623922 22.190371 19.990417 21.300646 21.919592 22.269865 21.894585 20.566830 18.861095 17.401363 19.246569 19.085875 18.697699 17.971762 16.970255 16.012257 15.292828,
 49.589436 51.207500 52.838528 53.584038 52.933601 51.539963 50.323818 54.842625 58.631191 62.868095 64.879990 62.944160 58.901039 55.466347 59.935017 66.415146 74.045792 77.782387 74.077881 66.544029 60.275475 62.200691 69.903145 79.229469 83.935982 79.229469 69.903137 62.200691 60.275475 66.544037 74.077881 77.782387 74.045784 66.415146 59.935013 55.466347 58.901039 62.944160 64.879982 62.868088 58.631191 54.842617 50.323811 51.539963 52.933594 53.584030 52.838528 51.207497 49.589428,
 19.875378 19.556627 19.034658 18.240160 17.238070 16.310572 15.650297 21.901455 22.403612 22.586016 22.048450 20.643036 18.928925 17.537809 22.870226 24.499804 25.951483 26.226742 24.658014 22.173216 19.997595 22.124815 24.480097 26.988123 28.205576 26.988117 24.480101 22.124815 19.997593 22.173214 24.658014 26.226742 25.951481 24.499804 22.870224 17.537809 18.928926 20.643036 22.048450 22.586016 22.403616 21.901455 15.650300 16.310574 17.238070 18.240160 19.034657 19.556631 19.875376,
 0.683163 0.857834 1.007232 1.073983 1.029686 0.896596 0.728565 0.735743 0.931947 1.094500 1.162893 1.109506 0.958655 0.767683 0.794458 1.036961 1.244621 1.329255 1.247827 1.043236 0.803283 0.826631 1.111538 1.376724 1.491418 1.376724 1.111538 0.826631 0.803283 1.043236 1.247826 1.329255 1.244621 1.036961 0.794458 0.767683 0.958655 1.109506 1.162893 1.094500 0.931947 0.735743 0.728565 0.896596 1.029686 1.073983 1.007232 0.857834 0.683163,
 9.012620 9.390296 9.883216 10.376265 10.725941 10.865099 10.832950 10.036749 10.909192 11.894572 12.605049 12.773178 12.458699 11.922891 11.374398 12.820011 14.384644 15.247214 14.922117 13.835052 12.620175 12.427240 14.058914 15.755625 16.560555 15.755627 14.058914 12.427240 12.620175 13.835049 14.922117 15.247215 14.384642 12.820013 11.374398 11.922889 12.458699 12.773176 12.605047 11.894571 10.909192 10.036750 10.832950 10.865099 10.725943 10.376263 9.883215 9.390296 9.012621,
 26.327656 27.360207 28.478342 28.906656 28.339342 27.416964 26.848291 28.727455 31.434067 34.385586 35.627743 34.232948 31.567661 29.413218 31.303295 36.068165 41.448154 43.918571 41.376610 36.251408 31.878998 32.681625 38.300316 44.827587 48.026028 44.827591 38.300316 32.681622 31.879000 36.251408 41.376610 43.918568 41.448154 36.068165 31.303289 29.413219 31.567661 34.232944 35.627743 34.385593 31.434067 28.727453 26.848295 27.416964 28.339342 28.906656 28.478344 27.360207 26.327654,
 11.116079 11.177574 11.056907 10.702228 10.169588 9.592299 9.084768 12.321048 12.916913 13.208532 12.990275 12.233507 11.173132 10.165194 13.044403 14.323334 15.363803 15.617223 14.731404 13.138926 11.588054 12.766677 14.469891 16.135889 16.900805 16.135889 14.469891 12.766677 11.588055 13.138924 14.731404 15.617223 15.363803 14.323334 13.044404 10.165194 11.173132 12.233505 12.990275 13.208533 12.916914 12.321046 9.084768 9.592299 10.169588 10.702227 11.056909 11.177574 11.116079,
 0.357078 0.483746 0.594877 0.642221 0.602460 0.496326 0.370328 0.366214 0.500495 0.616153 0.666870 0.630588 0.524037 0.391504 0.379661 0.527575 0.663424 0.725809 0.678477 0.548708 0.399007 0.403807 0.571714 0.736682 0.810735 0.736682 0.571714 0.403807 0.399007 0.548708 0.678477 0.725809 0.663424 0.527575 0.379661 0.391504 0.524037 0.630588 0.666870 0.616153 0.500495 0.366214 0.370328 0.496326 0.602460 0.642221 0.594877 0.483746 0.357078,
 4.148902 4.392764 4.735942 5.061115 5.207912 5.147619 4.998265 4.487292 5.029046 5.691431 6.181087 6.259684 5.970151 5.549643 5.075957 5.952925 6.959535 7.536057 7.328470 6.620125 5.843452 5.645393 6.629493 7.698153 8.217484 7.698153 6.629493 5.645393 5.843452 6.620125 7.328470 7.536057 6.959536 5.952925 5.075957 5.549643 5.970150 6.259684 6.181086 5.691431 5.029045 4.487292 4.998265 5.147619 5.207912 5.061114 4.735942 4.392763 4.148902,
 15.848491 16.866272 17.852509 18.306837 17.884947 16.971247 16.207758 17.030193 18.994032 21.118334 22.189236 21.360996 19.372229 17.556416 18.189486 21.256914 24.731415 26.476955 24.992294 21.622414 18.584101 18.823715 22.421690 26.532862 28.521936 26.532862 22.421690 18.823715 18.584103 21.622414 24.992294 26.476955 24.731409 21.256912 18.189486 17.556416 19.372229 21.360996 22.189238 21.118334 18.994030 17.030193 16.207760 16.971247 17.884947 18.306835 17.852507 16.866272 15.848489,
 5.345427 5.583104 5.741669 5.690678 5.392214 4.970028 4.589207 5.960304 6.478370 6.874903 6.929447 6.548192 5.883704 5.225610 6.425499 7.259084 8.010926 8.294779 7.838593 6.891272 5.955125 6.442995 7.462272 8.486594 8.958735 8.486594 7.462271 6.442995 5.955125 6.891271 7.838593 8.294779 8.010926 7.259085 6.425501 5.225610 5.883703 6.548192 6.929447 6.874903 6.478368 5.960304 4.589206 4.970027 5.392214 5.690678 5.741669 5.583104 5.345427,

Pairwise cross-correlations of the modulus of all oriented sub-bands at the same scale (size QxQ)
 1.743986 3.389625 4.644019 3.073602 3.389625 28.062622 36.850826 10.132896 4.644019 36.850826 83.935974 37.020607 3.073602 10.132896 37.020607 28.205576,
 1.491418 2.021151 2.797254 1.949182 2.021151 16.560555 20.598923 5.105123 2.797254 20.598923 48.026031 21.477419 1.949182 5.105123 21.477419 16.900806,
 0.810735 0.857625 1.236528 0.936015 0.857625 8.217484 11.640981 3.187714 1.236528 11.640981 28.521936 12.321508 0.936015 3.187714 12.321508 8.958735,

Cross-correlations of the modulus of all oriented sub-bands with all oriented sub-bands at the coarser scale (size QxQ)
 1.278790 2.212206 3.162838 2.005654 2.384035 14.245837 18.579069 5.876844 3.553859 18.703114 37.747940 18.964579 2.209291 6.037976 19.232273 14.303268,
 0.863216 1.096998 1.678707 1.087392 1.269648 7.270371 10.273847 3.390959 2.060384 9.604926 20.110104 10.505638 1.269781 3.081151 10.034846 7.424690,

Cross-correlations of the real part of each oriented sub-band with both the real and imaginary part of all phase-doubled oriented sub-bands at the next coarser scale (Q matrices of size 1x2Q, which are computed and stored in a matrix of size Qx2Q)
 0.164998 -0.581858 -0.511024 -0.464988 -0.013628 -0.003549 0.026376 0.042395 -0.554335 -6.368064 -6.243467 -1.175812 0.001690 -0.296987 -0.531522 -0.156753 -0.737790 -7.309823 -13.589166 -6.964455 -0.018712 -0.561438 -1.508061 -0.444733 -0.312977 -1.196878 -5.835139 -5.788090 -0.033723 -0.118074 -0.514664 -0.066669,
 0.255271 -0.172860 -0.204692 -0.144104 0.006852 0.050510 0.046595 0.045153 -0.106235 -2.467399 -2.529654 -0.567151 0.029125 0.477703 0.040022 -0.156094 -0.270512 -3.173371 -6.522037 -3.319826 -0.001624 0.466308 -0.762301 -0.452413 -0.060198 -0.611637 -3.088583 -2.561692 -0.032513 0.049200 -0.404086 -0.053473,
