Low-band skewness and kurtosis
 -1.593625 5.034742,
 -1.423059 4.537043,
 -1.287705 4.175492,
 -1.788160 5.890194,
 -0.672848 2.044545,

High-band variance
 96.664330,

Skewness, kurtosis, variance, mean, maximum and minimum of the reconstructed texture
 115.000000 255.000000 240.626312 635.835815 -1.764248 5.347716

Auto-correlations of the low-frequency bands at each scale
 263.241913 246.721008 235.630264 233.154419 237.871964 247.729431 260.760834 294.880859 270.535980 244.242096 232.723267 243.747559 269.862305 295.103790 353.629150 372.403992 386.879059 391.854370 386.467468 375.312012 361.799194 396.694153 448.861328 498.447876 519.568115 498.447784 448.861328 396.694153 361.799255 375.312012 386.467468 391.854279 386.879028 372.403931 353.629150 295.103790 269.862305 243.747559 232.723267 244.242065 270.536011 294.880859 260.760773 247.729401 237.872009 233.154419 235.630219 246.721008 263.241943,
 251.249893 241.636887 234.262207 230.904068 231.421448 236.815231 246.427200 262.565460 246.265274 231.068329 225.830933 233.694733 251.264069 269.877594 296.612610 306.994598 316.379852 321.293976 319.095276 312.036682 302.955139 319.780701 354.037384 385.816101 399.301910 385.816101 354.037384 319.780670 302.955139 312.036713 319.095276 321.293976 316.379852 306.994568 296.612610 269.877594 251.264099 233.694809 225.830963 231.068329 246.265244 262.565460 246.427200 236.815247 231.421448 230.904068 234.262222 241.636887 251.249893,
 233.862808 229.370270 226.408142 226.276108 228.181915 232.153381 238.111908 247.965240 241.225845 232.846802 229.088135 232.924530 242.690430 252.940445 264.754639 272.754120 279.018677 281.406738 279.386658 275.609131 271.801453 278.161865 296.693237 315.189148 323.319458 315.189148 296.693237 278.161865 271.801422 275.609192 279.386658 281.406738 279.018677 272.754059 264.754639 252.940445 242.690399 232.924561 229.088165 232.846786 241.225845 247.965240 238.111862 232.153351 228.181885 226.276108 226.408112 229.370270 233.862808,
 -1.465721 5.330063 14.068253 25.115780 37.748085 46.415741 45.246136 4.181223 11.708869 21.841537 35.453411 47.216618 49.033836 40.531780 10.626537 20.204447 34.231358 48.775368 53.572205 45.410206 32.006092 20.472759 33.616573 48.685539 55.935963 48.685539 33.616573 20.472759 32.006092 45.410206 53.572197 48.775368 34.231361 20.204451 10.626537 40.531784 49.033836 47.216618 35.453411 21.841541 11.708867 4.181221 45.246136 46.415733 37.748085 25.115780 14.068255 5.330062 -1.465723,

Auto-correlations of the modulus of each oriented sub-band
 1.333523 1.437034 1.513566 1.541720 1.508288 1.421553 1.302006 1.420478 1.569250 1.678941 1.724456 1.688716 1.571345 1.400128 1.514134 1.740152 1.905660 1.962870 1.897914 1.730924 1.503669 1.545522 1.849703 2.142242 2.274339 2.142242 1.849703 1.545522 1.503669 1.730924 1.897914 1.962870 1.905660 1.740152 1.514134 1.400128 1.571344 1.688716 1.724456 1.678941 1.569250 1.420478 1.302006 1.421553 1.508288 1.541720 1.513566 1.437034 1.333522,
 20.356888 21.253662 22.330034 23.386942 24.168589 24.621897 24.789593 22.273130 23.884501 25.687181 27.078089 27.559044 27.304283 26.649195 24.670115 27.009792 29.506750 31.019390 30.703484 29.230736 27.483767 26.719193 29.192083 31.680317 32.869961 31.680315 29.192087 26.719193 27.483767 29.230730 30.703484 31.019390 29.506754 27.009792 24.670111 26.649200 27.304283 27.559044 27.078087 25.687178 23.884497 22.273129 24.789593 24.621895 24.168592 23.386942 22.330034 21.253662 20.356888,
 54.070408 55.305634 56.824577 57.837696 57.638985 56.610096 55.453274 58.523239 61.751717 65.568054 67.691719 66.355850 63.016369 59.843666 62.924408 68.562744 75.245071 78.735710 75.736671 69.347855 63.722996 65.058739 71.847748 79.872566 83.963333 79.872581 71.847748 65.058731 63.722996 69.347855 75.736656 78.735710 75.245079 68.562737 62.924408 59.843651 63.016369 66.355843 67.691704 65.568069 61.751705 58.523247 55.453285 56.610100 57.638985 57.837688 56.824589 55.305641 54.070412,
 25.880856 25.654236 25.107859 24.176928 22.930416 21.730278 20.793938 27.509972 28.235207 28.521772 27.964228 26.364250 24.398348 22.746014 28.147467 30.036764 31.662664 32.013004 30.292847 27.588629 25.169243 27.273043 29.876806 32.578632 33.914272 32.578632 29.876806 27.273043 25.169239 27.588631 30.292847 32.013004 31.662659 30.036766 28.147459 22.746008 24.398344 26.364248 27.964228 28.521770 28.235207 27.509975 20.793936 21.730274 22.930420 24.176928 25.107857 25.654240 25.880856,
 0.863934 1.046702 1.195865 1.252733 1.191202 1.037662 0.850016 0.921648 1.135946 1.306877 1.371312 1.299979 1.120500 0.900846 0.959125 1.228095 1.460947 1.558196 1.466035 1.230763 0.954762 0.983986 1.301337 1.594823 1.721523 1.594823 1.301337 0.983986 0.954762 1.230763 1.466035 1.558196 1.460947 1.228095 0.959125 0.900846 1.120500 1.299979 1.371312 1.306877 1.135947 0.921647 0.850016 1.037662 1.191202 1.252733 1.195865 1.046702 0.863934,
 13.522399 14.185782 14.951987 15.699551 16.278711 16.568903 16.527216 14.547749 15.710961 16.953960 17.896482 18.300293 18.174265 17.636444 16.010323 17.667768 19.368275 20.360952 20.220621 19.292347 18.053154 17.413527 19.145277 20.798094 21.550377 20.798094 19.145277 17.413527 18.053152 19.292345 20.220619 20.360956 19.368277 17.667770 16.010323 17.636444 18.174265 18.300293 17.896481 16.953960 15.710961 14.547749 16.527218 16.568903 16.278709 15.699552 14.951990 14.185785 13.522399,
 32.115242 33.199226 34.147434 34.548809 34.191181 33.446552 32.742504 34.038952 36.489208 38.959957 39.988239 38.773930 36.436497 34.400112 35.941544 39.945740 44.327896 46.326923 44.149574 39.860218 36.148888 36.844791 41.468636 46.768044 49.387547 46.768044 41.468628 36.844788 36.148888 39.860222 44.149574 46.326923 44.327900 39.945732 35.941544 34.400116 36.436497 38.773933 39.988243 38.959957 36.489204 34.038952 32.742504 33.446552 34.191181 34.548801 34.147434 33.199226 32.115238,
 14.461772 14.570918 14.334787 13.762296 13.045295 12.411394 11.970315 15.516233 16.192366 16.398972 15.968371 15.009633 13.861027 12.890606 15.973638 17.339924 18.355175 18.478960 17.466515 15.808826 14.253806 15.490197 17.248440 18.942532 19.708111 18.942533 17.248442 15.490197 14.253806 15.808826 17.466511 18.478960 18.355179 17.339926 15.973637 12.890606 13.861027 15.009632 15.968372 16.398970 16.192368 15.516232 11.970315 12.411392 13.045295 13.762296 14.334790 14.570918 14.461774,
 0.478054 0.608226 0.715721 0.750951 0.692529 0.566283 0.426894 0.497375 0.645702 0.766847 0.807376 0.743316 0.601698 0.442719 0.510992 0.697820 0.865526 0.933337 0.857017 0.677722 0.481499 0.513360 0.738106 0.954702 1.049433 0.954702 0.738106 0.513360 0.481499 0.677722 0.857017 0.933337 0.865526 0.697820 0.510991 0.442719 0.601698 0.743316 0.807376 0.766847 0.645702 0.497375 0.426894 0.566283 0.692529 0.750951 0.715721 0.608226 0.478054,
 6.111086 6.406717 6.674715 6.913188 7.118457 7.245175 7.236692 6.660291 7.241408 7.826143 8.228236 8.363883 8.274434 7.999356 7.432565 8.344080 9.288949 9.816615 9.671313 9.092622 8.382676 8.148743 9.151112 10.149044 10.614344 10.149044 9.151112 8.148743 8.382676 9.092622 9.671312 9.816615 9.288949 8.344080 7.432564 7.999356 8.274434 8.363883 8.228236 7.826142 7.241408 6.660290 7.236692 7.245175 7.118457 6.913188 6.674715 6.406717 6.111086,
 12.667118 13.142344 13.806222 14.390320 14.571612 14.356620 14.023921 13.678409 15.068325 16.727598 17.850983 17.700968 16.569740 15.327637 15.080143 17.503672 20.278929 21.868799 21.007376 18.582752 16.237473 16.165987 19.056417 22.259119 23.813944 22.259119 19.056417 16.165985 16.237473 18.582752 21.007372 21.868801 20.278927 17.503672 15.080142 15.327638 16.569740 17.700964 17.850983 16.727598 15.068324 13.678407 14.023924 14.356618 14.571609 14.390321 13.806224 13.142346 12.667118,
 7.278793 7.409090 7.394357 7.192745 6.865713 6.520049 6.221464 7.826874 8.340042 8.642497 8.600172 8.180860 7.506683 6.820656 8.202150 9.199465 10.032500 10.317936 9.795772 8.703598 7.571168 8.127457 9.412456 10.628853 11.169392 10.628853 9.412455 8.127457 7.571168 8.703599 9.795772 10.317933 10.032501 9.199465 8.202150 6.820655 7.506682 8.180860 8.600172 8.642497 8.340041 7.826872 6.221464 6.520050 6.865712 7.192745 7.394358 7.409089 7.278793,

Pairwise cross-correlations of the modulus of all oriented sub-bands at the same scale (size QxQ)
 2.274340 4.057802 5.918171 4.643363 4.057802 32.869968 39.419224 9.226257 5.918171 39.419224 83.963333 38.594269 4.643363 9.226257 38.594269 33.914257,
 1.721523 2.462196 3.322475 2.506638 2.462196 21.550371 23.613531 3.988507 3.322475 23.613531 49.387539 21.840069 2.506638 3.988507 21.840069 19.708107,
 1.049433 1.285731 2.012452 1.723807 1.285731 10.614342 11.432599 1.432617 2.012452 11.432599 23.813948 10.704444 1.723807 1.432617 10.704444 11.169393,

Cross-correlations of the modulus of all oriented sub-bands with all oriented sub-bands at the coarser scale (size QxQ)
 1.535465 2.594080 3.884260 2.818348 2.868207 18.583891 22.224543 5.487701 4.293282 21.905272 43.021236 21.181391 2.879242 5.002983 21.361809 18.260672,
 1.073676 1.535614 2.205913 1.697507 1.471999 10.867082 11.551296 1.716176 2.497016 11.730856 21.520056 10.823831 1.787733 1.876440 10.278763 10.321255,

Cross-correlations of the real part of each oriented sub-band with both the real and imaginary part of all phase-doubled oriented sub-bands at the next coarser scale (Q matrices of size 1x2Q, which are computed and stored in a matrix of size Qx2Q)
 0.122051 -0.568552 -0.559698 -0.523954 0.038269 -0.027719 -0.056152 -0.122815 -0.500966 -5.155651 -4.995880 -0.932131 -0.007611 -0.165640 -0.223273 0.062541 -0.710189 -5.499989 -10.815255 -5.721812 0.078813 -0.155153 -0.311033 0.097267 -0.441189 -0.868614 -5.079191 -5.161211 0.157602 -0.016831 -0.130959 -0.294087,
 0.175914 -0.274686 -0.331854 -0.372538 0.010062 -0.037287 -0.061824 -0.053369 -0.154155 -2.770339 -2.286540 -0.177630 0.013582 -0.760400 -1.440037 -0.160322 -0.367571 -2.732286 -3.699413 -1.656106 0.010266 -0.982782 -2.714896 -0.759735 -0.272724 -0.296148 -1.596752 -2.192758 -0.002424 -0.134848 -0.926796 -0.564577,
