Low-band skewness and kurtosis
 -1.513445 4.573130,
 -1.303249 3.858873,
 -1.115535 3.277118,
 -1.367546 4.265007,
 -0.800309 2.165514,

High-band variance
 99.885269,

Skewness, kurtosis, variance, mean, maximum and minimum of the reconstructed texture
 114.000000 255.000000 240.621506 631.762146 -1.735926 5.180486

Auto-correlations of the low-frequency bands at each scale
 255.463043 241.453674 230.409653 227.175644 233.757050 248.455002 265.291931 283.659729 259.797455 235.643112 227.644241 242.023773 268.786194 290.688416 351.730194 365.338013 378.859558 386.438446 382.311829 367.702454 348.554260 391.084534 441.249023 491.019745 512.564697 491.019745 441.249023 391.084595 348.554199 367.702454 382.311829 386.438507 378.859528 365.337952 351.730194 290.688416 268.786194 242.023773 227.644241 235.643112 259.797424 283.659760 265.291901 248.455032 233.757050 227.175598 230.409653 241.453674 255.463043,
 262.415619 256.031342 250.636139 248.222580 249.783600 256.485657 265.940979 265.246857 250.397385 236.091492 232.046143 241.132248 257.752014 271.722443 298.162903 303.118988 310.258881 315.895233 314.495758 306.286194 295.194672 319.126770 347.521271 377.113556 390.359467 377.113617 347.521271 319.126770 295.194641 306.286194 314.495728 315.895172 310.258881 303.118988 298.162903 271.722443 257.751953 241.132248 232.046158 236.091492 250.397400 265.246857 265.941040 256.485626 249.783630 248.222565 250.636139 256.031372 262.415649,
 244.302643 241.548157 239.511520 238.973557 240.051575 243.179581 246.819962 261.864960 255.774796 249.257263 247.178329 250.711380 257.345856 262.342834 275.790588 279.523590 283.632477 286.296204 284.778290 280.137054 275.082123 281.695099 295.055817 309.771484 316.560608 309.771484 295.055817 281.695099 275.082123 280.137054 284.778290 286.296204 283.632477 279.523590 275.790588 262.342834 257.345856 250.711365 247.178299 249.257248 255.774796 261.864929 246.819962 243.179581 240.051575 238.973557 239.511536 241.548157 244.302643,
 4.975951 10.663774 13.628275 16.783325 24.391111 33.737694 37.538475 10.889983 13.479737 16.310537 24.725250 35.686035 40.056259 35.270500 14.281620 16.987534 25.450970 37.983807 43.354340 37.138550 27.182055 18.974054 26.455238 38.611198 45.189720 38.611198 26.455238 18.974054 27.182056 37.138546 43.354340 37.983810 25.450970 16.987534 14.281623 35.270500 40.056252 35.686039 24.725254 16.310539 13.479734 10.889986 37.538475 33.737694 24.391113 16.783323 13.628276 10.663774 4.975955,

Auto-correlations of the modulus of each oriented sub-band
 1.395208 1.541879 1.665589 1.738249 1.741352 1.677201 1.557845 1.519153 1.725023 1.888485 1.971903 1.950719 1.827283 1.634125 1.629858 1.923721 2.150264 2.243359 2.180557 1.982028 1.700363 1.713979 2.079585 2.418440 2.568149 2.418440 2.079585 1.713979 1.700363 1.982027 2.180557 2.243359 2.150264 1.923721 1.629857 1.634125 1.827283 1.950719 1.971903 1.888485 1.725023 1.519153 1.557845 1.677201 1.741352 1.738249 1.665589 1.541879 1.395208,
 20.819157 21.641670 22.831274 24.133350 25.160198 25.740725 25.885008 22.303490 24.069267 26.233059 27.991003 28.629395 28.254730 27.324173 24.522419 27.252762 30.316053 32.224415 31.853432 29.958670 27.732233 26.663506 29.658970 32.753624 34.232189 32.753624 29.658972 26.663506 27.732233 29.958664 31.853432 32.224411 30.316050 27.252764 24.522419 27.324173 28.254728 28.629395 27.991005 26.233061 24.069269 22.303490 25.885012 25.740723 25.160194 24.133352 22.831274 21.641676 20.819157,
 59.267094 59.912579 60.747505 61.201130 60.729183 59.594452 58.374783 63.035107 65.777512 68.889954 70.390236 68.789909 65.287407 61.918152 66.828072 72.334465 78.560570 81.562370 78.441948 71.907303 65.978241 68.158508 75.167480 83.134514 87.064026 83.134514 75.167480 68.158508 65.978241 71.907303 78.441948 81.562363 78.560562 72.334465 66.828072 61.918156 65.287407 68.789909 70.390228 68.889954 65.777512 63.035110 58.374783 59.594456 60.729183 61.201118 60.747505 59.912579 59.267094,
 25.017002 24.920286 24.469944 23.608730 22.454290 21.318953 20.385683 26.520824 27.342270 27.688395 27.169937 25.681765 23.813648 22.171263 27.230352 29.177822 30.826355 31.183561 29.577309 26.959587 24.532881 26.525167 29.163242 31.840847 33.126984 31.840847 29.163242 26.525167 24.532875 26.959587 29.577309 31.183561 30.826355 29.177820 27.230350 22.171265 23.813644 25.681765 27.169937 27.688393 27.342270 26.520824 20.385683 21.318953 22.454290 23.608730 24.469944 24.920290 25.017002,
 0.895768 1.115037 1.305588 1.403724 1.376443 1.242653 1.055075 0.965905 1.225585 1.444630 1.550534 1.508344 1.339736 1.105673 1.049672 1.367823 1.644261 1.769524 1.686100 1.438383 1.129563 1.123882 1.490968 1.819155 1.957424 1.819155 1.490968 1.123882 1.129563 1.438383 1.686100 1.769524 1.644261 1.367823 1.049672 1.105673 1.339736 1.508343 1.550534 1.444630 1.225585 0.965905 1.055075 1.242653 1.376443 1.403724 1.305588 1.115037 0.895768,
 13.409361 13.996323 14.652427 15.294294 15.736614 15.852004 15.663416 14.447874 15.538856 16.711761 17.556643 17.733791 17.284403 16.484276 15.662935 17.350130 19.147949 20.136095 19.725159 18.399979 16.897577 16.609602 18.503752 20.468273 21.403301 20.468275 18.503752 16.609602 16.897577 18.399977 19.725155 20.136095 19.147953 17.350128 15.662932 16.484276 17.284403 17.733789 17.556643 16.711763 15.538856 14.447872 15.663416 15.852006 15.736614 15.294293 14.652427 13.996321 13.409361,
 35.333046 36.314468 37.358246 37.910664 37.521854 36.516579 35.466091 37.538628 39.914902 42.369904 43.472069 42.293724 39.788063 37.423645 39.719776 43.689610 47.958618 49.901466 47.806324 43.491688 39.564121 40.604027 45.290688 50.479496 52.990982 50.479496 45.290688 40.604031 39.564121 43.491688 47.806324 49.901466 47.958618 43.689613 39.719776 37.423649 39.788063 42.293720 43.472069 42.369904 39.914902 37.538628 35.466091 36.516579 37.521854 37.910664 37.358250 36.314468 35.333046,
 13.586981 13.822289 13.911773 13.770506 13.403653 12.924986 12.463110 14.298944 15.011522 15.535261 15.601138 15.056205 14.130935 13.228887 14.797781 16.094687 17.314924 17.808960 17.074490 15.576040 14.135652 14.764168 16.399311 18.103308 18.912937 18.103308 16.399311 14.764168 14.135652 15.576043 17.074490 17.808960 17.314924 16.094688 14.797778 13.228888 14.130937 15.056203 15.601136 15.535261 15.011522 14.298944 12.463111 12.924986 13.403650 13.770507 13.911773 13.822289 13.586979,
 0.397764 0.560640 0.707508 0.779194 0.744279 0.623409 0.471045 0.433583 0.615072 0.774912 0.849535 0.805027 0.663458 0.487742 0.470099 0.687209 0.886574 0.977169 0.906908 0.717755 0.501527 0.504648 0.753170 0.989319 1.092152 0.989319 0.753170 0.504648 0.501527 0.717755 0.906908 0.977169 0.886574 0.687209 0.470099 0.487742 0.663458 0.805027 0.849535 0.774912 0.615072 0.433583 0.471045 0.623409 0.744278 0.779194 0.707508 0.560640 0.397764,
 4.577727 4.815057 5.121054 5.468646 5.772103 5.953855 6.003038 5.025398 5.562179 6.132366 6.552621 6.722402 6.629035 6.350881 5.612263 6.488885 7.396513 7.869820 7.704336 7.125222 6.429509 6.150245 7.110730 8.082808 8.537271 8.082808 7.110730 6.150245 6.429509 7.125222 7.704335 7.869819 7.396513 6.488885 5.612263 6.350881 6.629035 6.722401 6.552619 6.132366 5.562179 5.025397 6.003038 5.953856 5.772104 5.468646 5.121054 4.815057 4.577727,
 10.040388 10.185067 10.405730 10.488382 10.280254 10.002941 9.876580 10.706796 11.361907 12.230535 12.603028 12.043941 11.128487 10.511375 11.409108 12.753266 14.505305 15.334591 14.346209 12.564255 11.256328 11.665088 13.334604 15.556373 16.724272 15.556371 13.334604 11.665088 11.256328 12.564253 14.346209 15.334589 14.505304 12.753264 11.409108 10.511375 11.128487 12.043941 12.603026 12.230532 11.361907 10.706796 9.876580 10.002941 10.280255 10.488381 10.405729 10.185069 10.040388,
 5.103617 5.312686 5.326937 5.116201 4.769215 4.393334 4.050536 5.500103 5.962539 6.196791 6.095168 5.672511 5.062038 4.478372 5.693562 6.456880 7.071480 7.246425 6.787612 5.919274 5.072813 5.550259 6.487060 7.408015 7.830548 7.408015 6.487059 5.550259 5.072813 5.919274 6.787612 7.246426 7.071481 6.456879 5.693562 4.478372 5.062038 5.672511 6.095167 6.196790 5.962538 5.500103 4.050536 4.393334 4.769215 5.116201 5.326937 5.312686 5.103617,

Pairwise cross-correlations of the modulus of all oriented sub-bands at the same scale (size QxQ)
 2.568148 4.862587 5.785726 4.060680 4.862587 34.232174 38.936382 8.931679 5.785726 38.936382 87.064011 40.231773 4.060680 8.931679 40.231773 33.126968,
 1.957424 3.230222 3.633369 2.282216 3.230222 21.403301 23.318880 4.440722 3.633369 23.318880 52.991001 23.626862 2.282216 4.440722 23.626862 18.912939,
 1.092152 1.494077 1.622077 1.145992 1.494077 8.537271 7.582217 0.967885 1.622077 7.582217 16.724272 8.040642 1.145992 0.967885 8.040642 7.830546,

Cross-correlations of the modulus of all oriented sub-bands with all oriented sub-bands at the coarser scale (size QxQ)
 1.727556 3.130212 3.738811 2.394380 3.486035 18.926760 22.155792 5.601761 4.374261 21.061880 44.741421 22.041103 2.483427 4.709450 21.553587 16.986631,
 1.130917 1.792619 2.026951 1.255557 1.819670 9.196747 9.201826 1.321402 2.464758 9.947015 19.187263 9.135580 1.402227 2.005821 9.879973 8.064004,

Cross-correlations of the real part of each oriented sub-band with both the real and imaginary part of all phase-doubled oriented sub-bands at the next coarser scale (Q matrices of size 1x2Q, which are computed and stored in a matrix of size Qx2Q)
 -0.066665 -0.984097 -0.650761 -0.536453 -0.005571 0.027231 0.051551 0.042364 -0.974448 -6.154815 -4.555683 -0.670375 0.016976 0.581555 0.608448 0.108846 -0.891789 -5.249515 -7.674235 -4.120228 -0.014068 0.790010 1.196635 0.503978 -0.475735 -0.613474 -3.196704 -4.088755 -0.038091 0.129389 0.466088 0.427429,
 0.132764 -0.353406 -0.220740 -0.133640 0.012502 -0.019839 -0.009234 -0.013714 -0.316816 -1.742666 -1.182112 -0.151520 -0.021247 0.118756 0.128253 0.028480 -0.287771 -1.243257 -2.525333 -1.353306 -0.001743 0.202933 0.214752 0.070517 -0.081961 -0.157066 -1.412952 -1.404590 0.025088 -0.000098 0.028181 0.030929,
