Low-band skewness and kurtosis
 -1.637542 5.143635,
 -1.476222 4.642882,
 -1.326104 4.076771,
 -1.416005 4.594464,
 -0.813347 2.361900,

High-band variance
 96.445282,

Skewness, kurtosis, variance, mean, maximum and minimum of the reconstructed texture
 103.000000 255.000000 240.678970 647.969788 -1.800781 5.490044

Auto-correlations of the low-frequency bands at each scale
 284.868134 269.038513 256.309570 251.595810 255.930740 268.484650 285.942627 309.920532 289.074890 265.089172 254.812973 267.044281 294.588593 319.561920 369.720337 387.538147 403.316437 410.617706 406.436188 393.816223 376.750275 411.013458 461.882019 511.815033 533.229858 511.815033 461.881958 411.013458 376.750305 393.816284 406.436127 410.617706 403.316406 387.538147 369.720306 319.561951 294.588623 267.044281 254.812973 265.089142 289.074890 309.920471 285.942627 268.484680 255.930756 251.595810 256.309570 269.038513 284.868073,
 277.280365 268.458496 260.325745 255.373230 254.405869 259.519928 270.287415 290.042969 274.549805 257.391205 249.497543 255.786163 272.143677 287.357330 318.813385 326.310883 334.930267 340.323059 338.532043 330.607971 318.927246 339.373871 370.142059 401.639832 415.513397 401.639862 370.142059 339.373871 318.927246 330.607971 338.531982 340.323059 334.930267 326.310883 318.813324 287.357330 272.143677 255.786179 249.497543 257.391235 274.549835 290.042908 270.287415 259.519897 254.405899 255.373230 260.325806 268.458527 277.280365,
 255.532730 248.952423 244.038361 241.824463 241.021469 241.591507 243.673798 271.423889 263.593567 255.186554 251.057159 252.804642 258.768921 264.175446 291.816681 297.509247 302.100952 303.169037 299.516907 293.698761 287.581635 301.935547 318.318787 335.008728 342.474152 335.008728 318.318787 301.935547 287.581573 293.698792 299.516876 303.169098 302.100952 297.509277 291.816742 264.175446 258.768890 252.804596 251.057129 255.186539 263.593567 271.423859 243.673782 241.591492 241.021408 241.824463 244.038361 248.952423 255.532730,
 2.395860 6.226429 10.089549 16.141127 25.835510 36.643505 43.007774 6.474537 10.273596 16.737133 27.929232 40.170750 46.486263 43.723740 11.504626 18.377535 30.353872 43.965435 50.177967 45.254883 34.112591 20.878153 32.572250 45.843842 52.126251 45.843845 32.572254 20.878153 34.112595 45.254879 50.177967 43.965435 30.353872 18.377537 11.504628 43.723743 46.486263 40.170753 27.929232 16.737131 10.273599 6.474537 43.007771 36.643505 25.835510 16.141127 10.089546 6.226430 2.395859,

Auto-correlations of the modulus of each oriented sub-band
 1.465827 1.555009 1.601776 1.592701 1.527085 1.421530 1.298748 1.546765 1.697056 1.790084 1.802749 1.733409 1.597571 1.424341 1.635014 1.871908 2.041286 2.087987 1.998275 1.803543 1.557553 1.653054 1.972829 2.267938 2.397914 2.267938 1.972829 1.653054 1.557553 1.803543 1.998276 2.087987 2.041286 1.871908 1.635014 1.424341 1.597571 1.733409 1.802749 1.790084 1.697056 1.546765 1.298748 1.421530 1.527085 1.592701 1.601775 1.555009 1.465826,
 21.619152 22.357111 23.372881 24.486443 25.403622 26.004868 26.305273 23.248182 24.777214 26.624310 28.176165 28.853533 28.702797 28.049509 25.534269 27.923763 30.577467 32.271118 32.071774 30.546955 28.651728 27.672319 30.303606 32.971134 34.230339 32.971130 30.303608 27.672318 28.651731 30.546953 32.071774 32.271118 30.577461 27.923767 25.534267 28.049509 28.702797 28.853531 28.176161 26.624304 24.777214 23.248177 26.305273 26.004868 25.403622 24.486443 23.372877 22.357109 21.619158,
 55.661304 56.679455 57.631783 57.869473 57.081211 55.884571 55.014149 60.073711 62.853294 65.788681 66.980446 65.239342 61.988468 59.167400 64.375427 69.435692 75.060272 77.639137 74.665703 68.790993 63.618313 65.920273 72.157219 79.273964 82.796570 79.273964 72.157227 65.920280 63.618294 68.790993 74.665703 77.639137 75.060265 69.435699 64.375435 59.167389 61.988461 65.239342 66.980446 65.788673 62.853294 60.073711 55.014149 55.884571 57.081219 57.869473 57.631779 56.679455 55.661304,
 25.610876 25.341091 24.713802 23.696037 22.386557 21.115068 20.147291 27.149237 27.828514 28.030100 27.405403 25.817545 23.844837 22.169306 27.716082 29.547476 31.075098 31.359921 29.728849 27.093111 24.682169 26.823837 29.382551 31.984081 33.228107 31.984081 29.382553 26.823833 24.682175 27.093109 29.728849 31.359915 31.075098 29.547476 27.716082 22.169306 23.844833 25.817541 27.405403 28.030100 27.828518 27.149237 20.147295 21.115068 22.386557 23.696033 24.713806 25.341091 25.610870,
 1.006798 1.203972 1.360322 1.413435 1.336851 1.163119 0.960454 1.052730 1.292393 1.480678 1.546158 1.462363 1.266578 1.033584 1.108741 1.401618 1.646670 1.740633 1.633693 1.380506 1.089104 1.132756 1.466716 1.773760 1.905994 1.773760 1.466716 1.132756 1.089104 1.380506 1.633693 1.740633 1.646670 1.401618 1.108741 1.033584 1.266578 1.462363 1.546158 1.480678 1.292393 1.052730 0.960454 1.163119 1.336850 1.413435 1.360322 1.203972 1.006798,
 14.723803 15.471492 16.279541 17.051033 17.631853 17.906490 17.874748 15.989953 17.226089 18.499779 19.453817 19.832626 19.608116 18.932272 17.522005 19.274145 21.021612 22.031090 21.847794 20.777508 19.324434 18.802549 20.700247 22.457611 23.249743 22.457611 20.700247 18.802549 19.324434 20.777510 21.847792 22.031088 21.021612 19.274145 17.522003 18.932272 19.608116 19.832626 19.453815 18.499779 17.226089 15.989953 17.874750 17.906490 17.631849 17.051033 16.279541 15.471495 14.723802,
 33.132240 33.877407 34.747189 35.201710 34.805130 33.827656 32.849800 35.632702 37.598568 39.776024 40.844589 39.813412 37.408043 35.020905 37.880898 41.504501 45.487400 47.425327 45.549858 41.391655 37.418282 38.655430 43.232132 48.209949 50.607635 48.209957 43.232132 38.655430 37.418285 41.391655 45.549858 47.425335 45.487408 41.504501 37.880898 35.020905 37.408043 39.813412 40.844589 39.776024 37.598568 35.632702 32.849800 33.827656 34.805134 35.201702 34.747196 33.877407 33.132240,
 14.675610 14.660124 14.408521 13.899819 13.249080 12.612726 12.048601 15.538332 16.080147 16.244120 15.884096 15.048933 13.968417 12.947592 15.854442 17.100033 18.057131 18.239418 17.322781 15.723957 14.183887 15.336469 17.016865 18.659739 19.419621 18.659739 17.016865 15.336466 14.183887 15.723957 17.322779 18.239418 18.057133 17.100033 15.854442 12.947592 13.968414 15.048933 15.884097 16.244118 16.080147 15.538332 12.048603 12.612726 13.249078 13.899821 14.408523 14.660127 14.675610,
 0.537921 0.704544 0.833564 0.871129 0.801374 0.655211 0.490897 0.574534 0.764866 0.915104 0.962365 0.887305 0.724233 0.537250 0.595369 0.821693 1.021604 1.099920 1.013421 0.811125 0.583603 0.606322 0.865713 1.109903 1.215333 1.109903 0.865713 0.606322 0.583603 0.811125 1.013421 1.099920 1.021604 0.821693 0.595368 0.537250 0.724233 0.887305 0.962365 0.915104 0.764866 0.574534 0.490897 0.655211 0.801374 0.871129 0.833564 0.704544 0.537921,
 5.801188 6.084062 6.362244 6.646194 6.910687 7.073761 7.074957 6.374650 6.890938 7.419516 7.815376 7.984402 7.884054 7.558857 7.033210 7.873763 8.759543 9.255186 9.112898 8.510280 7.764810 7.568200 8.538202 9.522431 9.980330 9.522431 8.538202 7.568200 7.764809 8.510280 9.112897 9.255186 8.759545 7.873763 7.033211 7.558856 7.884053 7.984402 7.815376 7.419515 6.890938 6.374650 7.074956 7.073761 6.910687 6.646194 6.362244 6.084062 5.801188,
 15.379096 15.539433 15.732817 15.675052 15.202635 14.582610 14.125874 16.183159 16.993805 17.979069 18.319769 17.516863 16.186394 15.130535 16.781876 18.421638 20.489059 21.443314 20.212767 17.955185 16.192736 16.845049 18.912642 21.587763 22.974676 21.587763 18.912642 16.845049 16.192738 17.955187 20.212770 21.443316 20.489059 18.421638 16.781872 15.130535 16.186390 17.516861 18.319765 17.979069 16.993805 16.183157 14.125875 14.582611 15.202635 15.675053 15.732817 15.539433 15.379095,
 7.174870 7.201662 7.009192 6.611335 6.094226 5.596769 5.214644 7.537097 7.943324 8.077971 7.818048 7.162831 6.338342 5.631590 7.466312 8.360159 9.073425 9.194009 8.488482 7.331906 6.274563 6.975162 8.140731 9.314572 9.867291 9.314572 8.140731 6.975161 6.274563 7.331906 8.488482 9.194011 9.073425 8.360159 7.466312 5.631591 6.338342 7.162832 7.818048 8.077971 7.943324 7.537098 5.214644 5.596769 6.094226 6.611335 7.009192 7.201663 7.174870,

Pairwise cross-correlations of the modulus of all oriented sub-bands at the same scale (size QxQ)
 2.397913 4.257792 6.032634 4.749031 4.257792 34.230339 38.987125 8.155038 6.032634 38.987125 82.796608 37.500763 4.749031 8.155038 37.500763 33.228092,
 1.905993 3.003553 3.907814 2.721506 3.003553 23.249739 24.505312 4.147745 3.907814 24.505312 50.607632 21.890604 2.721506 4.147745 21.890604 19.419617,
 1.215333 1.443058 1.857272 1.605422 1.443058 9.980330 10.922994 2.259882 1.857272 10.922994 22.974678 10.453609 1.605422 2.259882 10.453609 9.867291,

Cross-correlations of the modulus of all oriented sub-bands with all oriented sub-bands at the coarser scale (size QxQ)
 1.650901 2.740449 4.056410 2.948724 3.033437 19.630869 22.422552 5.286807 4.524446 21.510761 41.650299 20.678904 3.113959 4.262048 19.544477 17.663319,
 1.187283 1.691588 2.202332 1.670927 1.636129 10.199914 11.434714 2.023759 2.769989 11.704924 22.018515 10.416955 1.842268 3.005403 11.437375 9.776412,

Cross-correlations of the real part of each oriented sub-band with both the real and imaginary part of all phase-doubled oriented sub-bands at the next coarser scale (Q matrices of size 1x2Q, which are computed and stored in a matrix of size Qx2Q)
 0.041395 -0.589866 -0.622854 -0.777562 0.007180 -0.061676 -0.015269 0.011704 -0.510462 -5.332075 -4.442392 -0.635216 -0.057432 -0.914205 -0.939119 -0.189120 -0.852836 -5.251088 -8.121368 -4.509692 -0.055547 -1.156472 -1.675932 -0.523457 -0.719603 -0.679827 -3.665908 -5.008915 -0.005394 -0.205647 -0.391978 -0.157416,
 0.230773 -0.113237 -0.192957 -0.243732 0.059288 0.094200 0.027402 -0.069428 -0.098123 -1.179814 -1.076766 -0.179299 0.086326 0.782164 0.706559 0.032322 -0.280257 -1.193794 -2.257711 -1.292518 0.043881 0.663872 0.758842 -0.149894 -0.157693 -0.180313 -1.156623 -1.519523 0.009128 0.031448 -0.018636 -0.315780,
