Low-band skewness and kurtosis
 -1.435899 4.431941,
 -1.220054 3.842650,
 -1.001306 3.219157,
 -1.211320 3.941347,
 -0.566324 1.843870,

High-band variance
 103.749214,

Skewness, kurtosis, variance, mean, maximum and minimum of the reconstructed texture
 113.000000 255.000000 240.555267 600.308838 -1.674090 4.982311

Auto-correlations of the low-frequency bands at each scale
 179.911667 169.291595 161.487640 158.738953 164.241028 178.730042 196.223053 218.959915 190.899887 166.985321 160.317520 173.806900 197.219528 215.366379 317.686035 323.647339 330.928772 336.137421 331.350525 314.545197 291.957214 364.610535 412.015442 457.070770 476.251709 457.070770 412.015442 364.610535 291.957214 314.545166 331.350464 336.137390 330.928772 323.647339 317.686035 215.366379 197.219513 173.806885 160.317551 166.985352 190.899887 218.959869 196.223007 178.730026 164.241028 158.738968 161.487671 169.291611 179.911682,
 170.456955 165.319931 162.863281 162.518768 164.350143 170.155701 178.198883 190.483597 175.449280 161.691589 156.719742 162.481003 174.847763 185.594330 249.771423 252.907288 256.150024 257.947723 253.889832 244.231155 232.963654 279.831543 305.976654 331.918640 343.334839 331.918640 305.976685 279.831543 232.963654 244.231155 253.889801 257.947723 256.150024 252.907318 249.771378 185.594315 174.847794 162.481003 156.719727 161.691589 175.449265 190.483627 178.198883 170.155701 164.350174 162.518768 162.863297 165.319962 170.456970,
 175.706787 172.513565 171.285782 172.047104 174.494705 179.194275 184.825165 175.251404 165.851776 158.173462 155.883972 159.414551 166.721741 173.775772 207.541199 210.008270 212.314743 213.149628 210.172806 204.273666 197.906204 228.269714 244.158752 259.289368 265.873840 259.289368 244.158737 228.269714 197.906174 204.273666 210.172821 213.149597 212.314713 210.008270 207.541229 173.775772 166.721741 159.414520 155.883972 158.173462 165.851776 175.251389 184.825165 179.194275 174.494720 172.047073 171.285751 172.513565 175.706787,
 10.485802 15.474343 19.446880 23.218214 27.676758 31.718643 33.276211 15.368451 18.363369 21.486984 27.132849 33.418957 36.130264 34.011295 17.618126 20.554897 26.998514 35.426987 39.106976 35.463455 28.539551 21.051313 27.505850 36.176811 40.598213 36.176811 27.505854 21.051315 28.539549 35.463451 39.106976 35.426987 26.998514 20.554897 17.618128 34.011295 36.130260 33.418964 27.132851 21.486984 18.363369 15.368457 33.276211 31.718639 27.676762 23.218212 19.446877 15.474344 10.485802,

Auto-correlations of the modulus of each oriented sub-band
 1.130975 1.266984 1.390926 1.477935 1.508286 1.477230 1.393677 1.228485 1.409899 1.567885 1.661856 1.672694 1.601683 1.465689 1.373761 1.611212 1.803780 1.897634 1.863036 1.710886 1.488566 1.463926 1.771540 2.060928 2.188942 2.060928 1.771540 1.463926 1.488566 1.710886 1.863036 1.897634 1.803780 1.611212 1.373761 1.465689 1.601683 1.672694 1.661856 1.567885 1.409899 1.228485 1.393677 1.477230 1.508286 1.477936 1.390926 1.266984 1.130975,
 18.483591 19.328238 20.483021 21.630558 22.409050 22.844566 23.079588 20.208378 21.839212 23.912846 25.482687 25.794006 25.263866 24.507402 22.366751 24.842628 27.855843 29.683220 29.002459 26.969595 24.996443 24.207689 26.911491 30.061050 31.681612 30.061050 26.911491 24.207689 24.996439 26.969591 29.002457 29.683220 27.855843 24.842628 22.366747 24.507402 25.263865 25.794006 25.482683 23.912842 21.839212 20.208378 23.079588 22.844564 22.409054 21.630560 20.483021 19.328238 18.483593,
 55.800144 56.913578 58.001034 58.454971 57.786930 56.462379 55.295006 61.616394 64.912613 68.429893 70.010857 68.106903 64.265404 60.868206 67.180710 73.230652 80.040176 83.290474 79.808693 72.780136 66.664368 69.390045 76.795624 85.370049 89.657570 85.370049 76.795631 69.390045 66.664375 72.780121 79.808685 83.290459 80.040176 73.230659 67.180710 60.868195 64.265404 68.106903 70.010857 68.429886 64.912621 61.616394 55.295006 56.462372 57.786934 58.454983 58.001019 56.913578 55.800144,
 21.569542 21.202393 20.633705 19.852373 18.944084 18.119087 17.507523 23.791550 24.169846 24.221779 23.671545 22.414988 20.869444 19.535032 25.048262 26.492325 27.702131 27.897337 26.525370 24.301708 22.232750 24.463461 26.655500 28.865509 29.910704 28.865503 26.655497 24.463459 22.232750 24.301708 26.525370 27.897333 27.702127 26.492325 25.048262 19.535032 20.869442 22.414986 23.671541 24.221775 24.169842 23.791548 17.507524 18.119087 18.944084 19.852373 20.633703 21.202393 21.569542,
 0.815020 1.017258 1.191022 1.274075 1.237547 1.104468 0.928071 0.874114 1.102289 1.294535 1.383101 1.337307 1.180492 0.970408 0.929750 1.206752 1.449091 1.557592 1.480328 1.259157 0.989867 0.987250 1.307391 1.599213 1.723537 1.599213 1.307391 0.987250 0.989867 1.259157 1.480328 1.557591 1.449091 1.206752 0.929750 0.970408 1.180492 1.337307 1.383101 1.294535 1.102289 0.874114 0.928071 1.104468 1.237547 1.274075 1.191022 1.017259 0.815020,
 9.986222 10.429562 10.998078 11.556674 11.874243 11.891958 11.777685 10.917762 11.873477 12.971057 13.708558 13.723413 13.195185 12.551479 12.015032 13.518754 15.253124 16.177279 15.628013 14.283775 13.001454 12.822991 14.491643 16.417683 17.391235 16.417683 14.491645 12.822991 13.001455 14.283773 15.628012 16.177279 15.253126 13.518756 12.015031 12.551479 13.195185 13.723412 13.708560 12.971057 11.873477 10.917760 11.777686 11.891958 11.874243 11.556674 10.998078 10.429562 9.986222,
 31.050892 31.904751 32.710915 33.017490 32.474899 31.458992 30.560858 34.113220 36.496716 38.976021 40.044132 38.717716 36.048756 33.621319 37.558029 41.803265 46.437466 48.565472 46.215843 41.463840 37.203442 38.987961 44.135300 49.913902 52.745502 49.913902 44.135307 38.987961 37.203442 41.463840 46.215839 48.565468 46.437473 41.803265 37.558029 33.621315 36.048756 38.717716 40.044132 38.976028 36.496719 34.113224 30.560858 31.458990 32.474899 33.017490 32.710915 31.904753 31.050892,
 11.833091 11.767593 11.559877 11.195177 10.742978 10.327453 10.013601 12.914425 13.336525 13.518574 13.321989 12.728486 11.884318 11.067107 13.723939 14.798696 15.688742 15.957294 15.253990 13.869610 12.480961 13.587155 15.112801 16.608503 17.292427 16.608503 15.112801 13.587155 12.480961 13.869609 15.253989 15.957294 15.688742 14.798697 13.723938 11.067105 11.884316 12.728486 13.321990 13.518575 13.336524 12.914425 10.013600 10.327453 10.742977 11.195179 11.559877 11.767593 11.833091,
 0.413059 0.561841 0.692754 0.754101 0.721877 0.614250 0.475068 0.444949 0.606051 0.745679 0.808766 0.769189 0.645591 0.488062 0.476395 0.664001 0.830553 0.904144 0.844506 0.683226 0.495062 0.504183 0.715983 0.912777 0.997403 0.912777 0.715983 0.504183 0.495062 0.683226 0.844506 0.904144 0.830553 0.664001 0.476395 0.488062 0.645592 0.769189 0.808766 0.745679 0.606051 0.444949 0.475069 0.614250 0.721877 0.754101 0.692754 0.561841 0.413059,
 5.410216 5.840727 6.289984 6.613513 6.666047 6.439469 6.051813 5.773946 6.483755 7.236177 7.671277 7.538828 6.964425 6.258153 6.158045 7.205052 8.334835 8.890477 8.453561 7.434940 6.403474 6.392099 7.583469 8.870015 9.494460 8.870015 7.583469 6.392099 6.403474 7.434940 8.453561 8.890477 8.334835 7.205051 6.158044 6.258153 6.964425 7.538827 7.671277 7.236176 6.483754 5.773947 6.051813 6.439468 6.666047 6.613512 6.289983 5.840727 5.410215,
 20.152832 21.706234 23.065790 23.706251 23.440678 22.524839 21.358509 21.896751 24.251041 26.424028 27.416334 26.710972 24.901812 22.960911 23.842812 27.067789 30.222631 31.662361 30.367105 27.403280 24.445240 24.912020 28.460739 32.061741 33.723175 32.061745 28.460739 24.912020 24.445236 27.403280 30.367105 31.662359 30.222633 27.067789 23.842812 22.960909 24.901808 26.710970 27.416330 26.424028 24.251036 21.896749 21.358507 22.524843 23.440676 23.706247 23.065790 21.706234 20.152830,
 6.959933 7.195605 7.311640 7.202232 6.906749 6.580227 6.314252 7.697883 8.270465 8.660864 8.640391 8.195374 7.546688 6.981237 8.185369 9.110377 9.917059 10.174628 9.624189 8.612360 7.695224 8.182735 9.266027 10.379875 10.908467 10.379874 9.266026 8.182735 7.695224 8.612360 9.624189 10.174628 9.917059 9.110377 8.185369 6.981237 7.546688 8.195374 8.640391 8.660864 8.270465 7.697884 6.314251 6.580229 6.906751 7.202231 7.311640 7.195605 6.959932,

Pairwise cross-correlations of the modulus of all oriented sub-bands at the same scale (size QxQ)
 2.188943 4.912880 5.250524 3.034796 4.912880 31.681608 37.366875 10.379437 5.250524 37.366875 89.657608 41.253674 3.034796 10.379437 41.253674 29.910706,
 1.723537 2.755455 3.148562 1.901849 2.755455 17.391233 21.410404 5.893031 3.148562 21.410404 52.745499 23.738131 1.901849 5.893031 23.738131 17.292431,
 0.997403 1.347438 1.436612 0.860068 1.347438 9.494462 12.789544 3.531830 1.436612 12.789544 33.723175 15.316137 0.860068 3.531830 15.316137 10.908469,

Cross-correlations of the modulus of all oriented sub-bands with all oriented sub-bands at the coarser scale (size QxQ)
 1.518842 2.867119 3.501349 2.109246 3.224184 15.468582 19.773882 6.768118 4.112997 19.468103 43.323353 22.215015 2.257406 6.346670 21.951466 15.674212,
 1.016860 1.492206 1.887770 1.049848 1.697077 7.922163 11.020505 3.691145 2.215939 10.177972 24.120031 12.483502 1.154979 3.349170 12.051042 8.484816,

Cross-correlations of the real part of each oriented sub-band with both the real and imaginary part of all phase-doubled oriented sub-bands at the next coarser scale (Q matrices of size 1x2Q, which are computed and stored in a matrix of size Qx2Q)
 0.065000 -0.702789 -0.423195 -0.428423 0.009660 0.033577 0.030131 0.029847 -0.715722 -5.164681 -5.266269 -1.387415 0.040201 -0.018703 -0.144989 -0.011889 -0.721931 -5.921813 -13.456203 -6.941309 0.021651 -0.187107 -0.207530 0.266865 -0.316260 -1.226639 -5.956713 -5.325058 -0.004792 -0.046265 0.077645 0.326058,
 0.223858 -0.247376 -0.207896 -0.172126 0.001847 0.039428 0.053565 0.042550 -0.194290 -2.223823 -2.969525 -0.704201 0.019711 -0.001459 0.184763 0.180653 -0.322642 -2.880146 -8.007591 -3.630489 0.004828 0.006896 1.124930 1.100057 -0.106050 -0.654775 -3.542887 -2.772033 -0.007547 0.085191 0.790518 0.761748,
