Low-band skewness and kurtosis
 -1.804574 5.803741,
 -1.680998 5.400071,
 -1.607748 5.235845,
 -1.438695 5.833724,
 -0.883953 2.524848,

High-band variance
 90.010567,

Skewness, kurtosis, variance, mean, maximum and minimum of the reconstructed texture
 109.000000 255.000000 240.957886 691.152466 -1.942602 6.077714

Auto-correlations of the low-frequency bands at each scale
 348.671722 330.018127 313.630524 306.192078 309.072021 320.007935 334.716461 374.538239 353.461517 327.623535 314.466766 323.671753 348.073669 370.915802 422.759216 443.415833 460.371552 466.479370 459.956909 445.953827 429.330261 458.399384 510.429352 561.630554 583.751892 561.630554 510.429352 458.399384 429.330261 445.953827 459.956909 466.479340 460.371521 443.415741 422.759216 370.915802 348.073669 323.671814 314.466766 327.623474 353.461517 374.538239 334.716461 320.007935 309.072052 306.192078 313.630524 330.018188 348.671692,
 327.932312 318.104614 310.163788 307.709167 309.873901 315.210999 321.733521 348.868347 334.175018 315.041046 304.026642 308.155029 323.739288 339.416901 374.734528 385.941833 394.482849 395.871948 389.217529 379.419037 370.139313 388.508057 421.382812 455.324524 470.371368 455.324524 421.382843 388.508087 370.139282 379.418976 389.217468 395.871918 394.482880 385.941925 374.734589 339.416901 323.739258 308.154999 304.026642 315.041046 334.175018 348.868286 321.733459 315.210999 309.873871 307.709167 310.163818 318.104706 327.932373,
 306.038757 300.199371 295.333618 294.086121 295.862000 299.269989 302.309570 325.938995 319.104034 309.451813 303.740967 305.732758 313.675964 321.600494 342.123077 350.722839 356.622375 356.947296 351.636108 344.994720 340.099854 350.362366 369.231415 388.899780 397.741791 388.899872 369.231415 350.362366 340.099854 344.994751 351.636078 356.947235 356.622437 350.722839 342.123077 321.600494 313.675964 305.732697 303.740967 309.451813 319.104034 325.938995 302.309570 299.269989 295.861969 294.086121 295.333618 300.199371 306.038757,
 -13.706454 -6.115109 5.368469 19.607162 35.084522 47.559944 51.600975 -6.926142 3.929142 18.494322 35.922882 50.990768 56.493324 50.339653 3.964929 19.003569 37.667110 55.033619 61.773975 54.477272 38.655254 20.532915 39.156563 56.830799 64.601913 56.830803 39.156563 20.532911 38.655254 54.477272 61.773975 55.033619 37.667114 19.003569 3.964926 50.339661 56.493324 50.990765 35.922882 18.494322 3.929142 -6.926144 51.600983 47.559948 35.084518 19.607161 5.368469 -6.115107 -13.706457,

Auto-correlations of the modulus of each oriented sub-band
 1.687282 1.800268 1.864467 1.865739 1.804622 1.698904 1.563455 1.779628 1.970011 2.089849 2.117159 2.041993 1.874667 1.661145 1.862400 2.151196 2.347450 2.396064 2.299035 2.085476 1.795830 1.865074 2.216401 2.544322 2.691650 2.544322 2.216401 1.865074 1.795830 2.085476 2.299035 2.396064 2.347450 2.151196 1.862399 1.661145 1.874667 2.041993 2.117159 2.089849 1.970011 1.779628 1.563455 1.698905 1.804622 1.865739 1.864467 1.800268 1.687282,
 23.293879 24.129663 25.255051 26.493687 27.514853 28.172640 28.430195 25.023180 26.576969 28.417414 30.036697 30.865816 30.902761 30.338160 27.493391 29.794611 32.259235 33.915562 33.912762 32.712456 31.012138 29.873508 32.323990 34.659088 35.756847 34.659084 32.323990 29.873507 31.012138 32.712456 33.912758 33.915562 32.259232 29.794611 27.493389 30.338160 30.902756 30.865820 30.036697 28.417412 26.576967 25.023176 28.430195 28.172636 27.514858 26.493683 25.255047 24.129667 23.293875,
 59.645073 60.431755 61.152905 61.425434 60.990341 60.176697 59.336929 63.628517 66.106194 68.554695 69.665459 68.536095 66.139801 63.689529 67.743805 72.271019 76.938042 79.145012 76.991730 72.431877 67.950752 69.662460 75.151443 80.898209 83.681984 80.898209 75.151443 69.662460 67.950752 72.431877 76.991730 79.145020 76.938042 72.271019 67.743813 63.689529 66.139801 68.536095 69.665451 68.554695 66.106186 63.628513 59.336933 60.176697 60.990334 61.425434 61.152901 60.431763 59.645073,
 28.438034 28.046740 27.200659 25.963326 24.508917 23.193827 22.175737 30.012220 30.593145 30.531536 29.594234 27.773911 25.752489 24.065371 30.336069 32.074318 33.352852 33.377369 31.568525 28.964783 26.615698 29.035643 31.490084 33.932350 35.135303 33.932350 31.490089 29.035643 26.615698 28.964783 31.568525 33.377369 33.352848 32.074322 30.336067 24.065367 25.752487 27.773909 29.594236 30.531534 30.593147 30.012211 22.175741 23.193827 24.508921 25.963326 27.200661 28.046740 28.438034,
 1.172737 1.361348 1.500036 1.539369 1.458905 1.286006 1.077383 1.218695 1.466809 1.648988 1.701859 1.604068 1.391401 1.135195 1.254426 1.578687 1.838832 1.929323 1.806492 1.527057 1.201708 1.257140 1.625658 1.949670 2.085009 1.949670 1.625658 1.257140 1.201708 1.527057 1.806492 1.929322 1.838832 1.578688 1.254426 1.135195 1.391401 1.604068 1.701860 1.648988 1.466809 1.218695 1.077383 1.286006 1.458905 1.539369 1.500036 1.361348 1.172737,
 14.500028 15.071901 15.793304 16.575697 17.240015 17.617369 17.607695 15.299529 16.329201 17.533319 18.565958 19.107769 19.041233 18.420410 16.477833 18.082710 19.769154 20.839998 20.812540 19.880346 18.499744 17.723444 19.531481 21.206182 21.947308 21.206182 19.531483 17.723444 18.499748 19.880346 20.812540 20.839998 19.769154 18.082710 16.477835 18.420408 19.041235 19.107765 18.565958 17.533319 16.329201 15.299529 17.607697 17.617369 17.240015 16.575699 15.793304 15.071903 14.500028,
 36.204521 36.860027 37.556740 37.960255 37.707783 36.996563 36.252491 38.530205 40.270821 42.011585 42.878765 42.179359 40.402088 38.499043 40.915630 44.072868 47.203518 48.666428 47.322765 44.154400 40.854626 41.953629 45.862019 49.732456 51.494602 49.732460 45.862019 41.953629 40.854626 44.154400 47.322765 48.666435 47.203518 44.072868 40.915630 38.499039 40.402084 42.179352 42.878765 42.011593 40.270824 38.530201 36.252491 36.996571 37.707779 37.960255 37.556747 36.860027 36.204521,
 19.206280 19.218121 18.737444 17.877954 16.883183 15.975817 15.262832 20.221842 20.888611 20.897032 20.218540 19.025421 17.643848 16.428900 20.382542 21.810291 22.736366 22.706469 21.539639 19.720821 17.978743 19.504156 21.381380 23.113926 23.880363 23.113930 21.381378 19.504156 17.978743 19.720818 21.539637 22.706469 22.736366 21.810291 20.382542 16.428898 17.643848 19.025417 20.218538 20.897034 20.888607 20.221844 15.262832 15.975817 16.883181 17.877956 18.737444 19.218122 19.206282,
 0.624067 0.778760 0.896998 0.929212 0.855999 0.704324 0.530361 0.655663 0.839774 0.981460 1.023638 0.942705 0.768771 0.567228 0.662313 0.894170 1.094734 1.172904 1.079842 0.861076 0.614998 0.655147 0.924405 1.174255 1.281175 1.174255 0.924405 0.655147 0.614998 0.861076 1.079843 1.172904 1.094734 0.894170 0.662313 0.567228 0.768771 0.942705 1.023638 0.981460 0.839774 0.655663 0.530361 0.704324 0.855999 0.929212 0.896998 0.778760 0.624067,
 5.821601 6.260943 6.658455 6.969922 7.166243 7.214504 7.118945 6.670495 7.283036 7.847915 8.206234 8.311418 8.191691 7.892168 7.607786 8.423128 9.218747 9.627546 9.491610 9.003394 8.388605 8.286595 9.133142 9.951811 10.325193 9.951810 9.133142 8.286595 8.388606 9.003394 9.491610 9.627547 9.218747 8.423128 7.607785 7.892168 8.191691 8.311418 8.206233 7.847914 7.283036 6.670495 7.118945 7.214503 7.166243 6.969922 6.658454 6.260942 5.821601,
 15.984314 16.436796 16.900845 17.155987 17.065214 16.739534 16.373207 17.390314 18.410967 19.437769 19.951277 19.590136 18.657310 17.673738 18.882448 20.593487 22.359638 23.229601 22.476709 20.744467 19.013268 19.577129 21.648390 23.798525 24.824745 23.798523 21.648390 19.577129 19.013264 20.744467 22.476709 23.229601 22.359636 20.593487 18.882448 17.673737 18.657309 19.590136 19.951275 19.437765 18.410967 17.390314 16.373207 16.739534 17.065214 17.155987 16.900843 16.436794 15.984314,
 10.411779 10.415536 10.149975 9.670442 9.064789 8.423945 7.800848 10.981122 11.393641 11.442662 11.106417 10.435448 9.539595 8.597490 11.102562 12.009556 12.595155 12.653191 12.034285 10.907488 9.666169 10.626401 11.876409 12.941556 13.395065 12.941557 11.876407 10.626399 9.666169 10.907490 12.034284 12.653191 12.595155 12.009553 11.102561 8.597490 9.539593 10.435448 11.106416 11.442662 11.393641 10.981119 7.800848 8.423946 9.064788 9.670442 10.149975 10.415535 10.411778,

Pairwise cross-correlations of the modulus of all oriented sub-bands at the same scale (size QxQ)
 2.691649 4.135240 5.794416 5.151147 4.135240 35.756859 40.061646 6.431634 5.794416 40.061646 83.681992 37.078136 5.151147 6.431634 37.078136 35.135315,
 2.085009 2.485451 3.468561 3.419132 2.485451 21.947302 23.314425 1.962771 3.468561 23.314425 51.494610 22.976768 3.419132 1.962771 22.976768 23.880363,
 1.281175 1.468428 2.010498 2.014643 1.468428 10.325192 10.577447 0.739619 2.010498 10.577447 24.824745 11.900318 2.014643 0.739619 11.900318 13.395064,

Cross-correlations of the modulus of all oriented sub-bands with all oriented sub-bands at the coarser scale (size QxQ)
 1.879992 2.762915 3.979735 3.481440 2.619293 20.601494 22.800812 2.480670 3.930692 21.672272 45.164883 20.517431 3.475729 2.830603 21.596701 21.256029,
 1.269771 1.527317 1.982090 2.029244 1.557041 10.762518 10.442960 0.123734 2.561641 11.615791 23.871817 11.316703 2.176308 0.926607 11.852862 12.948807,

Cross-correlations of the real part of each oriented sub-band with both the real and imaginary part of all phase-doubled oriented sub-bands at the next coarser scale (Q matrices of size 1x2Q, which are computed and stored in a matrix of size Qx2Q)
 -0.068511 -0.667100 -0.781761 -0.904541 -0.046019 -0.021613 0.014323 0.093623 -0.597558 -3.970123 -2.921871 -0.468364 -0.039950 -0.160214 0.016326 0.042428 -0.852095 -3.239253 -6.132581 -4.402653 -0.075750 0.046796 0.497382 0.086750 -0.813197 -0.424861 -4.090850 -5.369602 -0.120182 0.100503 0.261513 0.199056,
 0.110171 -0.266501 -0.367418 -0.526235 -0.018175 -0.094758 -0.050140 0.052768 -0.188932 -1.210714 -0.419137 -0.028902 -0.042341 -0.837267 -0.820753 -0.089770 -0.385269 -0.689535 -0.866197 -1.723080 -0.060434 -0.865145 -1.699518 -0.536075 -0.372749 -0.048535 -1.398921 -2.769637 -0.072663 -0.123102 -0.726470 -0.229996,
