Low-band skewness and kurtosis
 -1.461234 4.503306,
 -1.248406 3.903721,
 -1.100281 3.539950,
 -1.213246 3.487314,
 -0.499044 1.818722,

High-band variance
 100.374573,

Skewness, kurtosis, variance, mean, maximum and minimum of the reconstructed texture
 121.000000 255.000000 240.503128 608.060608 -1.668917 4.923770

Auto-correlations of the low-frequency bands at each scale
 204.444229 193.635315 187.823807 188.141251 195.491241 209.813797 227.377762 244.047577 215.826935 191.070297 183.879181 199.298309 228.811432 256.591187 325.259430 337.483856 347.743439 352.856567 348.236664 334.548889 316.812286 363.112885 417.441925 467.204010 488.025208 467.204010 417.441925 363.112793 316.812347 334.548889 348.236694 352.856506 347.743408 337.483887 325.259369 256.591217 228.811401 199.298309 183.879181 191.070267 215.826935 244.047531 227.377808 209.813797 195.491226 188.141251 187.823822 193.635315 204.444199,
 210.421097 203.916672 198.959854 196.253006 196.509842 201.699554 210.732178 226.371643 209.134201 194.112335 189.485245 197.560333 213.930115 229.269760 260.908569 266.689362 274.202393 280.444458 280.636017 274.541962 264.679749 285.144440 315.894836 345.225983 357.836029 345.226013 315.894928 285.144440 264.679749 274.541931 280.636017 280.444397 274.202393 266.689362 260.908569 229.269775 213.930130 197.560318 189.485245 194.112335 209.134201 226.371643 210.732178 201.699585 196.509827 196.253021 198.959885 203.916672 210.421097,
 200.538773 198.515533 197.266647 196.924423 197.831253 201.311310 206.643539 212.251785 202.668076 193.797073 190.619873 194.711121 203.953110 213.207520 235.592072 237.545807 240.178207 242.113068 240.582382 235.940826 230.213379 245.728241 262.164520 278.399323 285.545532 278.399323 262.164520 245.728241 230.213364 235.940781 240.582382 242.113098 240.178207 237.545822 235.592041 213.207520 203.953094 194.711090 190.619843 193.797073 202.668091 212.251755 206.643555 201.311310 197.831253 196.924423 197.266617 198.515518 200.538757,
 8.147737 14.190190 18.644613 22.948637 29.250767 35.678837 38.142448 14.187783 18.284883 22.352190 29.471395 37.535007 40.933384 38.291950 18.524315 22.737539 30.180473 39.613667 43.746304 39.762619 32.501041 24.302263 31.334457 40.471088 45.152794 40.471088 31.334455 24.302263 32.501041 39.762615 43.746304 39.613670 30.180477 22.737535 18.524319 38.291946 40.933384 37.535007 29.471390 22.352190 18.284878 14.187781 38.142448 35.678837 29.250767 22.948635 18.644615 14.190191 8.147736,

Auto-correlations of the modulus of each oriented sub-band
 1.091373 1.209510 1.309016 1.369364 1.372109 1.316277 1.219888 1.173792 1.340410 1.473881 1.540173 1.529322 1.445570 1.304914 1.289787 1.514779 1.687676 1.766321 1.727935 1.579649 1.364141 1.358028 1.652641 1.943285 2.076815 1.943285 1.652641 1.358028 1.364141 1.579649 1.727935 1.766321 1.687676 1.514779 1.289787 1.304914 1.445570 1.529322 1.540173 1.473881 1.340410 1.173792 1.219888 1.316277 1.372109 1.369365 1.309015 1.209510 1.091372,
 18.900286 19.630358 20.731159 21.998991 23.022236 23.663784 23.987661 20.697460 22.303362 24.329252 26.057186 26.719107 26.478294 25.804712 23.216610 25.716225 28.608271 30.494951 30.157965 28.440067 26.503897 25.516142 28.235500 31.145256 32.596169 31.145252 28.235500 25.516136 26.503901 28.440067 30.157965 30.494947 28.608271 25.716225 23.216606 25.804712 26.478294 26.719107 26.057190 24.329250 22.303360 20.697456 23.987661 23.663784 23.022236 21.998987 20.731161 19.630358 18.900286,
 56.068211 57.470272 58.922039 59.477757 58.575672 56.950085 55.589718 60.159924 63.761475 67.824638 69.685532 67.521408 63.279205 59.702354 64.065102 70.345886 77.803093 81.468933 77.632492 70.060608 63.789852 65.636070 73.192581 82.396423 87.114914 82.396423 73.192581 65.636055 63.789845 70.060608 77.632484 81.468918 77.803085 70.345886 64.065094 59.702366 63.279205 67.521400 69.685524 67.824631 63.761463 60.159916 55.589729 56.950089 58.575684 59.477760 58.922035 57.470272 56.068207,
 24.840889 24.741770 24.342604 23.564976 22.507320 21.469788 20.663187 26.907980 27.594786 27.879280 27.371925 25.941576 24.136429 22.578506 27.941942 29.706583 31.206259 31.494045 29.939745 27.423605 25.102842 27.249331 29.730492 32.243229 33.435474 32.243225 29.730495 27.249331 25.102842 27.423605 29.939745 31.494045 31.206253 29.706583 27.941938 22.578510 24.136429 25.941578 27.371925 27.879280 27.594784 26.907980 20.663187 21.469788 22.507320 23.564972 24.342604 24.741776 24.840893,
 0.783522 0.971136 1.133762 1.209361 1.166497 1.027460 0.848904 0.819390 1.038291 1.226406 1.313473 1.264453 1.101580 0.887922 0.863607 1.135618 1.374344 1.478676 1.398256 1.178381 0.914382 0.909128 1.220501 1.508476 1.632102 1.508476 1.220501 0.909128 0.914383 1.178381 1.398256 1.478676 1.374344 1.135618 0.863607 0.887922 1.101580 1.264453 1.313473 1.226406 1.038291 0.819391 0.848904 1.027460 1.166497 1.209361 1.133762 0.971136 0.783522,
 12.656500 13.066145 13.683793 14.376271 14.925484 15.176547 15.112579 13.532486 14.534746 15.727381 16.664740 17.005903 16.714027 15.982257 14.791765 16.482367 18.313501 19.370602 19.099419 17.888262 16.372959 15.929224 17.872129 19.810307 20.706623 19.810307 17.872129 15.929224 16.372961 17.888262 19.099419 19.370604 18.313501 16.482370 14.791765 15.982254 16.714025 17.005903 16.664740 15.727381 14.534746 13.532485 15.112578 15.176547 14.925485 14.376271 13.683796 13.066143 12.656500,
 28.665466 29.104534 29.917534 30.498482 30.350988 29.713915 29.098431 30.580078 32.602993 35.123230 36.426292 35.414379 33.106285 31.054586 32.686749 36.594471 41.265110 43.558315 41.370594 36.844162 32.983616 33.731632 38.489983 44.188000 47.039078 44.188000 38.489983 33.731632 32.983616 36.844166 41.370594 43.558323 41.265102 36.594471 32.686752 31.054588 33.106285 35.414379 36.426296 35.123230 32.602993 30.580078 29.098431 29.713917 30.350988 30.498484 29.917534 29.104534 28.665464,
 11.678440 11.783949 11.699000 11.413488 10.989880 10.551513 10.206300 12.591619 13.148400 13.446289 13.314167 12.706450 11.844968 11.055076 13.195888 14.357374 15.335116 15.629561 14.886367 13.498999 12.151850 13.029527 14.568668 16.093014 16.800053 16.093014 14.568668 13.029524 12.151850 13.498996 14.886367 15.629561 15.335118 14.357374 13.195888 11.055078 11.844968 12.706450 13.314167 13.446289 13.148400 12.591619 10.206300 10.551513 10.989882 11.413489 11.699000 11.783949 11.678439,
 0.437252 0.581282 0.702880 0.754802 0.716276 0.607366 0.474168 0.463944 0.621498 0.752819 0.806570 0.761589 0.640361 0.493487 0.496727 0.679674 0.841660 0.907549 0.842280 0.685957 0.511031 0.523603 0.726730 0.921619 1.007150 0.921619 0.726730 0.523603 0.511031 0.685957 0.842280 0.907549 0.841660 0.679674 0.496727 0.493487 0.640361 0.761589 0.806570 0.752819 0.621498 0.463944 0.474168 0.607366 0.716276 0.754802 0.702880 0.581282 0.437252,
 5.902875 6.283175 6.679082 6.982144 7.067205 6.925045 6.682141 6.449064 7.144405 7.859235 8.327232 8.342214 7.949113 7.386854 7.119002 8.166958 9.237206 9.809965 9.562338 8.737043 7.786579 7.666235 8.837148 10.000167 10.530674 10.000166 8.837147 7.666235 7.786579 8.737042 9.562337 9.809965 9.237206 8.166958 7.119002 7.386854 7.949113 8.342214 8.327232 7.859235 7.144405 6.449062 6.682141 6.925045 7.067205 6.982143 6.679081 6.283175 5.902874,
 16.568611 17.238956 17.863052 18.117561 17.545738 16.380327 15.270942 17.634550 19.229450 20.916872 21.739523 20.766115 18.584251 16.493965 18.362745 21.146217 24.232124 25.774445 24.223152 20.819662 17.691195 18.416367 21.891075 25.800508 27.716722 25.800512 21.891075 18.416365 17.691198 20.819666 24.223156 25.774445 24.232124 21.146217 18.362745 16.493967 18.584249 20.766115 21.739521 20.916872 19.229446 17.634548 15.270942 16.380327 17.545738 18.117561 17.863052 17.238956 16.568607,
 6.908027 7.136234 7.159348 6.986080 6.660855 6.263713 5.886726 7.528234 8.049190 8.298644 8.194103 7.730085 7.054008 6.401099 7.834415 8.716917 9.388535 9.552292 9.018705 8.046106 7.073219 7.652573 8.739602 9.756680 10.215816 9.756680 8.739602 7.652573 7.073219 8.046105 9.018705 9.552292 9.388535 8.716916 7.834414 6.401099 7.054009 7.730084 8.194103 8.298643 8.049189 7.528234 5.886726 6.263713 6.660855 6.986080 7.159348 7.136234 6.908026,

Pairwise cross-correlations of the modulus of all oriented sub-bands at the same scale (size QxQ)
 2.076815 4.391388 5.582254 3.653802 4.391388 32.596169 38.207809 10.109361 5.582254 38.207809 87.114914 41.839539 3.653802 10.109361 41.839539 33.435471,
 1.632102 2.733547 3.124629 1.966933 2.733547 20.706623 22.252506 4.483252 3.124629 22.252506 47.039089 20.639174 1.966933 4.483252 20.639174 16.800051,
 1.007150 1.523735 1.798981 1.139799 1.523735 10.530672 12.347645 3.179086 1.798981 12.347645 27.716722 12.964632 1.139799 3.179086 12.964632 10.215816,

Cross-correlations of the modulus of all oriented sub-bands with all oriented sub-bands at the coarser scale (size QxQ)
 1.455907 2.826491 3.584232 2.212933 3.047513 17.774420 20.874834 5.912925 4.069635 20.396315 40.878643 20.597845 2.407784 5.708635 20.831657 15.910539,
 1.024246 1.681944 1.944319 1.221479 1.761903 9.781535 10.908279 2.952615 2.448929 11.202905 21.990347 11.599857 1.351353 2.980854 11.060335 8.768002,

Cross-correlations of the real part of each oriented sub-band with both the real and imaginary part of all phase-doubled oriented sub-bands at the next coarser scale (Q matrices of size 1x2Q, which are computed and stored in a matrix of size Qx2Q)
 0.046070 -0.847859 -0.603906 -0.435285 0.003677 0.014959 0.004700 -0.029347 -0.778155 -6.594954 -5.965201 -0.963180 -0.002557 0.289368 0.451703 -0.044093 -0.813369 -6.561531 -11.658932 -5.596534 0.017389 0.354832 0.301735 -0.449289 -0.380949 -0.939468 -4.889531 -4.809762 0.013074 0.039967 -0.193634 -0.408340,
 0.190799 -0.391227 -0.270479 -0.171022 0.012377 -0.006796 -0.013743 0.018900 -0.328748 -3.096441 -2.435970 -0.373972 -0.003996 -0.100192 0.178332 0.029458 -0.401431 -3.126886 -5.557074 -2.594902 -0.000985 -0.024881 0.610646 0.206304 -0.120167 -0.509043 -2.632136 -2.232231 -0.001499 0.034731 0.227321 0.172407,
