Low-band skewness and kurtosis
 -1.916654 6.361284,
 -1.819705 6.085895,
 -1.736703 5.804897,
 -1.391857 6.333160,
 -0.841490 2.468410,

High-band variance
 89.194008,

Skewness, kurtosis, variance, mean, maximum and minimum of the reconstructed texture
 106.000000 255.000000 241.071228 708.035583 -2.013445 6.422460

Auto-correlations of the low-frequency bands at each scale
 363.862793 343.756195 329.372284 325.207031 331.341583 344.602539 358.742798 400.152771 374.926666 346.549286 333.579437 344.297333 369.610138 392.134613 441.239563 463.248901 479.594940 485.356232 478.349060 463.339508 447.498993 470.242889 525.137573 578.705750 601.739807 578.705750 525.137634 470.242889 447.498932 463.339478 478.349060 485.356171 479.594879 463.248901 441.239502 392.134583 369.610107 344.297302 333.579407 346.549286 374.926727 400.152802 358.742767 344.602478 331.341583 325.207031 329.372284 343.756195 363.862793,
 342.534302 330.405334 322.371368 320.924835 325.175476 333.418060 341.090454 368.232208 349.535461 329.830933 322.247406 331.135376 349.440460 363.955688 390.877472 402.107483 411.475159 415.398926 411.034393 401.586670 392.057617 404.316986 438.063507 473.216278 488.804047 473.216309 438.063568 404.316986 392.057617 401.586670 411.034393 415.398926 411.475220 402.107513 390.877472 363.955688 349.440369 331.135376 322.247406 329.830994 349.535461 368.232147 341.090515 333.417969 325.175415 320.924835 322.371429 330.405396 342.534302,
 287.984467 285.192169 282.968353 281.843781 282.652191 286.753113 292.627380 329.161102 321.829407 313.804169 310.640503 313.723114 320.132660 324.552338 363.228638 368.056458 372.635925 375.364014 372.580994 364.620728 354.625366 371.806610 390.415924 408.925110 417.160095 408.925110 390.415924 371.806610 354.625366 364.620728 372.580994 375.364044 372.635925 368.056458 363.228638 324.552338 320.132629 313.723114 310.640503 313.804169 321.829376 329.161041 292.627380 286.753113 282.652252 281.843781 282.968353 285.192200 287.984528,
 -17.027325 -5.851097 4.641433 17.346975 37.906601 58.367058 63.253998 -6.591282 3.405649 15.682367 37.900311 62.961773 71.571022 58.514111 3.008445 15.312747 37.997406 66.260017 78.027718 63.599686 38.405312 16.522177 38.225662 66.528511 80.739197 66.528511 38.225658 16.522179 38.405312 63.599693 78.027718 66.260025 37.997414 15.312749 3.008446 58.514111 71.571022 62.961781 37.900311 15.682367 3.405651 -6.591281 63.253998 58.367058 37.906601 17.346975 4.641430 -5.851094 -17.027323,

Auto-correlations of the modulus of each oriented sub-band
 1.575614 1.703710 1.808442 1.869392 1.873260 1.824475 1.737015 1.699732 1.893562 2.036853 2.097997 2.069029 1.960510 1.799667 1.842751 2.106345 2.303199 2.386186 2.328942 2.143995 1.886659 1.895611 2.234625 2.552584 2.694024 2.552584 2.234625 1.895611 1.886659 2.143994 2.328942 2.386186 2.303199 2.106345 1.842751 1.799667 1.960510 2.069029 2.097997 2.036852 1.893562 1.699732 1.737015 1.824475 1.873260 1.869392 1.808442 1.703710 1.575614,
 23.508522 24.333817 25.480276 26.796188 27.969244 28.868933 29.382792 25.408195 26.951670 28.799730 30.468340 31.381487 31.588415 31.199265 28.092289 30.320490 32.711113 34.367977 34.413670 33.360348 31.810776 30.621304 32.941013 35.135632 36.193478 35.135624 32.941013 30.621304 31.810772 33.360344 34.413677 34.367973 32.711113 30.320492 28.092287 31.199266 31.588415 31.381487 30.468340 28.799734 26.951670 25.408190 29.382795 28.868933 27.969242 26.796192 25.480276 24.333820 23.508516,
 59.777905 60.658913 61.456413 61.789856 61.433880 60.705868 59.943905 63.916588 66.323051 68.672371 69.757538 68.716179 66.553993 64.472351 68.093666 72.325081 76.723549 78.840027 76.790634 72.572845 68.644066 70.144073 75.131592 80.520103 83.190575 80.520103 75.131592 70.144073 68.644066 72.572845 76.790627 78.840034 76.723549 72.325081 68.093666 64.472351 66.553993 68.716179 69.757538 68.672371 66.323059 63.916595 59.943890 60.705868 61.433884 61.789867 61.456413 60.658913 59.777916,
 31.235579 30.977692 30.247025 29.212267 28.044079 27.008856 26.254030 32.844006 33.468647 33.389236 32.509571 30.835587 28.986795 27.562220 33.130226 34.885265 36.126289 36.120087 34.327141 31.778395 29.609108 31.816059 34.213524 36.640453 37.833595 36.640453 34.213524 31.816059 29.609112 31.778389 34.327148 36.120087 36.126289 34.885265 33.130219 27.562223 28.986795 30.835587 32.509571 33.389236 33.468651 32.844002 26.254030 27.008856 28.044085 29.212269 30.247028 30.977692 31.235575,
 1.151463 1.368169 1.554422 1.649002 1.622092 1.493519 1.312005 1.227500 1.486890 1.703840 1.806193 1.758991 1.586685 1.352947 1.318316 1.641098 1.919319 2.042316 1.954368 1.701829 1.388507 1.389559 1.754205 2.076768 2.212031 2.076768 1.754205 1.389559 1.388507 1.701829 1.954367 2.042316 1.919319 1.641098 1.318316 1.352947 1.586685 1.758991 1.806192 1.703840 1.486890 1.227500 1.312005 1.493519 1.622092 1.649002 1.554422 1.368169 1.151462,
 15.505518 16.133373 16.930649 17.785000 18.502277 18.934111 18.977839 16.559975 17.712198 19.012379 20.125111 20.745169 20.738091 20.142044 18.096375 19.798290 21.541845 22.650854 22.689829 21.839514 20.472025 19.657848 21.492662 23.135698 23.862770 23.135702 21.492662 19.657848 20.472025 21.839512 22.689829 22.650852 21.541847 19.798292 18.096375 20.142044 20.738091 20.745167 20.125109 19.012379 17.712196 16.559975 18.977839 18.934111 18.502277 17.785004 16.930651 16.133373 15.505518,
 35.693836 36.325401 36.927921 37.056622 36.586624 35.892654 35.273193 37.971512 39.676521 41.379810 42.107254 41.393364 39.894699 38.389103 40.553185 43.479465 46.430561 47.777252 46.558441 43.843071 41.110664 41.978771 45.410629 48.883923 50.486900 48.883923 45.410637 41.978767 41.110664 43.843067 46.558430 47.777252 46.430561 43.479473 40.553177 38.389111 39.894699 41.393372 42.107254 41.379810 39.676521 37.971504 35.273193 35.892654 36.586624 37.056622 36.927921 36.325409 35.693832,
 20.165987 20.285606 20.012123 19.364115 18.523949 17.697552 16.958620 21.258192 21.980301 22.149288 21.667715 20.660831 19.414160 18.232794 21.690718 23.073523 24.002836 24.073151 23.065317 21.413322 19.767857 21.115414 22.877594 24.481819 25.207119 24.481819 22.877594 21.115414 19.767855 21.413321 23.065317 24.073151 24.002840 23.073523 21.690718 18.232792 19.414160 20.660831 21.667715 22.149290 21.980301 21.258192 16.958620 17.697552 18.523949 19.364115 20.012123 20.285606 20.165987,
 0.552962 0.716866 0.852095 0.904247 0.853960 0.727168 0.575202 0.594068 0.779162 0.933711 0.995052 0.939103 0.794309 0.619799 0.646103 0.867475 1.061199 1.141080 1.066482 0.879575 0.664727 0.683586 0.930248 1.155188 1.250345 1.155188 0.930248 0.683586 0.664727 0.879575 1.066482 1.141080 1.061199 0.867475 0.646103 0.619799 0.794309 0.939103 0.995052 0.933711 0.779162 0.594068 0.575202 0.727168 0.853960 0.904247 0.852095 0.716866 0.552962,
 6.628281 7.022874 7.365427 7.671492 7.914829 8.015900 7.923812 7.206594 7.795644 8.369280 8.773366 8.924619 8.798767 8.433290 7.861517 8.677011 9.518095 9.987332 9.865796 9.335502 8.644953 8.422318 9.303885 10.172317 10.577597 10.172317 9.303885 8.422318 8.644953 9.335503 9.865796 9.987332 9.518096 8.677011 7.861517 8.433290 8.798767 8.924619 8.773366 8.369280 7.795643 7.206593 7.923812 8.015900 7.914829 7.671493 7.365427 7.022873 6.628281,
 14.684000 14.938686 15.202194 15.135301 14.603684 13.998834 13.655572 16.188347 16.948147 17.713024 17.872213 17.067373 15.905352 14.982788 17.568867 19.077343 20.629986 21.233624 20.164825 18.319866 16.682589 17.828903 19.774160 21.865528 22.903872 21.865528 19.774160 17.828901 16.682589 18.319862 20.164825 21.233624 20.629986 19.077343 17.568867 14.982788 15.905352 17.067373 17.872211 17.713024 16.948147 16.188345 13.655574 13.998834 14.603684 15.135301 15.202194 14.938686 14.684000,
 8.164550 8.081364 7.839198 7.476332 7.073599 6.731831 6.480539 8.891407 9.069889 8.984373 8.632861 8.105147 7.538901 7.063629 9.212208 9.766278 10.104187 10.054507 9.516902 8.706733 7.964224 8.842253 9.641884 10.419177 10.784035 10.419177 9.641884 8.842253 7.964224 8.706734 9.516902 10.054507 10.104186 9.766278 9.212206 7.063629 7.538903 8.105146 8.632863 8.984374 9.069889 8.891407 6.480539 6.731830 7.073599 7.476331 7.839198 8.081364 8.164550,

Pairwise cross-correlations of the modulus of all oriented sub-bands at the same scale (size QxQ)
 2.694023 5.060839 6.753258 5.113028 5.060839 36.193478 39.680393 6.433682 6.753258 39.680393 83.190590 39.015625 5.113028 6.433682 39.015625 37.833611,
 2.212031 3.438349 4.185987 3.161225 3.438349 23.862770 23.063065 1.843885 4.185987 23.063065 50.486900 24.352692 3.161225 1.843885 24.352692 25.207117,
 1.250344 1.915637 1.862674 1.085289 1.915637 10.577595 9.284986 1.007043 1.862674 9.284986 22.903870 11.685622 1.085289 1.007043 11.685622 10.784036,

Cross-correlations of the modulus of all oriented sub-bands with all oriented sub-bands at the coarser scale (size QxQ)
 1.908378 3.432361 4.664968 3.192059 3.656202 21.589853 22.885956 2.877235 4.707497 20.736750 44.201164 21.443804 3.241644 2.237805 22.588036 22.112482,
 1.318858 2.060186 2.203329 1.554819 2.434865 12.265017 10.763656 0.991602 2.958498 11.364826 23.823511 12.568192 1.565156 0.661117 12.131750 12.139521,

Cross-correlations of the real part of each oriented sub-band with both the real and imaginary part of all phase-doubled oriented sub-bands at the next coarser scale (Q matrices of size 1x2Q, which are computed and stored in a matrix of size Qx2Q)
 -0.016902 -0.937358 -0.725668 -0.499427 -0.027078 -0.034206 0.015978 0.019120 -0.874840 -5.440367 -4.034176 -0.529212 -0.017994 0.115446 0.505361 0.056354 -0.856214 -4.471961 -7.011309 -3.668574 -0.009367 0.333220 0.693193 0.037470 -0.468126 -0.576470 -3.483963 -3.880315 -0.018276 0.048677 0.046761 0.025121,
 0.103340 -0.683147 -0.505667 -0.216747 -0.021272 0.116045 0.104625 0.085059 -0.549806 -3.674922 -2.286377 -0.321875 0.101364 0.272897 -0.242560 -0.022858 -0.452145 -2.728295 -4.550139 -3.006486 0.026009 -0.132549 -0.659041 0.248407 -0.084649 -0.333479 -2.853569 -2.843574 -0.063762 -0.089388 -0.020122 0.474236,
