Low-band skewness and kurtosis
 -1.339619 4.178553,
 -1.097707 3.587644,
 -0.831246 2.873822,
 -0.807032 2.917256,
 -0.419740 1.747599,

High-band variance
 102.880379,

Skewness, kurtosis, variance, mean, maximum and minimum of the reconstructed texture
 124.000000 255.000000 240.490860 563.270813 -1.568959 4.581161

Auto-correlations of the low-frequency bands at each scale
 147.227020 135.632065 128.916504 127.492249 130.428909 136.922653 145.775406 176.906555 151.974945 129.815918 120.843056 129.392548 151.064087 176.173325 272.581055 285.312927 294.089935 296.626617 291.895325 283.196381 274.111572 337.661285 383.618408 423.621246 440.089111 423.621246 383.618439 337.661285 274.111572 283.196381 291.895325 296.626617 294.089966 285.312927 272.581055 176.173309 151.064056 129.392532 120.843033 129.815933 151.974930 176.906555 145.775406 136.922668 130.428909 127.492271 128.916519 135.632050 147.227036,
 146.208664 141.619263 139.960770 140.219467 140.614197 141.823807 144.367142 156.478729 140.345779 127.085022 122.314568 127.406914 140.421173 155.976746 207.040741 212.875183 217.803711 220.093521 218.195267 214.410355 210.732452 246.314407 273.344879 297.344391 307.423615 297.344391 273.344879 246.314407 210.732452 214.410355 218.195297 220.093536 217.803711 212.875198 207.040741 155.976730 140.421173 127.406937 122.314560 127.085022 140.345795 156.478729 144.367126 141.823822 140.614227 140.219452 139.960770 141.619232 146.208649,
 147.611252 144.228271 141.730972 140.287888 139.598953 140.512405 143.090530 152.861511 143.837341 136.170761 132.841782 134.471252 140.419662 148.078186 175.095581 177.968674 180.957733 182.856155 181.919495 179.251587 176.222351 194.761475 208.906555 221.633316 227.088486 221.633316 208.906555 194.761475 176.222351 179.251617 181.919464 182.856155 180.957718 177.968674 175.095581 148.078186 140.419662 134.471237 132.841751 136.170731 143.837341 152.861511 143.090530 140.512405 139.598953 140.287888 141.730972 144.228271 147.611252,
 11.686736 17.235445 21.047482 23.489822 26.918871 31.259144 33.342693 16.814528 20.150640 22.460653 26.809046 32.602825 35.416882 33.236969 19.731207 22.178488 27.125929 34.257221 37.599785 34.336273 28.376978 22.774561 27.710747 34.914730 38.737679 34.914734 27.710751 22.774561 28.376978 34.336273 37.599785 34.257221 27.125929 22.178492 19.731205 33.236969 35.416882 32.602818 26.809046 22.460657 20.150644 16.814526 33.342690 31.259140 26.918871 23.489822 21.047482 17.235441 11.686733,

Auto-correlations of the modulus of each oriented sub-band
 0.853438 0.962008 1.053327 1.103426 1.094963 1.030572 0.930083 0.921466 1.061417 1.175395 1.230710 1.209785 1.120692 0.991940 1.012959 1.202608 1.349576 1.415842 1.380721 1.250336 1.061835 1.066136 1.321683 1.572186 1.686135 1.572186 1.321683 1.066136 1.061835 1.250336 1.380721 1.415842 1.349576 1.202608 1.012959 0.991940 1.120692 1.209785 1.230710 1.175395 1.061417 0.921466 0.930083 1.030571 1.094963 1.103426 1.053327 0.962008 0.853438,
 14.366582 15.022660 15.884203 16.723780 17.261459 17.539700 17.682152 16.218456 17.534086 19.119793 20.341352 20.641785 20.315626 19.794775 18.642305 20.630646 22.922453 24.337370 23.929415 22.517775 21.063213 20.624262 22.732309 25.061686 26.245275 25.061686 22.732311 20.624260 21.063213 22.517775 23.929415 24.337370 22.922453 20.630646 18.642305 19.794777 20.315626 20.641783 20.341352 19.119793 17.534086 16.218456 17.682152 17.539698 17.261461 16.723782 15.884203 15.022660 14.366582,
 50.534771 52.131989 53.760460 54.388107 53.365917 51.467052 49.702286 55.553646 59.551029 63.931934 65.917900 63.652878 59.108791 55.039455 60.519405 67.407959 75.285881 79.090393 75.162773 67.228806 60.336201 62.654182 70.921028 80.569878 85.403275 80.569870 70.921028 62.654179 60.336197 67.228798 75.162773 79.090385 75.285881 67.407959 60.519390 55.039463 59.108791 63.652889 65.917900 63.931927 59.551029 55.553638 49.702286 51.467052 53.365921 54.388107 53.760445 52.131977 50.534771,
 18.246227 17.971359 17.556128 16.857496 15.871965 14.896721 14.174378 20.412477 20.894245 21.156660 20.718805 19.328930 17.591618 16.193201 21.564562 23.117012 24.601358 24.957081 23.396387 20.926584 18.810225 20.965391 23.231617 25.723673 26.969067 25.723673 23.231617 20.965391 18.810223 20.926586 23.396389 24.957079 24.601358 23.117016 21.564558 16.193199 17.591618 19.328934 20.718805 21.156660 20.894249 20.412477 14.174376 14.896721 15.871965 16.857498 17.556126 17.971359 18.246227,
 0.642960 0.840424 1.008520 1.082768 1.032890 0.884934 0.698738 0.686683 0.905753 1.089931 1.171423 1.117977 0.953808 0.742791 0.734807 0.991538 1.215507 1.313111 1.237468 1.029175 0.777644 0.780029 1.067357 1.331841 1.445354 1.331841 1.067357 0.780029 0.777644 1.029175 1.237468 1.313111 1.215507 0.991538 0.734807 0.742791 0.953808 1.117977 1.171423 1.089931 0.905753 0.686683 0.698738 0.884934 1.032889 1.082768 1.008520 0.840424 0.642960,
 8.597560 9.052642 9.554427 9.969272 10.167959 10.150725 10.016409 9.544786 10.439118 11.373314 11.969892 12.029387 11.665782 11.111678 10.721292 12.092735 13.531386 14.267803 13.909977 12.907138 11.796132 11.636731 13.124016 14.665337 15.397773 14.665338 13.124016 11.636730 11.796131 12.907136 13.909977 14.267803 13.531386 12.092735 10.721292 11.111678 11.665784 12.029387 11.969893 11.373316 10.439118 9.544786 10.016411 10.150724 10.167958 9.969273 9.554428 9.052642 8.597560,
 28.398539 29.695795 31.104485 31.859644 31.307467 29.804804 28.227058 30.598026 33.534271 36.869427 38.552208 37.119965 33.747330 30.607553 32.917976 37.810493 43.466389 46.260052 43.634609 37.965958 32.976635 33.981258 39.824741 46.628601 49.967018 46.628605 39.824749 33.981258 32.976639 37.965954 43.634602 46.260052 43.466385 37.810497 32.917976 30.607555 33.747330 37.119957 38.552208 36.869423 33.534271 30.598026 28.227062 29.804800 31.307467 31.859648 31.104486 29.695797 28.398539,
 9.837753 9.953463 9.860685 9.496303 8.938969 8.339343 7.810955 10.857701 11.455047 11.781797 11.584838 10.831421 9.796510 8.852401 11.436225 12.628921 13.653679 13.925960 13.074716 11.572184 10.161695 11.185240 12.741511 14.322278 15.061706 14.322281 12.741511 11.185240 10.161696 11.572184 13.074714 13.925960 13.653681 12.628921 11.436225 8.852401 9.796510 10.831423 11.584836 11.781798 11.455047 10.857701 7.810956 8.339343 8.938971 9.496301 9.860686 9.953464 9.837753,
 0.339211 0.489485 0.613961 0.662654 0.615219 0.493938 0.348218 0.349916 0.510731 0.645932 0.702092 0.655245 0.525476 0.365691 0.364179 0.550734 0.719687 0.793290 0.731059 0.568440 0.381268 0.385117 0.593864 0.792534 0.878815 0.792534 0.593864 0.385117 0.381268 0.568440 0.731059 0.793290 0.719687 0.550734 0.364179 0.365691 0.525476 0.655245 0.702092 0.645932 0.510731 0.349916 0.348218 0.493938 0.615220 0.662654 0.613961 0.489485 0.339211,
 4.142313 4.510592 4.820034 4.958785 4.904765 4.735807 4.577717 4.718461 5.338563 5.906749 6.136294 5.954822 5.530084 5.085951 5.278855 6.156730 7.036712 7.401577 7.024827 6.256097 5.500208 5.586042 6.532462 7.528552 7.999404 7.528552 6.532462 5.586042 5.500207 6.256097 7.024827 7.401577 7.036713 6.156730 5.278855 5.085950 5.530084 5.954822 6.136294 5.906749 5.338563 4.718461 4.577716 4.735807 4.904765 4.958785 4.820035 4.510592 4.142313,
 13.343399 14.285336 14.978111 14.846087 13.900562 12.839419 12.226192 14.695632 16.657701 18.524595 18.976856 17.588665 15.476026 13.852436 15.877388 18.926445 22.155182 23.423634 21.602102 18.273666 15.451862 16.255789 19.718430 23.619289 25.496458 23.619289 19.718431 16.255789 15.451861 18.273666 21.602102 23.423634 22.155182 18.926447 15.877391 13.852436 15.476026 17.588667 18.976856 18.524591 16.657701 14.695631 12.226189 12.839416 13.900564 14.846087 14.978110 14.285335 13.343397,
 4.069947 4.192852 4.225741 4.153243 4.024425 3.880266 3.737468 4.662561 5.007652 5.251726 5.275348 5.033547 4.614676 4.195242 5.086524 5.738746 6.347795 6.596540 6.237312 5.483503 4.747710 5.122253 5.966424 6.841060 7.255391 6.841060 5.966424 5.122253 4.747710 5.483503 6.237311 6.596541 6.347795 5.738746 5.086524 4.195242 4.614675 5.033546 5.275347 5.251726 5.007652 4.662561 3.737468 3.880265 4.024425 4.153243 4.225741 4.192852 4.069946,

Pairwise cross-correlations of the modulus of all oriented sub-bands at the same scale (size QxQ)
 1.686135 2.959407 4.278413 3.097557 2.959407 26.245275 36.950802 10.784215 4.278413 36.950802 85.403259 36.797596 3.097557 10.784215 36.797596 26.969067,
 1.445354 1.724019 2.321052 1.698808 1.724019 15.397772 21.432520 5.728889 2.321052 21.432520 49.967033 20.784370 1.698808 5.728889 20.784370 15.061708,
 0.878815 1.064637 1.247956 0.934945 1.064637 7.999404 10.981436 3.190406 1.247956 10.981436 25.496456 10.492677 0.934945 3.190406 10.492677 7.255391,

Cross-correlations of the modulus of all oriented sub-bands with all oriented sub-bands at the coarser scale (size QxQ)
 1.234797 1.965638 2.877920 1.902032 2.096282 12.881382 18.762371 6.456769 3.179458 18.744102 38.493359 18.553772 2.030762 6.711099 18.856083 12.905760,
 0.916332 1.277138 1.502067 1.040204 1.177281 6.785625 9.768935 3.233569 1.781842 10.146005 19.931519 9.099673 1.080795 3.645695 9.385064 6.002954,

Cross-correlations of the real part of each oriented sub-band with both the real and imaginary part of all phase-doubled oriented sub-bands at the next coarser scale (Q matrices of size 1x2Q, which are computed and stored in a matrix of size Qx2Q)
 0.179712 -0.415078 -0.363280 -0.330278 0.009455 0.009009 -0.022433 0.014307 -0.345003 -5.294775 -5.846188 -1.227566 0.006678 -0.364548 -0.527103 -0.002206 -0.508064 -6.836738 -13.889594 -6.903111 -0.016056 -0.547022 -0.838650 -0.051188 -0.215732 -1.270093 -5.929018 -5.290929 -0.017139 -0.070292 -0.210877 0.014700,
 0.229205 -0.158667 -0.141386 -0.127647 0.021494 -0.023795 -0.016395 0.036341 -0.116841 -2.048516 -2.321255 -0.508962 0.009313 -0.521443 -0.546249 -0.028792 -0.225648 -2.752759 -6.063001 -3.005241 -0.005691 -0.633419 -0.522420 0.339563 -0.014604 -0.600820 -2.734896 -2.354095 0.000886 -0.080454 0.079134 0.418180,
