Low-band skewness and kurtosis
 -1.470734 4.448340,
 -1.222458 3.733906,
 -0.978426 3.095590,
 -1.137767 3.293384,
 -0.599431 1.984087,

High-band variance
 99.219795,

Skewness, kurtosis, variance, mean, maximum and minimum of the reconstructed texture
 122.000000 255.000000 240.511475 618.177856 -1.683965 4.971121

Auto-correlations of the low-frequency bands at each scale
 226.971786 212.087250 202.752151 200.645004 205.688721 217.756271 234.816254 261.880798 236.451920 211.605988 202.427002 215.694565 244.516754 273.057617 332.036591 349.104767 362.496948 368.290527 364.061279 352.406708 337.236572 375.068848 428.900452 478.707214 499.590240 478.707214 428.900482 375.068848 337.236572 352.406677 364.061279 368.290527 362.496948 349.104736 332.036591 273.057617 244.516739 215.694565 202.427002 211.605957 236.451920 261.880798 234.816254 217.756317 205.688721 200.645004 202.752197 212.087250 226.971786,
 228.669418 220.193863 213.095383 208.320663 206.363785 210.051422 220.223618 238.579407 220.494629 203.266357 196.145920 202.506180 218.930557 236.293732 270.404694 278.413544 287.253174 293.647827 293.885315 288.611572 279.601257 299.900635 331.979919 362.528503 375.632904 362.528503 331.979919 299.900635 279.601318 288.611572 293.885315 293.647827 287.253204 278.413605 270.404694 236.293716 218.930557 202.506165 196.145920 203.266357 220.494629 238.579407 220.223618 210.051422 206.363785 208.320694 213.095383 220.193863 228.669418,
 214.172897 211.551697 210.138779 209.955475 210.291626 211.971207 215.251297 227.074097 218.399841 210.540863 208.666672 213.945892 223.650024 231.981674 245.716293 249.737885 253.736069 255.961075 254.935715 252.044647 248.415329 255.706055 271.838013 288.233612 295.480255 288.233612 271.838013 255.706055 248.415329 252.044632 254.935715 255.961075 253.736069 249.737885 245.716293 231.981644 223.650009 213.945847 208.666595 210.540848 218.399872 227.074051 215.251297 211.971207 210.291641 209.955444 210.138779 211.551712 214.172897,
 9.292754 15.976332 20.726507 25.005747 31.675699 38.249172 39.407127 15.739011 20.388151 24.338316 31.371058 39.447487 41.830551 37.304337 20.518608 24.338306 31.288118 40.682781 44.340469 39.139942 31.323797 25.065710 31.305513 40.622532 45.658855 40.622532 31.305513 25.065710 31.323801 39.139942 44.340469 40.682781 31.288124 24.338306 20.518608 37.304340 41.830551 39.447483 31.371058 24.338322 20.388157 15.739011 39.407135 38.249172 31.675694 25.005747 20.726511 15.976335 9.292752,

Auto-correlations of the modulus of each oriented sub-band
 1.203462 1.295829 1.361296 1.381082 1.344980 1.264810 1.164257 1.290727 1.433256 1.529486 1.555920 1.509891 1.401100 1.255190 1.375522 1.586680 1.738801 1.789068 1.726561 1.571967 1.365850 1.400277 1.690078 1.979223 2.112582 1.979223 1.690078 1.400277 1.365850 1.571967 1.726561 1.789068 1.738801 1.586680 1.375522 1.255190 1.401100 1.509891 1.555920 1.529486 1.433256 1.290727 1.164257 1.264810 1.344980 1.381082 1.361296 1.295829 1.203462,
 20.951954 21.683819 22.748520 23.916048 24.815956 25.349533 25.576178 22.806494 24.299803 26.203714 27.804482 28.390873 28.122515 27.420261 25.244326 27.566936 30.264969 32.021694 31.712463 30.085108 28.211252 27.381943 29.950769 32.672680 34.014847 32.672680 29.950769 27.381937 28.211252 30.085108 31.712463 32.021690 30.264969 27.566938 25.244326 27.420261 28.122515 28.390875 27.804476 26.203711 24.299803 22.806492 25.576183 25.349531 24.815956 23.916050 22.748522 21.683819 20.951954,
 56.864391 58.133968 59.672829 60.557068 60.015377 58.578506 57.247673 61.156975 64.575172 68.552826 70.550362 68.703186 64.758804 61.309895 65.231827 71.242279 78.353058 81.904015 78.393471 71.290192 65.268753 66.952736 74.200790 82.897186 87.327515 82.897186 74.200790 66.952736 65.268745 71.290184 78.393471 81.904015 78.353065 71.242264 65.231819 61.309906 64.758797 68.703178 70.550354 68.552826 64.575165 61.156975 57.247673 58.578499 60.015377 60.557068 59.672832 58.133972 56.864391,
 26.099697 25.942793 25.485409 24.674080 23.579678 22.520145 21.701733 27.989428 28.690334 28.961372 28.430714 26.944353 25.101067 23.535820 28.856089 30.693386 32.240143 32.544132 30.913725 28.313923 25.956181 28.071320 30.622055 33.229794 34.491371 33.229794 30.622055 28.071318 25.956181 28.313919 30.913725 32.544132 32.240143 30.693386 28.856087 23.535820 25.101067 26.944353 28.430712 28.961370 28.690334 27.989428 21.701731 22.520149 23.579681 24.674080 25.485409 25.942793 26.099691,
 0.865116 1.040348 1.180543 1.232191 1.172919 1.027340 0.849704 0.916728 1.120911 1.279134 1.335466 1.268788 1.105098 0.902926 0.973626 1.231663 1.446419 1.527237 1.434238 1.214718 0.959615 1.001221 1.305716 1.584768 1.704407 1.584768 1.305716 1.001221 0.959615 1.214718 1.434238 1.527238 1.446419 1.231663 0.973626 0.902926 1.105097 1.268788 1.335466 1.279134 1.120911 0.916728 0.849704 1.027340 1.172919 1.232191 1.180543 1.040349 0.865116,
 15.243628 15.824323 16.549475 17.245071 17.689846 17.755415 17.477530 16.162619 17.315191 18.601509 19.547068 19.801771 19.364225 18.487455 17.394646 19.161068 21.015575 22.065920 21.767178 20.502430 18.922731 18.495792 20.470575 22.394011 23.268820 22.394016 20.470575 18.495792 18.922731 20.502430 21.767178 22.065916 21.015575 19.161068 17.394650 18.487455 19.364225 19.801769 19.547070 18.601509 17.315191 16.162617 17.477530 17.755415 17.689848 17.245071 16.549475 15.824324 15.243628,
 36.119732 37.170761 38.370674 39.146198 39.082005 38.409187 37.517441 38.632446 41.200939 43.932278 45.320530 44.376457 41.965313 39.503330 41.014290 45.395569 50.120705 52.399811 50.346706 45.774441 41.451588 42.164623 47.381184 53.071621 55.798927 53.071621 47.381184 42.164616 41.451595 45.774437 50.346699 52.399807 50.120705 45.395569 41.014290 39.503334 41.965305 44.376453 45.320530 43.932281 41.200947 38.632435 37.517448 38.409191 39.082005 39.146198 38.370674 37.170769 36.119732,
 13.802799 13.876775 13.764879 13.456548 13.020642 12.603567 12.298476 14.852907 15.483856 15.784307 15.538758 14.744617 13.717224 12.850241 15.343040 16.734495 17.870331 18.106518 17.111149 15.421994 13.869506 14.921000 16.743250 18.568874 19.407448 18.568874 16.743250 14.920999 13.869506 15.421993 17.111147 18.106518 17.870331 16.734495 15.343040 12.850242 13.717224 14.744616 15.538760 15.784307 15.483857 14.852910 12.298478 12.603564 13.020642 13.456548 13.764881 13.876777 13.802800,
 0.473096 0.608500 0.723525 0.769938 0.726769 0.614168 0.478272 0.496392 0.642730 0.760743 0.801953 0.751691 0.632862 0.490663 0.516591 0.685261 0.832892 0.890790 0.827425 0.679361 0.512837 0.535924 0.730619 0.916796 0.998608 0.916796 0.730619 0.535924 0.512837 0.679361 0.827426 0.890790 0.832892 0.685261 0.516591 0.490663 0.632862 0.751691 0.801953 0.760743 0.642730 0.496392 0.478272 0.614168 0.726769 0.769938 0.723525 0.608500 0.473096,
 5.985967 6.417935 6.851397 7.229943 7.445740 7.419034 7.205384 6.577799 7.234447 7.870793 8.289092 8.381620 8.137092 7.679136 7.294870 8.197175 9.113823 9.572739 9.364310 8.730391 7.977372 7.855033 8.810318 9.773436 10.227076 9.773436 8.810318 7.855033 7.977372 8.730391 9.364308 9.572739 9.113822 8.197176 7.294871 7.679135 8.137091 8.381619 8.289092 7.870792 7.234447 6.577799 7.205385 7.419034 7.445740 7.229942 6.851397 6.417935 5.985967,
 14.171200 14.657117 15.062780 15.105138 14.772877 14.385019 14.158849 14.986383 16.330675 17.767124 18.287853 17.439371 16.023037 14.964971 15.745758 18.038408 20.744268 21.977495 20.561550 17.888885 15.783850 16.123915 18.795784 22.110958 23.791267 22.110958 18.795782 16.123915 15.783850 17.888885 20.561554 21.977495 20.744267 18.038410 15.745758 14.964970 16.023035 17.439369 18.287849 17.767120 16.330673 14.986385 14.158848 14.385018 14.772877 15.105139 15.062782 14.657114 14.171200,
 6.872462 7.089351 7.131726 6.953215 6.646753 6.332117 6.051402 7.349111 7.862181 8.136562 8.037774 7.607325 7.019362 6.486581 7.558456 8.405450 9.107491 9.301603 8.785700 7.845807 6.976240 7.393977 8.412279 9.453652 9.939544 9.453652 8.412279 7.393977 6.976239 7.845807 8.785699 9.301603 9.107491 8.405450 7.558456 6.486581 7.019363 7.607326 8.037773 8.136562 7.862181 7.349111 6.051402 6.332116 6.646753 6.953217 7.131726 7.089350 6.872461,

Pairwise cross-correlations of the modulus of all oriented sub-bands at the same scale (size QxQ)
 2.112581 4.301700 6.263258 4.448133 4.301700 34.014828 40.916771 10.705497 6.263258 40.916771 87.327515 41.188652 4.448133 10.705497 41.188652 34.491371,
 1.704407 2.750048 3.813323 2.525633 2.750048 23.268820 27.203642 5.364360 3.813323 27.203642 55.798935 23.684805 2.525633 5.364360 23.684805 19.407446,
 0.998608 1.420342 1.959795 1.277679 1.420342 10.227077 11.075306 2.123511 1.959795 11.075306 23.791267 11.036629 1.277679 2.123511 11.036629 9.939543,

Cross-correlations of the modulus of all oriented sub-bands with all oriented sub-bands at the coarser scale (size QxQ)
 1.480242 2.768975 4.286810 2.785901 3.076902 19.461973 24.587378 6.859511 4.645632 23.092808 45.689751 22.584486 2.901646 5.988864 22.461611 17.881355,
 1.030007 1.522943 2.311005 1.465635 1.801955 10.708476 11.783161 2.965001 2.779746 12.610662 22.494328 11.743098 1.663367 2.784314 11.166628 9.673450,

Cross-correlations of the real part of each oriented sub-band with both the real and imaginary part of all phase-doubled oriented sub-bands at the next coarser scale (Q matrices of size 1x2Q, which are computed and stored in a matrix of size Qx2Q)
 0.143778 -0.517896 -0.489043 -0.436919 -0.006249 -0.047922 -0.068948 -0.070053 -0.442899 -5.536480 -5.966940 -0.985895 -0.041871 -0.178026 0.038508 0.044633 -0.646550 -6.286319 -11.864168 -5.106033 0.006277 0.091766 0.417913 -0.273866 -0.368971 -1.008618 -4.640206 -4.268144 0.047002 0.084169 0.039276 -0.474639,
 0.211145 -0.353391 -0.281672 -0.190662 0.018466 0.043046 0.008974 0.035582 -0.228723 -2.946510 -2.128693 -0.263074 0.043707 0.360300 0.698902 0.081008 -0.324248 -2.621364 -3.336509 -1.772728 0.024470 0.616082 2.005713 0.360738 -0.082755 -0.246533 -1.353911 -1.769835 -0.005753 0.177852 0.739809 0.269450,
