Low-band skewness and kurtosis
 -1.474269 4.549528,
 -1.261982 3.880463,
 -1.045139 3.220680,
 -1.333887 3.975348,
 -0.665429 2.027303,

High-band variance
 100.805008,

Skewness, kurtosis, variance, mean, maximum and minimum of the reconstructed texture
 113.000000 255.000000 240.501068 610.167847 -1.683294 5.014242

Auto-correlations of the low-frequency bands at each scale
 221.111542 206.948471 197.863693 195.775085 201.067642 213.455917 230.302246 257.898041 231.046494 205.573486 195.901779 208.138229 235.420044 263.103180 326.176331 342.080139 354.615540 359.907471 354.876740 341.846771 325.371460 364.856354 419.574310 469.431641 490.248413 469.431641 419.574310 364.856354 325.371460 341.846710 354.876770 359.907471 354.615540 342.080139 326.176270 263.103210 235.419998 208.138229 195.901764 205.573471 231.046509 257.898010 230.302231 213.455917 201.067642 195.775085 197.863663 206.948441 221.111465,
 219.292557 209.235519 202.847107 201.162399 203.707352 211.105026 221.949173 231.798691 213.152176 196.504929 191.235886 200.392868 219.493530 238.337830 264.239136 273.200348 281.834961 287.096130 285.944672 280.072571 272.157196 288.834473 321.699219 353.195435 366.739014 353.195435 321.699188 288.834473 272.157196 280.072662 285.944672 287.096130 281.834961 273.200256 264.239136 238.337830 219.493576 200.392899 191.235916 196.504929 213.152115 231.798737 221.949173 211.105072 203.707352 201.162399 202.847092 209.235489 219.292542,
 213.793091 212.930710 212.655365 212.345825 211.954895 213.264175 216.704376 226.998276 217.112198 207.792160 204.442230 208.699249 218.113266 227.048553 241.464020 242.935898 245.810135 248.953247 249.582382 247.205353 242.719040 250.144424 265.831299 281.610596 288.553589 281.610596 265.831299 250.144424 242.719040 247.205338 249.582382 248.953247 245.810120 242.935898 241.464020 227.048538 218.113251 208.699219 204.442200 207.792175 217.112183 226.998230 216.704422 213.264160 211.954895 212.345825 212.655334 212.930710 213.793091,
 7.442771 13.581653 19.095074 24.571743 30.959864 36.706570 38.644436 13.553274 18.585709 23.936066 31.185053 38.288746 40.908840 37.858749 18.469574 23.710892 31.319670 39.733170 43.092133 39.210918 31.913910 24.246269 31.578491 40.030415 44.151852 40.030415 31.578495 24.246269 31.913912 39.210915 43.092140 39.733177 31.319660 23.710896 18.469576 37.858753 40.908833 38.288746 31.185057 23.936064 18.585712 13.553274 38.644436 36.706570 30.959866 24.571739 19.095072 13.581654 7.442772,

Auto-correlations of the modulus of each oriented sub-band
 1.144416 1.258492 1.345658 1.386461 1.369760 1.304281 1.208859 1.237328 1.402719 1.522941 1.566705 1.529695 1.425982 1.280827 1.339109 1.566646 1.732785 1.796734 1.742362 1.581558 1.359735 1.375332 1.678215 1.979269 2.118401 1.979269 1.678215 1.375332 1.359735 1.581558 1.742362 1.796734 1.732785 1.566646 1.339108 1.280827 1.425982 1.529695 1.566704 1.522941 1.402719 1.237328 1.208859 1.304281 1.369760 1.386461 1.345658 1.258492 1.144416,
 19.814695 20.611536 21.671377 22.796329 23.656141 24.196131 24.466496 21.754053 23.284420 25.134180 26.660662 27.205950 26.960173 26.315842 24.224989 26.530817 29.133982 30.812170 30.492554 28.935772 27.141241 26.349331 28.851030 31.467522 32.764400 31.467518 28.851036 26.349331 27.141239 28.935770 30.492556 30.812166 29.133978 26.530817 24.224989 26.315845 26.960169 27.205954 26.660662 25.134180 23.284420 21.754055 24.466497 24.196129 23.656147 22.796331 21.671377 20.611536 19.814695,
 51.976349 53.171196 54.488007 55.166538 54.631649 53.300350 51.992088 56.169491 59.641472 63.536919 65.409012 63.573483 59.624897 56.069012 60.039974 66.221230 73.415787 76.937920 73.388153 66.149117 59.937851 61.612213 69.068741 77.930214 82.410553 77.930229 69.068741 61.612213 59.937851 66.149117 73.388145 76.937920 73.415787 66.221222 60.039974 56.069016 59.624897 63.573479 65.409004 63.536919 59.641472 56.169491 51.992085 53.300339 54.631649 55.166534 54.488018 53.171196 51.976345,
 23.706406 23.550379 23.104397 22.345037 21.373915 20.483648 19.845181 25.674143 26.349142 26.604826 26.087595 24.669886 22.942547 21.519369 26.602673 28.383497 29.896152 30.186518 28.588053 26.070461 23.822681 25.868004 28.338575 30.886467 32.121284 30.886467 28.338575 25.868004 23.822678 26.070459 28.588053 30.186512 29.896151 28.383497 26.602673 21.519365 22.942547 24.669886 26.087589 26.604826 26.349144 25.674139 19.845184 20.483648 21.373915 22.345039 23.104397 23.550379 23.706406,
 0.827724 1.019250 1.175318 1.240094 1.190747 1.052010 0.876751 0.888748 1.111893 1.290477 1.363469 1.307101 1.144844 0.933803 0.944453 1.223186 1.460311 1.557907 1.470111 1.243010 0.971392 0.990223 1.315981 1.616102 1.745079 1.616102 1.315981 0.990223 0.971392 1.243010 1.470111 1.557907 1.460311 1.223186 0.944453 0.933803 1.144844 1.307100 1.363469 1.290477 1.111893 0.888748 0.876751 1.052010 1.190747 1.240094 1.175318 1.019250 0.827724,
 13.387209 13.920546 14.506926 15.040617 15.379275 15.467314 15.364719 14.489475 15.574528 16.710915 17.510815 17.703152 17.336191 16.644300 15.900480 17.598904 19.339390 20.306194 20.003183 18.821568 17.386192 17.086891 18.974442 20.816031 21.657850 20.816032 18.974442 17.086891 17.386192 18.821566 20.003181 20.306192 19.339390 17.598906 15.900480 16.644300 17.336187 17.703154 17.510817 16.710915 15.574530 14.489476 15.364719 15.467316 15.379273 15.040617 14.506927 13.920547 13.387209,
 31.867031 32.697899 33.406055 33.416424 32.404675 30.966967 29.894777 33.806114 36.115494 38.586533 39.430927 37.560547 34.366924 31.835148 35.320377 39.447216 44.256832 46.370613 43.534595 38.283398 34.056202 35.493004 40.495750 46.614140 49.711575 46.614143 40.495750 35.493000 34.056202 38.283398 43.534595 46.370613 44.256832 39.447216 35.320374 31.835154 34.366924 37.560547 39.430927 38.586533 36.115494 33.806110 29.894783 30.966961 32.404675 33.416424 33.406063 32.697899 31.867027,
 14.221235 14.275582 14.081665 13.647164 13.066817 12.495377 12.054602 15.178877 15.796640 16.081814 15.834538 15.018631 13.917659 12.931577 15.597779 16.958233 18.075130 18.339159 17.385536 15.713310 14.120830 15.182435 16.973101 18.738047 19.546761 18.738047 16.973104 15.182435 14.120830 15.713308 17.385534 18.339161 18.075129 16.958233 15.597779 12.931577 13.917659 15.018628 15.834537 16.081818 15.796640 15.178877 12.054602 12.495377 13.066815 13.647164 14.081667 14.275583 14.221235,
 0.347472 0.460211 0.565476 0.616734 0.589173 0.500299 0.393916 0.379440 0.506051 0.617444 0.666780 0.634176 0.537877 0.418433 0.404248 0.559324 0.701804 0.761671 0.708118 0.577019 0.429831 0.430552 0.607403 0.781965 0.859621 0.781965 0.607403 0.430552 0.429831 0.577019 0.708118 0.761671 0.701804 0.559324 0.404248 0.418433 0.537877 0.634176 0.666780 0.617444 0.506051 0.379440 0.393916 0.500299 0.589173 0.616734 0.565476 0.460211 0.347472,
 6.138342 6.450042 6.834653 7.211826 7.471330 7.563271 7.528265 6.873992 7.506113 8.187863 8.665442 8.795165 8.607819 8.252311 7.761426 8.707067 9.688060 10.219518 10.040155 9.393637 8.639933 8.459652 9.471562 10.484507 10.954041 10.484509 9.471562 8.459652 8.639933 9.393637 10.040155 10.219516 9.688060 8.707067 7.761426 8.252311 8.607819 8.795164 8.665442 8.187861 7.506111 6.873992 7.528265 7.563271 7.471329 7.211826 6.834652 6.450043 6.138342,
 13.221284 13.812442 14.325042 14.513136 14.214245 13.669882 13.292571 14.091805 15.490467 17.035036 17.776583 17.039852 15.479785 14.227203 14.964695 17.275949 20.063583 21.478895 20.143822 17.337534 15.074603 15.378392 18.115093 21.521250 23.252245 21.521250 18.115093 15.378392 15.074601 17.337536 20.143822 21.478895 20.063583 17.275949 14.964693 14.227203 15.479785 17.039852 17.776583 17.035034 15.490465 14.091805 13.292569 13.669882 14.214245 14.513133 14.325042 13.812442 13.221282,
 5.844640 6.110492 6.139898 5.869660 5.413283 4.986852 4.728861 6.288445 6.834013 7.122752 6.972542 6.421103 5.729505 5.193734 6.486763 7.311088 8.007478 8.174410 7.589712 6.607183 5.763626 6.276709 7.240846 8.265585 8.753921 8.265585 7.240846 6.276709 5.763626 6.607183 7.589712 8.174410 8.007478 7.311088 6.486764 5.193733 5.729505 6.421103 6.972541 7.122751 6.834011 6.288445 4.728862 4.986852 5.413284 5.869660 6.139898 6.110492 5.844640,

Pairwise cross-correlations of the modulus of all oriented sub-bands at the same scale (size QxQ)
 2.118401 4.076999 5.430020 3.851273 4.076999 32.764400 38.320755 9.412967 5.430020 38.320755 82.410545 38.298225 3.851273 9.412967 38.298225 32.121281,
 1.745079 2.820020 3.469766 2.558551 2.820020 21.657848 23.916889 5.251923 3.469766 23.916889 49.711578 22.540710 2.558551 5.251923 22.540710 19.546761,
 0.859620 1.422365 1.725907 1.010647 1.422365 10.954040 11.252472 1.863112 1.725907 11.252472 23.252243 10.265820 1.010647 1.863112 10.265820 8.753921,

Cross-correlations of the modulus of all oriented sub-bands with all oriented sub-bands at the coarser scale (size QxQ)
 1.528816 2.871092 3.798113 2.681670 2.907099 18.427540 21.133486 5.772077 4.104441 21.633480 40.287075 20.700460 2.655905 6.104609 20.799177 17.174593,
 0.962485 1.659576 2.195382 1.312873 1.821283 10.971176 11.139896 2.443559 2.434466 12.326241 21.215351 10.304081 1.412313 3.168039 11.512358 8.846253,

Cross-correlations of the real part of each oriented sub-band with both the real and imaginary part of all phase-doubled oriented sub-bands at the next coarser scale (Q matrices of size 1x2Q, which are computed and stored in a matrix of size Qx2Q)
 0.059378 -0.718276 -0.642672 -0.620839 -0.006396 -0.006008 -0.015634 0.003043 -0.623358 -6.426246 -5.651522 -0.837868 -0.013039 0.021911 -0.339699 -0.043507 -0.859434 -6.622602 -10.603429 -5.482497 -0.001776 -0.045933 -0.470491 0.178817 -0.574536 -0.919895 -4.497324 -5.350883 0.008999 -0.062225 -0.002885 0.232140,
 0.246711 -0.386391 -0.257834 -0.118547 -0.029340 -0.052241 -0.029187 0.011645 -0.287121 -2.824073 -1.172257 -0.105010 -0.041260 -0.432092 -0.579048 0.080862 -0.350231 -2.367068 -1.927012 -1.278907 -0.016028 -0.468495 -0.501930 0.374698 -0.023317 -0.232401 -1.136696 -1.364355 -0.001762 -0.066392 0.155274 0.235345,
