Low-band skewness and kurtosis
 -1.615474 5.041646,
 -1.474661 4.587038,
 -1.348422 4.153384,
 -1.485398 4.745009,
 -0.850861 2.264918,

High-band variance
 95.305389,

Skewness, kurtosis, variance, mean, maximum and minimum of the reconstructed texture
 116.000000 255.000000 240.658142 651.057861 -1.787350 5.402316

Auto-correlations of the low-frequency bands at each scale
 290.898071 273.927216 260.728394 255.171707 259.537079 274.013824 294.434601 328.649323 300.323425 272.545471 261.325134 273.732056 301.480042 327.200317 383.598633 397.904327 410.940704 417.411774 412.296326 396.695374 375.533508 407.594269 463.072052 515.612061 537.877380 515.612061 463.072083 407.594269 375.533508 396.695343 412.296265 417.411774 410.940704 397.904327 383.598572 327.200348 301.480042 273.732056 261.325165 272.545502 300.323456 328.649292 294.434662 274.013824 259.537079 255.171707 260.728394 273.927216 290.898010,
 276.995331 270.147278 266.026855 264.524811 264.724091 268.140900 274.907379 301.332794 284.288452 267.141357 259.956390 266.848145 283.450073 298.923065 332.106079 338.760468 344.220154 346.319427 342.487640 334.481049 325.054108 342.972992 374.268188 405.428497 419.065796 405.428497 374.268127 342.972992 325.054138 334.481079 342.487671 346.319458 344.220123 338.760437 332.106018 298.923096 283.450104 266.848206 259.956360 267.141327 284.288452 301.332825 274.907410 268.140900 264.724091 264.524811 266.026855 270.147278 276.995300,
 254.243042 250.884979 249.188263 249.434219 251.115265 254.526764 259.083832 275.985901 266.909302 258.096924 254.193985 257.008484 265.026794 273.685638 301.046417 305.625610 308.790588 309.111115 305.370300 299.427673 293.408783 308.358765 326.688904 343.938416 351.366882 343.938416 326.688904 308.358765 293.408813 299.427673 305.370300 309.111115 308.790588 305.625610 301.046417 273.685577 265.026794 257.008484 254.193985 258.096832 266.909302 275.985901 259.083832 254.526764 251.115295 249.434219 249.188263 250.884979 254.243042,
 0.448040 6.589478 12.378983 18.874952 27.543024 35.422131 37.169514 6.098083 11.406227 17.540314 27.101631 37.063881 40.482330 35.633938 11.196904 17.318081 27.357985 39.212841 43.984028 38.239845 28.116741 18.316477 27.885202 39.831787 45.815853 39.831787 27.885202 18.316477 28.116741 38.239845 43.984024 39.212841 27.357992 17.318077 11.196904 35.633942 40.482330 37.063881 27.101629 17.540319 11.406226 6.098084 37.169514 35.422131 27.543024 18.874949 12.378988 6.589476 0.448040,

Auto-correlations of the modulus of each oriented sub-band
 1.369974 1.472677 1.544497 1.565757 1.528968 1.449811 1.350115 1.450626 1.611240 1.726253 1.763754 1.718474 1.604084 1.446690 1.549665 1.790291 1.966044 2.029520 1.962907 1.784939 1.545146 1.584411 1.907669 2.222917 2.367203 2.222917 1.907670 1.584411 1.545146 1.784939 1.962907 2.029520 1.966044 1.790291 1.549665 1.446690 1.604084 1.718474 1.763754 1.726253 1.611240 1.450626 1.350115 1.449811 1.528968 1.565757 1.544496 1.472677 1.369974,
 23.243893 23.952868 24.975281 26.188856 27.238813 27.966955 28.330267 24.897072 26.361773 28.225147 29.931479 30.757536 30.731558 30.122833 27.241928 29.581264 32.245533 34.085030 33.978199 32.530895 30.648422 29.509241 32.127411 34.771927 36.066952 34.771927 32.127415 29.509239 30.648422 32.530895 33.978195 34.085030 32.245533 29.581261 27.241928 30.122831 30.731556 30.757534 29.931479 28.225147 26.361773 24.897072 28.330267 27.966959 27.238813 26.188858 24.975283 23.952868 23.243893,
 54.805241 55.612267 56.519661 56.963280 56.404327 55.295330 54.378052 58.578041 61.083050 63.981846 65.397728 63.849762 60.762302 58.115795 62.127247 66.842781 72.453445 75.276497 72.368881 66.637192 61.813595 63.507660 69.349136 76.406487 80.064453 76.406487 69.349144 63.507671 61.813595 66.637192 72.368881 75.276497 72.453445 66.842781 62.127254 58.115791 60.762295 63.849758 65.397728 63.981846 61.083046 58.578045 54.378044 55.295322 56.404327 56.963284 56.519661 55.612278 54.805244,
 26.572153 26.359583 25.820364 24.952456 23.876162 22.892502 22.183018 28.465412 29.096605 29.231302 28.582731 27.064301 25.266319 23.793222 29.218445 31.010324 32.428097 32.608543 30.940554 28.377604 26.074606 28.250826 30.775906 33.312084 34.532120 33.312084 30.775906 28.250826 26.074606 28.377598 30.940554 32.608540 32.428093 31.010324 29.218443 23.793222 25.266314 27.064301 28.582731 29.231302 29.096605 28.465408 22.183020 22.892498 23.876163 24.952454 25.820362 26.359587 26.572151,
 0.929259 1.117173 1.258558 1.298426 1.218307 1.050619 0.856322 0.963818 1.191716 1.365254 1.421067 1.338813 1.150386 0.920494 0.998846 1.286059 1.525640 1.616652 1.513433 1.267495 0.979721 1.019428 1.352287 1.655355 1.784845 1.655355 1.352287 1.019428 0.979721 1.267495 1.513433 1.616652 1.525640 1.286059 0.998846 0.920494 1.150386 1.338813 1.421067 1.365255 1.191716 0.963818 0.856323 1.050619 1.218307 1.298426 1.258559 1.117173 0.929259,
 13.212837 13.845269 14.554239 15.228503 15.710417 15.903846 15.805728 14.176932 15.233209 16.395126 17.286341 17.597349 17.326622 16.663420 15.375572 16.943336 18.616007 19.596638 19.368151 18.293573 16.963343 16.458681 18.180935 19.917210 20.727468 19.917213 18.180935 16.458681 16.963345 18.293573 19.368151 19.596636 18.616007 16.943338 15.375572 16.663418 17.326620 17.597349 17.286341 16.395126 15.233206 14.176932 15.805729 15.903845 15.710417 15.228501 14.554237 13.845269 13.212837,
 30.841812 31.617468 32.445984 32.848694 32.556622 31.997253 31.568411 33.100105 34.975536 36.939602 37.803059 36.795551 34.900108 33.315163 35.151894 38.390747 41.928703 43.558537 41.711960 38.152042 35.091309 35.935623 39.771252 44.147762 46.339130 44.147762 39.771252 35.935623 35.091309 38.152039 41.711960 43.558529 41.928703 38.390747 35.151890 33.315163 34.900108 36.795555 37.803059 36.939602 34.975536 33.100105 31.568411 31.997253 32.556622 32.848694 32.445980 31.617468 30.841814,
 15.614975 15.715012 15.559471 15.166083 14.637451 14.122902 13.704647 16.688473 17.304134 17.540634 17.273594 16.540112 15.596051 14.735251 17.304243 18.561472 19.521189 19.718855 18.879053 17.424259 16.013947 17.042786 18.662703 20.218405 20.933208 20.218407 18.662703 17.042786 16.013947 17.424261 18.879051 19.718855 19.521189 18.561472 17.304243 14.735250 15.596050 16.540108 17.273594 17.540634 17.304134 16.688475 13.704647 14.122902 14.637448 15.166082 15.559471 15.715013 15.614980,
 0.413390 0.556998 0.674716 0.716171 0.659704 0.531787 0.385957 0.427760 0.584998 0.714210 0.762225 0.704775 0.567154 0.407259 0.443985 0.634430 0.802902 0.871427 0.800482 0.630312 0.440508 0.461327 0.680264 0.887787 0.977809 0.887787 0.680264 0.461327 0.440508 0.630312 0.800482 0.871427 0.802902 0.634430 0.443985 0.407259 0.567154 0.704775 0.762225 0.714210 0.584998 0.427760 0.385957 0.531787 0.659704 0.716171 0.674716 0.556998 0.413390,
 5.445227 5.868101 6.372045 6.865644 7.176546 7.194440 6.965454 6.021712 6.668953 7.394324 7.976500 8.183465 7.943795 7.428870 6.772041 7.683851 8.644290 9.222627 9.111189 8.471084 7.636558 7.401231 8.409093 9.385674 9.836712 9.385674 8.409093 7.401231 7.636557 8.471083 9.111189 9.222627 8.644290 7.683851 6.772042 7.428868 7.943795 8.183464 7.976499 7.394324 6.668952 6.021710 6.965455 7.194440 7.176546 6.865644 6.372044 5.868101 5.445227,
 17.244864 17.539173 17.839390 17.941820 17.720568 17.328272 16.943455 18.459055 19.479172 20.539299 20.981743 20.432058 19.313545 18.226515 19.555426 21.509975 23.604725 24.556856 23.536453 21.424786 19.448994 19.990177 22.391924 25.012308 26.283209 25.012308 22.391924 19.990177 19.448992 21.424786 23.536455 24.556852 23.604723 21.509977 19.555426 18.226511 19.313545 20.432056 20.981743 20.539295 19.479166 18.459055 16.943453 17.328276 17.720572 17.941820 17.839384 17.539171 17.244864,
 8.385326 8.494328 8.419220 8.165331 7.845749 7.550489 7.269232 9.074289 9.504519 9.657863 9.478233 9.037868 8.442482 7.850853 9.377441 10.187845 10.796755 10.935746 10.419110 9.471768 8.551230 9.157909 10.179837 11.178172 11.642625 11.178172 10.179837 9.157909 8.551230 9.471769 10.419110 10.935746 10.796754 10.187845 9.377441 7.850852 8.442481 9.037868 9.478232 9.657861 9.504519 9.074289 7.269231 7.550489 7.845749 8.165331 8.419220 8.494329 8.385327,

Pairwise cross-correlations of the modulus of all oriented sub-bands at the same scale (size QxQ)
 2.367203 4.911048 6.350409 4.326967 4.911048 36.066956 37.896023 7.704161 6.350409 37.896023 80.064445 38.818527 4.326967 7.704161 38.818527 34.532104,
 1.784845 2.782382 3.547989 2.519393 2.782382 20.727468 20.993452 2.936013 3.547989 20.993452 46.339127 22.324322 2.519393 2.936013 22.324322 20.933210,
 0.977809 1.167267 1.891441 1.400733 1.167267 9.836712 10.956638 1.570459 1.891441 10.956638 26.283209 12.688915 1.400733 1.570459 12.688915 11.642626,

Cross-correlations of the modulus of all oriented sub-bands with all oriented sub-bands at the coarser scale (size QxQ)
 1.594018 3.017602 4.198996 2.715643 3.072853 19.389503 21.136271 4.185109 4.374509 19.637394 40.284557 20.951839 2.871374 3.727512 21.112556 18.746647,
 1.026353 1.349997 2.069302 1.471725 1.479694 9.211984 9.996914 1.294922 2.451946 10.420199 22.066912 11.465986 1.655887 1.858918 11.722432 10.616508,

Cross-correlations of the real part of each oriented sub-band with both the real and imaginary part of all phase-doubled oriented sub-bands at the next coarser scale (Q matrices of size 1x2Q, which are computed and stored in a matrix of size Qx2Q)
 0.034515 -0.602609 -0.604345 -0.574566 0.023072 -0.055173 -0.113374 -0.138480 -0.590006 -3.773065 -2.620971 -0.436509 -0.067201 -0.351162 -0.080884 -0.039637 -0.772147 -3.000192 -5.676244 -3.906853 0.021810 -0.224731 -0.433487 -0.842647 -0.547989 -0.387150 -3.669190 -4.291172 0.104645 0.000223 -0.627311 -1.046696,
 0.228138 -0.099686 -0.225628 -0.232595 0.014857 -0.019765 -0.038467 -0.051990 -0.021261 -1.434202 -1.619354 -0.162419 -0.002952 -0.485073 -0.648694 -0.016436 -0.234211 -1.539467 -2.804029 -1.365046 0.008749 -0.467070 -0.153461 0.185492 -0.168027 -0.210605 -1.326443 -1.646899 0.032465 0.026104 0.402414 0.015106,
