Low-band skewness and kurtosis
 -1.295869 4.036185,
 -1.013938 3.303665,
 -0.678365 2.532330,
 -0.792391 2.947112,
 -0.253669 1.635242,

High-band variance
 103.773773,

Skewness, kurtosis, variance, mean, maximum and minimum of the reconstructed texture
 119.000000 255.000000 240.509369 556.913513 -1.561936 4.571944

Auto-correlations of the low-frequency bands at each scale
 125.960266 116.376869 111.261536 110.485420 112.992134 118.869888 128.111038 156.554886 132.606796 111.510765 102.803177 110.554070 131.234161 155.578186 262.343445 273.498627 281.176758 283.093079 278.217194 269.543213 260.018127 333.657959 377.948761 416.228302 431.890533 416.228302 377.948792 333.657959 260.018127 269.543213 278.217163 283.093079 281.176758 273.498657 262.343414 155.578186 131.234146 110.554070 102.803154 111.510788 132.606812 156.554886 128.111038 118.869865 112.992111 110.485435 111.261543 116.376892 125.960266,
 128.641891 122.998009 120.119659 119.409744 119.365120 120.931221 124.980293 136.071594 120.646576 108.115669 103.482803 108.008514 120.289223 135.283310 191.910492 197.656738 202.702026 204.997452 202.946808 198.893997 194.632385 235.968689 262.183258 285.339508 295.041016 285.339539 262.183258 235.968689 194.632385 198.894028 202.946808 204.997452 202.701996 197.656738 191.910492 135.283310 120.289246 108.008514 103.482803 108.115669 120.646568 136.071594 124.980316 120.931221 119.365120 119.409744 120.119644 122.998009 128.641907,
 131.364594 129.099976 127.785721 127.357826 127.173889 127.879593 129.837692 134.973007 126.784180 119.821304 116.829277 118.271324 123.483093 130.107101 160.670273 162.734360 164.820282 165.759796 164.177444 161.463531 158.900391 180.906509 193.842712 205.815872 211.021469 205.815872 193.842712 180.906509 158.900375 161.463531 164.177444 165.759766 164.820282 162.734329 160.670242 130.107086 123.483078 118.271309 116.829277 119.821281 126.784164 134.973007 129.837708 127.879593 127.173889 127.357826 127.785721 129.099960 131.364594,
 16.362772 20.385365 22.116177 24.046268 29.064501 35.181602 37.442081 20.462696 21.816936 23.288576 28.894398 36.479836 39.630234 36.427288 22.049067 23.320549 29.056349 37.953953 41.899796 37.573757 30.453478 24.401960 29.592127 38.354824 43.086651 38.354828 29.592131 24.401962 30.453474 37.573753 41.899796 37.953953 29.056353 23.320551 22.049070 36.427296 39.630234 36.479832 28.894398 23.288580 21.816938 20.462696 37.442081 35.181595 29.064501 24.046268 22.116179 20.385363 16.362772,

Auto-correlations of the modulus of each oriented sub-band
 0.857568 0.956679 1.027698 1.048789 1.010126 0.923094 0.811829 0.930182 1.058322 1.150426 1.176945 1.128076 1.019834 0.885244 1.006291 1.185368 1.318018 1.366488 1.314994 1.174431 0.984207 1.025571 1.271911 1.514435 1.625019 1.514435 1.271911 1.025571 0.984207 1.174430 1.314994 1.366488 1.318018 1.185368 1.006291 0.885244 1.019834 1.128075 1.176945 1.150426 1.058322 0.930182 0.811829 0.923094 1.010126 1.048789 1.027698 0.956679 0.857568,
 14.079267 14.627706 15.398221 16.176971 16.700911 16.959227 17.063152 15.941413 17.103502 18.565510 19.694738 19.951582 19.585461 19.032209 18.219412 20.065842 22.246580 23.581020 23.142582 21.703459 20.249390 19.958780 21.993883 24.280025 25.434340 24.280025 21.993883 19.958780 20.249390 21.703459 23.142582 23.581020 22.246580 20.065844 18.219412 19.032207 19.585459 19.951584 19.694738 18.565512 17.103504 15.941413 17.063152 16.959225 16.700914 16.176970 15.398221 14.627705 14.079267,
 50.625023 51.867073 53.148563 53.654350 52.882000 51.321888 49.803001 57.044712 60.757011 64.812126 66.602432 64.475525 60.090889 56.101967 63.022182 69.839485 77.587563 81.225700 77.327026 69.352570 62.369678 65.318993 73.686584 83.398705 88.188248 83.398705 73.686584 65.319000 62.369667 69.352570 77.327026 81.225700 77.587555 69.839485 63.022182 56.101952 60.090889 64.475517 66.602417 64.812126 60.757008 57.044712 49.803005 51.321884 52.882008 53.654350 53.148571 51.867073 50.625027,
 17.869730 17.687098 17.354336 16.748461 15.880010 15.019732 14.407910 20.060188 20.606346 20.953066 20.625969 19.377161 17.744059 16.401159 21.343502 22.926138 24.455877 24.880167 23.430233 21.026081 18.914564 20.909420 23.192873 25.677845 26.899260 25.677845 23.192875 20.909416 18.914562 21.026081 23.430233 24.880167 24.455881 22.926138 21.343500 16.401161 17.744059 19.377161 20.625973 20.953062 20.606348 20.060188 14.407911 15.019731 15.880010 16.748461 17.354336 17.687098 17.869728,
 0.674754 0.855216 1.005595 1.062016 0.997207 0.841772 0.657988 0.719604 0.923199 1.090675 1.152764 1.079805 0.904156 0.695623 0.761307 1.011049 1.228056 1.313970 1.220989 0.998823 0.747009 0.779121 1.066887 1.337661 1.454958 1.337661 1.066887 0.779121 0.747009 0.998823 1.220989 1.313970 1.228056 1.011049 0.761307 0.695623 0.904156 1.079805 1.152764 1.090676 0.923199 0.719604 0.657988 0.841772 0.997207 1.062016 1.005595 0.855216 0.674754,
 8.508842 8.791997 9.202639 9.630405 9.943029 10.084193 10.070478 9.444747 10.193346 11.050293 11.682818 11.862083 11.623242 11.141418 10.726933 12.022272 13.383783 14.132894 13.877006 12.949232 11.850257 11.711116 13.189196 14.666248 15.349898 14.666248 13.189196 11.711116 11.850257 12.949235 13.877007 14.132894 13.383783 12.022271 10.726933 11.141418 11.623242 11.862083 11.682818 11.050295 10.193347 9.444746 10.070479 10.084193 9.943029 9.630405 9.202639 8.791997 8.508842,
 26.770184 27.835167 29.207993 30.046484 29.760578 28.734753 27.689583 29.750935 32.733700 36.108524 37.826210 36.631695 33.632397 30.717936 33.053223 38.341888 44.189426 46.980244 44.440914 38.795704 33.563023 34.660343 41.024952 48.071007 51.420982 48.070999 41.024952 34.660347 33.563019 38.795704 44.440918 46.980244 44.189419 38.341888 33.053223 30.717936 33.632397 36.631699 37.826206 36.108524 32.733700 29.750937 27.689583 28.734753 29.760586 30.046484 29.207993 27.835165 26.770189,
 9.301731 9.475981 9.513072 9.319412 8.921399 8.458077 8.050562 10.353516 10.988142 11.427570 11.377748 10.729331 9.762326 8.883341 11.009919 12.261024 13.418816 13.805393 12.964125 11.412741 9.978961 10.857354 12.483051 14.190333 15.003243 14.190335 12.483053 10.857354 9.978961 11.412740 12.964125 13.805393 13.418816 12.261024 11.009919 8.883341 9.762324 10.729328 11.377748 11.427571 10.988143 10.353516 8.050563 8.458077 8.921398 9.319412 9.513072 9.475982 9.301731,
 0.392985 0.546365 0.676738 0.724876 0.666286 0.530635 0.379925 0.405221 0.568556 0.706085 0.755559 0.692321 0.549067 0.391030 0.420722 0.608789 0.777761 0.845296 0.770948 0.597945 0.411303 0.431487 0.643692 0.848059 0.936757 0.848059 0.643692 0.431487 0.411303 0.597945 0.770948 0.845296 0.777761 0.608789 0.420722 0.391030 0.549067 0.692321 0.755559 0.706085 0.568555 0.405221 0.379925 0.530635 0.666286 0.724876 0.676738 0.546365 0.392985,
 3.514683 3.846694 4.166013 4.420330 4.536796 4.476399 4.288121 4.052252 4.651772 5.210402 5.538537 5.560285 5.306482 4.883983 4.718801 5.602776 6.465571 6.872865 6.645476 6.010346 5.267012 5.213520 6.168901 7.108101 7.535348 7.108101 6.168901 5.213520 5.267012 6.010346 6.645477 6.872865 6.465571 5.602775 4.718801 4.883983 5.306482 5.560285 5.538537 5.210402 4.651772 4.052252 4.288122 4.476400 4.536796 4.420330 4.166013 3.846694 3.514683,
 10.290684 11.180703 12.329607 13.168196 13.250550 12.782567 12.079192 12.012428 13.942000 16.163132 17.504335 17.113916 15.558711 13.771538 13.979092 17.043543 20.427229 22.228424 21.060413 18.077515 15.074189 15.228846 18.803221 22.620396 24.444614 22.620396 18.803225 15.228845 15.074189 18.077517 21.060413 22.228424 20.427229 17.043541 13.979094 13.771533 15.558711 17.113916 17.504335 16.163130 13.942001 12.012428 12.079192 12.782565 13.250550 13.168196 12.329606 11.180706 10.290684,
 3.887536 4.087224 4.162289 4.052042 3.825417 3.594549 3.402751 4.395966 4.861133 5.166290 5.159457 4.829815 4.329911 3.863180 4.823742 5.606213 6.322641 6.591112 6.148111 5.276187 4.456151 4.861291 5.821791 6.835704 7.321959 6.835704 5.821791 4.861291 4.456151 5.276186 6.148111 6.591111 6.322641 5.606213 4.823742 3.863181 4.329911 4.829814 5.159456 5.166290 4.861132 4.395966 3.402751 3.594549 3.825417 4.052042 4.162289 4.087224 3.887537,

Pairwise cross-correlations of the modulus of all oriented sub-bands at the same scale (size QxQ)
 1.625019 2.801928 4.261878 3.018512 2.801928 25.434341 37.121571 11.454979 4.261878 37.121571 88.188248 38.251270 3.018512 11.454979 38.251270 26.899269,
 1.454958 1.686489 2.247380 1.769900 1.686489 15.349900 21.846500 6.366006 2.247380 21.846500 51.420990 21.506783 1.769900 6.366006 21.506783 15.003239,
 0.936757 1.231303 1.445707 1.065257 1.231303 7.535348 10.127643 2.902009 1.445707 10.127643 24.444614 10.137864 1.065257 2.902009 10.137864 7.321958,

Cross-correlations of the modulus of all oriented sub-bands with all oriented sub-bands at the coarser scale (size QxQ)
 1.232110 1.843184 2.640877 1.926394 1.979505 12.242352 18.279263 6.817132 3.274567 18.532383 38.038296 18.685350 2.106434 6.976521 18.728685 12.668015,
 0.961915 1.359908 1.588704 1.185380 1.162437 6.345938 9.165048 3.207410 1.673650 8.783685 18.883228 9.034077 1.180692 3.308353 9.242210 6.216029,

Cross-correlations of the real part of each oriented sub-band with both the real and imaginary part of all phase-doubled oriented sub-bands at the next coarser scale (Q matrices of size 1x2Q, which are computed and stored in a matrix of size Qx2Q)
 0.187998 -0.306369 -0.347622 -0.428733 0.003271 0.026552 0.006262 -0.005369 -0.207100 -5.129305 -5.992035 -1.355578 0.011609 0.194924 0.164705 0.074452 -0.513897 -7.164076 -14.824308 -7.635069 -0.000338 0.165734 0.427247 0.231558 -0.318223 -1.464190 -6.368572 -5.913394 -0.004026 -0.011364 0.169667 0.083001,
 0.227617 -0.134100 -0.145182 -0.151415 -0.031007 -0.030362 -0.011921 0.021012 -0.028073 -1.911829 -2.497305 -0.682136 -0.017615 -0.279347 -0.519112 0.069759 -0.193241 -2.739650 -6.917372 -3.672621 -0.011081 -0.321714 -0.182795 0.473340 -0.056130 -0.638362 -3.141079 -2.673831 -0.022277 -0.051973 0.341826 0.345445,
