Low-band skewness and kurtosis
 -1.547045 4.857531,
 -1.355054 4.253541,
 -1.129563 3.419382,
 -1.287062 3.889910,
 -0.640742 2.080943,

High-band variance
 99.874718,

Skewness, kurtosis, variance, mean, maximum and minimum of the reconstructed texture
 117.000000 255.000000 240.602249 623.745789 -1.732865 5.207418

Auto-correlations of the low-frequency bands at each scale
 231.924362 217.058289 205.538818 200.597000 203.412399 214.412018 231.968399 266.464813 240.052963 214.115448 203.401733 214.869995 242.788910 272.675568 334.646698 351.472809 365.470154 371.906158 368.105835 356.718445 341.231689 379.715790 434.504089 484.156708 504.805206 484.156708 434.504089 379.715790 341.231720 356.718414 368.105835 371.906158 365.470154 351.472839 334.646698 272.675568 242.788849 214.869965 203.401733 214.115417 240.053009 266.464813 231.968430 214.411987 203.412384 200.597000 205.538818 217.058334 231.924362,
 210.262405 200.922958 194.639221 192.479050 193.225693 197.371231 205.169754 227.712357 214.322052 200.666351 195.041779 201.494995 218.107254 236.960098 270.379211 282.855255 292.832001 297.222107 295.121216 290.143768 284.491089 302.999817 335.304596 365.308533 378.085205 365.308533 335.304596 302.999817 284.491150 290.143768 295.121185 297.222107 292.831970 282.855225 270.379211 236.960098 218.107254 201.494980 195.041779 200.666336 214.322067 227.712387 205.169754 197.371231 193.225693 192.479065 194.639221 200.922974 210.262421,
 198.054138 192.635223 188.731110 187.619781 188.529587 191.332397 195.764206 215.116653 204.890396 194.033508 188.886688 192.496735 203.318512 215.478561 234.915909 241.587418 247.702469 250.776733 249.932007 247.508026 244.607758 253.614136 273.585754 292.795837 301.108856 292.795837 273.585724 253.614151 244.607712 247.508026 249.932007 250.776733 247.702469 241.587387 234.915909 215.478516 203.318512 192.496719 188.886688 194.033463 204.890396 215.116653 195.764130 191.332382 188.529556 187.619751 188.731110 192.635208 198.054153,
 11.826784 18.238960 20.177002 21.061068 26.879076 36.358807 41.161232 17.845570 19.289930 20.022079 26.862923 38.135437 43.987900 39.568829 19.162773 20.216543 27.835148 40.704990 47.193272 41.335953 30.308352 21.634014 29.295235 42.099037 48.926769 42.099037 29.295233 21.634014 30.308352 41.335953 47.193279 40.704983 27.835148 20.216543 19.162773 39.568829 43.987900 38.135437 26.862923 20.022076 19.289928 17.845566 41.161232 36.358810 26.879078 21.061068 20.177000 18.238960 11.826783,

Auto-correlations of the modulus of each oriented sub-band
 1.210000 1.304917 1.369702 1.386358 1.345854 1.258520 1.145557 1.292187 1.431530 1.529776 1.559956 1.514091 1.401522 1.249405 1.390308 1.602437 1.749816 1.795130 1.731435 1.575822 1.364798 1.403262 1.691284 1.985481 2.123547 1.985481 1.691284 1.403262 1.364798 1.575822 1.731435 1.795130 1.749816 1.602437 1.390308 1.249404 1.401522 1.514091 1.559956 1.529777 1.431530 1.292187 1.145557 1.258519 1.345854 1.386358 1.369702 1.304917 1.210000,
 21.610607 22.401144 23.416639 24.500595 25.353159 25.912575 26.230602 23.655483 25.142433 26.893887 28.346222 28.925533 28.805494 28.321737 26.310251 28.519403 30.965073 32.542065 32.297958 30.936201 29.336653 28.571922 30.916998 33.333813 34.529514 33.333813 30.916998 28.571917 29.336657 30.936197 32.297955 32.542061 30.965071 28.519405 26.310242 28.321741 28.805494 28.925533 28.346220 26.893887 25.142433 23.655476 26.230608 25.912575 25.353161 24.500589 23.416639 22.401144 21.610603,
 55.102299 56.299961 57.892757 58.726852 58.015408 56.437485 55.082188 59.698666 62.861717 66.770515 68.695107 66.742638 62.848278 59.630322 64.189369 69.805481 76.750214 80.236053 76.675598 69.754257 64.148071 66.115974 72.909569 81.392426 85.806793 81.392410 72.909569 66.115974 64.148071 69.754257 76.675598 80.236053 76.750198 69.805481 64.189369 59.630318 62.848278 66.742638 68.695107 66.770508 62.861717 59.698673 55.082188 56.437477 58.015411 58.726856 57.892757 56.299961 55.102306,
 23.938133 23.644636 23.116798 22.316538 21.300636 20.348404 19.613405 25.870014 26.480757 26.703825 26.194258 24.793655 23.084276 21.632116 26.817495 28.591448 30.102684 30.426020 28.853523 26.373653 24.121828 26.163122 28.643900 31.182703 32.430576 31.182703 28.643900 26.163122 24.121828 26.373650 28.853523 30.426020 30.102680 28.591448 26.817492 21.632111 23.084274 24.793655 26.194256 26.703825 26.480759 25.870012 19.613405 20.348408 21.300632 22.316538 23.116795 23.644640 23.938131,
 0.905849 1.064633 1.179658 1.199361 1.104764 0.926285 0.725093 0.949191 1.154523 1.305631 1.342372 1.243546 1.041642 0.805358 0.968225 1.236948 1.458519 1.535953 1.424817 1.176474 0.891593 0.966507 1.289692 1.584832 1.711178 1.584832 1.289692 0.966507 0.891593 1.176474 1.424817 1.535952 1.458519 1.236948 0.968225 0.805358 1.041642 1.243546 1.342372 1.305630 1.154523 0.949191 0.725093 0.926285 1.104764 1.199361 1.179658 1.064633 0.905849,
 12.743664 13.137935 13.538692 13.991627 14.413076 14.645778 14.611191 13.692396 14.499100 15.425929 16.232023 16.644617 16.543217 16.022205 15.035388 16.385643 17.893917 18.873716 18.808672 17.919880 16.716507 16.284796 17.864334 19.443251 20.178949 19.443251 17.864334 16.284800 16.716503 17.919880 18.808666 18.873716 17.893917 16.385643 15.035388 16.022203 16.543217 16.644615 16.232025 15.425929 14.499099 13.692399 14.611192 14.645778 14.413074 13.991625 13.538692 13.137935 12.743664,
 31.419456 32.541134 33.513783 33.753754 33.080082 32.006107 31.091005 33.499344 36.066055 38.854691 40.057381 38.693363 36.069160 33.854706 35.811558 40.107864 45.140034 47.559357 45.105156 40.258896 36.226223 37.026806 42.063641 48.146328 51.235302 48.146328 42.063641 37.026810 36.226223 40.258896 45.105152 47.559345 45.140034 40.107864 35.811558 33.854706 36.069160 38.693363 40.057377 38.854687 36.066055 33.499340 31.091005 32.006111 33.080082 33.753750 33.513783 32.541130 31.419458,
 13.518166 13.502411 13.211120 12.651389 11.953225 11.295787 10.785888 14.581652 15.129582 15.276867 14.861267 13.940608 12.818276 11.838819 15.053043 16.329027 17.302572 17.440784 16.448027 14.805877 13.259966 14.539333 16.259716 17.945179 18.720766 17.945179 16.259714 14.539333 13.259966 14.805875 16.448023 17.440784 17.302574 16.329027 15.053043 11.838819 12.818275 13.940608 14.861267 15.276867 15.129580 14.581652 10.785889 11.295789 11.953225 12.651389 13.211121 13.502411 13.518167,
 0.508072 0.627145 0.715331 0.733168 0.666781 0.539444 0.399381 0.527898 0.673895 0.783750 0.812711 0.746403 0.607855 0.447662 0.535015 0.719979 0.880025 0.939491 0.862620 0.688203 0.493730 0.528398 0.749081 0.959248 1.050817 0.959248 0.749081 0.528398 0.493730 0.688203 0.862620 0.939491 0.880025 0.719979 0.535015 0.447662 0.607855 0.746403 0.812711 0.783750 0.673895 0.527898 0.399381 0.539444 0.666781 0.733168 0.715331 0.627145 0.508072,
 7.175661 7.552439 7.919881 8.200952 8.380492 8.445079 8.378921 8.117557 8.756317 9.380984 9.777059 9.875201 9.721540 9.381371 9.266971 10.252165 11.208009 11.702859 11.536680 10.918389 10.127060 10.096170 11.195707 12.217389 12.671118 12.217389 11.195707 10.096170 10.127061 10.918389 11.536679 11.702859 11.208009 10.252165 9.266970 9.381371 9.721540 9.875201 9.777059 9.380985 8.756316 8.117556 8.378921 8.445079 8.380492 8.200952 7.919881 7.552440 7.175661,
 16.089647 16.933495 17.614294 17.900728 17.779863 17.404394 16.966724 17.405027 19.186552 21.104328 22.110989 21.603058 20.123241 18.650749 19.103790 22.023748 25.383368 27.157162 25.918747 22.871599 20.071901 20.275158 23.734446 27.710178 29.656462 27.710178 23.734446 20.275158 20.071901 22.871599 25.918745 27.157156 25.383368 22.023748 19.103790 18.650749 20.123236 21.603058 22.110989 21.104328 19.186550 17.405027 16.966724 17.404392 17.779860 17.900730 17.614294 16.933493 16.089645,
 7.526895 7.674619 7.564234 7.186497 6.651652 6.109072 5.663832 8.101745 8.625932 8.852168 8.649573 8.025105 7.175340 6.385098 8.344792 9.308503 10.083577 10.281118 9.633466 8.443575 7.284204 8.046002 9.290638 10.512420 11.070455 10.512420 9.290638 8.046002 7.284204 8.443576 9.633467 10.281118 10.083576 9.308503 8.344792 6.385098 7.175340 8.025105 8.649573 8.852168 8.625932 8.101744 5.663832 6.109072 6.651653 7.186497 7.564233 7.674618 7.526895,

Pairwise cross-correlations of the modulus of all oriented sub-bands at the same scale (size QxQ)
 2.123547 4.193367 5.808170 4.231485 4.193367 34.529522 41.090382 10.814150 5.808170 41.090382 85.806824 39.247066 4.231485 10.814150 39.247066 32.430573,
 1.711178 2.150830 3.220498 2.711504 2.150830 20.178949 25.039316 5.677651 3.220498 25.039316 51.235298 21.586226 2.711504 5.677651 21.586226 18.720770,
 1.050817 1.438701 2.191680 1.688653 1.438701 12.671117 14.955219 2.893610 2.191680 14.955219 29.656458 12.262186 1.688653 2.893610 12.262186 11.070454,

Cross-correlations of the modulus of all oriented sub-bands with all oriented sub-bands at the coarser scale (size QxQ)
 1.500038 2.545147 3.764968 2.707525 2.601367 18.173714 22.785587 6.122092 4.262505 23.221670 42.554821 20.625288 3.112483 7.063064 20.552437 16.864994,
 1.074365 1.436992 2.181838 1.770975 1.548182 10.912671 13.662866 3.463461 2.630724 13.536369 24.131664 11.720554 1.908077 3.340675 11.181144 9.938859,

Cross-correlations of the real part of each oriented sub-band with both the real and imaginary part of all phase-doubled oriented sub-bands at the next coarser scale (Q matrices of size 1x2Q, which are computed and stored in a matrix of size Qx2Q)
 0.141765 -0.365623 -0.474911 -0.672452 0.011076 0.032064 0.020752 0.007849 -0.262411 -5.084372 -4.701265 -0.672977 0.055141 0.133133 -0.202758 -0.101959 -0.650878 -5.928660 -9.057920 -4.768139 0.038782 -0.097257 -0.602716 -0.313226 -0.568549 -0.870948 -3.792321 -4.969112 0.006400 -0.079167 -0.151089 -0.111811,
 0.180852 -0.170887 -0.225090 -0.382016 0.022107 0.004757 -0.017917 -0.037508 -0.051003 -2.677797 -3.067748 -0.602324 0.014451 -0.045584 -0.165490 -0.048067 -0.345315 -3.273496 -6.437952 -2.993032 -0.002930 -0.168158 -0.303153 -0.197893 -0.359008 -0.495959 -2.528645 -2.660491 0.008730 -0.049684 -0.092969 -0.180289,
