Low-band skewness and kurtosis
 -1.558750 4.748586,
 -1.347438 4.040217,
 -1.117469 3.236925,
 -1.336800 4.233388,
 -0.793355 2.226901,

High-band variance
 100.409294,

Skewness, kurtosis, variance, mean, maximum and minimum of the reconstructed texture
 117.000000 255.000000 240.618576 643.063416 -1.753919 5.225152

Auto-correlations of the low-frequency bands at each scale
 262.184631 245.681320 235.323486 233.407852 239.520630 252.109787 268.002899 307.568787 280.344696 252.695618 239.895218 249.391647 274.677917 300.590118 370.932312 386.894043 397.622528 399.268280 390.221130 374.519928 357.163696 397.437561 452.004639 502.525513 523.795166 502.525482 452.004669 397.437531 357.163727 374.519928 390.221039 399.268219 397.622528 386.894104 370.932281 300.590057 274.677887 249.391632 239.895248 252.695648 280.344727 307.568726 268.002899 252.109756 239.520645 233.407806 235.323486 245.681320 262.184662,
 250.263580 245.082718 242.785797 243.003738 244.718140 249.205597 256.392822 276.335632 258.357727 240.105362 231.761917 237.950516 255.454071 274.313568 311.903198 318.894989 324.062561 325.220947 320.447998 312.456970 304.313232 325.435333 358.813354 391.044525 404.956329 391.044525 358.813354 325.435272 304.313202 312.456970 320.447998 325.220886 324.062561 318.894928 311.903168 274.313568 255.454071 237.950531 231.761887 240.105362 258.357727 276.335602 256.392853 249.205627 244.718185 243.003738 242.785797 245.082733 250.263580,
 236.721497 232.566620 229.702087 228.823074 229.253708 231.285141 234.724716 254.488647 247.100464 239.941818 237.221054 240.202988 247.458588 254.653641 276.370361 281.608856 286.353271 288.431030 286.271942 281.819122 276.612793 288.104797 304.910736 321.170227 328.298187 321.170227 304.910675 288.104797 276.612793 281.819183 286.271942 288.431000 286.353271 281.608856 276.370361 254.653625 247.458603 240.202957 237.221024 239.941818 247.100418 254.488647 234.724716 231.285141 229.253693 228.823074 229.702087 232.566605 236.721497,
 5.272809 11.811169 16.457245 21.164997 29.702991 39.263271 42.510372 10.234302 14.448156 19.316065 29.570585 42.179611 47.404831 42.100147 13.349339 18.948021 30.367455 45.344353 51.970634 45.016090 32.338699 20.137119 31.486927 46.526752 54.188831 46.526752 31.486931 20.137115 32.338707 45.016087 51.970634 45.344353 30.367456 18.948025 13.349338 42.100147 47.404827 42.179611 29.570581 19.316061 14.448161 10.234302 42.510365 39.263268 29.702991 21.164997 16.457245 11.811171 5.272810,

Auto-correlations of the modulus of each oriented sub-band
 1.331801 1.431109 1.496158 1.510293 1.464997 1.373544 1.258129 1.402716 1.558947 1.667902 1.697794 1.642853 1.516336 1.349386 1.487670 1.714585 1.876014 1.930306 1.865484 1.696155 1.464196 1.502294 1.808398 2.118828 2.264594 2.118828 1.808398 1.502294 1.464196 1.696155 1.865484 1.930306 1.876014 1.714585 1.487670 1.349386 1.516336 1.642853 1.697794 1.667901 1.558947 1.402716 1.258129 1.373544 1.464997 1.510293 1.496158 1.431109 1.331801,
 21.189716 21.738213 22.576916 23.593372 24.475245 25.101036 25.424828 22.797415 24.032394 25.655836 27.123854 27.782267 27.723383 27.201342 25.034824 27.091150 29.509335 31.158487 30.967934 29.608152 27.958836 27.103718 29.427853 31.882162 33.115974 31.882162 29.427853 27.103718 27.958836 29.608152 30.967936 31.158487 29.509329 27.091148 25.034822 27.201340 27.723381 27.782265 27.123854 25.655830 24.032393 22.797415 25.424831 25.101034 24.475248 23.593372 22.576916 21.738213 21.189713,
 56.155735 57.266262 58.341995 58.808117 58.216122 57.016750 55.805912 60.074352 63.071808 66.340858 67.840500 66.104408 62.611317 59.388962 63.635395 69.099075 75.385025 78.433388 75.182709 68.707787 63.052094 64.881104 71.629066 79.557037 83.586655 79.557037 71.629082 64.881096 63.052090 68.707787 75.182709 78.433380 75.385025 69.099075 63.635384 59.388966 62.611317 66.104401 67.840508 66.340858 63.071808 60.074341 55.805916 57.016747 58.216118 58.808117 58.341999 57.266266 56.155735,
 27.042820 26.886341 26.378248 25.501711 24.346554 23.236465 22.392237 28.986967 29.680511 29.888861 29.275316 27.692644 25.766050 24.158537 29.795742 31.666828 33.197548 33.445160 31.708651 29.007200 26.576580 28.831362 31.464628 34.142723 35.440525 34.142723 31.464628 28.831358 26.576580 29.007206 31.708647 33.445156 33.197548 31.666828 29.795740 24.158539 25.766050 27.692648 29.275320 29.888861 29.680511 28.986967 22.392239 23.236473 24.346554 25.501715 26.378248 26.886345 27.042816,
 0.960254 1.156958 1.309706 1.360681 1.288780 1.124099 0.924740 1.012234 1.241872 1.419627 1.481019 1.402231 1.213990 0.982928 1.057928 1.341888 1.576366 1.664614 1.561705 1.317394 1.033782 1.080266 1.411550 1.713724 1.842821 1.713724 1.411550 1.080266 1.033782 1.317394 1.561705 1.664614 1.576366 1.341888 1.057928 0.982928 1.213990 1.402231 1.481019 1.419627 1.241872 1.012234 0.924740 1.124099 1.288780 1.360681 1.309707 1.156958 0.960254,
 13.921656 14.522939 15.229471 15.884843 16.287676 16.343231 16.131620 15.017356 16.091259 17.276556 18.147015 18.393961 18.040411 17.327311 16.398111 17.986603 19.672066 20.636223 20.379208 19.291027 17.955040 17.579140 19.304758 21.027514 21.834307 21.027514 19.304758 17.579140 17.955040 19.291027 20.379208 20.636221 19.672062 17.986603 16.398109 17.327311 18.040413 18.393961 18.147015 17.276554 16.091257 15.017354 16.131620 16.343233 16.287676 15.884843 15.229471 14.522939 13.921656,
 35.742249 36.405521 37.418316 38.003170 37.489643 36.265160 35.206207 37.993710 40.102798 42.716602 44.035374 42.724926 39.894463 37.456390 40.011993 43.854324 48.474419 50.772408 48.485477 43.739941 39.696777 40.760818 45.490330 51.140522 53.966877 51.140522 45.490326 40.760818 39.696770 43.739941 48.485477 50.772408 48.474407 43.854324 40.011993 37.456394 39.894466 42.724930 44.035374 42.716599 40.102798 37.993710 35.206211 36.265160 37.489647 38.003166 37.418316 36.405529 35.742249,
 16.906948 17.104322 16.982914 16.533436 15.888293 15.217934 14.629013 18.050371 18.835438 19.192841 18.912176 18.035698 16.858599 15.751945 18.630461 20.095797 21.229244 21.467850 20.506124 18.813869 17.140572 18.279694 20.138922 21.896626 22.689056 21.896624 20.138922 18.279694 17.140575 18.813869 20.506124 21.467846 21.229244 20.095797 18.630461 15.751945 16.858597 18.035698 18.912176 19.192841 18.835440 18.050371 14.629013 15.217929 15.888294 16.533436 16.982914 17.104321 16.906952,
 0.491538 0.642704 0.766238 0.811278 0.754349 0.618964 0.462357 0.509873 0.678517 0.817809 0.870450 0.809526 0.659831 0.483643 0.529735 0.735622 0.916789 0.987490 0.906278 0.717587 0.507774 0.538930 0.776252 1.001005 1.098533 1.001005 0.776252 0.538930 0.507774 0.717587 0.906278 0.987490 0.916789 0.735622 0.529735 0.483643 0.659831 0.809526 0.870450 0.817808 0.678517 0.509873 0.462357 0.618964 0.754349 0.811278 0.766238 0.642704 0.491538,
 5.984201 6.312977 6.628213 6.840422 6.872003 6.732476 6.486373 6.629387 7.217432 7.780481 8.128758 8.152775 7.880712 7.424598 7.413079 8.307124 9.173286 9.608398 9.413322 8.788908 8.018373 7.990866 8.973591 9.912317 10.339241 9.912316 8.973591 7.990866 8.018373 8.788908 9.413322 9.608398 9.173285 8.307124 7.413080 7.424597 7.880712 8.152775 8.128757 7.780481 7.217432 6.629387 6.486373 6.732477 6.872004 6.840422 6.628213 6.312976 5.984201,
 14.557736 14.977768 15.161140 15.001691 14.511857 13.900705 13.380343 15.930663 17.175291 18.314035 18.636021 17.778246 16.330360 15.103994 17.222216 19.345964 21.630154 22.600664 21.309845 18.868620 16.821911 17.675102 20.158148 23.050510 24.484035 23.050510 20.158148 17.675102 16.821911 18.868620 21.309845 22.600664 21.630156 19.345964 17.222216 15.103993 16.330360 17.778246 18.636019 18.314035 17.175289 15.930664 13.380343 13.900704 14.511856 15.001691 15.161140 14.977768 14.557736,
 6.287868 6.452967 6.459050 6.272606 5.958307 5.629978 5.365041 6.826145 7.307995 7.594567 7.539723 7.112085 6.471486 5.894661 7.105699 7.947432 8.691480 8.938225 8.404579 7.398969 6.486371 6.970404 8.007275 9.100666 9.618603 9.100666 8.007275 6.970404 6.486370 7.398969 8.404579 8.938225 8.691480 7.947432 7.105698 5.894660 6.471486 7.112085 7.539722 7.594566 7.307996 6.826145 5.365041 5.629979 5.958307 6.272605 6.459050 6.452967 6.287867,

Pairwise cross-correlations of the modulus of all oriented sub-bands at the same scale (size QxQ)
 2.264594 4.338006 6.220344 4.477412 4.338006 33.115963 38.590019 9.339281 6.220344 38.590019 83.586647 40.797787 4.477412 9.339281 40.797787 35.440517,
 1.842821 2.645348 3.749622 2.722027 2.645348 21.834305 24.930849 5.258012 3.749622 24.930849 53.966862 25.796064 2.722027 5.258012 25.796064 22.689053,
 1.098533 1.435926 1.918912 1.325582 1.435926 10.339240 11.428097 2.212684 1.918912 11.428097 24.484035 11.203887 1.325582 2.212684 11.203887 9.618603,

Cross-correlations of the modulus of all oriented sub-bands with all oriented sub-bands at the coarser scale (size QxQ)
 1.590490 2.756787 4.157616 2.832355 3.005341 18.739182 22.487289 5.835059 4.751701 22.248301 44.376884 22.940325 3.183753 6.080542 23.530003 19.576595,
 1.113174 1.427165 2.072110 1.532774 1.664129 9.599930 11.026423 2.524904 2.585689 11.255323 22.240921 11.310235 1.583113 2.432125 11.418900 9.737880,

Cross-correlations of the real part of each oriented sub-band with both the real and imaginary part of all phase-doubled oriented sub-bands at the next coarser scale (Q matrices of size 1x2Q, which are computed and stored in a matrix of size Qx2Q)
 0.112636 -0.474403 -0.544846 -0.591829 0.006376 -0.023991 -0.061716 -0.042654 -0.348511 -4.240107 -3.646784 -0.618134 -0.032181 -0.073146 -0.228845 -0.031376 -0.678863 -4.316067 -7.821243 -4.720397 -0.001597 -0.103697 -0.813277 -0.304935 -0.580835 -0.635473 -4.148768 -4.849819 0.026065 -0.046530 -0.584764 -0.334762,
 0.232828 -0.130154 -0.177311 -0.240895 0.015787 0.047052 0.000227 -0.046681 -0.041843 -1.619320 -1.433504 -0.213732 -0.006119 0.157745 -0.268492 -0.040528 -0.222881 -1.799199 -2.662775 -1.606782 0.000637 -0.087299 -0.833458 -0.232330 -0.140705 -0.267450 -1.193654 -1.747323 0.026585 -0.053289 -0.319679 -0.275947,
