Low-band skewness and kurtosis
 -1.329422 4.105979,
 -1.089635 3.457046,
 -0.889386 3.037264,
 -0.886982 3.108914,
 -0.396866 1.711288,

High-band variance
 103.033035,

Skewness, kurtosis, variance, mean, maximum and minimum of the reconstructed texture
 118.000000 255.000000 240.455109 568.397034 -1.579620 4.632904

Auto-correlations of the low-frequency bands at each scale
 163.875809 152.761673 143.992355 139.783829 141.141830 148.781723 161.817078 191.240311 165.059891 141.058197 130.511871 138.735199 161.298218 186.667511 279.876587 290.203583 299.276825 302.921173 298.266022 287.208832 272.513580 336.031189 384.343292 427.091919 444.744659 427.091919 384.343292 336.031189 272.513580 287.208771 298.266022 302.921173 299.276794 290.203522 279.876556 186.667511 161.298218 138.735199 130.511871 141.058228 165.059921 191.240311 161.817093 148.781693 141.141846 139.783829 143.992355 152.761673 163.875809,
 154.566711 149.060715 147.228928 148.456039 150.917374 155.282730 161.960617 168.194229 154.908875 142.583862 137.480179 142.266815 155.608795 171.350967 217.526642 224.787598 229.775742 230.521729 226.081909 219.650543 213.540176 247.870331 275.301971 300.370941 311.031281 300.370941 275.302032 247.870285 213.540161 219.650543 226.081909 230.521713 229.775742 224.787628 217.526596 171.350967 155.608780 142.266815 137.480179 142.583862 154.908890 168.194214 161.960663 155.282730 150.917389 148.456009 147.228928 149.060730 154.566711,
 158.330963 154.971527 152.762985 151.913132 151.919662 153.772903 157.891220 162.279495 153.970062 146.938965 145.309433 149.985764 159.110031 168.136703 181.484741 185.395355 190.029312 193.245499 193.165619 190.920532 187.475830 198.031204 213.537766 228.637985 235.241409 228.638000 213.537735 198.031204 187.475845 190.920532 193.165619 193.245453 190.029343 185.395355 181.484726 168.136719 159.110031 149.985748 145.309418 146.938965 153.970032 162.279495 157.891220 153.772919 151.919632 151.913132 152.762985 154.971497 158.330963,
 12.557137 16.962189 21.054377 25.411777 30.228943 33.947781 34.229015 16.592899 19.985975 23.902554 29.627832 34.948437 36.173737 32.828281 19.650476 23.113346 29.135767 36.160114 38.509922 34.562191 28.432528 23.294756 28.745918 36.052090 39.822754 36.052086 28.745924 23.294756 28.432528 34.562183 38.509922 36.160114 29.135761 23.113352 19.650476 32.828281 36.173733 34.948441 29.627829 23.902546 19.985981 16.592901 34.229019 33.947777 30.228949 25.411777 21.054371 16.962191 12.557139,

Auto-correlations of the modulus of each oriented sub-band
 0.971559 1.083585 1.160645 1.182112 1.143874 1.060158 0.950755 1.055672 1.194266 1.299788 1.338789 1.294971 1.184314 1.040770 1.148938 1.353574 1.498345 1.547238 1.490450 1.340456 1.134677 1.173948 1.438080 1.704113 1.827822 1.704113 1.438080 1.173948 1.134677 1.340456 1.490450 1.547238 1.498345 1.353574 1.148938 1.040770 1.184314 1.294971 1.338789 1.299788 1.194266 1.055672 0.950755 1.060158 1.143874 1.182112 1.160645 1.083586 0.971559,
 15.790900 16.656471 17.715698 18.824455 19.705212 20.296593 20.681818 18.075977 19.650145 21.421471 22.838108 23.388128 23.266506 22.845057 20.891727 23.162500 25.619837 27.141018 26.854263 25.479250 23.927759 23.201811 25.547691 27.978334 29.166512 27.978334 25.547691 23.201811 23.927759 25.479248 26.854261 27.141014 25.619833 23.162502 20.891724 22.845058 23.266502 23.388130 22.838108 21.421469 19.650145 18.075977 20.681822 20.296589 19.705212 18.824455 17.715700 16.656471 15.790900,
 50.264145 51.506680 52.881660 53.508533 52.848377 51.420338 50.071178 55.815533 59.543747 63.694458 65.635674 63.703819 59.569584 55.792435 61.347660 68.108521 75.839958 79.586861 75.912750 68.212448 61.412567 63.782551 72.018997 81.556458 86.273193 81.556458 72.018997 63.782551 61.412556 68.212448 75.912766 79.586861 75.839958 68.108521 61.347660 55.792423 59.569580 63.703823 65.635681 63.694450 59.543739 55.815533 50.071178 51.420334 52.848385 53.508533 52.881660 51.506672 50.264145,
 18.748543 18.538637 18.149719 17.508484 16.629980 15.779451 15.183838 20.682392 21.271126 21.613089 21.297262 20.056786 18.425245 17.087862 21.843861 23.508562 25.082651 25.552948 24.092075 21.649731 19.511318 21.426231 23.774412 26.318968 27.583662 26.318964 23.774414 21.426231 19.511318 21.649731 24.092077 25.552942 25.082647 23.508562 21.843859 17.087862 18.425245 20.056787 21.297262 21.613089 21.271122 20.682394 15.183839 15.779453 16.629980 17.508484 18.149723 18.538637 18.748543,
 0.739383 0.925083 1.071736 1.121989 1.051548 0.887983 0.691870 0.758752 0.974291 1.146821 1.210690 1.138871 0.959314 0.737595 0.791561 1.053730 1.275879 1.366377 1.277895 1.051255 0.781317 0.811545 1.117020 1.395501 1.514389 1.395501 1.117020 0.811545 0.781317 1.051255 1.277895 1.366377 1.275879 1.053730 0.791561 0.737594 0.959314 1.138870 1.210690 1.146821 0.974291 0.758752 0.691870 0.887983 1.051548 1.121989 1.071736 0.925083 0.739383,
 8.454047 8.711626 9.089921 9.513562 9.853610 10.027745 10.039180 9.166969 9.851784 10.707972 11.394633 11.635830 11.446091 11.008070 10.204335 11.405725 12.796823 13.634186 13.424191 12.534600 11.507378 11.167809 12.545676 14.033803 14.758770 14.033803 12.545676 11.167807 11.507379 12.534598 13.424191 13.634185 12.796824 11.405725 10.204333 11.008070 11.446091 11.635830 11.394634 10.707973 9.851784 9.166969 10.039181 10.027746 9.853610 9.513563 9.089922 8.711627 8.454047,
 26.985733 27.876661 28.843586 29.474403 29.371614 28.722075 27.978405 29.464197 31.918016 34.620224 35.968094 34.900269 32.386833 30.074476 31.874590 36.230923 41.251049 43.675701 41.338482 36.406300 32.120216 32.958817 38.204479 44.377010 47.429661 44.377010 38.204487 32.958817 32.120220 36.406296 41.338474 43.675694 41.251049 36.230927 31.874586 30.074476 32.386829 34.900269 35.968094 34.620224 31.918020 29.464197 27.978405 28.722071 29.371614 29.474409 28.843590 27.876667 26.985731,
 10.594840 10.775815 10.827006 10.641825 10.251382 9.784536 9.350563 11.589811 12.300062 12.782227 12.731706 12.071134 11.068568 10.119371 12.248083 13.639849 14.875094 15.275649 14.425678 12.807060 11.242742 12.129333 13.920508 15.719396 16.550692 15.719396 13.920506 12.129333 11.242742 12.807060 14.425676 15.275649 14.875093 13.639849 12.248082 10.119372 11.068567 12.071135 12.731706 12.782228 12.300062 11.589809 9.350563 9.784536 10.251382 10.641824 10.827007 10.775814 10.594839,
 0.435718 0.591794 0.722607 0.774433 0.722471 0.588762 0.427458 0.454336 0.622478 0.760662 0.811674 0.754103 0.613404 0.444459 0.474568 0.667821 0.834392 0.897730 0.824899 0.656249 0.465344 0.488771 0.705632 0.906462 0.992525 0.906462 0.705632 0.488771 0.465344 0.656249 0.824899 0.897730 0.834392 0.667821 0.474568 0.444459 0.613404 0.754103 0.811674 0.760662 0.622478 0.454336 0.427458 0.588762 0.722471 0.774433 0.722607 0.591794 0.435717,
 5.045732 5.467185 5.822906 6.043690 6.122131 6.107311 6.058279 5.555081 6.261813 6.873396 7.183462 7.162748 6.925193 6.610512 6.198065 7.223889 8.180088 8.592487 8.314549 7.631193 6.892723 6.729647 7.795620 8.838772 9.305949 8.838772 7.795620 6.729647 6.892723 7.631193 8.314548 8.592487 8.180088 7.223888 6.198065 6.610513 6.925194 7.162749 7.183462 6.873394 6.261813 5.555081 6.058280 6.107310 6.122131 6.043688 5.822906 5.467185 5.045732,
 11.742708 12.893507 13.798683 13.895060 13.149946 12.241797 11.707662 12.686669 14.587278 16.574373 17.283634 16.123587 14.181528 12.702321 13.589429 16.427467 19.764627 21.272787 19.524939 16.218145 13.573316 13.952601 17.193905 21.194820 23.207058 21.194820 17.193905 13.952601 13.573316 16.218145 19.524939 21.272787 19.764627 16.427467 13.589428 12.702321 14.181528 16.123587 17.283632 16.574373 14.587276 12.686668 11.707662 12.241798 13.149946 13.895060 13.798683 12.893506 11.742710,
 4.602797 4.746712 4.801551 4.700387 4.449730 4.134493 3.848254 4.957279 5.366916 5.701807 5.744086 5.399273 4.814858 4.269878 5.208758 5.940370 6.677951 6.989845 6.538224 5.620231 4.788094 5.161533 6.084931 7.110449 7.612656 7.110449 6.084931 5.161533 4.788094 5.620231 6.538223 6.989845 6.677951 5.940370 5.208758 4.269878 4.814859 5.399273 5.744085 5.701807 5.366916 4.957278 3.848254 4.134493 4.449729 4.700387 4.801551 4.746712 4.602798,

Pairwise cross-correlations of the modulus of all oriented sub-bands at the same scale (size QxQ)
 1.827822 3.440686 4.579593 3.169146 3.440686 29.166508 37.713512 10.421483 4.579593 37.713512 86.273186 37.574902 3.169146 10.421483 37.574902 27.583662,
 1.514389 1.704169 2.474806 1.991111 1.704169 14.758771 19.874172 5.438817 2.474806 19.874172 47.429661 21.238230 1.991111 5.438817 21.238230 16.550690,
 0.992525 1.270071 1.549105 1.054952 1.270071 9.305950 11.207331 3.011069 1.549105 11.207331 23.207056 9.697280 1.054952 3.011069 9.697280 7.612653,

Cross-correlations of the modulus of all oriented sub-bands with all oriented sub-bands at the coarser scale (size QxQ)
 1.307449 1.936833 2.892902 2.088402 2.193331 13.088451 18.321487 6.358797 3.519285 18.317389 37.749901 19.053055 2.359065 6.247551 18.519558 13.664683,
 0.986313 1.319335 1.704034 1.155328 1.254612 7.286497 9.627956 3.517105 1.955195 10.309561 18.947880 9.897588 1.311233 3.578610 9.377152 7.047039,

Cross-correlations of the real part of each oriented sub-band with both the real and imaginary part of all phase-doubled oriented sub-bands at the next coarser scale (Q matrices of size 1x2Q, which are computed and stored in a matrix of size Qx2Q)
 0.120326 -0.403779 -0.440259 -0.552515 0.011278 0.040420 0.007050 -0.034549 -0.272933 -5.180516 -5.669274 -1.216772 0.021186 0.518369 0.498743 0.054638 -0.639256 -6.586256 -13.664674 -7.232075 0.017405 0.651796 0.788142 0.032662 -0.507699 -1.237334 -6.108543 -6.132789 0.006963 0.117293 0.115655 -0.101819,
 0.198523 -0.167072 -0.166305 -0.255369 0.005270 0.069173 0.024381 -0.029769 -0.060310 -1.966501 -1.176566 -0.188568 0.072165 0.850850 0.699693 0.016678 -0.298799 -1.898691 -1.818198 -1.808571 0.056234 0.820526 1.129104 -0.179264 -0.204564 -0.177411 -0.841602 -2.019298 0.014496 0.063161 0.247639 -0.253704,
