Low-band skewness and kurtosis
 -1.433508 4.376888,
 -1.215364 3.807349,
 -0.992403 3.112755,
 -1.103614 3.444362,
 -0.511196 2.059647,

High-band variance
 98.979431,

Skewness, kurtosis, variance, mean, maximum and minimum of the reconstructed texture
 120.000000 255.000000 240.592285 601.912354 -1.662860 4.893764

Auto-correlations of the low-frequency bands at each scale
 179.844696 168.917709 162.843231 162.859451 168.822586 180.197495 194.105759 218.516785 193.972778 171.096146 162.310806 172.612167 196.029846 219.720306 316.173523 328.271240 337.322205 340.225616 334.164520 321.324890 306.368683 373.617706 421.337067 464.862183 483.039734 464.862183 421.337067 373.617706 306.368652 321.324860 334.164520 340.225616 337.322174 328.271240 316.173462 219.720306 196.029785 172.612167 162.310776 171.096146 193.972809 218.516800 194.105728 180.197495 168.822586 162.859451 162.843185 168.917709 179.844696,
 174.781143 167.617706 162.905396 161.051392 161.688263 166.082321 173.453720 187.662552 173.203690 160.137009 155.769882 162.018036 175.261002 187.410934 242.490707 249.645737 256.824860 261.278595 259.635681 253.079697 244.206741 284.715240 312.065704 338.374573 349.762665 338.374634 312.065704 284.715240 244.206741 253.079697 259.635651 261.278595 256.824921 249.645721 242.490707 187.410919 175.261032 162.018005 155.769897 160.137024 173.203674 187.662552 173.453705 166.082352 161.688217 161.051392 162.905457 167.617676 174.781174,
 161.558548 157.241852 154.488129 153.385803 153.702805 156.579086 161.985794 174.119980 164.966949 157.264175 154.373199 156.917038 163.262344 169.396851 207.543274 210.597351 214.393890 216.675140 214.600204 208.790848 201.094162 226.660187 243.812378 260.045258 267.077881 260.045258 243.812378 226.660187 201.094177 208.790848 214.600220 216.675140 214.393890 210.597321 207.543289 169.396851 163.262375 156.917053 154.373199 157.264130 164.966934 174.119965 161.985794 156.579102 153.702820 153.385773 154.488098 157.241821 161.558517,
 10.787427 17.704382 23.568151 28.700592 34.188164 39.050056 40.662895 17.221975 22.099627 26.488665 33.290173 40.910763 44.256313 41.183823 21.156101 25.374308 33.182915 43.257416 47.787033 43.253681 34.411613 25.707016 33.680050 44.203617 49.524746 44.203617 33.680050 25.707016 34.411606 43.253674 47.787037 43.257416 33.182915 25.374306 21.156103 41.183823 44.256310 40.910767 33.290176 26.488663 22.099632 17.221983 40.662891 39.050053 34.188164 28.700590 23.568151 17.704382 10.787431,

Auto-correlations of the modulus of each oriented sub-band
 1.053236 1.162432 1.242670 1.272876 1.244017 1.168089 1.067912 1.149251 1.297529 1.406260 1.446698 1.407788 1.300160 1.152234 1.239529 1.451788 1.612834 1.675225 1.616465 1.452917 1.236565 1.275292 1.558013 1.827134 1.947473 1.827134 1.558013 1.275292 1.236565 1.452917 1.616465 1.675225 1.612834 1.451788 1.239529 1.152234 1.300160 1.407788 1.446698 1.406261 1.297529 1.149251 1.067912 1.168089 1.244017 1.272876 1.242670 1.162432 1.053236,
 16.674706 17.465296 18.475887 19.500141 20.256048 20.700256 20.923590 18.633026 20.115505 21.890240 23.283045 23.700756 23.364805 22.717775 21.057930 23.301666 25.845247 27.412561 26.997984 25.381498 23.624580 23.022112 25.468584 28.087280 29.377338 28.087280 25.468584 23.022114 23.624580 25.381498 26.997990 27.412561 25.845242 23.301666 21.057930 22.717775 23.364803 23.700758 23.283045 21.890240 20.115505 18.633026 20.923590 20.700256 20.256052 19.500141 18.475885 17.465296 16.674706,
 55.108456 56.543949 58.083813 58.964211 58.437439 56.881123 55.222328 61.379513 64.972763 68.901627 70.897125 69.155113 65.113007 61.282547 67.491882 73.788620 80.860886 84.372955 81.014153 73.843475 67.399361 70.101082 77.755630 86.468979 90.783920 86.468979 77.755638 70.101082 67.399361 73.843460 81.014153 84.372955 80.860886 73.788620 67.491882 61.282547 65.113007 69.155113 70.897125 68.901627 64.972763 61.379513 55.222324 56.881119 58.437450 58.964211 58.083817 56.543949 55.108452,
 22.161274 22.048861 21.688147 21.005558 20.016272 18.944605 18.035702 24.297670 24.992220 25.343395 24.960430 23.614897 21.769413 20.101776 25.369057 27.154064 28.729311 29.130388 27.632111 25.059759 22.651865 24.735186 27.260998 29.844084 31.071068 29.844084 27.260998 24.735186 22.651865 25.059759 27.632111 29.130386 28.729311 27.154070 25.369057 20.101776 21.769409 23.614895 24.960430 25.343395 24.992220 24.297670 18.035700 18.944603 20.016275 21.005558 21.688148 22.048864 22.161274,
 0.772450 0.963225 1.119924 1.185453 1.136133 0.996924 0.821761 0.835035 1.052591 1.227251 1.294908 1.230072 1.061515 0.852053 0.888428 1.158035 1.387316 1.478269 1.385006 1.156202 0.889581 0.917711 1.231653 1.519766 1.642936 1.519766 1.231653 0.917711 0.889581 1.156202 1.385006 1.478269 1.387316 1.158035 0.888428 0.852053 1.061515 1.230072 1.294908 1.227251 1.052590 0.835035 0.821761 0.996924 1.136133 1.185454 1.119924 0.963225 0.772450,
 10.675254 11.166578 11.753817 12.335359 12.764873 12.960560 12.953766 11.915073 12.895847 13.958396 14.698334 14.843828 14.466305 13.840919 13.214160 14.775881 16.430803 17.307446 16.896381 15.675454 14.338150 14.136038 15.883755 17.701281 18.561872 17.701283 15.883756 14.136038 14.338152 15.675456 16.896381 17.307446 16.430805 14.775884 13.214160 13.840917 14.466302 14.843829 14.698335 13.958396 12.895847 11.915075 12.953767 12.960560 12.764870 12.335359 11.753819 11.166580 10.675256,
 32.751972 33.537498 34.554279 35.035568 34.560612 33.690552 33.063583 35.787357 38.113392 40.804600 42.045414 40.742195 38.159054 36.033604 38.900063 43.087868 47.918743 50.214062 47.870468 43.115253 39.080971 40.352940 45.376671 51.264996 54.173218 51.264999 45.376671 40.352940 39.080971 43.115261 47.870468 50.214058 47.918751 43.087868 38.900063 36.033604 38.159058 40.742199 42.045414 40.804604 38.113384 35.787369 33.063583 33.690559 34.560616 35.035568 34.554279 33.537495 32.751968,
 11.098197 11.153342 11.041770 10.737060 10.298863 9.869827 9.554184 11.933148 12.474094 12.842556 12.756704 12.104158 11.185302 10.432296 12.469221 13.632288 14.769574 15.172021 14.337210 12.822803 11.522147 12.341464 13.854052 15.544580 16.371904 15.544580 13.854052 12.341464 11.522148 12.822803 14.337212 15.172021 14.769575 13.632288 12.469222 10.432296 11.185302 12.104160 12.756705 12.842556 12.474094 11.933148 9.554186 9.869825 10.298863 10.737060 11.041770 11.153342 11.098197,
 0.506918 0.659532 0.793337 0.850036 0.801646 0.673313 0.522883 0.527386 0.698031 0.845799 0.907226 0.854341 0.714055 0.545571 0.549090 0.750342 0.933866 1.011832 0.940209 0.763357 0.565281 0.576279 0.805291 1.024421 1.120023 1.024421 0.805291 0.576279 0.565281 0.763357 0.940209 1.011832 0.933866 0.750342 0.549090 0.545570 0.714055 0.854341 0.907226 0.845799 0.698031 0.527386 0.522883 0.673313 0.801646 0.850036 0.793337 0.659532 0.506918,
 5.226748 5.588815 5.982265 6.300291 6.464981 6.448066 6.301744 5.964205 6.628037 7.288451 7.686279 7.702781 7.401538 6.942925 6.886836 7.898903 8.905453 9.390843 9.106165 8.340669 7.480776 7.507840 8.632242 9.751583 10.269975 9.751583 8.632242 7.507840 7.480775 8.340670 9.106164 9.390843 8.905453 7.898903 6.886835 6.942926 7.401537 7.702781 7.686278 7.288452 6.628037 5.964204 6.301744 6.448066 6.464981 6.300291 5.982265 5.588815 5.226747,
 16.385412 16.961695 17.582508 17.906910 17.755657 17.314478 16.812130 17.989601 19.561342 21.204893 21.951080 21.267084 19.816555 18.524799 19.851412 22.651945 25.745922 27.198072 25.756458 22.790070 20.228865 20.832577 24.146334 27.969208 29.842598 27.969208 24.146334 20.832577 20.228865 22.790068 25.756458 27.198072 25.745920 22.651941 19.851412 18.524799 19.816561 21.267082 21.951075 21.204893 19.561344 17.989601 16.812132 17.314478 17.755655 17.906912 17.582506 16.961697 16.385412,
 5.706223 5.873199 5.906787 5.769485 5.540362 5.325323 5.196821 6.145263 6.611752 6.930912 6.900536 6.522320 5.976002 5.503636 6.469758 7.333387 8.160480 8.467910 7.970220 6.969600 6.032638 6.440607 7.559972 8.759468 9.325414 8.759468 7.559972 6.440608 6.032640 6.969600 7.970220 8.467909 8.160480 7.333387 6.469757 5.503635 5.976004 6.522319 6.900537 6.930911 6.611752 6.145263 5.196822 5.325323 5.540362 5.769485 5.906787 5.873197 5.706223,

Pairwise cross-correlations of the modulus of all oriented sub-bands at the same scale (size QxQ)
 1.947472 3.768734 5.109936 3.529247 3.768734 29.377327 38.496429 10.835397 5.109936 38.496429 90.783920 41.101807 3.529247 10.835397 41.101807 31.071072,
 1.642936 2.583955 3.136911 2.135296 2.583955 18.561874 23.554953 6.126590 3.136911 23.554953 54.173195 22.455605 2.135296 6.126590 22.455605 16.371902,
 1.120023 1.501625 1.840309 1.216018 1.501625 10.269975 12.752785 3.954910 1.840309 12.752785 29.842594 13.299819 1.216018 3.954910 13.299819 9.325412,

Cross-correlations of the modulus of all oriented sub-bands with all oriented sub-bands at the coarser scale (size QxQ)
 1.428962 2.602891 3.436909 2.337753 2.655395 15.664439 21.522964 7.024968 3.918460 20.460960 43.331276 20.874184 2.457799 6.361903 20.341103 14.844854,
 1.054820 1.411485 1.877299 1.284827 1.718989 8.592300 11.484668 4.149772 2.660696 11.938191 24.316042 12.117717 1.582166 3.848617 11.491480 7.920951,

Cross-correlations of the real part of each oriented sub-band with both the real and imaginary part of all phase-doubled oriented sub-bands at the next coarser scale (Q matrices of size 1x2Q, which are computed and stored in a matrix of size Qx2Q)
 0.056792 -0.545210 -0.453468 -0.562357 0.013066 -0.010395 -0.007876 -0.044276 -0.477442 -5.556093 -6.079226 -1.379900 -0.005075 0.127315 0.212378 0.102951 -0.703075 -6.813354 -14.710405 -7.154554 0.005471 0.329173 0.586834 0.113535 -0.487257 -1.310266 -6.324694 -5.795072 0.026279 0.126561 0.194862 -0.183620,
 0.205085 -0.228612 -0.169137 -0.098305 0.044030 0.065782 -0.011117 -0.003362 -0.149096 -2.301458 -2.914105 -0.724262 0.054212 0.104852 -0.070698 0.147676 -0.254073 -2.879020 -7.420111 -3.450136 0.012931 0.116759 0.803955 0.715248 -0.063606 -0.613591 -3.113956 -2.262061 0.002204 0.084109 0.590825 0.389716,
