Low-band skewness and kurtosis
 -1.476153 4.554947,
 -1.244574 3.813832,
 -1.021882 3.122267,
 -1.224678 3.792548,
 -0.695821 2.005924,

High-band variance
 103.398697,

Skewness, kurtosis, variance, mean, maximum and minimum of the reconstructed texture
 121.000000 255.000000 240.550491 613.669678 -1.692348 5.022968

Auto-correlations of the low-frequency bands at each scale
 213.134476 197.115829 185.566818 181.422607 185.169952 196.563599 213.266251 248.245987 221.262375 194.278320 182.518021 192.821609 218.647827 244.793533 323.183929 338.312561 350.124298 354.272888 348.329376 335.098999 318.726440 368.481506 421.077484 469.918671 490.396667 469.918671 421.077484 368.481506 318.726440 335.098999 348.329315 354.272858 350.124237 338.312531 323.183929 244.793518 218.647827 192.821564 182.518021 194.278290 221.262375 248.245987 213.266251 196.563629 185.169983 181.422653 185.566788 197.115784 213.134476,
 205.294632 198.016464 194.047272 193.607132 195.342468 200.032654 207.595825 221.965240 205.775757 189.595718 182.645706 188.832932 205.151962 222.314713 261.909546 269.861237 276.010712 277.955963 274.201660 267.634308 260.744415 287.896240 318.179230 347.469910 360.131683 347.469910 318.179230 287.896240 260.744415 267.634308 274.201630 277.955963 276.010742 269.861237 261.909546 222.314713 205.151962 188.832962 182.645706 189.595734 205.775787 221.965271 207.595840 200.032623 195.342514 193.607117 194.047272 198.016495 205.294632,
 195.161163 190.866028 189.289230 190.456284 192.750244 195.736450 199.109756 204.575485 197.322357 190.903915 189.418442 194.099045 203.103424 211.666779 228.273865 233.726822 238.124176 239.881516 238.243362 235.283310 232.457489 244.867844 260.394257 275.547211 282.179596 275.547211 260.394226 244.867844 232.457489 235.283386 238.243378 239.881485 238.124176 233.726852 228.273895 211.666763 203.103424 194.099045 189.418427 190.903915 197.322311 204.575531 199.109741 195.736465 192.750229 190.456268 189.289230 190.865982 195.161179,
 11.269532 15.778997 17.472992 19.058762 24.040981 30.272440 32.219845 15.432335 16.701132 17.930803 23.645105 31.550301 34.550068 30.748823 16.654774 17.834007 23.709372 33.046680 37.080975 32.308304 24.813414 18.946114 24.228897 33.402454 38.426071 33.402454 24.228897 18.946112 24.813414 32.308304 37.080971 33.046684 23.709373 17.834003 16.654772 30.748819 34.550068 31.550297 23.645103 17.930807 16.701132 15.432330 32.219849 30.272438 24.040981 19.058762 17.472990 15.778997 11.269528,

Auto-correlations of the modulus of each oriented sub-band
 1.116678 1.218259 1.289404 1.309801 1.275459 1.200185 1.098593 1.219909 1.367090 1.470837 1.503991 1.456671 1.342896 1.195814 1.320353 1.538447 1.695114 1.748323 1.687179 1.525317 1.302799 1.361269 1.652019 1.936491 2.067231 1.936491 1.652019 1.361269 1.302799 1.525317 1.687179 1.748323 1.695114 1.538447 1.320353 1.195814 1.342896 1.456671 1.503991 1.470837 1.367090 1.219909 1.098594 1.200185 1.275459 1.309801 1.289404 1.218259 1.116678,
 19.271852 20.074209 21.111441 22.173410 22.981543 23.501894 23.810211 21.186613 22.741007 24.580225 26.042101 26.532909 26.246225 25.610762 23.611774 26.001547 28.657131 30.298573 29.926950 28.278145 26.407480 25.659468 28.280006 31.006151 32.324341 31.006147 28.280006 25.659468 26.407478 28.278145 29.926947 30.298574 28.657125 26.001547 23.611773 25.610764 26.246223 26.532909 26.042095 24.580225 22.741005 21.186609 23.810209 23.501894 22.981544 22.173410 21.111441 20.074207 19.271852,
 56.090897 57.375206 58.774666 59.514408 58.977455 57.608772 56.300495 60.829521 64.292488 68.212631 70.232941 68.533615 64.572632 60.923912 65.398903 71.665298 78.937172 82.630753 79.224739 71.889610 65.424225 67.345375 75.059608 84.075027 88.580353 84.075020 75.059608 67.345375 65.424217 71.889595 79.224754 82.630753 78.937149 71.665306 65.398911 60.923912 64.572624 68.533615 70.232948 68.212624 64.292496 60.829521 56.300491 57.608772 58.977467 59.514412 58.774662 57.375217 56.090889,
 24.660620 24.553772 24.066883 23.172190 21.997494 20.868799 20.000591 26.378687 27.182875 27.516003 26.984531 25.442722 23.492006 21.799316 27.151417 29.124781 30.806980 31.174706 29.500900 26.758730 24.223295 26.346216 29.071251 31.840467 33.164124 31.840467 29.071251 26.346214 24.223291 26.758734 29.500900 31.174706 30.806980 29.124781 27.151417 21.799316 23.492002 25.442722 26.984528 27.516001 27.182875 26.378687 20.000597 20.868801 21.997496 23.172194 24.066877 24.553776 24.660620,
 0.766630 0.942836 1.091605 1.155604 1.106735 0.967119 0.792782 0.814702 1.018765 1.186070 1.256808 1.202043 1.043132 0.840787 0.871382 1.130612 1.354530 1.447274 1.361498 1.143523 0.889273 0.912294 1.216163 1.502218 1.626710 1.502218 1.216163 0.912294 0.889273 1.143523 1.361498 1.447274 1.354530 1.130612 0.871382 0.840787 1.043132 1.202043 1.256808 1.186070 1.018765 0.814702 0.792782 0.967119 1.106734 1.155604 1.091605 0.942836 0.766630,
 11.312773 11.782550 12.365724 12.936303 13.329241 13.454269 13.361567 12.320753 13.291960 14.368275 15.136897 15.314852 14.937185 14.250382 13.522186 15.078259 16.732552 17.638481 17.295238 16.118277 14.731419 14.466382 16.236282 18.022892 18.858757 18.022894 16.236284 14.466382 14.731420 16.118275 17.295238 17.638481 16.732553 15.078259 13.522187 14.250382 14.937183 15.314853 15.136897 14.368275 13.291960 12.320753 13.361567 13.454268 13.329242 12.936306 12.365724 11.782552 11.312772,
 32.289715 33.193756 34.235649 34.874638 34.655220 33.880226 33.141308 34.872662 37.295654 39.975727 41.261345 40.072266 37.491974 35.212219 37.432178 41.707039 46.556793 48.853416 46.498322 41.650177 37.463463 38.511780 43.640480 49.613613 52.560024 49.613613 43.640480 38.511776 37.463470 41.650177 46.498314 48.853416 46.556793 41.707043 37.432171 35.212219 37.491974 40.072266 41.261349 39.975731 37.295654 34.872662 33.141312 33.880226 34.655224 34.874638 34.235649 33.193756 32.289711,
 14.175974 14.363550 14.358703 14.116818 13.701896 13.241392 12.821372 15.296320 15.994501 16.409660 16.307524 15.612850 14.582884 13.629543 15.951538 17.317980 18.531582 18.924515 18.012058 16.318190 14.753042 15.722305 17.491112 19.346100 20.232264 19.346102 17.491114 15.722305 14.753040 16.318190 18.012058 18.924519 18.531582 17.317980 15.951538 13.629541 14.582884 15.612850 16.307522 16.409662 15.994501 15.296321 12.821371 13.241392 13.701895 14.116819 14.358706 14.363550 14.175974,
 0.407925 0.538297 0.649858 0.690383 0.638110 0.520361 0.389123 0.414528 0.557369 0.678158 0.724484 0.674014 0.552379 0.412333 0.423341 0.589990 0.743856 0.809484 0.745929 0.591202 0.423278 0.435724 0.630309 0.823315 0.908941 0.823315 0.630309 0.435724 0.423278 0.591203 0.745929 0.809484 0.743856 0.589990 0.423341 0.412333 0.552379 0.674014 0.724484 0.678158 0.557368 0.414528 0.389123 0.520361 0.638110 0.690383 0.649858 0.538297 0.407925,
 5.144886 5.414951 5.644040 5.796381 5.880339 5.896854 5.841533 5.612369 6.155190 6.695286 6.999389 6.996538 6.747728 6.353492 6.179242 7.069788 8.016406 8.480115 8.210883 7.489915 6.679607 6.608859 7.641387 8.720174 9.226691 8.720176 7.641387 6.608859 6.679606 7.489914 8.210882 8.480115 8.016406 7.069788 6.179242 6.353493 6.747727 6.996537 6.999388 6.695286 6.155190 5.612368 5.841533 5.896854 5.880341 5.796381 5.644040 5.414950 5.144886,
 14.541269 15.300097 16.042030 16.415382 16.233591 15.739056 15.184332 15.737732 17.366507 19.065994 19.871300 19.242243 17.830538 16.457405 17.112190 19.764317 22.665497 24.044033 22.767118 20.067551 17.592691 17.899345 20.977177 24.419275 26.096687 24.419275 20.977177 17.899345 17.592690 20.067549 22.767118 24.044033 22.665497 19.764320 17.112192 16.457405 17.830538 19.242243 19.871300 19.065994 17.366505 15.737731 15.184331 15.739056 16.233591 16.415382 16.042028 15.300097 14.541268,
 6.140972 6.401715 6.508095 6.415181 6.157470 5.844547 5.537342 6.596343 7.128736 7.478304 7.496420 7.150011 6.568799 5.961958 6.861128 7.745559 8.510870 8.794255 8.342326 7.396513 6.440345 6.800763 7.883865 8.954432 9.448441 8.954432 7.883864 6.800763 6.440345 7.396513 8.342326 8.794255 8.510870 7.745559 6.861128 5.961958 6.568800 7.150011 7.496420 7.478304 7.128736 6.596341 5.537342 5.844547 6.157470 6.415181 6.508094 6.401715 6.140972,

Pairwise cross-correlations of the modulus of all oriented sub-bands at the same scale (size QxQ)
 2.067231 3.869474 5.617228 4.120095 3.869474 32.324337 39.832977 10.140177 5.617228 39.832977 88.580330 40.530605 4.120095 10.140177 40.530605 33.164120,
 1.626710 2.260688 3.492691 2.494649 2.260688 18.858755 23.196041 5.230966 3.492691 23.196041 52.560028 24.020836 2.494649 5.230966 24.020836 20.232265,
 0.908941 1.198372 1.866365 1.279667 1.198372 9.226690 11.539288 2.662528 1.866365 11.539288 26.096691 11.451985 1.279667 2.662528 11.451985 9.448440,

Cross-correlations of the modulus of all oriented sub-bands with all oriented sub-bands at the coarser scale (size QxQ)
 1.442478 2.414269 3.937443 2.661921 2.696811 16.725555 21.392200 6.021813 4.333149 21.643959 43.591991 21.579655 2.888503 6.552976 22.860680 17.801165,
 0.960126 1.308275 2.142947 1.472713 1.423722 8.610184 11.357279 3.406124 2.445709 11.235102 23.125015 12.144109 1.517559 2.989041 11.201169 9.253915,

Cross-correlations of the real part of each oriented sub-band with both the real and imaginary part of all phase-doubled oriented sub-bands at the next coarser scale (Q matrices of size 1x2Q, which are computed and stored in a matrix of size Qx2Q)
 0.094745 -0.577643 -0.534996 -0.611999 -0.011763 -0.050580 -0.025886 0.046912 -0.491121 -5.266384 -5.198386 -1.021495 -0.020814 -0.511424 -0.531139 0.049961 -0.776837 -5.806118 -11.875302 -6.248732 -0.054584 -0.419380 -0.461435 0.405683 -0.554067 -1.019054 -5.477456 -5.665779 -0.058416 0.010043 0.086787 0.417123,
 0.211993 -0.266464 -0.178570 -0.160949 0.019632 0.034980 0.030906 -0.008642 -0.167446 -2.413791 -2.523142 -0.441787 0.035332 0.554071 0.483726 -0.049418 -0.275163 -2.699554 -5.880581 -2.377791 0.028156 0.557525 0.132628 -0.181565 -0.096778 -0.471916 -2.444088 -1.842071 0.017649 0.019752 -0.281106 -0.048027,
