Low-band skewness and kurtosis
 -1.323844 4.147221,
 -1.062724 3.479119,
 -0.806340 2.890138,
 -0.530911 2.371922,
 -0.393060 1.763510,

High-band variance
 102.841179,

Skewness, kurtosis, variance, mean, maximum and minimum of the reconstructed texture
 123.000000 255.000000 240.510773 561.632141 -1.575419 4.632317

Auto-correlations of the low-frequency bands at each scale
 138.752258 126.970421 120.249031 117.778366 119.012856 124.473976 133.529861 170.132797 142.750565 119.851334 110.899071 119.178413 140.290894 164.750717 264.518860 277.213013 286.474792 290.671417 287.847778 280.009613 270.622681 334.797394 381.765106 421.714447 437.944977 421.714447 381.765015 334.797394 270.622681 280.009613 287.847778 290.671356 286.474792 277.213013 264.518890 164.750717 140.290894 119.178398 110.899078 119.851357 142.750549 170.132797 133.529846 124.474014 119.012848 117.778358 120.249054 126.970383 138.752274,
 138.004974 131.737976 129.349319 129.456375 130.503357 133.450272 138.432632 148.453583 131.087997 117.422409 112.735832 117.958054 131.054794 146.513474 199.386475 205.950897 210.869110 212.966400 210.626053 206.014450 201.624985 239.346024 267.134308 291.505890 301.650116 291.505890 267.134308 239.346024 201.624985 206.014450 210.626068 212.966400 210.869064 205.950912 199.386490 146.513443 131.054810 117.958076 112.735847 117.422394 131.087997 148.453598 138.432663 133.450272 130.503372 129.456375 129.349304 131.737961 138.004974,
 139.524338 135.724564 134.007278 133.683884 133.976028 135.636230 138.648621 145.850067 136.755386 129.302567 126.471588 128.760895 135.205734 142.809814 167.923462 171.075958 173.782578 175.262009 174.132919 171.527283 168.925720 185.954880 200.048737 212.888184 218.376251 212.888184 200.048737 185.954880 168.925690 171.527298 174.132889 175.261963 173.782547 171.075928 167.923492 142.809814 135.205734 128.760895 126.471588 129.302551 136.755402 145.850067 138.648621 135.636261 133.976028 133.683868 134.007278 135.724564 139.524323,
 13.147314 16.528105 19.170053 21.758440 25.312229 29.191927 31.171577 16.725504 19.058300 21.498657 25.652628 30.368355 32.576809 31.201677 19.278267 21.607197 25.999710 31.672535 34.160278 31.753426 27.336533 22.411142 26.522509 32.110870 35.020721 32.110874 26.522505 22.411142 27.336533 31.753428 34.160275 31.672535 25.999718 21.607201 19.278265 31.201679 32.576813 30.368353 25.652628 21.498659 19.058300 16.725500 31.171579 29.191927 25.312229 21.758440 19.170052 16.528103 13.147314,

Auto-correlations of the modulus of each oriented sub-band
 0.762376 0.869408 0.958010 1.005941 0.998755 0.942935 0.857004 0.840747 0.975375 1.086775 1.139324 1.120044 1.039568 0.921546 0.948854 1.132086 1.270383 1.333239 1.301582 1.176594 0.994469 0.994703 1.236841 1.481858 1.596081 1.481858 1.236841 0.994703 0.994469 1.176594 1.301582 1.333239 1.270383 1.132086 0.948854 0.921546 1.039567 1.120044 1.139324 1.086775 0.975375 0.840747 0.857004 0.942934 0.998755 1.005941 0.958010 0.869408 0.762376,
 13.148146 13.846236 14.759660 15.698932 16.375851 16.748285 16.923584 15.440821 16.778240 18.374132 19.629570 19.983841 19.671721 19.139404 18.175709 20.175495 22.454426 23.863214 23.460745 22.022015 20.534309 20.211308 22.342737 24.674402 25.846426 24.674406 22.342737 20.211308 20.534309 22.022011 23.460745 23.863214 22.454426 20.175495 18.175709 19.139406 19.671717 19.983837 19.629570 18.374132 16.778242 15.440823 16.923584 16.748285 16.375849 15.698935 14.759662 13.846237 13.148145,
 47.592949 49.590824 51.786285 53.055416 52.784222 51.620152 50.508366 53.447113 57.982594 63.009922 65.573616 63.896713 59.885494 56.294411 59.684662 67.147186 75.645065 79.854210 76.198235 68.363708 61.526573 63.063946 71.701775 81.712746 86.658447 81.712738 71.701775 63.063946 61.526566 68.363701 76.198219 79.854202 75.645065 67.147186 59.684658 56.294411 59.885490 63.896713 65.573616 63.009922 57.982590 53.447113 50.508366 51.620155 52.784210 53.055412 51.786297 49.590824 47.592960,
 19.086973 18.833502 18.433048 17.816040 16.990858 16.184031 15.584604 21.191673 21.666544 21.902328 21.511806 20.263901 18.670322 17.340494 22.328707 23.879095 25.305925 25.651825 24.185097 21.816536 19.716009 21.739655 24.012636 26.432512 27.623550 26.432512 24.012636 21.739655 19.716005 21.816532 24.185097 25.651823 25.305925 23.879095 22.328707 17.340492 18.670322 20.263901 21.511805 21.902325 21.666546 21.191671 15.584606 16.184029 16.990860 17.816040 18.433046 18.833502 19.086973,
 0.636324 0.823847 0.979129 1.042976 0.989936 0.846705 0.670394 0.675178 0.881167 1.050649 1.120013 1.061885 0.903001 0.704975 0.706574 0.952430 1.166730 1.257847 1.178547 0.971747 0.729834 0.736645 1.017506 1.279695 1.393144 1.279695 1.017506 0.736645 0.729834 0.971747 1.178547 1.257847 1.166730 0.952430 0.706574 0.704975 0.903001 1.061885 1.120013 1.050649 0.881167 0.675178 0.670394 0.846704 0.989936 1.042976 0.979129 0.823847 0.636324,
 7.049289 7.406941 7.873050 8.344791 8.667466 8.789269 8.790756 8.182252 9.043735 9.970042 10.596510 10.714013 10.429314 9.985020 9.617174 11.016650 12.496342 13.258589 12.898775 11.886215 10.807645 10.694340 12.214227 13.811718 14.573125 13.811721 12.214228 10.694340 10.807645 11.886215 12.898775 13.258589 12.496345 11.016650 9.617174 9.985021 10.429314 10.714012 10.596510 9.970043 9.043736 8.182252 8.790756 8.789268 8.667466 8.344792 7.873051 7.406942 7.049289,
 25.818110 27.128389 28.661486 29.592142 29.512506 28.859911 28.236330 28.936842 32.202087 35.726414 37.444588 36.311333 33.610107 31.186373 32.632519 38.018608 43.933910 46.718105 44.192997 38.776722 33.971153 34.751083 40.915272 47.863846 51.206917 47.863846 40.915272 34.751083 33.971153 38.776722 44.192997 46.718105 43.933914 38.018604 32.632519 31.186373 33.610107 36.311333 37.444584 35.726414 32.202080 28.936848 28.236330 28.859911 29.512506 29.592144 28.661486 27.128384 25.818110,
 11.453758 11.439425 11.271129 10.950907 10.538404 10.121852 9.776171 12.694453 13.164482 13.352347 13.119664 12.423305 11.461690 10.579520 13.362177 14.529099 15.471815 15.690248 14.834197 13.313599 11.851994 13.010967 14.632789 16.223434 16.954191 16.223434 14.632791 13.010967 11.851994 13.313599 14.834194 15.690248 15.471815 14.529099 13.362175 10.579521 11.461690 12.423305 13.119665 13.352348 13.164482 12.694453 9.776170 10.121852 10.538404 10.950905 11.271129 11.439426 11.453756,
 0.329986 0.467198 0.591296 0.646828 0.605950 0.492454 0.359870 0.345457 0.490877 0.619222 0.674635 0.630564 0.510133 0.368533 0.366486 0.529441 0.679776 0.745629 0.686050 0.535969 0.370458 0.378355 0.563045 0.744126 0.824715 0.744126 0.563045 0.378355 0.370458 0.535969 0.686050 0.745629 0.679776 0.529441 0.366486 0.368533 0.510133 0.630564 0.674635 0.619222 0.490877 0.345457 0.359870 0.492454 0.605950 0.646828 0.591296 0.467198 0.329986,
 3.222913 3.480851 3.779887 4.031735 4.094252 3.944432 3.717489 3.697654 4.199201 4.755929 5.101535 5.050587 4.654802 4.159032 4.252731 5.062445 5.957179 6.408503 6.111467 5.353211 4.558596 4.609289 5.557518 6.578671 7.069042 6.578671 5.557518 4.609288 4.558596 5.353210 6.111466 6.408503 5.957179 5.062445 4.252730 4.159031 4.654802 5.050587 5.101535 4.755929 4.199201 3.697654 3.717490 3.944432 4.094252 4.031734 3.779887 3.480851 3.222912,
 10.637160 11.047093 11.651513 12.205067 12.315771 12.001808 11.607956 11.941813 13.192787 14.789285 15.839833 15.477847 14.119596 12.830441 13.362197 15.773864 18.780287 20.451927 19.238655 16.360584 13.910784 14.182800 17.184526 20.896280 22.772327 20.896278 17.184526 14.182798 13.910785 16.360582 19.238655 20.451927 18.780283 15.773864 13.362195 12.830444 14.119595 15.477847 15.839833 14.789284 13.192789 11.941810 11.607956 12.001808 12.315771 12.205069 11.651513 11.047092 10.637157,
 5.113764 5.093546 4.988213 4.826386 4.657573 4.513139 4.391824 5.646534 5.902783 6.021099 5.936115 5.650216 5.258334 4.913521 5.999004 6.619398 7.149984 7.312456 6.923190 6.196697 5.525776 5.962829 6.780751 7.624895 8.025480 7.624895 6.780751 5.962829 5.525776 6.196698 6.923190 7.312455 7.149986 6.619397 5.999005 4.913520 5.258334 5.650216 5.936115 6.021098 5.902783 5.646533 4.391824 4.513139 4.657573 4.826386 4.988213 5.093546 5.113763,

Pairwise cross-correlations of the modulus of all oriented sub-bands at the same scale (size QxQ)
 1.596082 2.976155 4.199894 2.833296 2.976155 25.846428 36.862324 11.008005 4.199894 36.862324 86.658493 37.971626 2.833296 11.008005 37.971626 27.623556,
 1.393144 1.792776 2.591927 1.885154 1.792776 14.573125 20.892773 6.024365 2.591927 20.892773 51.206913 22.647078 1.885154 6.024365 22.647078 16.954185,
 0.824715 0.933759 1.218728 0.916350 0.933759 7.069042 9.615096 2.583484 1.218728 9.615096 22.772324 9.809135 0.916350 2.583484 9.809135 8.025481,

Cross-correlations of the modulus of all oriented sub-bands with all oriented sub-bands at the coarser scale (size QxQ)
 1.189618 1.971300 2.889095 2.008408 2.035265 12.214651 18.832472 6.815848 3.170791 18.338577 39.547108 19.728792 2.023598 6.603037 19.645605 14.112979,
 0.880812 1.063986 1.434767 1.102177 1.266658 5.975716 9.128254 3.732820 2.061716 8.837209 19.544661 10.888123 1.276713 2.955850 9.241570 7.469150,

Cross-correlations of the real part of each oriented sub-band with both the real and imaginary part of all phase-doubled oriented sub-bands at the next coarser scale (Q matrices of size 1x2Q, which are computed and stored in a matrix of size Qx2Q)
 0.192194 -0.461370 -0.397414 -0.369770 0.006746 0.012870 0.006647 -0.005048 -0.374076 -6.064246 -6.982886 -1.534276 0.013099 0.223373 0.461938 0.112605 -0.563386 -8.065404 -16.048336 -7.740491 0.007143 0.418964 1.634641 0.565935 -0.208433 -1.525033 -6.461296 -5.796363 0.004390 0.121662 0.777158 0.309635,
 0.248300 -0.193130 -0.180368 -0.138241 -0.052887 -0.030980 0.006567 0.016088 -0.116543 -2.717713 -3.493852 -0.663565 -0.031165 -0.288460 -0.356146 -0.040774 -0.254967 -3.521586 -7.258319 -3.147728 -0.000214 -0.471713 -0.948014 -0.041811 -0.020087 -0.605115 -2.536705 -2.313040 -0.007066 -0.118850 -0.268728 0.089863,
