Low-band skewness and kurtosis
 -1.478079 4.561861,
 -1.238281 3.876601,
 -0.979684 3.071732,
 -1.081038 3.436375,
 -0.490887 1.913853,

High-band variance
 100.945152,

Skewness, kurtosis, variance, mean, maximum and minimum of the reconstructed texture
 112.000000 255.000000 240.517349 610.687378 -1.683280 5.014222

Auto-correlations of the low-frequency bands at each scale
 218.054871 202.645447 192.616089 189.153290 191.214096 198.411087 210.552719 253.734253 226.529602 200.641739 189.974579 200.772781 227.558029 256.697205 319.748108 338.001282 351.980896 357.858734 354.590881 345.615082 333.438110 367.004944 421.865387 470.531738 490.590942 470.531738 421.865509 367.004974 333.438110 345.615051 354.590881 357.858734 351.980896 338.001282 319.748077 256.697205 227.557983 200.772736 189.974579 200.641754 226.529648 253.734268 210.552719 198.411087 191.214096 189.153290 192.616119 202.645447 218.054871,
 204.042450 194.110474 188.298538 187.300339 189.655487 195.773041 205.627396 224.940063 207.244873 190.326096 183.105896 189.267975 206.582291 226.643494 261.220184 271.769867 280.099152 283.461517 280.383392 273.813873 266.038208 285.597076 320.489166 352.145020 365.408661 352.145020 320.489166 285.597015 266.038239 273.813873 280.383423 283.461517 280.099152 271.769867 261.220184 226.643509 206.582291 189.268021 183.105896 190.326065 207.244873 224.940048 205.627441 195.773071 189.655533 187.300385 188.298538 194.110489 204.042419,
 196.265518 190.372269 186.953262 185.915497 186.312988 188.929153 193.846115 208.977539 197.688248 188.284363 185.231277 189.457108 199.623489 211.403046 226.509048 232.731049 238.207932 241.279343 240.442688 237.407852 233.732071 240.049484 260.385895 278.845367 286.645966 278.845337 260.385895 240.049484 233.732071 237.407852 240.442688 241.279343 238.207916 232.731049 226.509048 211.403046 199.623489 189.457138 185.231277 188.284363 197.688248 208.977509 193.846069 188.929138 186.312988 185.915497 186.953247 190.372269 196.265518,
 8.349014 13.142694 17.744095 22.420210 28.609219 34.667515 36.088139 13.993943 18.078154 22.141344 28.809626 36.228748 38.676971 34.836967 18.952070 22.422848 29.063221 38.027439 41.643734 36.989994 29.963350 23.835350 29.538294 38.388519 43.206734 38.388519 29.538296 23.835346 29.963352 36.989986 41.643738 38.027435 29.063221 22.422850 18.952068 34.836967 38.676968 36.228745 28.809622 22.141346 18.078159 13.993941 36.088139 34.667515 28.609217 22.420210 17.744091 13.142698 8.349010,

Auto-correlations of the modulus of each oriented sub-band
 1.062025 1.153486 1.217784 1.232797 1.187990 1.100633 0.997092 1.130511 1.257846 1.344960 1.367486 1.318436 1.208574 1.073256 1.209373 1.396233 1.526646 1.565669 1.509893 1.372000 1.180987 1.221181 1.478641 1.750492 1.880968 1.750492 1.478641 1.221181 1.180987 1.372000 1.509893 1.565669 1.526646 1.396233 1.209373 1.073256 1.208574 1.318436 1.367486 1.344960 1.257846 1.130511 0.997091 1.100633 1.187990 1.232798 1.217784 1.153486 1.062025,
 20.545000 21.295929 22.233437 23.200832 23.927645 24.359028 24.525084 22.497461 23.944372 25.628706 27.007679 27.515148 27.303070 26.700237 25.093342 27.281931 29.670034 31.198566 30.943106 29.551548 27.884336 27.263956 29.627508 32.020233 33.185947 32.020241 29.627506 27.263956 27.884335 29.551544 30.943104 31.198572 29.670034 27.281929 25.093346 26.700233 27.303076 27.515144 27.007675 25.628712 23.944372 22.497459 24.525085 24.359028 23.927647 23.200834 22.233440 21.295929 20.544998,
 54.915794 56.503052 58.242928 58.999840 58.229801 56.756069 55.445129 58.959229 62.628956 66.893959 68.854126 66.740593 62.738430 59.445240 63.027740 69.165047 76.631752 80.287491 76.444115 69.150032 63.313683 64.875977 72.067688 81.090569 85.793976 81.090584 72.067703 64.875969 63.313679 69.150032 76.444107 80.287483 76.631752 69.165054 63.027733 59.445240 62.738430 66.740585 68.854126 66.893967 62.628956 58.959232 55.445141 56.756062 58.229794 58.999828 58.242935 56.503052 54.915791,
 23.396706 23.188416 22.729172 21.954790 20.907980 19.893515 19.120659 25.310255 25.920218 26.157858 25.622581 24.129389 22.321522 20.850666 26.119053 27.828997 29.342878 29.638590 27.966270 25.395842 23.169477 25.269119 27.680761 30.262934 31.550472 30.262936 27.680756 25.269119 23.169477 25.395840 27.966270 29.638584 29.342873 27.829000 26.119057 20.850666 22.321522 24.129383 25.622581 26.157856 25.920219 25.310247 19.120661 19.893515 20.907980 21.954790 22.729176 23.188414 23.396706,
 0.832330 1.021296 1.171606 1.221028 1.143584 0.971974 0.772680 0.871614 1.082155 1.249285 1.307516 1.229250 1.044262 0.821790 0.902565 1.156854 1.374802 1.460770 1.366152 1.136796 0.871573 0.912467 1.212885 1.494007 1.615961 1.494007 1.212885 0.912467 0.871573 1.136796 1.366152 1.460770 1.374802 1.156854 0.902565 0.821790 1.044262 1.229251 1.307516 1.249285 1.082155 0.871614 0.772680 0.971974 1.143584 1.221028 1.171606 1.021296 0.832331,
 12.385190 12.974929 13.635220 14.267293 14.754997 15.037020 15.130489 13.624650 14.731260 15.896807 16.791708 17.175276 17.056908 16.594551 15.313124 16.977715 18.659138 19.642046 19.505083 18.561199 17.317883 16.799423 18.574358 20.267483 21.034273 20.267487 18.574358 16.799423 17.317884 18.561201 19.505083 19.642044 18.659138 16.977718 15.313123 16.594551 17.056910 17.175276 16.791708 15.896807 14.731258 13.624650 15.130490 15.037021 14.754997 14.267293 13.635217 12.974929 12.385186,
 31.215942 32.311504 33.561352 34.280231 34.020683 33.210140 32.549610 33.743168 36.254875 39.249004 40.945652 39.944157 37.321335 35.049358 36.295307 40.571110 45.747681 48.532730 46.332287 41.379173 37.164722 37.697021 42.825768 49.028439 52.160088 49.028439 42.825768 37.697021 37.164726 41.379166 46.332287 48.532730 45.747684 40.571110 36.295303 35.049362 37.321335 39.944153 40.945648 39.249004 36.254875 33.743168 32.549614 33.210140 34.020683 34.280235 33.561352 32.311504 31.215939,
 14.862693 14.881824 14.716690 14.317753 13.741599 13.145071 12.654806 16.160469 16.688917 16.914608 16.639664 15.833651 14.741007 13.729160 16.836960 18.087698 19.068747 19.276508 18.375061 16.772480 15.194728 16.449083 18.175276 19.820150 20.565397 19.820152 18.175276 16.449083 15.194731 16.772480 18.375061 19.276508 19.068747 18.087700 16.836960 13.729160 14.741007 15.833651 16.639664 16.914610 16.688919 16.160469 12.654806 13.145069 13.741599 14.317753 14.716689 14.881825 14.862696,
 0.486776 0.648741 0.782218 0.832933 0.778804 0.644412 0.485313 0.508062 0.679409 0.817327 0.866814 0.807037 0.663309 0.495195 0.514945 0.715064 0.892786 0.964084 0.887269 0.706009 0.507340 0.520178 0.746467 0.965534 1.061679 0.965534 0.746467 0.520178 0.507340 0.706009 0.887269 0.964084 0.892786 0.715064 0.514945 0.495195 0.663309 0.807037 0.866814 0.817327 0.679409 0.508062 0.485312 0.644412 0.778805 0.832933 0.782218 0.648741 0.486776,
 6.576145 6.935806 7.294647 7.623913 7.879728 8.004780 7.977786 7.343619 7.947841 8.577216 9.073541 9.333381 9.299787 8.978392 8.277761 9.230707 10.205142 10.793671 10.758401 10.236259 9.452797 9.124382 10.196637 11.198535 11.650598 11.198535 10.196636 9.124382 9.452799 10.236259 10.758401 10.793671 10.205142 9.230707 8.277761 8.978392 9.299787 9.333380 9.073541 8.577216 7.947840 7.343620 7.977787 8.004779 7.879727 7.623914 7.294647 6.935806 6.576145,
 14.094053 14.626040 15.216960 15.638798 15.625988 15.259934 14.792453 15.207066 16.590014 18.274729 19.251549 18.729729 17.310032 15.965359 16.280699 18.781948 21.893517 23.582125 22.237829 19.300283 16.794239 16.914679 19.970379 23.751045 25.705132 23.751045 19.970379 16.914679 16.794241 19.300283 22.237827 23.582125 21.893515 18.781948 16.280699 15.965357 17.310032 18.729729 19.251549 18.274727 16.590014 15.207066 14.792452 15.259934 15.625986 15.638798 15.216960 14.626040 14.094051,
 7.478140 7.500126 7.353707 7.056072 6.701501 6.374990 6.084981 8.308151 8.640964 8.695570 8.427173 7.912336 7.273737 6.700536 8.725804 9.499189 10.042589 10.096873 9.504601 8.517399 7.603410 8.437491 9.467157 10.470901 10.934722 10.470902 9.467157 8.437491 7.603410 8.517397 9.504600 10.096875 10.042588 9.499190 8.725804 6.700536 7.273737 7.912335 8.427173 8.695567 8.640964 8.308149 6.084981 6.374990 6.701499 7.056072 7.353707 7.500126 7.478140,

Pairwise cross-correlations of the modulus of all oriented sub-bands at the same scale (size QxQ)
 1.880969 3.722885 5.759780 4.031829 3.722885 33.185925 41.606949 11.028058 5.759780 41.606949 85.793976 38.618008 4.031829 11.028058 38.618008 31.550467,
 1.615961 2.252402 3.442768 2.586254 2.252402 21.034273 25.476078 5.862906 3.442768 25.476078 52.160076 23.611845 2.586254 5.862906 23.611845 20.565392,
 1.061679 1.324731 1.979440 1.449971 1.324731 11.650597 12.863454 2.501422 1.979440 12.863454 25.705128 11.471707 1.449971 2.501422 11.471707 10.934722,

Cross-correlations of the modulus of all oriented sub-bands with all oriented sub-bands at the coarser scale (size QxQ)
 1.371064 2.406977 3.799107 2.638694 2.663241 17.802677 23.094023 7.352508 4.445612 22.825865 42.814903 22.153042 2.907021 6.879893 21.329901 17.396544,
 1.025345 1.328172 2.072481 1.492398 1.600387 10.688779 12.418201 3.203099 2.572665 12.703173 22.114079 11.391615 1.548991 2.953322 10.851593 9.656289,

Cross-correlations of the real part of each oriented sub-band with both the real and imaginary part of all phase-doubled oriented sub-bands at the next coarser scale (Q matrices of size 1x2Q, which are computed and stored in a matrix of size Qx2Q)
 0.165154 -0.417053 -0.481896 -0.582530 -0.014850 -0.017908 0.030853 0.075441 -0.323717 -4.960523 -4.585802 -0.844287 -0.018338 0.009202 0.263937 0.087231 -0.683612 -5.574419 -10.389356 -6.111877 -0.048842 0.203643 1.193757 0.565558 -0.475787 -0.842910 -5.022340 -5.771155 -0.052114 0.095013 0.773094 0.583530,
 0.231449 -0.226635 -0.320472 -0.248626 0.024918 0.043293 0.021847 -0.072831 -0.142010 -3.089284 -3.252580 -0.403629 0.063872 0.543470 1.143121 0.099084 -0.371361 -3.397587 -5.417671 -2.551892 0.080679 0.602622 1.462625 -0.508302 -0.150121 -0.443471 -2.024460 -2.441384 0.058737 0.083411 -0.002817 -0.798605,
