Low-band skewness and kurtosis
 -1.393588 4.355519,
 -1.167556 3.715121,
 -0.905002 2.887865,
 -1.020072 3.298210,
 -0.485232 1.839446,

High-band variance
 103.166603,

Skewness, kurtosis, variance, mean, maximum and minimum of the reconstructed texture
 120.000000 255.000000 240.538589 580.395630 -1.623295 4.786331

Auto-correlations of the low-frequency bands at each scale
 158.155624 146.006195 138.610428 136.104492 138.002594 145.069946 157.650269 191.255707 163.062439 138.861252 129.625626 139.661774 164.471451 193.156540 284.255768 296.473083 306.021942 309.964752 306.326599 297.258301 285.165771 344.669189 395.329376 438.881744 456.613251 438.881683 395.329437 344.669220 285.165771 297.258270 306.326599 309.964752 306.021881 296.473083 284.255707 193.156509 164.471436 139.661819 129.625641 138.861206 163.062454 191.255707 157.650284 145.069931 138.002594 136.104507 138.610428 146.006195 158.155640,
 159.405258 153.645432 151.611923 151.736694 151.849564 153.161407 157.220596 170.143234 153.040192 138.854660 133.664230 139.140472 153.619751 171.230331 218.236069 224.471909 229.518692 231.799179 229.894379 226.014053 221.651276 254.155533 283.137817 308.763794 319.463501 308.763794 283.137817 254.155533 221.651276 226.014023 229.894409 231.799179 229.518677 224.471909 218.236084 171.230316 153.619751 139.140472 133.664200 138.854660 153.040207 170.143234 157.220596 153.161407 151.849564 151.736694 151.611923 153.645447 159.405289,
 160.013611 158.984268 158.866852 158.603897 157.428528 156.834961 158.029388 171.195328 161.467484 152.967850 149.003372 150.567963 157.219528 165.949585 189.145111 190.907120 193.103806 194.657913 194.017899 192.079163 189.602707 202.565338 217.678757 231.372650 237.196030 231.372650 217.678757 202.565338 189.602737 192.079163 194.017899 194.657913 193.103775 190.907120 189.145096 165.949585 157.219513 150.567947 149.003372 152.967850 161.467468 171.195297 158.029404 156.834961 157.428543 158.603928 158.866867 158.984268 160.013596,
 7.733963 13.869501 19.403126 23.957830 28.487984 32.644180 34.197357 13.403487 18.384605 22.820738 28.355972 33.932777 36.160122 33.610771 17.705084 22.023190 28.186768 35.315624 38.216881 34.799633 28.382517 22.045059 28.178064 35.595650 39.307156 35.595650 28.178068 22.045055 28.382517 34.799629 38.216881 35.315624 28.186768 22.023191 17.705082 33.610775 36.160122 33.932777 28.355974 22.820742 18.384604 13.403482 34.197361 32.644180 28.487984 23.957834 19.403120 13.869504 7.733961,

Auto-correlations of the modulus of each oriented sub-band
 0.879441 0.979678 1.054557 1.083444 1.055269 0.977607 0.872242 0.955542 1.084806 1.183399 1.218456 1.177828 1.074389 0.938884 1.049068 1.235656 1.367813 1.411048 1.356794 1.217814 1.029959 1.064190 1.310836 1.564737 1.684397 1.564737 1.310836 1.064190 1.029959 1.217814 1.356794 1.411048 1.367813 1.235656 1.049068 0.938884 1.074389 1.177828 1.218456 1.183399 1.084806 0.955542 0.872242 0.977607 1.055269 1.083444 1.054557 0.979678 0.879441,
 16.465559 17.103020 17.964354 18.872736 19.555651 19.971027 20.197205 18.582029 19.926029 21.550529 22.866882 23.313517 23.082951 22.572460 21.239157 23.325945 25.682838 27.172689 26.863161 25.463881 23.912773 23.387667 25.632887 28.012106 29.188650 28.012106 25.632889 23.387665 23.912775 25.463881 26.863161 27.172686 25.682837 23.325941 21.239155 22.572456 23.082947 23.313517 22.866882 21.550528 19.926029 18.582027 20.197205 19.971024 19.555651 18.872736 17.964354 17.103020 16.465555,
 49.467300 50.919300 52.555161 53.273178 52.445534 50.698223 48.952667 55.308216 59.149269 63.594101 65.631035 63.394527 58.852474 54.765751 60.771423 67.547653 75.561066 79.419037 75.376221 67.293846 60.389862 62.930717 71.147804 80.975555 85.928322 80.975555 71.147820 62.930717 60.389862 67.293831 75.376221 79.419037 75.561050 67.547668 60.771408 54.765743 58.852467 63.394535 65.631042 63.594090 59.149273 55.308212 48.952667 50.698223 52.445534 53.273178 52.555161 50.919296 49.467300,
 19.240318 18.897102 18.356829 17.557299 16.556055 15.645150 14.993617 21.616877 22.052437 22.193275 21.646463 20.217209 18.504976 17.119579 22.846676 24.407503 25.815542 26.094534 24.494833 22.019169 19.862627 22.159616 24.476566 26.958748 28.196886 26.958744 24.476566 22.159616 19.862627 22.019169 24.494837 26.094530 25.815536 24.407503 22.846676 17.119579 18.504976 20.217209 21.646463 22.193274 22.052433 21.616875 14.993618 15.645149 16.556057 17.557299 18.356823 18.897104 19.240318,
 0.700368 0.890440 1.046296 1.105871 1.041153 0.880562 0.686438 0.737435 0.943277 1.109736 1.172795 1.104579 0.931813 0.719828 0.768674 1.012621 1.222791 1.308350 1.222589 1.007668 0.756443 0.780417 1.063789 1.328058 1.442492 1.328058 1.063789 0.780417 0.756443 1.007668 1.222588 1.308350 1.222792 1.012621 0.768674 0.719828 0.931813 1.104579 1.172795 1.109736 0.943277 0.737435 0.686438 0.880562 1.041153 1.105871 1.046296 0.890440 0.700368,
 9.051798 9.339750 9.799036 10.320585 10.720005 10.895923 10.892365 10.018667 10.788319 11.736051 12.513264 12.843655 12.717705 12.297025 11.454053 12.776618 14.253531 15.151824 15.008178 14.155511 13.092442 12.735345 14.221764 15.743650 16.461023 15.743651 14.221764 12.735345 13.092443 14.155510 15.008177 15.151824 14.253531 12.776620 11.454049 12.297025 12.717702 12.843655 12.513267 11.736049 10.788321 10.018667 10.892365 10.895922 10.720005 10.320585 9.799037 9.339750 9.051800,
 26.923914 28.177320 29.733213 30.504721 29.856672 28.408932 27.120829 29.830132 32.741348 36.235291 37.954277 36.366898 32.871063 29.765558 32.648560 37.675354 43.662346 46.612850 43.745693 37.697914 32.480625 33.758781 39.884991 47.170879 50.788952 47.170879 39.884991 33.758778 32.480625 37.697910 43.745689 46.612862 43.662350 37.675346 32.648552 29.765558 32.871063 36.366901 37.954281 36.235291 32.741352 29.830132 27.120825 28.408932 29.856676 30.504717 29.733212 28.177328 26.923920,
 10.128706 10.271037 10.163297 9.738165 9.119805 8.527482 8.111091 11.312218 11.962892 12.323170 12.115582 11.315012 10.238321 9.298439 12.022013 13.325949 14.460968 14.777898 13.877511 12.257255 10.731786 11.812044 13.522182 15.256342 16.061045 15.256342 13.522182 11.812044 10.731787 12.257255 13.877511 14.777898 14.460968 13.325949 12.022013 9.298440 10.238321 11.315010 12.115581 12.323171 11.962892 11.312218 8.111091 8.527481 9.119805 9.738165 10.163298 10.271037 10.128706,
 0.368805 0.499119 0.610861 0.655864 0.610565 0.496234 0.362919 0.391125 0.531772 0.650598 0.697795 0.651007 0.530927 0.388594 0.413484 0.577394 0.723525 0.782998 0.720924 0.572781 0.408647 0.423617 0.608220 0.786332 0.864656 0.786332 0.608220 0.423617 0.408647 0.572781 0.720924 0.782998 0.723525 0.577394 0.413484 0.388594 0.530927 0.651008 0.697795 0.650597 0.531772 0.391125 0.362919 0.496234 0.610565 0.655864 0.610861 0.499119 0.368805,
 4.638256 4.995492 5.304224 5.533571 5.645435 5.607249 5.429559 5.124494 5.707104 6.228097 6.527319 6.546132 6.311744 5.923488 5.706369 6.535302 7.323730 7.691278 7.480896 6.902610 6.214306 6.139347 7.028613 7.883436 8.274576 7.883436 7.028613 6.139347 6.214306 6.902609 7.480896 7.691277 7.323729 6.535302 5.706369 5.923488 6.311744 6.546132 6.527319 6.228097 5.707103 5.124494 5.429559 5.607249 5.645435 5.533571 5.304225 4.995492 4.638256,
 10.004005 10.858956 11.724510 12.160243 12.062604 11.676208 11.205010 11.335045 12.957951 14.875891 15.899870 15.364974 13.968007 12.682710 12.959559 15.520920 18.674940 20.321625 19.037729 16.216623 13.855693 14.018799 16.974209 20.637989 22.492432 20.637989 16.974209 14.018799 13.855692 16.216623 19.037731 20.321625 18.674944 15.520921 12.959559 12.682709 13.968006 15.364972 15.899868 14.875891 12.957952 11.335043 11.205009 11.676206 12.062604 12.160242 11.724508 10.858956 10.004004,
 3.982602 4.117743 4.187743 4.131417 3.981679 3.800570 3.604311 4.647389 4.996046 5.247397 5.261376 4.998796 4.560631 4.121157 5.137948 5.779054 6.379474 6.621340 6.240316 5.462472 4.730984 5.159253 5.991789 6.883811 7.316695 6.883811 5.991789 5.159253 4.730984 5.462472 6.240316 6.621340 6.379474 5.779055 5.137947 4.121156 4.560630 4.998796 5.261376 5.247396 4.996046 4.647388 3.604311 3.800570 3.981679 4.131417 4.187744 4.117743 3.982602,

Pairwise cross-correlations of the modulus of all oriented sub-bands at the same scale (size QxQ)
 1.684396 3.232510 4.578123 3.079833 3.232510 29.188656 38.150787 10.424541 4.578123 38.150787 85.928337 37.570263 3.079833 10.424541 37.570263 28.196888,
 1.442492 1.905920 2.636606 1.885685 1.905920 16.461021 21.885769 6.098243 2.636606 21.885769 50.788956 21.821671 1.885685 6.098243 21.821671 16.061043,
 0.864656 1.011731 1.370845 0.877053 1.011731 8.274575 10.152105 2.368857 1.370845 10.152105 22.492428 9.334764 0.877053 2.368857 9.334764 7.316695,

Cross-correlations of the modulus of all oriented sub-bands with all oriented sub-bands at the coarser scale (size QxQ)
 1.238576 2.152242 3.067741 2.032257 2.202897 14.770452 19.484163 6.328662 3.435534 20.187471 38.747318 18.539135 2.181531 6.667581 19.068336 13.491693,
 0.906357 1.047369 1.376564 0.911540 1.373642 7.543078 9.445643 2.716222 2.165016 10.122005 19.089426 9.083377 1.307496 3.282011 9.117728 6.359582,

Cross-correlations of the real part of each oriented sub-band with both the real and imaginary part of all phase-doubled oriented sub-bands at the next coarser scale (Q matrices of size 1x2Q, which are computed and stored in a matrix of size Qx2Q)
 0.232583 -0.373301 -0.409348 -0.428989 -0.017614 -0.039130 0.006279 0.023289 -0.239793 -6.166272 -6.405116 -1.224550 -0.025829 -0.159217 0.053481 0.058246 -0.576723 -8.237495 -14.060002 -6.909488 -0.000567 -0.015167 0.220704 0.515088 -0.318680 -1.507522 -5.653977 -5.571288 -0.002075 0.045969 0.180443 0.393273,
 0.277136 -0.130615 -0.195161 -0.099695 0.075710 0.032446 0.035406 0.008732 -0.021552 -3.130901 -3.666269 -0.470025 0.090709 0.319424 0.302938 0.018822 -0.239642 -4.092632 -6.816494 -2.465575 0.051956 0.219786 0.209933 0.147978 -0.062415 -0.603034 -2.239453 -1.912837 0.016182 -0.038545 0.008337 0.171981,
