Low-band skewness and kurtosis
 -1.367188 4.321382,
 -1.157366 3.820506,
 -0.960929 3.288777,
 -1.238213 4.459106,
 -0.400846 1.778319,

High-band variance
 104.843231,

Skewness, kurtosis, variance, mean, maximum and minimum of the reconstructed texture
 116.000000 255.000000 240.523285 570.030640 -1.608994 4.782145

Auto-correlations of the low-frequency bands at each scale
 151.927689 139.239502 130.835129 127.711281 129.589996 136.467972 147.477478 176.884079 152.088409 129.606979 120.224510 128.600342 150.365204 175.198990 270.989014 284.256500 294.434357 298.532623 294.802094 285.879395 275.002991 339.819672 386.550537 427.513062 444.382446 427.513062 386.550507 339.819672 275.002991 285.879425 294.802063 298.532623 294.434387 284.256500 270.989014 175.198990 150.365234 128.600327 120.224487 129.606995 152.088394 176.884064 147.477478 136.467987 129.589981 127.711288 130.835159 139.239471 151.927719,
 152.124817 147.158813 145.040131 145.202728 146.202164 148.954590 153.813385 161.097565 145.582397 132.199997 127.347534 132.843231 146.484192 161.950974 208.047089 214.457275 219.637451 221.822662 219.424210 214.823364 210.174698 244.713562 272.090424 297.027679 307.591919 297.027679 272.090424 244.713531 210.174698 214.823364 219.424210 221.822693 219.637466 214.457275 208.047119 161.951004 146.484192 132.843231 127.347527 132.199997 145.582397 161.097595 153.813385 148.954559 146.202164 145.202744 145.040131 147.158829 152.124802,
 147.688522 144.189880 141.870804 140.743896 140.344208 141.413254 143.993256 155.610947 147.558273 140.400131 137.592560 140.146469 147.098038 155.095474 177.168610 180.890152 184.537231 186.689651 185.906204 183.491562 180.825699 194.830429 208.983963 222.327621 228.105759 222.327621 208.983963 194.830429 180.825684 183.491562 185.906204 186.689667 184.537247 180.890121 177.168594 155.095474 147.098038 140.146454 137.592560 140.400131 147.558273 155.610931 143.993256 141.413254 140.344208 140.743896 141.870804 144.189865 147.688538,
 13.959506 17.538649 18.264128 19.692995 25.904987 34.301476 37.716747 16.171432 16.896553 18.621023 26.003294 36.107479 40.507015 36.224216 16.532642 18.635860 26.525938 38.076458 43.259140 37.806011 28.202883 19.876318 27.331688 38.691357 44.639072 38.691357 27.331688 19.876314 28.202883 37.806011 43.259144 38.076454 26.525936 18.635859 16.532642 36.224220 40.507015 36.107475 26.003294 18.621019 16.896549 16.171429 37.716747 34.301472 25.904984 19.692991 18.264124 17.538647 13.959501,

Auto-correlations of the modulus of each oriented sub-band
 0.877498 0.974596 1.049812 1.082417 1.059635 0.988664 0.891092 0.955765 1.094669 1.203124 1.245761 1.210812 1.112891 0.980895 1.069898 1.263007 1.406085 1.465051 1.421641 1.282958 1.086524 1.108478 1.368561 1.628036 1.747893 1.628036 1.368561 1.108478 1.086524 1.282958 1.421641 1.465051 1.406085 1.263007 1.069898 0.980895 1.112891 1.210812 1.245761 1.203124 1.094669 0.955765 0.891092 0.988664 1.059635 1.082417 1.049811 0.974596 0.877498,
 14.724514 15.456632 16.398731 17.342274 17.986179 18.308144 18.453604 16.762535 18.171520 19.848421 21.176771 21.565817 21.247883 20.689175 19.381645 21.501776 23.902817 25.404497 25.032717 23.562500 22.005075 21.508930 23.763054 26.199924 27.416319 26.199923 23.763056 21.508930 22.005074 23.562498 25.032717 25.404501 23.902817 21.501780 19.381645 20.689175 21.247883 21.565819 21.176771 19.848419 18.171524 16.762533 18.453608 18.308144 17.986181 17.342274 16.398731 15.456635 14.724514,
 47.764366 49.348671 51.040974 51.739578 50.926163 49.357944 48.024021 53.984535 57.968857 62.367245 64.419914 62.439060 58.250305 54.496380 60.259995 67.205421 75.053551 78.857086 75.202904 67.535545 60.722775 63.194653 71.535896 81.063881 85.756432 81.063881 71.535896 63.194653 60.722763 67.535545 75.202904 78.857086 75.053543 67.205414 60.259991 54.496384 58.250305 62.439056 64.419899 62.367245 57.968857 53.984539 48.024017 49.357944 50.926155 51.739578 51.040974 49.348667 47.764374,
 18.296894 18.065825 17.669741 16.986816 16.052502 15.178229 14.572911 20.349367 20.870316 21.162716 20.755730 19.426386 17.789263 16.494768 21.494133 23.071096 24.582523 24.968912 23.447983 21.031628 18.967016 20.975702 23.241514 25.738228 26.986761 25.738228 23.241514 20.975702 18.967016 21.031626 23.447983 24.968912 24.582523 23.071098 21.494133 16.494768 17.789259 19.426382 20.755726 21.162716 20.870317 20.349365 14.572910 15.178226 16.052502 16.986818 17.669741 18.065826 18.296894,
 0.663491 0.845442 0.996298 1.057095 1.000715 0.853524 0.674172 0.708211 0.916452 1.083461 1.146666 1.081039 0.914919 0.711075 0.749572 1.001670 1.216666 1.303462 1.217577 1.003687 0.753954 0.775753 1.066539 1.335023 1.450659 1.335023 1.066539 0.775753 0.753954 1.003687 1.217577 1.303462 1.216666 1.001670 0.749572 0.711075 0.914919 1.081039 1.146666 1.083461 0.916452 0.708211 0.674172 0.853524 1.000715 1.057095 0.996298 0.845442 0.663491,
 8.607177 8.930267 9.294037 9.621170 9.820177 9.837772 9.715801 9.537235 10.339816 11.163543 11.666595 11.671943 11.271329 10.685675 10.654865 12.023266 13.439746 14.129851 13.702194 12.600411 11.408975 11.420494 12.978546 14.595744 15.361563 14.595746 12.978546 11.420494 11.408975 12.600411 13.702191 14.129850 13.439746 12.023266 10.654865 10.685677 11.271329 11.671943 11.666595 11.163543 10.339817 9.537235 9.715801 9.837772 9.820175 9.621170 9.294038 8.930268 8.607178,
 27.002523 27.780653 28.722223 29.089630 28.439119 27.208469 26.129051 29.205698 31.667439 34.551647 35.864197 34.371765 31.264078 28.511467 31.558098 36.126640 41.458717 44.004238 41.397247 35.937599 31.173347 32.504421 38.154594 44.749977 47.976479 44.749977 38.154594 32.504421 31.173346 35.937588 41.397243 44.004238 41.458717 36.126640 31.558100 28.511467 31.264076 34.371765 35.864197 34.551655 31.667442 29.205704 26.129045 27.208467 28.439119 29.089634 28.722225 27.780657 27.002531,
 10.401264 10.433262 10.318843 9.979617 9.441521 8.847224 8.345785 11.416319 11.938872 12.272436 12.126550 11.382579 10.279000 9.250711 12.015297 13.220010 14.321852 14.669718 13.789701 12.131999 10.560449 11.694025 13.375484 15.115312 15.931912 15.115313 13.375484 11.694024 10.560449 12.131996 13.789699 14.669720 14.321853 13.220010 12.015296 9.250711 10.279000 11.382578 12.126550 12.272438 11.938872 11.416318 8.345785 8.847223 9.441521 9.979616 10.318844 10.433264 10.401263,
 0.373989 0.501926 0.616373 0.666237 0.625113 0.514071 0.383999 0.392285 0.528963 0.646650 0.695303 0.650346 0.533183 0.395418 0.409196 0.574996 0.724628 0.787395 0.726646 0.578660 0.414972 0.425148 0.614677 0.797570 0.877845 0.797570 0.614677 0.425148 0.414972 0.578660 0.726646 0.787395 0.724628 0.574996 0.409196 0.395418 0.533183 0.650346 0.695303 0.646650 0.528963 0.392285 0.383999 0.514071 0.625113 0.666237 0.616373 0.501926 0.373989,
 4.034315 4.324182 4.646111 4.905606 5.018721 4.985898 4.859072 4.586539 5.126517 5.705476 6.075628 6.089856 5.808986 5.404893 5.244300 6.081334 6.977902 7.444107 7.208641 6.526797 5.786902 5.735826 6.673037 7.660380 8.126685 7.660380 6.673037 5.735826 5.786902 6.526796 7.208641 7.444107 6.977902 6.081334 5.244300 5.404893 5.808986 6.089856 6.075627 5.705476 5.126517 4.586539 4.859071 4.985898 5.018721 4.905606 4.646111 4.324181 4.034315,
 10.410574 11.128157 11.965305 12.481225 12.331305 11.779764 11.301457 11.555004 13.098906 14.866523 15.813915 15.234155 13.760822 12.466718 12.891522 15.509808 18.524294 20.031860 18.770088 15.950677 13.491481 13.712642 16.802561 20.399479 22.145069 20.399479 16.802561 13.712644 13.491482 15.950674 18.770088 20.031857 18.524294 15.509808 12.891523 12.466717 13.760822 15.234153 15.813915 14.866521 13.098906 11.555003 11.301457 11.779762 12.331305 12.481224 11.965304 11.128157 10.410574,
 4.033029 4.197493 4.297878 4.285401 4.164133 3.968065 3.747895 4.506830 4.894662 5.202563 5.276063 5.037634 4.571635 4.095416 4.833188 5.542055 6.229030 6.527039 6.144255 5.305083 4.508798 4.821877 5.733980 6.706421 7.172288 6.706420 5.733980 4.821877 4.508799 5.305083 6.144255 6.527040 6.229030 5.542055 4.833188 4.095416 4.571635 5.037634 5.276062 5.202563 4.894662 4.506830 3.747895 3.968065 4.164133 4.285401 4.297878 4.197493 4.033029,

Pairwise cross-correlations of the modulus of all oriented sub-bands at the same scale (size QxQ)
 1.747893 3.072205 4.288445 3.113528 3.072205 27.416306 37.526188 10.440069 4.288445 37.526188 85.756416 36.393753 3.113528 10.440069 36.393753 26.986761,
 1.450659 1.840742 2.550139 1.843405 1.840742 15.361563 20.443016 5.195205 2.550139 20.443016 47.976482 20.630033 1.843405 5.195205 20.630033 15.931911,
 0.877845 1.100305 1.521629 0.984013 1.100305 8.126685 10.290698 2.617211 1.521629 10.290698 22.145067 9.178141 0.984013 2.617211 9.178141 7.172288,

Cross-correlations of the modulus of all oriented sub-bands with all oriented sub-bands at the coarser scale (size QxQ)
 1.278005 1.960230 2.835872 1.988340 2.272640 13.341674 18.608471 6.366047 3.417736 18.265167 37.105202 18.338139 2.185067 5.588409 17.526836 13.268282,
 0.909234 1.141577 1.532202 1.031800 1.295545 6.473036 8.568725 2.720970 1.871841 8.835534 16.996161 8.245857 1.158306 2.807534 8.309946 6.266885,

Cross-correlations of the real part of each oriented sub-band with both the real and imaginary part of all phase-doubled oriented sub-bands at the next coarser scale (Q matrices of size 1x2Q, which are computed and stored in a matrix of size Qx2Q)
 0.142138 -0.465311 -0.377231 -0.441568 0.009086 -0.019856 0.002613 -0.022776 -0.387081 -5.101991 -5.623986 -1.341130 -0.001290 -0.172039 -0.243852 -0.061433 -0.617941 -6.537672 -14.037298 -7.447048 -0.001397 -0.165258 -0.417693 -0.185415 -0.359743 -1.310743 -6.206734 -5.873931 0.010316 -0.013318 -0.040670 -0.099691,
 0.204513 -0.165305 -0.169377 -0.158491 -0.025322 -0.030311 -0.010722 0.010290 -0.114672 -2.227341 -2.036567 -0.399016 -0.024453 -0.570890 -0.500906 -0.022452 -0.247308 -2.719621 -4.668503 -2.661859 -0.025977 -0.741160 -0.708068 0.143211 -0.088230 -0.457054 -2.102050 -2.242657 -0.026843 -0.144941 0.003833 0.177951,
