Low-band skewness and kurtosis
 -1.532913 4.795189,
 -1.369450 4.325039,
 -1.166331 3.509402,
 -1.392867 4.282664,
 -0.693335 2.052888,

High-band variance
 99.380035,

Skewness, kurtosis, variance, mean, maximum and minimum of the reconstructed texture
 114.000000 255.000000 240.570068 625.082275 -1.722794 5.153641

Auto-correlations of the low-frequency bands at each scale
 253.550339 234.404007 220.186356 214.048752 216.754120 227.212952 241.238297 283.715088 255.111420 226.148270 213.779449 224.684448 250.533737 275.470062 337.537659 355.829163 370.289368 376.877869 372.637970 360.548248 346.283905 380.560486 434.152588 484.941132 506.470886 484.941132 434.152588 380.560486 346.283905 360.548248 372.637939 376.877838 370.289368 355.829132 337.537659 275.470032 250.533707 224.684448 213.779449 226.148285 255.111374 283.715118 241.238266 227.212952 216.754135 214.048752 220.186356 234.404007 253.550385,
 233.042664 224.104736 219.923187 220.588135 224.308334 230.689072 237.992432 255.175797 238.102631 220.970154 213.723206 219.846161 235.216888 250.507141 288.309448 297.525726 303.904907 305.425323 300.730774 293.257568 286.737000 308.858521 338.914337 368.618866 381.590668 368.618866 338.914337 308.858551 286.737000 293.257568 300.730774 305.425323 303.904907 297.525726 288.309448 250.507095 235.216888 219.846161 213.723206 220.970139 238.102600 255.175797 237.992401 230.689041 224.308365 220.588165 219.923187 224.104782 233.042709,
 217.733047 212.833267 210.409576 210.773911 212.916840 216.658539 220.927628 233.319626 226.255310 219.858383 218.455475 222.919708 230.907578 237.803268 255.265121 261.145233 266.075439 268.488922 267.179230 264.008057 260.832306 270.907013 285.774475 300.677856 307.298462 300.677856 285.774445 270.907013 260.832306 264.008026 267.179260 268.488892 266.075439 261.145233 255.265121 237.803268 230.907562 222.919708 218.455475 219.858353 226.255310 233.319580 220.927643 216.658539 212.916840 210.773895 210.409576 212.833252 217.733032,
 7.366118 12.736287 14.138009 15.732355 23.922937 34.677540 37.826923 12.903536 14.530541 15.659632 23.848232 36.198391 40.872437 35.032452 15.264047 16.549082 24.307362 37.815636 43.848446 36.810677 26.548679 18.645327 25.269552 38.092575 45.400074 38.092575 25.269554 18.645323 26.548683 36.810673 43.848446 37.815636 24.307362 16.549086 15.264050 35.032455 40.872437 36.198387 23.848234 15.659628 14.530544 12.903536 37.826923 34.677540 23.922939 15.732354 14.138009 12.736290 7.366116,

Auto-correlations of the modulus of each oriented sub-band
 1.145895 1.267271 1.373837 1.441975 1.450052 1.398442 1.304216 1.251550 1.434327 1.579841 1.650137 1.635782 1.542924 1.388923 1.382839 1.631631 1.822406 1.912140 1.871537 1.704536 1.461244 1.463602 1.789306 2.101792 2.243026 2.101792 1.789306 1.463602 1.461244 1.704536 1.871537 1.912139 1.822406 1.631631 1.382838 1.388923 1.542924 1.635782 1.650137 1.579841 1.434327 1.251550 1.304216 1.398442 1.450051 1.441975 1.373837 1.267271 1.145895,
 21.257355 22.077335 23.162292 24.301809 25.169270 25.664297 25.815027 23.031996 24.673798 26.570412 28.087925 28.620630 28.328503 27.578836 25.419651 27.896290 30.561232 32.213688 31.873661 30.262289 28.346819 27.527403 30.191202 32.872299 34.166744 32.872295 30.191202 27.527401 28.346819 30.262283 31.873665 32.213688 30.561222 27.896286 25.419651 27.578831 28.328501 28.620630 28.087925 26.570408 24.673798 23.032000 25.815025 25.664297 25.169273 24.301809 23.162292 22.077339 21.257355,
 55.671413 56.729343 57.985489 58.650295 58.215179 57.127750 56.050072 59.262444 62.526840 66.261955 68.134636 66.585709 63.149296 60.021534 63.108551 68.938324 75.752487 79.183517 76.024948 69.447525 63.752113 65.071480 72.048820 80.315712 84.506294 80.315712 72.048820 65.071480 63.752102 69.447525 76.024956 79.183510 75.752487 68.938316 63.108543 60.021534 63.149296 66.585716 68.134651 66.261948 62.526840 59.262444 56.050072 57.127762 58.215191 58.650295 57.985477 56.729343 55.671413,
 24.814016 24.442495 23.805408 22.866016 21.697462 20.639257 19.910847 26.469358 27.063936 27.255081 26.639936 25.037943 23.104193 21.547174 26.981956 28.861366 30.492548 30.801348 29.035336 26.259661 23.822390 25.954176 28.617128 31.413485 32.773144 31.413479 28.617128 25.954176 23.822386 26.259655 29.035336 30.801348 30.492542 28.861370 26.981956 21.547174 23.104187 25.037943 26.639936 27.255075 27.063936 26.469358 19.910841 20.639254 21.697462 22.866013 23.805403 24.442495 24.814020,
 0.784380 0.983683 1.160851 1.249241 1.214568 1.077363 0.893720 0.851811 1.084998 1.283905 1.376345 1.326040 1.154441 0.927870 0.916485 1.198493 1.446420 1.557916 1.474583 1.238495 0.954030 0.963275 1.291708 1.593462 1.722818 1.593463 1.291708 0.963275 0.954030 1.238495 1.474583 1.557916 1.446420 1.198493 0.916485 0.927870 1.154441 1.326040 1.376345 1.283905 1.084998 0.851811 0.893720 1.077363 1.214568 1.249241 1.160851 0.983683 0.784380,
 11.463645 11.896651 12.416915 12.935749 13.305201 13.431891 13.339449 12.299596 13.216300 14.232111 14.987125 15.198292 14.888543 14.265661 13.407442 14.909964 16.520227 17.431419 17.127651 16.017082 14.711260 14.371001 16.076468 17.825085 18.654932 17.825085 16.076468 14.371000 14.711262 16.017078 17.127647 17.431421 16.520231 14.909964 13.407440 14.265661 14.888543 15.198292 14.987126 14.232114 13.216299 12.299593 13.339450 13.431889 13.305199 12.935750 12.416917 11.896651 11.463645,
 32.048649 32.967171 33.732891 34.004227 33.560505 32.714146 31.930233 33.805187 36.187363 38.565205 39.659199 38.615067 36.308193 34.148327 35.711578 39.840233 44.271156 46.403282 44.421143 40.106255 36.140701 36.771507 41.673836 47.088818 49.708775 47.088818 41.673836 36.771507 36.140701 40.106247 44.421143 46.403286 44.271160 39.840229 35.711578 34.148331 36.308186 38.615070 39.659203 38.565205 36.187363 33.805183 31.930237 32.714146 33.560505 34.004227 33.732891 32.967171 32.048649,
 15.562135 15.631817 15.319972 14.703094 13.956603 13.234074 12.607662 16.614744 17.279121 17.456547 17.025980 16.032888 14.760934 13.591144 16.985373 18.412365 19.495333 19.663263 18.567308 16.734123 14.992428 16.347483 18.243246 20.093739 20.947729 20.093739 18.243248 16.347483 14.992431 16.734123 18.567307 19.663263 19.495333 18.412365 16.985373 13.591144 14.760932 16.032888 17.025980 17.456547 17.279123 16.614742 12.607664 13.234074 13.956604 14.703094 15.319974 15.631820 15.562135,
 0.384212 0.508933 0.622805 0.678407 0.650052 0.553270 0.432352 0.396979 0.542766 0.675620 0.739326 0.704243 0.589949 0.449384 0.417448 0.596245 0.768693 0.849676 0.792050 0.635241 0.459557 0.453040 0.661402 0.867025 0.958230 0.867025 0.661402 0.453040 0.459557 0.635241 0.792050 0.849676 0.768693 0.596245 0.417448 0.449384 0.589949 0.704243 0.739326 0.675620 0.542766 0.396979 0.432352 0.553270 0.650052 0.678407 0.622805 0.508933 0.384212,
 4.992363 5.276873 5.537371 5.738534 5.840701 5.803543 5.621322 5.535544 6.044490 6.554680 6.862520 6.874773 6.623322 6.186397 6.175364 7.024749 7.899492 8.317248 8.061953 7.394773 6.618300 6.621315 7.603631 8.607583 9.080684 8.607583 7.603631 6.621315 6.618300 7.394773 8.061953 8.317248 7.899492 7.024749 6.175364 6.186397 6.623322 6.874774 6.862520 6.554681 6.044489 5.535544 5.621322 5.803543 5.840702 5.738533 5.537371 5.276872 4.992363,
 14.888049 15.427721 15.790425 15.761302 15.169255 14.327312 13.690681 15.784660 16.877794 17.940845 18.275454 17.396856 15.945263 14.823136 16.531796 18.412298 20.527164 21.443989 20.177151 17.839331 15.958710 16.653168 18.935871 21.682011 23.055454 21.682011 18.935869 16.653168 15.958709 17.839331 20.177153 21.443989 20.527163 18.412298 16.531797 14.823133 15.945263 17.396856 18.275454 17.940845 16.877792 15.784661 13.690681 14.327312 15.169255 15.761302 15.790425 15.427718 14.888049,
 6.545778 6.692015 6.682722 6.477769 6.137714 5.776316 5.492635 6.902269 7.358689 7.644213 7.553633 7.064829 6.400043 5.867867 7.067681 7.868718 8.613909 8.829905 8.249468 7.237581 6.392746 6.879760 7.861577 8.962256 9.494053 8.962256 7.861575 6.879760 6.392746 7.237581 8.249468 8.829905 8.613908 7.868717 7.067683 5.867867 6.400043 7.064830 7.553632 7.644213 7.358689 6.902270 5.492634 5.776317 6.137714 6.477769 6.682722 6.692015 6.545779,

Pairwise cross-correlations of the modulus of all oriented sub-bands at the same scale (size QxQ)
 2.243026 4.430764 5.631898 3.890429 4.430764 34.166744 39.924526 8.635840 5.631898 39.924526 84.506264 37.848629 3.890429 8.635840 37.848629 32.773151,
 1.722817 2.490535 3.427727 2.407904 2.490535 18.654932 21.668106 3.952891 3.427727 21.668106 49.708778 23.144421 2.407904 3.952891 23.144421 20.947725,
 0.958230 1.357243 1.816588 1.158112 1.357243 9.080682 10.110921 1.929836 1.816588 10.110921 23.055450 10.913010 1.158112 1.929836 10.913010 9.494050,

Cross-correlations of the modulus of all oriented sub-bands with all oriented sub-bands at the coarser scale (size QxQ)
 1.557708 2.711466 3.818639 2.518475 2.982625 17.272682 21.626207 5.468333 4.155296 20.208384 41.808243 21.368683 2.634612 4.609069 20.699913 18.040892,
 0.992458 1.455763 1.949959 1.251062 1.707939 8.710476 9.630523 2.006964 2.612841 10.504796 20.933491 10.232391 1.414692 2.425256 11.400823 9.215280,

Cross-correlations of the real part of each oriented sub-band with both the real and imaginary part of all phase-doubled oriented sub-bands at the next coarser scale (Q matrices of size 1x2Q, which are computed and stored in a matrix of size Qx2Q)
 0.031842 -0.724851 -0.663917 -0.708297 -0.014224 -0.037274 -0.005829 -0.011919 -0.680495 -5.124253 -4.370563 -0.748944 -0.035823 -0.075941 -0.026055 -0.039473 -0.902430 -4.986791 -9.143936 -5.771242 -0.014395 -0.061649 -0.272960 -0.156838 -0.650662 -0.732998 -4.746708 -6.035257 -0.000738 -0.041996 -0.176782 -0.111454,
 0.197379 -0.302696 -0.231767 -0.180116 -0.027962 -0.045190 -0.043682 0.019604 -0.251609 -2.187248 -2.029784 -0.278552 -0.030093 -0.519322 -0.302250 0.015914 -0.344035 -2.187168 -4.401764 -1.902528 -0.019644 -0.496819 -0.125231 -0.065466 -0.120064 -0.338636 -1.985056 -1.827955 -0.021662 -0.036418 -0.018642 -0.056803,
