Low-band skewness and kurtosis
 -1.519404 4.752712,
 -1.337912 4.269137,
 -1.134602 3.700074,
 -1.505504 4.623079,
 -0.672113 2.106321,

High-band variance
 100.134537,

Skewness, kurtosis, variance, mean, maximum and minimum of the reconstructed texture
 110.000000 255.000000 240.537582 623.048828 -1.709481 5.103617

Auto-correlations of the low-frequency bands at each scale
 239.606476 224.577026 213.401733 208.681976 211.212753 221.507843 238.724854 278.033142 250.075577 222.799225 210.735825 221.208939 248.738113 278.692657 340.955109 356.300903 369.150452 374.888123 370.749268 358.997955 342.525177 376.865387 432.652771 482.987427 503.895569 482.987427 432.652771 376.865387 342.525116 358.997925 370.749268 374.888123 369.150452 356.300903 340.955078 278.692657 248.738098 221.208939 210.735825 222.799225 250.075577 278.033142 238.724854 221.507828 211.212738 208.682022 213.401764 224.576996 239.606445,
 238.187332 228.558273 221.800751 219.034698 219.515610 224.166687 233.014984 252.185272 232.339432 214.431824 207.061554 213.898163 232.207245 252.694473 283.555389 291.576599 298.787903 301.864014 298.930328 292.682922 285.022003 302.922089 336.559967 367.763031 380.996368 367.763031 336.559967 302.922089 285.022003 292.682983 298.930298 301.864014 298.787903 291.576599 283.555389 252.694443 232.207245 213.898163 207.061584 214.431824 232.339432 252.185242 233.014999 224.166641 219.515610 219.034668 221.800720 228.558273 238.187332,
 226.929001 223.146622 220.489624 219.126251 218.324295 218.866043 221.287094 241.368484 234.260406 226.927963 223.130798 224.466110 230.284363 236.944138 258.883484 262.472168 265.464783 266.236664 263.731995 259.730682 255.337631 266.595276 281.287872 295.523438 301.765839 295.523438 281.287872 266.595276 255.337631 259.730682 263.731964 266.236694 265.464783 262.472137 258.883484 236.944092 230.284363 224.466141 223.130798 226.927963 234.260361 241.368484 221.287094 218.866028 218.324295 219.126251 220.489609 223.146667 226.929001,
 4.499399 11.334200 17.810221 25.223728 34.965038 44.452602 48.545628 11.958507 18.020756 25.131781 35.654484 46.632309 51.570908 48.039143 18.573118 25.646395 36.664314 49.120667 54.614437 49.616455 39.127518 27.176004 37.949879 50.290936 56.203018 50.290943 37.949883 27.176008 39.127518 49.616455 54.614437 49.120667 36.664314 25.646400 18.573118 48.039143 51.570904 46.632305 35.654484 25.131786 18.020763 11.958508 48.545631 44.452602 34.965034 25.223724 17.810221 11.334200 4.499402,

Auto-correlations of the modulus of each oriented sub-band
 1.201080 1.293005 1.353858 1.363650 1.313674 1.219796 1.102371 1.263937 1.409036 1.508549 1.531537 1.471681 1.344236 1.187467 1.346379 1.563824 1.707882 1.747894 1.685918 1.529571 1.306749 1.346033 1.631943 1.930430 2.073404 1.930430 1.631943 1.346033 1.306750 1.529571 1.685918 1.747894 1.707882 1.563824 1.346378 1.187467 1.344236 1.471681 1.531537 1.508549 1.409036 1.263937 1.102371 1.219796 1.313674 1.363650 1.353858 1.293005 1.201080,
 22.198278 22.889433 23.786318 24.737373 25.454983 25.913279 26.180542 23.817154 25.241087 26.943537 28.353428 28.874556 28.713142 28.214891 26.082527 28.286577 30.761108 32.369110 32.108635 30.711979 29.080614 28.197155 30.578360 33.052650 34.282970 33.052650 30.578360 28.197155 29.080618 30.711975 32.108627 32.369110 30.761112 28.286581 26.082531 28.214890 28.713142 28.874554 28.353428 26.943531 25.241083 23.817154 26.180542 25.913279 25.454983 24.737373 23.786314 22.889435 22.198275,
 56.092068 57.237743 58.565884 59.202377 58.452877 56.902573 55.609867 59.717018 62.901939 66.605965 68.418182 66.506287 62.577339 59.259262 63.167316 68.891891 75.711975 79.112625 75.622856 68.656364 62.865284 64.513855 71.469559 79.920631 84.255997 79.920631 71.469551 64.513855 62.865284 68.656372 75.622864 79.112625 75.711975 68.891891 63.167313 59.259254 62.577347 66.506287 68.418175 66.605957 62.901936 59.717022 55.609875 56.902580 58.452873 59.202377 58.565884 57.237743 56.092068,
 25.615034 25.493484 25.042212 24.189545 23.005650 21.869453 21.001867 27.453831 28.134186 28.368498 27.793066 26.237892 24.382965 22.843380 28.275127 30.017555 31.466228 31.718866 30.058233 27.532188 25.277395 27.434450 29.859083 32.346943 33.582401 32.346943 29.859089 27.434454 25.277391 27.532183 30.058231 31.718866 31.466225 30.017555 28.275127 22.843378 24.382965 26.237888 27.793066 28.368500 28.134190 27.453829 21.001869 21.869450 23.005644 24.189545 25.042208 25.493488 25.615036,
 0.882693 1.061298 1.198409 1.242166 1.170494 1.009099 0.815232 0.915564 1.122353 1.282162 1.338153 1.266752 1.091912 0.873851 0.949863 1.213926 1.436579 1.523040 1.429266 1.201842 0.934706 0.970248 1.280687 1.567024 1.690416 1.567024 1.280687 0.970248 0.934706 1.201842 1.429266 1.523040 1.436579 1.213926 0.949863 0.873851 1.091912 1.266752 1.338153 1.282162 1.122353 0.915564 0.815232 1.009099 1.170494 1.242166 1.198409 1.061298 0.882693,
 14.615961 14.992513 15.424779 15.840221 16.116419 16.163591 15.987111 15.371320 16.245461 17.204906 17.933945 18.192099 17.957098 17.359510 16.561764 18.051094 19.598045 20.510887 20.344074 19.369747 18.078571 17.706020 19.422562 21.057966 21.797607 21.057966 19.422558 17.706020 18.078571 19.369745 20.344072 20.510887 19.598045 18.051094 16.561764 17.359510 17.957094 18.192095 17.933947 17.204910 16.245461 15.371318 15.987111 16.163591 16.116419 15.840221 15.424779 14.992513 14.615960,
 33.497738 34.674519 35.806801 36.253059 35.612877 34.412453 33.424366 35.826351 38.321404 40.929588 42.036377 40.597675 37.764240 35.357822 38.116531 42.340149 46.993050 49.107807 46.661968 41.780224 37.581028 38.850605 43.922558 49.730377 52.576778 49.730377 43.922558 38.850609 37.581028 41.780224 46.661968 49.107811 46.993046 42.340149 38.116535 35.357819 37.764233 40.597675 42.036377 40.929588 38.321404 35.826351 33.424358 34.412449 35.612881 36.253063 35.806801 34.674519 33.497742,
 15.549639 15.713828 15.614228 15.235325 14.693112 14.172145 13.777659 16.714952 17.409027 17.699352 17.409063 16.573105 15.510299 14.581000 17.408379 18.797796 19.844408 20.022327 19.046080 17.404924 15.832504 17.030893 18.836401 20.552814 21.329180 20.552816 18.836401 17.030893 15.832503 17.404924 19.046076 20.022327 19.844410 18.797796 17.408379 14.581000 15.510301 16.573105 17.409063 17.699354 17.409027 16.714952 13.777659 14.172145 14.693111 15.235327 15.614229 15.713829 15.549639,
 0.438744 0.582794 0.701910 0.740936 0.677970 0.543313 0.394967 0.447473 0.601971 0.730717 0.776983 0.717039 0.578633 0.421260 0.457747 0.636972 0.798873 0.865249 0.794562 0.627143 0.444761 0.465663 0.671036 0.870566 0.958465 0.870566 0.671036 0.465663 0.444761 0.627143 0.794562 0.865248 0.798873 0.636972 0.457747 0.421260 0.578633 0.717039 0.776983 0.730717 0.601971 0.447473 0.394967 0.543313 0.677970 0.740936 0.701910 0.582794 0.438744,
 5.111191 5.259854 5.454436 5.672534 5.865441 5.973555 5.986301 5.420586 5.819046 6.291412 6.670260 6.849621 6.802526 6.580426 5.946202 6.666419 7.467923 7.942727 7.869390 7.415388 6.830880 6.539364 7.362439 8.210380 8.609196 8.210380 7.362439 6.539364 6.830880 7.415388 7.869392 7.942727 7.467923 6.666419 5.946204 6.580425 6.802526 6.849621 6.670260 6.291412 5.819045 5.420586 5.986301 5.973555 5.865441 5.672533 5.454435 5.259853 5.111191,
 12.602622 12.935393 13.524842 13.838709 13.597132 13.226490 13.096669 13.739989 14.672912 15.953404 16.629557 16.029133 14.855078 14.020780 14.916080 16.705996 19.022669 20.239054 19.111156 16.828609 15.056841 15.486709 17.720051 20.589567 22.075436 20.589567 17.720051 15.486707 15.056843 16.828609 19.111156 20.239054 19.022669 16.705996 14.916080 14.020781 14.855077 16.029133 16.629557 15.953404 14.672910 13.739987 13.096669 13.226490 13.597132 13.838707 13.524842 12.935393 12.602621,
 6.055243 6.205013 6.236875 6.122233 5.865774 5.518573 5.144187 6.584735 7.015640 7.245483 7.161017 6.762196 6.176722 5.591798 6.945483 7.770417 8.425573 8.598559 8.105702 7.187215 6.271043 6.838223 7.892795 8.905902 9.364413 8.905902 7.892795 6.838223 6.271043 7.187215 8.105702 8.598559 8.425574 7.770418 6.945482 5.591798 6.176722 6.762196 7.161017 7.245484 7.015640 6.584734 5.144187 5.518573 5.865774 6.122233 6.236875 6.205013 6.055243,

Pairwise cross-correlations of the modulus of all oriented sub-bands at the same scale (size QxQ)
 2.073404 3.832989 5.810841 4.351552 3.832989 34.282967 40.448898 9.703867 5.810841 40.448898 84.255981 39.209961 4.351552 9.703867 39.209961 33.582397,
 1.690416 2.241987 3.375285 2.698523 2.241987 21.797613 25.157003 4.918040 3.375285 25.157003 52.576778 23.988867 2.698523 4.918040 23.988867 21.329180,
 0.958465 1.138457 1.749117 1.327704 1.138457 8.609195 9.845211 2.276933 1.749117 9.845211 22.075436 10.710252 1.327704 2.276933 10.710252 9.364412,

Cross-correlations of the modulus of all oriented sub-bands with all oriented sub-bands at the coarser scale (size QxQ)
 1.468557 2.406355 3.974893 2.942929 2.553461 18.876768 23.008904 5.803577 4.232295 22.918552 43.713127 21.986053 3.024893 5.882878 22.406477 18.934710,
 1.023450 1.295038 2.048060 1.518980 1.419948 9.268217 10.829857 2.623522 2.351838 11.174219 21.792336 11.060431 1.669776 2.982770 11.590382 9.589638,

Cross-correlations of the real part of each oriented sub-band with both the real and imaginary part of all phase-doubled oriented sub-bands at the next coarser scale (Q matrices of size 1x2Q, which are computed and stored in a matrix of size Qx2Q)
 0.138009 -0.415266 -0.510199 -0.567960 -0.005971 -0.035039 0.015331 0.022818 -0.327715 -4.346397 -3.924660 -0.776481 -0.040322 -0.194998 0.444826 0.259496 -0.673198 -4.576185 -8.563748 -4.941233 -0.030268 0.155022 2.371062 1.299219 -0.529082 -0.644844 -4.292491 -4.706123 0.009456 0.172165 1.397659 0.831853,
 0.217345 -0.152314 -0.210197 -0.229849 -0.019674 0.027966 -0.045704 0.004483 -0.093515 -1.777116 -1.617959 -0.230270 -0.003229 0.210639 -0.149042 -0.077492 -0.283011 -1.816744 -3.310120 -1.920220 0.003901 0.057536 -0.868738 -0.669450 -0.164680 -0.223900 -1.609524 -1.996168 -0.003342 -0.088659 -0.692541 -0.544631,
