Low-band skewness and kurtosis
 -1.473867 4.658257,
 -1.270085 4.047098,
 -1.094438 3.496348,
 -1.345867 4.523570,
 -0.424729 1.754366,

High-band variance
 104.149643,

Skewness, kurtosis, variance, mean, maximum and minimum of the reconstructed texture
 114.000000 255.000000 240.582779 598.506775 -1.693470 5.112825

Auto-correlations of the low-frequency bands at each scale
 194.784866 183.106232 176.193802 174.562637 177.527969 185.183868 197.010361 231.650818 206.102753 182.402786 172.650452 182.143906 206.047806 232.436951 312.839996 325.469574 335.421997 339.373840 335.157654 325.249603 312.596436 362.320282 411.684357 455.746857 474.024017 455.746857 411.684357 362.320282 312.596436 325.249603 335.157684 339.373871 335.421997 325.469635 312.839996 232.436920 206.047775 182.143875 172.650421 182.402756 206.102753 231.650864 197.010330 185.183868 177.527985 174.562637 176.193787 183.106247 194.784866,
 178.778778 173.414886 171.724045 172.900635 175.342911 180.014297 187.198380 200.562408 186.186707 174.149933 170.812317 177.912659 193.165787 209.932617 248.848099 256.917389 263.504211 266.586304 264.273865 258.802948 252.394974 279.001740 308.828705 335.516113 346.722321 335.516174 308.828735 279.001740 252.394974 258.802948 264.273865 266.586304 263.504242 256.917450 248.848099 209.932617 193.165787 177.912628 170.812302 174.149948 186.186752 200.562408 187.198380 180.014252 175.342911 172.900620 171.724075 173.414917 178.778809,
 169.899490 165.390289 162.782928 161.831406 161.764633 163.505310 167.488754 181.891785 173.721451 166.986420 165.388550 169.939453 179.443024 189.819290 208.206268 214.264221 220.424164 224.659027 225.094070 222.843552 218.974274 230.136871 248.522095 265.165283 272.215179 265.165283 248.522095 230.136871 218.974289 222.843552 225.094070 224.658997 220.424133 214.264221 208.206253 189.819290 179.443024 169.939453 165.388550 166.986389 173.721451 181.891769 167.488754 163.505280 161.764633 161.831406 162.782913 165.390320 169.899475,
 10.572789 14.097193 14.627222 17.128656 26.253569 38.082695 43.640820 14.739152 15.459291 17.672024 27.337582 40.583111 46.758743 42.018581 16.951399 19.044970 28.589474 42.947533 49.685452 43.309647 31.799978 21.544724 30.129797 43.873405 51.087265 43.873405 30.129797 21.544724 31.799978 43.309647 49.685459 42.947533 28.589474 19.044970 16.951397 42.018581 46.758739 40.583111 27.337585 17.672028 15.459291 14.739154 43.640820 38.082695 26.253569 17.128656 14.627222 14.097189 10.572787,

Auto-correlations of the modulus of each oriented sub-band
 1.026494 1.135830 1.218510 1.252551 1.229003 1.158100 1.059089 1.118968 1.260376 1.371395 1.420610 1.389477 1.286366 1.145523 1.221780 1.426196 1.575483 1.630713 1.579977 1.437384 1.239860 1.259199 1.528222 1.797724 1.922169 1.797724 1.528222 1.259199 1.239860 1.437384 1.579978 1.630713 1.575482 1.426196 1.221780 1.145523 1.286366 1.389477 1.420611 1.371395 1.260376 1.118968 1.059089 1.158101 1.229003 1.252551 1.218510 1.135830 1.026494,
 15.807049 16.561878 17.577623 18.659542 19.530170 20.131676 20.541779 17.848408 19.322119 21.109905 22.596664 23.230944 23.158962 22.763788 20.562618 22.777206 25.292000 26.912989 26.717739 25.371412 23.823816 22.959743 25.297228 27.765112 28.968288 27.765108 25.297228 22.959743 23.823816 25.371408 26.717745 26.912989 25.292000 22.777206 20.562616 22.763788 23.158960 23.230944 22.596664 21.109905 19.322121 17.848408 20.541777 20.131676 19.530174 18.659542 17.577623 16.561878 15.807050,
 50.571701 51.669239 53.086239 53.902294 53.448334 52.258999 51.240322 56.202057 59.384235 63.332279 65.430046 63.724949 59.941845 56.729855 61.578754 67.409660 74.641762 78.399765 74.929916 67.782326 61.884762 63.949894 71.103981 79.983185 84.553917 79.983192 71.103989 63.949894 61.884762 67.782326 74.929909 78.399765 74.641762 67.409660 61.578747 56.729851 59.941845 63.724941 65.430031 63.332279 59.384228 56.202049 51.240318 52.258999 53.448330 53.902302 53.086235 51.669247 50.571693,
 21.752535 21.555277 21.121977 20.404371 19.453983 18.589027 17.977058 23.800358 24.333134 24.554039 24.104321 22.773932 21.179762 19.908621 24.940969 26.475615 27.871799 28.211288 26.706133 24.377134 22.379349 24.400801 26.582615 28.957022 30.172770 28.957020 26.582617 24.400801 22.379347 24.377136 26.706133 28.211288 27.871796 26.475615 24.940968 19.908621 21.179762 22.773932 24.104321 24.554039 24.333134 23.800356 17.977058 18.589029 19.453987 20.404371 21.121977 21.555279 21.752535,
 0.718294 0.901961 1.058807 1.127548 1.076633 0.930492 0.749918 0.778103 0.985178 1.157653 1.230426 1.171240 1.004360 0.795832 0.836738 1.086565 1.304991 1.396578 1.311458 1.094795 0.842833 0.865741 1.152951 1.423884 1.542287 1.423884 1.152951 0.865741 0.842833 1.094795 1.311458 1.396579 1.304991 1.086565 0.836738 0.795832 1.004360 1.171240 1.230426 1.157653 0.985178 0.778103 0.749918 0.930492 1.076633 1.127548 1.058807 0.901961 0.718294,
 9.133134 9.460203 9.985784 10.592208 11.075994 11.308671 11.288877 9.995399 10.834687 11.836451 12.661019 13.007104 12.827209 12.295034 11.274254 12.734411 14.279044 15.188557 15.010204 14.040258 12.820485 12.421518 14.084324 15.726078 16.479317 15.726078 14.084324 12.421518 12.820485 14.040260 15.010204 15.188557 14.279044 12.734411 11.274254 12.295037 12.827209 13.007103 12.661019 11.836451 10.834687 9.995398 11.288877 11.308671 11.075994 10.592206 9.985784 9.460203 9.133133,
 28.888569 29.277962 29.968115 30.440605 30.135923 29.292240 28.494556 30.912441 33.047649 35.597694 36.889664 35.761192 33.209747 30.940821 33.108341 37.361668 42.343266 44.777367 42.457027 37.556755 33.338379 34.242966 39.461174 45.629860 48.681793 45.629860 39.461174 34.242966 33.338375 37.556755 42.457027 44.777367 42.343266 37.361660 33.108341 30.940821 33.209747 35.761196 36.889664 35.597694 33.047649 30.912439 28.494556 29.292242 30.135925 30.440605 29.968115 29.277964 28.888569,
 12.346184 12.398700 12.247608 11.859760 11.302763 10.739466 10.302733 13.456499 14.011806 14.257671 14.029837 13.308232 12.318799 11.409843 14.139355 15.345408 16.316586 16.570065 15.772189 14.294528 12.840617 13.930454 15.550423 17.118734 17.832386 17.118736 15.550423 13.930454 12.840615 14.294528 15.772189 16.570065 16.316587 15.345407 14.139355 11.409843 12.318799 13.308232 14.029834 14.257672 14.011807 13.456499 10.302732 10.739465 11.302761 11.859760 12.247607 12.398700 12.346187,
 0.408559 0.557336 0.686152 0.741143 0.696904 0.577040 0.433779 0.434318 0.595926 0.732563 0.789959 0.743670 0.615431 0.458114 0.475635 0.667459 0.836209 0.905250 0.839308 0.677116 0.491285 0.511832 0.727138 0.928626 1.015848 0.928626 0.727138 0.511832 0.491285 0.677116 0.839308 0.905250 0.836209 0.667459 0.475635 0.458114 0.615431 0.743670 0.789959 0.732563 0.595926 0.434318 0.433779 0.577040 0.696904 0.741143 0.686152 0.557336 0.408559,
 5.537677 5.761315 6.031541 6.304854 6.507107 6.600683 6.612396 6.173752 6.763761 7.376969 7.814567 7.960840 7.816365 7.495729 7.090407 8.048553 9.032712 9.570058 9.420712 8.795538 8.031119 7.874269 8.920878 9.956176 10.431657 9.956176 8.920878 7.874269 8.031120 8.795539 9.420713 9.570058 9.032712 8.048553 7.090407 7.495730 7.816365 7.960840 7.814567 7.376969 6.763761 6.173752 6.612395 6.600683 6.507106 6.304855 6.031541 5.761315 5.537676,
 13.672657 14.169416 14.958432 15.537266 15.502368 15.046683 14.598465 14.693121 16.107357 18.031561 19.165619 18.586958 17.020657 15.661546 16.095476 18.600899 21.864391 23.620173 22.222586 19.189598 16.713730 16.977236 19.996269 23.846447 25.818518 23.846441 19.996269 16.977236 16.713730 19.189600 22.222586 23.620173 21.864391 18.600899 16.095478 15.661546 17.020655 18.586958 19.165619 18.031559 16.107357 14.693120 14.598465 15.046682 15.502367 15.537264 14.958432 14.169416 13.672656,
 5.415000 5.560154 5.552248 5.378119 5.113266 4.841818 4.629465 5.945615 6.381582 6.653893 6.620737 6.255450 5.701325 5.227318 6.332886 7.104230 7.807034 8.060623 7.593153 6.699708 5.903295 6.340472 7.281031 8.281949 8.764242 8.281949 7.281031 6.340472 5.903295 6.699708 7.593152 8.060623 7.807034 7.104230 6.332886 5.227318 5.701325 6.255450 6.620737 6.653892 6.381582 5.945615 4.629466 4.841817 5.113267 5.378119 5.552248 5.560153 5.414999,

Pairwise cross-correlations of the modulus of all oriented sub-bands at the same scale (size QxQ)
 1.922169 3.564251 5.213384 3.634666 3.564251 28.968292 37.621140 10.395588 5.213384 37.621140 84.553879 38.418911 3.634666 10.395588 38.418911 30.172781,
 1.542287 2.018323 2.974053 2.176440 2.018323 16.479315 21.230204 5.631697 2.974053 21.230204 48.681789 22.258322 2.176440 5.631697 22.258322 17.832388,
 1.015848 1.187209 1.751463 1.297151 1.187209 10.431656 12.821632 3.393647 1.751463 12.821632 25.818516 10.909896 1.297151 3.393647 10.909896 8.764243,

Cross-correlations of the modulus of all oriented sub-bands with all oriented sub-bands at the coarser scale (size QxQ)
 1.356895 2.305266 3.453839 2.297775 2.373741 14.153318 19.168900 6.433489 3.843325 18.886137 39.111912 20.361191 2.489347 6.425550 20.150126 15.307652,
 1.003497 1.198474 1.853598 1.339856 1.355338 8.022619 10.475291 3.490298 2.344473 11.059799 20.951496 11.113555 1.557735 3.729802 10.660689 8.484161,

Cross-correlations of the real part of each oriented sub-band with both the real and imaginary part of all phase-doubled oriented sub-bands at the next coarser scale (Q matrices of size 1x2Q, which are computed and stored in a matrix of size Qx2Q)
 0.202396 -0.415927 -0.404917 -0.363374 -0.026044 -0.006945 -0.030543 -0.012705 -0.327519 -5.364347 -6.051188 -1.261593 -0.006366 -0.585870 -0.946696 -0.128263 -0.560010 -6.582747 -13.490922 -6.288746 0.000498 -1.027147 -1.930278 -0.713253 -0.273669 -1.122221 -5.570938 -4.824955 0.000072 -0.230535 -0.626323 -0.522433,
 0.237477 -0.140924 -0.186994 -0.190903 0.012098 -0.013221 -0.010279 -0.001479 -0.032617 -2.587842 -2.457931 -0.469070 0.015165 -0.448629 -0.527398 -0.012694 -0.244331 -3.133700 -5.128217 -2.814051 0.025297 -0.800594 -0.647777 0.091310 -0.101164 -0.437923 -2.121288 -2.397370 0.024236 -0.172885 0.070866 0.084241,
