Low-band skewness and kurtosis
 -1.401063 4.343410,
 -1.165813 3.684253,
 -0.949570 3.035494,
 -1.167889 4.045261,
 -0.517109 1.848944,

High-band variance
 101.277718,

Skewness, kurtosis, variance, mean, maximum and minimum of the reconstructed texture
 113.000000 255.000000 240.512283 585.449768 -1.625122 4.787594

Auto-correlations of the low-frequency bands at each scale
 171.267120 159.103271 151.475800 148.978760 152.115753 161.747498 176.231262 206.765884 179.203873 155.290649 146.408722 156.669571 180.128540 204.478043 299.596161 309.974396 318.813324 322.992371 318.564301 306.296326 289.930237 352.655670 402.108551 446.070526 464.249908 446.070526 402.108582 352.655640 289.930237 306.296326 318.564301 322.992371 318.813354 309.974396 299.596161 204.478073 180.128510 156.669540 146.408722 155.290649 179.203873 206.765869 176.231293 161.747513 152.115753 148.978775 151.475830 159.103287 171.267090,
 170.903397 166.929398 165.515656 165.709808 166.930542 171.138184 178.383362 188.801605 171.415268 156.328842 150.726730 156.648605 171.226105 186.888428 235.500763 239.811646 243.692139 245.542801 242.445953 235.653885 227.773331 262.604279 291.729645 318.695404 330.178772 318.695404 291.729614 262.604218 227.773361 235.653915 242.445938 245.542755 243.692139 239.811646 235.500778 186.888443 171.226089 156.648605 150.726730 156.328873 171.415283 188.801575 178.383377 171.138199 166.930527 165.709824 165.515671 166.929428 170.903381,
 164.125870 160.986130 160.334808 161.402924 162.820175 164.951935 168.174835 174.206207 166.480469 160.250885 158.734131 162.569351 170.486526 178.808746 199.354675 203.720337 207.213684 208.741074 207.243225 204.315826 201.367447 216.010529 231.233780 245.372025 251.445618 245.372025 231.233765 216.010529 201.367447 204.315826 207.243179 208.741043 207.213715 203.720337 199.354645 178.808746 170.486496 162.569336 158.734116 160.250839 166.480453 174.206207 168.174850 164.951920 162.820206 161.402924 160.334808 160.986130 164.125885,
 12.545542 16.568262 17.726330 19.244499 24.313700 30.327917 31.605604 16.666670 17.134279 17.790390 23.322012 31.213039 34.109318 30.052120 16.911751 17.326048 23.042870 32.570766 36.739872 31.798864 24.038389 18.127098 23.356171 32.883106 38.100594 32.883106 23.356169 18.127098 24.038389 31.798868 36.739880 32.570766 23.042866 17.326050 16.911751 30.052118 34.109318 31.213036 23.322012 17.790388 17.134277 16.666670 31.605604 30.327915 24.313702 19.244499 17.726330 16.568262 12.545540,

Auto-correlations of the modulus of each oriented sub-band
 0.923291 1.040483 1.134599 1.181421 1.168905 1.106333 1.013803 1.018719 1.168153 1.289896 1.346105 1.321017 1.226643 1.092291 1.137233 1.343102 1.495522 1.557098 1.511869 1.370242 1.170009 1.186362 1.455700 1.724862 1.849350 1.724861 1.455700 1.186362 1.170009 1.370242 1.511869 1.557098 1.495522 1.343102 1.137233 1.092291 1.226643 1.321017 1.346105 1.289896 1.168153 1.018719 1.013803 1.106332 1.168906 1.181421 1.134599 1.040483 0.923291,
 14.953761 15.741588 16.862253 18.045177 18.920353 19.438526 19.720997 17.057604 18.604591 20.537819 22.115015 22.648426 22.373198 21.783321 19.729427 22.053728 24.752281 26.472256 26.112553 24.500347 22.762119 21.983568 24.469795 27.172186 28.515192 27.172186 24.469797 21.983568 22.762117 24.500341 26.112556 26.472254 24.752275 22.053728 19.729429 21.783321 22.373198 22.648426 22.115015 20.537819 18.604593 17.057604 19.720999 19.438524 18.920355 18.045177 16.862251 15.741588 14.953763,
 51.266205 52.640739 54.207474 55.007389 54.341595 52.791206 51.408829 56.657871 60.227901 64.381165 66.436470 64.484253 60.313473 56.707523 61.912838 68.285339 75.861748 79.648079 75.943077 68.360123 61.967236 64.201447 71.945602 81.272331 85.997734 81.272331 71.945618 64.201447 61.967228 68.360123 75.943085 79.648071 75.861740 68.285347 61.912834 56.707523 60.313461 64.484268 66.436470 64.381165 60.227894 56.657867 51.408829 52.791210 54.341595 55.007389 54.207474 52.640739 51.266212,
 20.456137 20.263393 19.899233 19.283413 18.429420 17.608160 17.000114 22.621990 23.144356 23.389208 22.974190 21.711025 20.161528 18.890165 23.825079 25.372606 26.775557 27.093830 25.635933 23.334345 21.312550 23.309484 25.527853 27.899147 29.072184 27.899141 25.527853 23.309484 21.312550 23.334339 25.635933 27.093834 26.775557 25.372608 23.825079 18.890163 20.161524 21.711025 22.974190 23.389202 23.144358 22.621988 17.000114 17.608158 18.429420 19.283413 19.899237 20.263393 20.456135,
 0.734502 0.920721 1.076502 1.142852 1.093095 0.952730 0.778568 0.790365 1.001542 1.174274 1.245344 1.188423 1.028698 0.826378 0.850784 1.106838 1.327209 1.420479 1.339214 1.125062 0.871286 0.890805 1.185770 1.460427 1.579504 1.460427 1.185770 0.890805 0.871286 1.125062 1.339214 1.420479 1.327209 1.106838 0.850784 0.826378 1.028698 1.188423 1.245344 1.174274 1.001542 0.790365 0.778568 0.952730 1.093095 1.142852 1.076502 0.920721 0.734502,
 8.731385 9.248948 9.831034 10.385021 10.756697 10.887599 10.863043 9.729673 10.775004 11.888736 12.666433 12.861941 12.542818 11.976048 11.066658 12.675438 14.380722 15.303920 14.964437 13.832044 12.552183 12.199393 13.942484 15.744925 16.598331 15.744926 13.942484 12.199393 12.552183 13.832044 14.964437 15.303920 14.380725 12.675436 11.066658 11.976048 12.542818 12.861939 12.666435 11.888739 10.775003 9.729673 10.863043 10.887601 10.756695 10.385019 9.831034 9.248947 8.731385,
 27.143183 28.265936 29.579756 30.473215 30.389505 29.584864 28.743731 29.888895 32.711132 35.960579 37.768795 36.775574 34.030895 31.478872 32.920235 37.713509 43.288082 46.168518 43.844315 38.599113 33.965782 34.658634 40.339279 46.960373 50.234123 46.960377 40.339279 34.658634 33.965782 38.599110 43.844307 46.168518 43.288086 37.713509 32.920235 31.478876 34.030899 36.775566 37.768799 35.960583 32.711132 29.888895 28.743731 29.584869 30.389500 30.473215 29.579756 28.265936 27.143187,
 11.837910 11.831835 11.678019 11.372432 10.970671 10.548685 10.165034 13.127541 13.637538 13.890439 13.705413 13.043124 12.095328 11.189670 13.885162 15.092067 16.099451 16.368238 15.540639 14.021239 12.539260 13.642371 15.293567 16.919304 17.665127 16.919306 15.293570 13.642371 12.539260 14.021239 15.540638 16.368238 16.099451 15.092067 13.885161 11.189670 12.095325 13.043122 13.705413 13.890439 13.637539 13.127542 10.165035 10.548685 10.970671 11.372432 11.678020 11.831835 11.837910,
 0.382365 0.521736 0.647179 0.697998 0.647470 0.524937 0.387782 0.392194 0.537913 0.670829 0.728421 0.679573 0.552488 0.407394 0.414767 0.583127 0.744028 0.815779 0.752247 0.595801 0.428853 0.437342 0.627576 0.819268 0.905499 0.819268 0.627576 0.437342 0.428853 0.595801 0.752247 0.815779 0.744028 0.583127 0.414767 0.407394 0.552489 0.679573 0.728421 0.670829 0.537913 0.392194 0.387782 0.524937 0.647470 0.697998 0.647179 0.521736 0.382365,
 3.851882 4.023371 4.261514 4.531043 4.708127 4.701205 4.533896 4.237988 4.664820 5.169968 5.543673 5.607069 5.340982 4.910926 4.747084 5.491160 6.342203 6.799704 6.575006 5.907315 5.172536 5.128761 6.013557 6.981813 7.454316 6.981813 6.013557 5.128761 5.172536 5.907314 6.575006 6.799703 6.342203 5.491160 4.747084 4.910926 5.340982 5.607069 5.543673 5.169968 4.664820 4.237988 4.533895 4.701204 4.708127 4.531042 4.261513 4.023370 3.851882,
 11.216095 11.642043 12.253903 12.710329 12.640493 12.107351 11.497232 12.415357 13.740721 15.337916 16.209833 15.612327 14.045256 12.564834 13.605591 16.053286 18.935268 20.372286 19.062273 16.188944 13.672467 14.144359 17.138288 20.667505 22.401735 20.667505 17.138288 14.144359 13.672467 16.188944 19.062273 20.372286 18.935270 16.053286 13.605591 12.564834 14.045256 15.612327 16.209833 15.337914 13.740721 12.415357 11.497232 12.107351 12.640491 12.710328 12.253903 11.642044 11.216095,
 4.816917 4.877223 4.892097 4.825054 4.669501 4.466740 4.252014 5.594944 5.885276 6.089856 6.087526 5.825220 5.373169 4.934674 6.158456 6.749619 7.300605 7.517789 7.141581 6.377886 5.681588 6.191371 6.971250 7.817135 8.233822 7.817135 6.971250 6.191371 5.681587 6.377887 7.141581 7.517789 7.300605 6.749619 6.158454 4.934674 5.373169 5.825220 6.087526 6.089856 5.885275 5.594943 4.252014 4.466740 4.669501 4.825053 4.892097 4.877223 4.816916,

Pairwise cross-correlations of the modulus of all oriented sub-bands at the same scale (size QxQ)
 1.849349 3.612709 4.700817 3.096370 3.612709 28.515192 36.669807 10.444436 4.700817 36.669807 85.997719 39.015762 3.096370 10.444436 39.015762 29.072184,
 1.579504 2.242005 2.951247 1.923222 2.242005 16.598328 20.709335 5.212987 2.951247 20.709335 50.234135 22.887619 1.923222 5.212987 22.887619 17.665129,
 0.905498 0.969542 1.424137 0.934075 0.969542 7.454316 9.303921 2.313071 1.424137 9.303921 22.401733 10.199760 0.934075 2.313071 10.199760 8.233821,

Cross-correlations of the modulus of all oriented sub-bands with all oriented sub-bands at the coarser scale (size QxQ)
 1.356521 2.329346 3.292174 2.133521 2.496708 14.488733 19.325893 6.475022 3.466769 18.217583 39.618301 20.609028 2.096192 5.531659 19.916937 15.049834,
 0.951476 1.164303 1.643495 0.950169 1.389186 6.988563 8.966782 2.776347 2.216860 9.079894 18.488523 9.913820 1.290282 2.709522 9.167979 7.400142,

Cross-correlations of the real part of each oriented sub-band with both the real and imaginary part of all phase-doubled oriented sub-bands at the next coarser scale (Q matrices of size 1x2Q, which are computed and stored in a matrix of size Qx2Q)
 0.165251 -0.604313 -0.451197 -0.368965 -0.004411 -0.002865 0.001182 -0.019974 -0.560460 -6.120482 -6.333020 -1.373832 0.018940 -0.077501 -0.182934 0.007908 -0.679125 -7.160284 -14.671970 -7.134451 0.028402 -0.247862 -0.350077 0.013005 -0.249906 -1.266768 -6.311615 -5.389790 0.011791 -0.094725 -0.044505 -0.061813,
 0.260575 -0.192507 -0.239816 -0.212395 -0.004068 0.011764 0.021920 0.021820 -0.105708 -2.462020 -2.212653 -0.346057 0.004797 0.657372 0.852643 0.119192 -0.280029 -2.742300 -4.238900 -2.933165 0.005726 1.137966 1.621808 0.520284 -0.063421 -0.371083 -1.935477 -2.831989 -0.002556 0.252708 0.440334 0.343144,
