Low-band skewness and kurtosis
 -1.997007 7.015373,
 -1.964014 7.181101,
 -2.004559 7.598951,
 -1.513282 7.154994,
 -0.872259 2.726764,

High-band variance
 90.398811,

Skewness, kurtosis, variance, mean, maximum and minimum of the reconstructed texture
 96.000000 255.000000 241.118591 702.372803 -2.064806 6.832609

Auto-correlations of the low-frequency bands at each scale
 388.165161 369.232239 355.103241 351.354156 359.407867 376.468170 394.825439 414.677338 393.663391 369.243011 358.985687 371.483704 397.105560 417.149506 450.996613 470.377991 486.407440 493.058594 486.756042 470.871613 452.178711 472.444275 522.604431 573.516846 595.746033 573.516846 522.604431 472.444275 452.178680 470.871552 486.756012 493.058594 486.407379 470.377991 450.996674 417.149475 397.105560 371.483704 358.985657 369.242981 393.663391 414.677307 394.825439 376.468170 359.407990 351.354095 355.103241 369.232239 388.165161,
 366.054199 358.934204 352.719482 349.540710 351.100372 359.173523 370.571167 389.050079 375.758057 359.829590 353.515747 362.055389 378.877960 391.333954 410.364105 418.219482 426.409821 431.702454 429.571869 420.649902 409.125519 418.655396 447.265198 478.579559 492.814056 478.579559 447.265198 418.655396 409.125519 420.649872 429.571838 431.702454 426.409882 418.219513 410.364105 391.333954 378.877930 362.055389 353.515747 359.829651 375.758057 389.050049 370.571228 359.173492 351.100342 349.540710 352.719482 358.934235 366.054169,
 322.817474 320.786591 319.293091 319.429840 320.681091 323.168243 326.082001 357.620575 352.430389 345.778595 343.382202 347.392365 355.001770 360.197906 383.529114 388.547638 393.617828 396.317749 394.410522 389.027161 381.864349 391.655060 407.777618 424.721649 432.378357 424.721649 407.777618 391.655060 381.864349 389.027161 394.410522 396.317749 393.617767 388.547638 383.529114 360.197906 355.001770 347.392365 343.382202 345.778625 352.430389 357.620575 326.081970 323.168243 320.681091 319.429840 319.293060 320.786591 322.817474,
 -19.911552 -16.944099 -7.153219 12.473170 38.083878 57.835598 61.407963 -16.066053 -6.978252 11.914324 39.070213 62.432442 68.649025 56.272106 -5.196961 12.397619 39.233021 65.166794 74.150635 61.390934 37.505959 13.872764 38.691250 64.772064 76.466934 64.772064 38.691250 13.872761 37.505959 61.390942 74.150635 65.166794 39.233025 12.397616 -5.196964 56.272106 68.649025 62.432442 39.070213 11.914321 -6.978254 -16.066055 61.407963 57.835598 38.083878 12.473173 -7.153222 -16.944098 -19.911554,

Auto-correlations of the modulus of each oriented sub-band
 1.729300 1.821309 1.886496 1.914396 1.894760 1.830071 1.729149 1.791677 1.969173 2.106137 2.163310 2.129169 2.008523 1.819602 1.885302 2.155986 2.359196 2.444699 2.381387 2.177290 1.893726 1.909651 2.253841 2.576813 2.720916 2.576813 2.253841 1.909651 1.893726 2.177290 2.381387 2.444699 2.359196 2.155987 1.885302 1.819603 2.008523 2.129169 2.163310 2.106137 1.969173 1.791677 1.729149 1.830071 1.894760 1.914397 1.886496 1.821309 1.729300,
 23.243637 23.870714 24.885626 26.223637 27.598759 28.731112 29.339495 24.606733 25.974838 27.777767 29.593428 30.828804 31.283890 30.893478 26.882744 29.051968 31.479750 33.290623 33.599236 32.659855 31.023703 29.424698 31.798456 34.012615 35.048958 34.012615 31.798462 29.424698 31.023703 32.659855 33.599239 33.290627 31.479744 29.051968 26.882744 30.893478 31.283886 30.828806 29.593428 27.777767 25.974838 24.606733 29.339497 28.731112 27.598759 26.223639 24.885626 23.870716 23.243637,
 53.367985 53.865860 54.431740 54.805630 54.713272 54.373184 54.042027 57.317371 58.994438 60.737774 61.676762 61.064529 59.610245 58.170872 61.694489 64.909203 68.269821 69.962143 68.483315 65.335999 62.320335 63.899055 67.807854 71.968292 74.040474 71.968292 67.807861 63.899055 62.320328 65.335991 68.483299 69.962143 68.269806 64.909203 61.694489 58.170879 59.610233 61.064529 61.676762 60.737766 58.994446 57.317371 54.042027 54.373184 54.713280 54.805622 54.431732 53.865871 53.367985,
 29.459368 29.098751 28.302591 27.167877 25.884384 24.764975 23.959589 31.096708 31.526215 31.320152 30.387804 28.771204 27.034130 25.648947 31.545233 33.033707 34.003876 33.888855 32.280666 30.026697 28.009666 30.328098 32.485928 34.557720 35.553673 34.557720 32.485931 30.328093 28.009666 30.026701 32.280670 33.888855 34.003876 33.033707 31.545225 25.648945 27.034124 28.771206 30.387804 31.320150 31.526215 31.096706 23.959593 24.764975 25.884390 27.167877 28.302589 29.098757 29.459364,
 1.168997 1.375534 1.535676 1.596761 1.536844 1.382306 1.187886 1.220846 1.478864 1.676662 1.747588 1.666331 1.467613 1.223979 1.262006 1.583293 1.847425 1.948530 1.841213 1.577742 1.264835 1.288108 1.645729 1.958362 2.087569 1.958362 1.645729 1.288108 1.264835 1.577742 1.841213 1.948530 1.847425 1.583293 1.262006 1.223979 1.467613 1.666331 1.747588 1.676662 1.478864 1.220846 1.187886 1.382306 1.536844 1.596761 1.535676 1.375534 1.168997,
 14.820631 15.583622 16.477915 17.435429 18.322039 18.963356 19.216381 16.155930 17.302773 18.579489 19.714060 20.434278 20.607044 20.242861 17.910143 19.447002 21.033632 22.096931 22.214783 21.552080 20.451723 19.566696 21.142620 22.574774 23.219616 22.574776 21.142620 19.566692 20.451723 21.552078 22.214783 22.096931 21.033632 19.447002 17.910141 20.242863 20.607044 20.434278 19.714060 18.579489 17.302773 16.155930 19.216381 18.963354 18.322035 17.435431 16.477915 15.583624 14.820631,
 28.239601 28.508436 28.822653 29.061020 29.095787 29.036934 28.970459 31.195704 32.265106 33.262646 33.776527 33.497471 32.733383 31.864487 34.238079 36.308327 38.207611 39.087547 38.345097 36.590553 34.654991 35.706219 38.222488 40.553883 41.610004 40.553883 38.222488 35.706219 34.654991 36.590553 38.345097 39.087555 38.207615 36.308327 34.238083 31.864489 32.733391 33.497471 33.776527 33.262646 32.265110 31.195704 28.970459 29.036942 29.095789 29.061020 28.822657 28.508436 28.239603,
 16.558517 16.333529 15.762876 14.988729 14.189678 13.509532 13.000888 17.619667 18.040094 17.887838 17.203661 16.163446 15.029117 14.060868 17.840750 19.015430 19.692301 19.561159 18.532335 17.000238 15.532100 17.007929 18.614546 20.052488 20.680586 20.052488 18.614546 17.007929 15.532100 17.000238 18.532333 19.561157 19.692299 19.015430 17.840750 14.060868 15.029119 16.163445 17.203661 17.887838 18.040094 17.619667 13.000886 13.509535 14.189676 14.988727 15.762876 16.333530 16.558517,
 0.543044 0.691287 0.811342 0.855521 0.805036 0.683949 0.540988 0.574987 0.737774 0.870452 0.921607 0.868421 0.735263 0.575726 0.612374 0.810360 0.980502 1.048924 0.977834 0.804572 0.606403 0.631635 0.856244 1.058884 1.144260 1.058884 0.856244 0.631635 0.606403 0.804572 0.977834 1.048924 0.980502 0.810360 0.612374 0.575726 0.735263 0.868421 0.921607 0.870452 0.737774 0.574987 0.540988 0.683949 0.805036 0.855521 0.811342 0.691287 0.543044,
 6.380702 6.747989 7.181731 7.652549 8.032797 8.174191 8.016945 7.040461 7.628815 8.277639 8.842638 9.154748 9.085796 8.664478 7.885643 8.732015 9.603087 10.151725 10.145981 9.661609 8.937519 8.633218 9.552353 10.407933 10.788529 10.407933 9.552353 8.633218 8.937519 9.661608 10.145981 10.151724 9.603087 8.732015 7.885643 8.664478 9.085796 9.154748 8.842637 8.277639 7.628815 7.040460 8.016945 8.174191 8.032797 7.652549 7.181732 6.747989 6.380702,
 13.804863 13.740994 13.718075 13.687901 13.494449 13.189582 12.868639 15.226912 15.575631 15.919263 16.060709 15.730688 15.082471 14.370531 16.487671 17.406662 18.276966 18.668064 18.167255 17.111376 15.969851 16.850908 18.124880 19.329914 19.894850 19.329914 18.124880 16.850908 15.969853 17.111376 18.167253 18.668066 18.276966 17.406662 16.487671 14.370532 15.082471 15.730688 16.060707 15.919261 15.575629 15.226910 12.868640 13.189582 13.494449 13.687901 13.718075 13.740992 13.804861,
 7.521631 7.697228 7.641136 7.349958 6.913199 6.445623 5.992050 8.125093 8.555923 8.685798 8.474541 7.994272 7.366320 6.714188 8.386572 9.098969 9.574014 9.637033 9.188541 8.377227 7.505317 8.143724 9.048510 9.845632 10.190413 9.845632 9.048510 8.143724 7.505319 8.377227 9.188543 9.637033 9.574013 9.098969 8.386570 6.714188 7.366320 7.994272 8.474541 8.685798 8.555923 8.125093 5.992051 6.445624 6.913199 7.349958 7.641136 7.697228 7.521631,

Pairwise cross-correlations of the modulus of all oriented sub-bands at the same scale (size QxQ)
 2.720916 5.063293 5.761746 4.607480 5.063293 35.048973 34.129230 3.948429 5.761746 34.129230 74.040459 35.462875 4.607480 3.948429 35.462875 35.553669,
 2.087569 3.203759 3.241032 2.630708 3.203759 23.219614 19.674948 -0.074577 3.241032 19.674948 41.610008 19.013323 2.630708 -0.074577 19.013323 20.680582,
 1.144260 1.637335 1.821987 1.479621 1.637335 10.788527 9.083197 -0.099815 1.821987 9.083197 19.894850 9.282669 1.479621 -0.099815 9.282669 10.190413,

Cross-correlations of the modulus of all oriented sub-bands with all oriented sub-bands at the coarser scale (size QxQ)
 1.862378 3.201593 3.789657 2.898791 3.263546 20.291254 18.264519 0.472999 3.751964 16.629501 36.434410 17.410482 2.837876 0.137382 19.109663 20.055807,
 1.176639 1.766731 1.883220 1.622736 1.585257 11.292914 9.174059 -0.858048 2.068521 9.053588 19.346676 9.127353 1.603844 -0.558522 9.427173 10.848558,

Cross-correlations of the real part of each oriented sub-band with both the real and imaginary part of all phase-doubled oriented sub-bands at the next coarser scale (Q matrices of size 1x2Q, which are computed and stored in a matrix of size Qx2Q)
 -0.074320 -0.711325 -0.712746 -0.704697 -0.002961 -0.037390 -0.055542 -0.034556 -0.695988 -4.019242 -2.919352 -0.337950 -0.062750 -0.544720 -0.797267 -0.096602 -0.787497 -3.080386 -5.235361 -2.906092 -0.023550 -0.636034 -1.080617 -0.102142 -0.658884 -0.355440 -3.097270 -3.770718 0.048676 -0.068845 -0.171068 -0.082004,
 0.174833 -0.290877 -0.348565 -0.336334 0.011273 0.122539 0.063967 -0.054392 -0.209091 -1.950233 -1.229171 0.000018 0.083247 1.009708 0.640201 -0.039518 -0.383924 -1.411238 -1.741117 -1.102448 0.070144 0.656149 -0.348442 -0.456206 -0.233725 -0.073489 -1.182381 -1.835242 0.023960 -0.048667 -0.623939 -0.462624,
