Low-band skewness and kurtosis
 -1.701494 5.424348,
 -1.593228 5.168301,
 -1.464113 4.752661,
 -1.442488 4.417539,
 -0.891064 2.416645,

High-band variance
 92.445038,

Skewness, kurtosis, variance, mean, maximum and minimum of the reconstructed texture
 110.000000 255.000000 240.740189 660.440613 -1.841732 5.661401

Auto-correlations of the low-frequency bands at each scale
 306.306244 286.768524 271.291809 266.081451 270.981537 282.964996 298.313263 336.265656 315.280670 288.643951 274.871979 284.562042 311.280762 337.833008 385.275879 408.504089 425.674011 430.518524 423.481873 411.324005 398.715912 424.000488 476.562805 528.103455 550.265930 528.103455 476.562805 424.000488 398.715881 411.323975 423.481903 430.518494 425.673950 408.504150 385.275818 337.832977 311.280792 284.562042 274.871979 288.643890 315.280701 336.265594 298.313263 282.964966 270.981537 266.081482 271.291748 286.768585 306.306274,
 287.437592 276.547302 268.894104 267.058716 269.486328 275.188660 282.909637 301.506439 287.380859 270.958984 263.622345 270.926422 288.928589 306.539673 330.718933 343.703613 354.278351 358.397705 355.394257 349.639618 343.734192 356.790283 388.580841 420.700684 434.819153 420.700714 388.580902 356.790283 343.734161 349.639618 355.394226 358.397705 354.278351 343.703674 330.718933 306.539673 288.928558 270.926453 263.622345 270.958984 287.380859 301.506439 282.909668 275.188660 269.486359 267.058716 268.894104 276.547333 287.437592,
 274.039001 269.506836 265.292664 262.993927 262.694305 265.089142 269.616089 285.717804 278.851044 270.635590 266.603638 269.462097 277.951385 286.814240 301.168243 308.311890 314.962189 318.500427 317.424805 313.734985 309.213806 316.351135 334.373260 352.269562 360.119659 352.269562 334.373169 316.351135 309.213806 313.734985 317.424774 318.500458 314.962189 308.311859 301.168243 286.814178 277.951385 269.462067 266.603638 270.635590 278.851013 285.717773 269.616089 265.089142 262.694305 262.993958 265.292664 269.506836 274.038971,
 -0.523205 5.776630 11.675477 19.667938 30.287373 38.381577 38.767342 5.745855 11.266473 18.439814 29.610155 39.953396 42.267220 36.591473 11.739417 18.591957 29.719799 42.134735 46.484959 40.238827 30.269104 20.437603 30.362087 42.606411 48.724548 42.606411 30.362087 20.437603 30.269104 40.238827 46.484959 42.134731 29.719801 18.591957 11.739420 36.591473 42.267220 39.953396 29.610159 18.439816 11.266474 5.745854 38.767345 38.381573 30.287367 19.667938 11.675482 5.776628 -0.523208,

Auto-correlations of the modulus of each oriented sub-band
 1.511304 1.603075 1.657649 1.658561 1.601162 1.504386 1.392539 1.612011 1.770704 1.867714 1.881846 1.809748 1.666839 1.492359 1.689385 1.935606 2.104739 2.149934 2.063693 1.871899 1.623517 1.690178 2.015607 2.327317 2.468190 2.327317 2.015607 1.690178 1.623517 1.871899 2.063693 2.149934 2.104740 1.935607 1.689385 1.492359 1.666839 1.809748 1.881846 1.867714 1.770705 1.612011 1.392539 1.504386 1.601162 1.658561 1.657649 1.603076 1.511303,
 21.045622 21.885981 22.970919 24.145086 25.114330 25.748838 26.017544 22.826738 24.374889 26.174692 27.696569 28.393715 28.319038 27.720617 25.228706 27.519367 29.974308 31.558933 31.419806 30.092773 28.361841 27.409243 29.862564 32.258186 33.390419 32.258186 29.862568 27.409243 28.361841 30.092773 31.419806 31.558933 29.974312 27.519363 25.228706 27.720617 28.319038 28.393715 27.696568 26.174688 24.374889 22.826738 26.017544 25.748838 25.114334 24.145086 22.970915 21.885983 21.045622,
 55.150536 56.511013 57.706440 58.192944 57.750694 56.893661 56.162643 58.824989 61.997513 65.171394 66.657143 65.340858 62.531502 59.931812 62.659084 67.995872 73.710854 76.495842 73.889015 68.417099 63.416561 64.603981 70.873497 77.806267 81.240822 77.806267 70.873489 64.603996 63.416561 68.417099 73.889000 76.495857 73.710854 67.995865 62.659088 59.931805 62.531502 65.340858 66.657143 65.171394 61.997505 58.824989 56.162640 56.893669 57.750690 58.192940 57.706440 56.511002 55.150539,
 29.016241 28.813311 28.116272 27.016722 25.717073 24.578825 23.791948 30.488922 31.284666 31.390965 30.582579 28.843445 26.867367 25.281954 30.809444 32.812222 34.320305 34.458660 32.621677 29.888981 27.456383 29.625820 32.312771 34.991360 36.289520 34.991360 32.312771 29.625820 27.456383 29.888981 32.621677 34.458664 34.320309 32.812222 30.809444 25.281956 26.867365 28.843445 30.582579 31.390961 31.284666 30.488922 23.791950 24.578825 25.717075 27.016722 28.116272 28.813314 29.016241,
 0.985124 1.162288 1.298700 1.344165 1.277804 1.124327 0.936869 1.035646 1.248091 1.409415 1.462765 1.385333 1.204944 0.983414 1.084664 1.365036 1.593967 1.678093 1.576426 1.338085 1.058490 1.110580 1.438810 1.733107 1.857891 1.733107 1.438810 1.110580 1.058490 1.338084 1.576426 1.678093 1.593968 1.365036 1.084664 0.983414 1.204944 1.385333 1.462764 1.409415 1.248091 1.035646 0.936869 1.124327 1.277804 1.344165 1.298700 1.162288 0.985124,
 13.433550 14.009909 14.722353 15.454720 16.016640 16.282984 16.252737 14.565409 15.655650 16.856956 17.807291 18.226198 18.048325 17.400837 16.087856 17.736042 19.422447 20.421995 20.299870 19.310871 17.921326 17.420128 19.238007 20.926556 21.679853 20.926556 19.238008 17.420128 17.921328 19.310871 20.299868 20.421993 19.422447 17.736044 16.087856 17.400837 18.048321 18.226198 17.807291 16.856956 15.655651 14.565407 16.252737 16.282984 16.016642 15.454720 14.722354 14.009910 13.433550,
 35.385365 36.216949 37.011887 37.400673 37.144024 36.567219 36.010574 37.465855 39.454586 41.524307 42.565075 41.807552 40.002838 38.270355 39.874012 43.221832 46.831089 48.602585 47.054966 43.630486 40.435654 41.181190 45.127335 49.443512 51.528980 49.443516 45.127335 41.181190 40.435658 43.630493 47.054962 48.602585 46.831097 43.221832 39.874012 38.270363 40.002838 41.807549 42.565075 41.524307 39.454586 37.465847 36.010574 36.567223 37.144024 37.400673 37.011887 36.216949 35.385365,
 17.670340 17.803873 17.515724 16.848375 16.020239 15.267730 14.657092 18.506857 19.216761 19.429153 18.962580 17.915646 16.666853 15.601202 18.806740 20.155119 21.179846 21.313015 20.232853 18.512474 16.957441 18.234488 19.938946 21.646799 22.451565 21.646801 19.938950 18.234488 16.957441 18.512474 20.232849 21.313011 21.179848 20.155119 18.806740 15.601202 16.666851 17.915644 18.962582 19.429153 19.216761 18.506857 14.657092 15.267731 16.020237 16.848375 17.515724 17.803873 17.670340,
 0.478185 0.619987 0.737972 0.782344 0.730708 0.605598 0.456058 0.495924 0.658591 0.790696 0.841577 0.789246 0.654170 0.487249 0.516510 0.708047 0.872787 0.938302 0.868485 0.700775 0.509681 0.524691 0.742014 0.945328 1.033495 0.945328 0.742014 0.524691 0.509681 0.700775 0.868485 0.938302 0.872787 0.708047 0.516510 0.487249 0.654170 0.789246 0.841577 0.790696 0.658591 0.495924 0.456058 0.605598 0.730708 0.782344 0.737972 0.619986 0.478185,
 6.773715 7.225547 7.729996 8.244553 8.660664 8.875369 8.882283 7.624501 8.373631 9.158996 9.782700 10.079680 10.006343 9.650195 8.658942 9.708132 10.763294 11.392859 11.337232 10.765029 9.949150 9.564334 10.673672 11.700955 12.167521 11.700955 10.673672 9.564334 9.949149 10.765029 11.337232 11.392859 10.763295 9.708130 8.658942 9.650197 10.006343 10.079680 9.782699 9.158996 8.373631 7.624501 8.882283 8.875369 8.660664 8.244552 7.729995 7.225547 6.773715,
 17.973709 18.585260 19.235350 19.699282 19.731224 19.373236 18.833815 19.683054 21.147169 22.566311 23.285797 22.849134 21.644588 20.325083 21.215340 23.669495 26.083961 27.204494 26.195566 23.910110 21.584677 21.971743 24.840372 27.719107 29.064379 27.719103 24.840372 21.971743 21.584679 23.910110 26.195564 27.204498 26.083963 23.669493 21.215340 20.325083 21.644588 22.849136 23.285793 22.566309 21.147167 19.683054 18.833815 19.373236 19.731224 19.699286 19.235350 18.585260 17.973709,
 7.646623 7.834788 7.875185 7.756303 7.510482 7.197906 6.825786 8.353222 8.834554 9.080953 9.008846 8.626997 8.062113 7.451057 8.796885 9.644360 10.297328 10.486211 10.012993 9.111628 8.172837 8.719411 9.779435 10.777923 11.237560 10.777925 9.779435 8.719411 8.172837 9.111628 10.012992 10.486211 10.297328 9.644360 8.796886 7.451056 8.062113 8.626997 9.008846 9.080953 8.834552 8.353221 6.825785 7.197906 7.510482 7.756303 7.875185 7.834788 7.646622,

Pairwise cross-correlations of the modulus of all oriented sub-bands at the same scale (size QxQ)
 2.468189 3.815788 6.049602 5.510600 3.815788 33.390419 38.922665 7.361890 6.049602 38.922665 81.240814 37.087307 5.510600 7.361890 37.087307 36.289524,
 1.857891 2.426596 3.815158 3.201306 2.426596 21.679848 24.531761 3.334545 3.815158 24.531761 51.528976 22.614628 3.201306 3.334545 22.614628 22.451565,
 1.033495 1.143964 1.915140 1.598132 1.143964 12.167522 14.192966 2.068327 1.915140 14.192966 29.064375 12.146214 1.598132 2.068327 12.146214 11.237562,

Cross-correlations of the modulus of all oriented sub-bands with all oriented sub-bands at the coarser scale (size QxQ)
 1.650592 2.459204 4.176776 3.328999 2.683568 19.048273 23.046040 4.106205 4.468132 22.054869 43.847340 20.411942 3.554885 4.046812 21.103098 20.080692,
 1.037115 1.215342 2.225152 1.730265 1.643372 11.097957 13.518453 2.369348 2.771518 12.305284 24.829355 11.844693 1.760865 1.522872 11.045436 10.699754,

Cross-correlations of the real part of each oriented sub-band with both the real and imaginary part of all phase-doubled oriented sub-bands at the next coarser scale (Q matrices of size 1x2Q, which are computed and stored in a matrix of size Qx2Q)
 0.026355 -0.613429 -0.610564 -0.636810 -0.048494 -0.094278 -0.005293 0.067922 -0.548599 -4.992654 -4.728282 -0.697106 -0.068234 -0.551739 -0.060001 0.067808 -0.767028 -5.059335 -8.943457 -4.380703 -0.050617 -0.399683 0.247620 0.425061 -0.611422 -0.769961 -3.978995 -4.517557 -0.050028 -0.016038 0.227306 0.422749,
 0.193110 -0.288741 -0.267686 -0.220292 0.039529 -0.017171 -0.037579 -0.097544 -0.199434 -2.352010 -1.856169 -0.147263 0.011279 0.068578 0.336630 0.103021 -0.300443 -2.076958 -3.033532 -1.261799 0.049258 0.240217 0.339870 -0.132241 -0.126708 -0.216796 -1.250396 -1.488436 0.087274 0.064512 -0.245592 -0.498514,
