Low-band skewness and kurtosis
 -1.522261 4.818536,
 -1.337017 4.291454,
 -1.131139 3.556921,
 -1.425456 4.379970,
 -0.722689 2.062264,

High-band variance
 101.637558,

Skewness, kurtosis, variance, mean, maximum and minimum of the reconstructed texture
 111.000000 255.000000 240.565414 617.609436 -1.715995 5.167037

Auto-correlations of the low-frequency bands at each scale
 246.133713 228.673874 215.580490 210.457138 212.777054 220.153717 229.498108 278.038239 251.723373 222.302719 206.958664 214.343582 238.323120 264.357422 333.685455 352.131439 364.724945 367.184204 359.492523 347.720703 337.255035 373.996277 425.657593 475.087128 496.176880 475.087128 425.657684 373.996277 337.255035 347.720642 359.492462 367.184174 364.724945 352.131470 333.685425 264.357391 238.323120 214.343552 206.958664 222.302673 251.723404 278.038239 229.498138 220.153717 212.777069 210.457108 215.580536 228.673843 246.133652,
 235.736298 226.520599 221.312454 221.349716 224.536758 229.381668 234.104431 250.759354 235.251465 218.604340 210.370132 214.660400 228.674896 244.567245 280.586365 290.773132 297.229706 297.459198 291.600098 284.867523 281.030548 303.226685 332.074738 360.339569 372.687714 360.339569 332.074738 303.226685 281.030548 284.867523 291.600067 297.459198 297.229767 290.773132 280.586304 244.567230 228.674911 214.660385 210.370163 218.604385 235.251465 250.759354 234.104431 229.381699 224.536758 221.349716 221.312515 226.520630 235.736298,
 224.999222 223.703262 224.149277 226.333313 228.665070 230.909225 232.931580 236.953735 230.317581 223.751602 221.792862 225.906067 234.364120 242.751343 253.782730 258.188721 261.847046 263.009460 261.046173 258.545441 257.051483 265.059937 279.011932 293.354736 299.821869 293.354797 279.011932 265.059937 257.051483 258.545410 261.046112 263.009460 261.847076 258.188751 253.782730 242.751312 234.364120 225.906021 221.792862 223.751617 230.317581 236.953720 232.931580 230.909241 228.665070 226.333267 224.149292 223.703262 224.999222,
 5.321434 11.649232 17.320501 23.362711 30.495558 35.823555 35.886570 10.985772 16.458397 22.184532 29.901207 36.820389 38.122791 33.801872 16.186266 21.755514 29.476255 37.848991 40.604893 36.001720 28.844868 22.244619 29.274246 37.679134 41.907066 37.679134 29.274242 22.244619 28.844870 36.001720 40.604900 37.848991 29.476255 21.755512 16.186266 33.801872 38.122799 36.820389 29.901203 22.184528 16.458395 10.985773 35.886570 35.823559 30.495558 23.362711 17.320499 11.649230 5.321432,

Auto-correlations of the modulus of each oriented sub-band
 1.289659 1.398971 1.480560 1.515645 1.490355 1.409681 1.290345 1.386730 1.559094 1.684004 1.729461 1.682603 1.553858 1.375086 1.487628 1.740662 1.926117 1.999103 1.937630 1.751251 1.487011 1.529656 1.867496 2.185989 2.329023 2.185989 1.867496 1.529656 1.487011 1.751251 1.937630 1.999103 1.926117 1.740662 1.487628 1.375087 1.553858 1.682603 1.729461 1.684004 1.559094 1.386730 1.290345 1.409681 1.490355 1.515645 1.480560 1.398971 1.289659,
 20.241917 21.020916 22.056316 23.120443 23.891922 24.331186 24.499670 21.870573 23.325651 25.064196 26.473915 26.972990 26.746687 26.147940 24.081581 26.252989 28.662415 30.187450 29.906900 28.505436 26.871891 26.072203 28.396572 30.795183 31.966047 30.795183 28.396578 26.072203 26.871891 28.505434 29.906900 30.187452 28.662415 26.252983 24.081575 26.147940 26.746687 26.972990 26.473915 25.064198 23.325653 21.870573 24.499666 24.331186 23.891922 23.120447 22.056313 21.020920 20.241919,
 55.124058 56.485889 57.891308 58.527679 57.858196 56.446934 55.178158 58.687027 62.213444 66.182487 68.108025 66.308022 62.454163 59.027802 62.311596 68.474083 75.695724 79.297821 75.859505 68.759804 62.658428 64.045471 71.451653 80.267426 84.730476 80.267418 71.451660 64.045464 62.658428 68.759804 75.859520 79.297821 75.695717 68.474075 62.311596 59.027813 62.454163 66.308014 68.108025 66.182465 62.213444 58.687023 55.178165 56.446934 57.858208 58.527683 57.891308 56.485886 55.124050,
 24.695576 24.496412 23.902645 22.885435 21.578957 20.351002 19.460987 26.427170 27.245554 27.520330 26.833244 25.061363 22.917236 21.165384 27.006823 29.094084 30.855600 31.165998 29.254414 26.266731 23.628986 25.939056 28.800344 31.780308 33.229477 31.780308 28.800344 25.939056 23.628981 26.266726 29.254412 31.165993 30.855595 29.094078 27.006823 21.165384 22.917229 25.061367 26.833242 27.520330 27.245556 26.427168 19.460987 20.351000 21.578959 22.885431 23.902645 24.496414 24.695576,
 0.826673 1.022233 1.185684 1.255271 1.202822 1.055853 0.873715 0.880125 1.107748 1.290824 1.363258 1.295513 1.117013 0.897503 0.926750 1.206896 1.447599 1.547237 1.453330 1.214226 0.934630 0.957017 1.282079 1.583219 1.713020 1.583219 1.282079 0.957017 0.934630 1.214226 1.453330 1.547237 1.447599 1.206896 0.926750 0.897503 1.117013 1.295513 1.363258 1.290824 1.107748 0.880125 0.873715 1.055853 1.202822 1.255271 1.185684 1.022233 0.826673,
 11.013309 11.418627 11.916918 12.332522 12.528602 12.540048 12.481837 11.832623 12.680597 13.603107 14.205271 14.271358 13.936480 13.439272 12.936568 14.278717 15.691413 16.433571 16.110506 15.149858 14.070538 13.862351 15.329832 16.833881 17.545485 16.833881 15.329835 13.862351 14.070538 15.149856 16.110504 16.433571 15.691413 14.278715 12.936568 13.439272 13.936478 14.271356 14.205273 13.603108 12.680600 11.832621 12.481840 12.540045 12.528602 12.332523 11.916918 11.418630 11.013309,
 31.529942 32.311234 33.130138 33.452236 32.932800 31.973206 31.257534 33.429142 35.605362 38.065533 39.308922 38.284641 35.837917 33.615093 35.534855 39.480610 43.977268 46.243416 44.311237 39.883438 35.860672 36.645523 41.485195 46.967438 49.611645 46.967438 41.485195 36.645527 35.860668 39.883438 44.311241 46.243416 43.977268 39.480614 35.534859 33.615089 35.837917 38.284641 39.308922 38.065533 35.605362 33.429146 31.257524 31.973206 32.932800 33.452244 33.130135 32.311234 31.529942,
 14.232251 14.456645 14.414631 14.091064 13.548997 12.977345 12.527475 15.128121 15.949527 16.394157 16.208370 15.362990 14.213183 13.218929 15.525123 17.072819 18.379885 18.728846 17.698042 15.887492 14.235440 15.165800 17.087070 19.058764 19.982716 19.058765 17.087070 15.165800 14.235440 15.887492 17.698040 18.728846 18.379889 17.072819 15.525123 13.218928 14.213183 15.362992 16.208370 16.394159 15.949527 15.128121 12.527475 12.977346 13.548997 14.091064 14.414631 14.456645 14.232251,
 0.437303 0.595472 0.728829 0.785056 0.738792 0.612113 0.457307 0.455109 0.623407 0.765383 0.826151 0.779462 0.647222 0.482868 0.481337 0.672542 0.841869 0.916148 0.855633 0.692964 0.500879 0.513141 0.731359 0.931782 1.017483 0.931782 0.731359 0.513141 0.500879 0.692964 0.855633 0.916148 0.841869 0.672542 0.481337 0.482868 0.647222 0.779462 0.826151 0.765383 0.623407 0.455109 0.457307 0.612113 0.738792 0.785056 0.728829 0.595472 0.437303,
 4.813948 5.208625 5.596461 5.894918 6.009056 5.912002 5.658480 5.476821 6.150726 6.793136 7.167479 7.141923 6.781291 6.240948 6.181424 7.124434 8.038903 8.473542 8.199364 7.476987 6.629138 6.630693 7.654011 8.640644 9.096282 8.640644 7.654010 6.630693 6.629138 7.476987 8.199364 8.473542 8.038903 7.124434 6.181423 6.240948 6.781291 7.141922 7.167479 6.793135 6.150726 5.476820 5.658480 5.912002 6.009056 5.894918 5.596461 5.208625 4.813948,
 13.952184 14.482500 15.079580 15.321572 14.913507 14.085569 13.302718 14.844303 16.276394 17.855261 18.588655 17.861982 16.198751 14.554717 15.962132 18.361597 21.014990 22.273943 21.080761 18.418161 15.887061 16.488123 19.369556 22.530672 24.035534 22.530672 19.369556 16.488125 15.887060 18.418161 21.080761 22.273943 21.014990 18.361597 15.962135 14.554715 16.198753 17.861982 18.588655 17.855261 16.276394 14.844304 13.302717 14.085569 14.913506 15.321569 15.079579 14.482500 13.952184,
 5.830872 6.017915 6.136061 6.105312 5.902447 5.587730 5.231924 6.272274 6.741284 7.142351 7.258634 6.976194 6.407700 5.803855 6.642052 7.416993 8.192588 8.556916 8.162401 7.257850 6.376091 6.703401 7.661582 8.695105 9.193890 8.695105 7.661581 6.703401 6.376092 7.257849 8.162401 8.556916 8.192588 7.416993 6.642052 5.803855 6.407700 6.976194 7.258634 7.142351 6.741283 6.272275 5.231924 5.587730 5.902447 6.105311 6.136061 6.017915 5.830872,

Pairwise cross-correlations of the modulus of all oriented sub-bands at the same scale (size QxQ)
 2.329023 3.936187 5.553561 4.374404 3.936187 31.966040 39.674500 9.258060 5.553561 39.674500 84.730476 37.812977 4.374404 9.258060 37.812977 33.229481,
 1.713020 2.087847 3.216121 2.584014 2.087847 17.545479 22.170824 4.355008 3.216121 22.170824 49.611637 22.204515 2.584014 4.355008 22.204515 19.982712,
 1.017483 1.183061 1.701744 1.168504 1.183061 9.096280 10.967203 2.198617 1.701744 10.967203 24.035534 10.761241 1.168504 2.198617 10.761241 9.193890,

Cross-correlations of the modulus of all oriented sub-bands with all oriented sub-bands at the coarser scale (size QxQ)
 1.578216 2.469960 3.715651 2.648523 2.650178 16.183594 21.460272 5.566288 4.094644 20.340218 41.791412 20.249121 2.939050 5.279823 20.659048 17.418381,
 1.031827 1.265492 1.989964 1.348909 1.405119 8.020322 11.005399 2.965837 2.372250 10.224916 22.379709 11.541110 1.559033 2.509692 11.162118 9.199708,

Cross-correlations of the real part of each oriented sub-band with both the real and imaginary part of all phase-doubled oriented sub-bands at the next coarser scale (Q matrices of size 1x2Q, which are computed and stored in a matrix of size Qx2Q)
 0.004560 -0.485158 -0.553477 -0.803792 -0.040422 0.013423 0.025578 0.064568 -0.447481 -3.540222 -3.853768 -0.785074 0.006461 0.390520 0.292231 0.036039 -0.786471 -4.103146 -10.131122 -6.002778 -0.007990 0.453747 0.259314 0.354899 -0.780874 -0.867516 -5.485553 -6.278263 -0.051044 0.052958 0.047712 0.420344,
 0.172995 -0.173563 -0.191382 -0.262260 0.011592 0.055860 0.061313 0.042860 -0.138938 -1.374850 -1.288230 -0.258430 0.056194 0.573299 0.296530 0.031498 -0.283034 -1.472910 -3.642930 -2.240096 0.001049 0.566792 -0.029317 0.169132 -0.201560 -0.303913 -2.113405 -2.285063 -0.038471 0.042940 -0.097996 0.237867,
