Low-band skewness and kurtosis
 -1.454803 4.394336,
 -1.231866 3.718358,
 -1.039209 3.206121,
 -1.261235 4.031772,
 -0.657569 2.000799,

High-band variance
 102.322784,

Skewness, kurtosis, variance, mean, maximum and minimum of the reconstructed texture
 117.000000 255.000000 240.514496 618.154663 -1.682948 4.967081

Auto-correlations of the low-frequency bands at each scale
 236.022690 219.577179 208.428497 204.035980 206.593201 216.619064 232.528183 265.975464 238.715240 212.876343 203.091248 215.386963 242.692276 269.549103 331.632477 347.038483 359.634094 365.683472 361.987061 350.071960 333.477905 372.505676 426.177338 475.440857 496.012634 475.440857 426.177338 372.505676 333.477905 350.071930 361.987061 365.683472 359.634094 347.038483 331.632416 269.549103 242.692291 215.386932 203.091217 212.876312 238.715225 265.975494 232.528152 216.619064 206.593201 204.035995 208.428497 219.577164 236.022690,
 218.994354 210.207733 205.189331 203.894653 205.458359 211.289978 221.088196 242.996597 225.182404 207.612625 199.411743 204.383087 219.939621 237.262939 279.286591 286.346344 292.142181 294.377136 290.490295 282.241882 272.314789 297.037262 328.977692 359.225037 372.149841 359.225037 328.977661 297.037262 272.314789 282.241913 290.490295 294.377136 292.142181 286.346313 279.286591 237.262939 219.939651 204.383118 199.411743 207.612625 225.182404 242.996597 221.088196 211.290009 205.458374 203.894653 205.189316 210.207718 218.994354,
 209.996765 207.568893 206.511292 206.852097 208.044739 210.856384 215.039200 225.464890 215.729980 206.292999 202.939560 207.305069 216.904022 225.939133 246.286697 249.609055 252.489624 253.747849 251.762863 247.729980 243.361786 256.694580 273.357056 290.089081 297.435516 290.089081 273.357056 256.694580 243.361740 247.729996 251.762863 253.747818 252.489624 249.609055 246.286713 225.939117 216.903976 207.305054 202.939560 206.292984 215.729980 225.464874 215.039185 210.856384 208.044739 206.852097 206.511292 207.568863 209.996780,
 9.363185 17.086443 21.662560 24.246628 29.648643 37.032234 39.830177 16.753794 21.099773 23.473499 29.457483 38.356838 42.257713 38.145432 20.767759 23.421551 29.688066 39.905266 44.762466 39.670753 31.307354 24.420534 30.446255 40.444199 46.001507 40.444202 30.446259 24.420532 31.307354 39.670750 44.762466 39.905266 29.688072 23.421555 20.767759 38.145432 42.257713 38.356831 29.457483 23.473503 21.099770 16.753790 39.830173 37.032227 29.648643 24.246626 21.662563 17.086441 9.363181,

Auto-correlations of the modulus of each oriented sub-band
 1.118282 1.214088 1.291040 1.329759 1.316133 1.254286 1.162280 1.213578 1.350209 1.453367 1.497532 1.470593 1.375546 1.237845 1.321553 1.521597 1.667460 1.719330 1.667085 1.526265 1.330312 1.353228 1.628847 1.916677 2.053636 1.916677 1.628847 1.353228 1.330312 1.526265 1.667085 1.719330 1.667460 1.521597 1.321553 1.237845 1.375546 1.470593 1.497532 1.453367 1.350209 1.213578 1.162280 1.254286 1.316133 1.329759 1.291040 1.214088 1.118282,
 22.554420 23.198389 24.051767 24.956272 25.655069 26.081770 26.249598 24.165916 25.590139 27.316923 28.732237 29.238251 28.967569 28.259537 26.407681 28.730864 31.345192 33.013538 32.707943 31.116222 29.216223 28.458382 31.074759 33.771435 35.083366 33.771439 31.074757 28.458382 29.216223 31.116220 32.707943 33.013535 31.345190 28.730864 26.407679 28.259533 28.967575 29.238251 28.732237 27.316923 25.590139 24.165922 26.249599 26.081776 25.655069 24.956278 24.051767 23.198393 22.554420,
 57.110241 58.652836 59.977619 60.262684 59.109894 57.210312 55.502956 60.891506 64.486198 68.296280 69.827690 67.478683 63.123062 59.347088 64.362526 70.509033 77.632332 80.981354 77.107803 69.648949 63.390083 65.487610 72.897873 81.819382 86.374290 81.819382 72.897873 65.487595 63.390083 69.648949 77.107788 80.981354 77.632324 70.509048 64.362518 59.347095 63.123055 67.478676 69.827698 68.296272 64.486206 60.891495 55.502968 57.210312 59.109894 60.262688 59.977619 58.652836 57.110241,
 23.799076 23.713680 23.357964 22.664028 21.701008 20.784248 20.107119 25.702852 26.458183 26.791092 26.336962 24.948248 23.228218 21.783228 26.652361 28.505728 30.066669 30.398392 28.824047 26.315208 24.038694 25.996969 28.517487 31.084570 32.329559 31.084570 28.517487 25.996969 24.038694 26.315207 28.824039 30.398386 30.066669 28.505728 26.652361 21.783226 23.228218 24.948244 26.336956 26.791092 26.458178 25.702852 20.107119 20.784248 21.701004 22.664026 23.357964 23.713680 23.799072,
 0.842918 1.016394 1.157003 1.209623 1.151521 1.010158 0.842280 0.877551 1.074177 1.235455 1.301451 1.246067 1.092542 0.900147 0.922716 1.175034 1.395611 1.489039 1.406740 1.192384 0.942610 0.969844 1.269562 1.550864 1.672675 1.550864 1.269562 0.969844 0.942610 1.192384 1.406740 1.489039 1.395611 1.175034 0.922716 0.900147 1.092542 1.246067 1.301451 1.235455 1.074177 0.877551 0.842280 1.010158 1.151521 1.209623 1.157004 1.016394 0.842918,
 13.117164 13.367421 13.796391 14.313227 14.732875 14.922978 14.892743 13.807553 14.586086 15.577928 16.421116 16.783054 16.598173 16.038025 14.932320 16.384804 18.005474 19.006363 18.855915 17.840801 16.539324 16.059940 17.776709 19.507504 20.309202 19.507504 17.776709 16.059942 16.539324 17.840801 18.855915 19.006363 18.005474 16.384804 14.932320 16.038025 16.598175 16.783054 16.421116 15.577928 14.586090 13.807553 14.892743 14.922978 14.732878 14.313227 13.796391 13.367422 13.117166,
 30.783850 31.443336 32.474953 33.272602 33.114288 32.175335 31.211128 32.698181 34.690292 37.360561 38.982651 38.003613 35.356869 33.006351 34.735439 38.491974 43.316887 45.962776 43.763214 38.918911 34.896946 35.687691 40.402538 46.342430 49.400433 46.342438 40.402538 35.687691 34.896946 38.918907 43.763210 45.962776 43.316887 38.491966 34.735435 33.006351 35.356869 38.003613 38.982655 37.360565 34.690296 32.698181 31.211124 32.175335 33.114288 33.272602 32.474957 31.443336 30.783854,
 14.550468 14.681306 14.588926 14.280496 13.863679 13.462008 13.119939 15.533179 16.162155 16.454470 16.245884 15.563729 14.668164 13.867701 16.040274 17.324057 18.387897 18.648493 17.790123 16.284304 14.888825 15.772974 17.412462 19.081459 19.854847 19.081459 17.412462 15.772974 14.888826 16.284300 17.790123 18.648493 18.387897 17.324057 16.040274 13.867702 14.668165 15.563729 16.245884 16.454468 16.162155 15.533179 13.119939 13.462008 13.863678 14.280496 14.588928 14.681307 14.550468,
 0.468008 0.595850 0.703547 0.745513 0.702307 0.594793 0.468755 0.491675 0.628845 0.738671 0.777756 0.731189 0.618411 0.483080 0.509938 0.672633 0.818631 0.878359 0.816115 0.666970 0.502248 0.520177 0.710203 0.900158 0.985481 0.900158 0.710203 0.520177 0.502248 0.666970 0.816115 0.878359 0.818631 0.672633 0.509938 0.483080 0.618411 0.731189 0.777756 0.738671 0.628845 0.491675 0.468755 0.594793 0.702307 0.745513 0.703547 0.595850 0.468008,
 5.950421 6.395346 6.805947 7.095640 7.157599 6.991446 6.687502 6.436298 7.171577 7.845598 8.226020 8.177561 7.766376 7.185718 6.973125 8.023005 9.029051 9.494113 9.177429 8.373694 7.457629 7.376681 8.509009 9.613640 10.123387 9.613640 8.509009 7.376681 7.457629 8.373693 9.177430 9.494113 9.029051 8.023005 6.973125 7.185718 7.766376 8.177561 8.226020 7.845597 7.171576 6.436296 6.687501 6.991445 7.157599 7.095640 6.805947 6.395346 5.950421,
 15.045743 15.638047 16.432751 16.870859 16.733997 16.283033 15.783822 16.426626 17.801968 19.415684 20.188414 19.592440 18.351004 17.247330 18.040756 20.250511 22.802916 24.017601 22.863346 20.569881 18.609913 18.987280 21.478399 24.403078 25.862915 24.403078 21.478397 18.987280 18.609913 20.569881 22.863342 24.017601 22.802917 20.250509 18.040756 17.247330 18.351004 19.592440 20.188414 19.415684 17.801968 16.426624 15.783822 16.283031 16.733997 16.870859 16.432751 15.638046 15.045742,
 7.516800 7.755898 7.928418 7.923397 7.717420 7.403492 7.073125 8.216896 8.741875 9.141242 9.203415 8.878746 8.320206 7.740941 8.753170 9.599556 10.347322 10.629414 10.205114 9.319841 8.427719 8.837329 9.856654 10.865532 11.336295 10.865531 9.856653 8.837327 8.427719 9.319841 10.205114 10.629414 10.347321 9.599555 8.753170 7.740941 8.320205 8.878747 9.203414 9.141242 8.741874 8.216895 7.073125 7.403493 7.717420 7.923396 7.928418 7.755898 7.516798,

Pairwise cross-correlations of the modulus of all oriented sub-bands at the same scale (size QxQ)
 2.053636 4.358882 6.039803 4.091864 4.358882 35.083370 41.468990 10.853570 6.039803 41.468990 86.374306 39.692513 4.091864 10.853570 39.692513 32.329552,
 1.672675 2.820853 3.823062 2.636698 2.820853 20.309198 23.147251 5.501956 3.823062 23.147251 49.400421 23.093744 2.636698 5.501956 23.093744 19.854849,
 0.985481 1.483643 2.056946 1.269414 1.483643 10.123388 11.084976 2.080770 2.056946 11.084976 25.862913 12.725141 1.269414 2.080770 12.725141 11.336296,

Cross-correlations of the modulus of all oriented sub-bands with all oriented sub-bands at the coarser scale (size QxQ)
 1.452132 2.849714 4.121551 2.727035 3.169032 18.811575 22.570770 6.806170 4.777794 22.598539 42.129429 21.751160 2.904197 6.486948 21.369213 17.242804,
 1.011832 1.669586 2.384775 1.360396 1.881452 10.107026 11.831904 3.075476 2.840209 11.662136 23.123079 12.002254 1.719425 3.162885 12.409040 9.985358,

Cross-correlations of the real part of each oriented sub-band with both the real and imaginary part of all phase-doubled oriented sub-bands at the next coarser scale (Q matrices of size 1x2Q, which are computed and stored in a matrix of size Qx2Q)
 0.166527 -0.521926 -0.499300 -0.503318 -0.030551 -0.090488 -0.018242 0.021986 -0.434171 -4.654248 -3.915508 -0.803919 -0.058946 -0.958265 -0.593908 -0.041762 -0.690464 -4.860954 -9.045156 -5.432945 -0.066241 -1.003120 -0.721163 -0.000883 -0.392756 -0.748493 -4.616787 -5.066329 -0.050588 -0.115175 -0.053570 0.110696,
 0.239513 -0.220348 -0.157426 -0.150736 -0.019112 0.025487 -0.014870 0.011499 -0.122489 -2.144339 -2.117912 -0.378132 0.005317 0.172399 0.603542 0.098627 -0.289954 -2.369235 -4.171876 -1.722572 -0.000143 0.345860 1.723490 0.293491 -0.117035 -0.379912 -1.470988 -1.450073 -0.021146 0.118843 0.631435 0.086590,
