Low-band skewness and kurtosis
 -1.301731 3.995341,
 -1.042408 3.315386,
 -0.741062 2.541703,
 -0.854178 2.905791,
 -0.146976 1.605545,

High-band variance
 102.535248,

Skewness, kurtosis, variance, mean, maximum and minimum of the reconstructed texture
 124.000000 255.000000 240.499283 559.153625 -1.559865 4.546968

Auto-correlations of the low-frequency bands at each scale
 130.878616 120.800400 115.619682 114.516937 116.367546 121.663765 131.056290 165.155350 138.734283 116.426132 107.342300 115.157333 136.620636 163.000198 264.938568 276.204529 284.309784 287.105377 283.271851 275.275574 265.532806 332.716797 379.840088 419.400269 435.367920 419.400269 379.840088 332.716797 265.532837 275.275543 283.271790 287.105377 284.309784 276.204468 264.938538 163.000198 136.620636 115.157333 107.342300 116.426147 138.734283 165.155350 131.056320 121.663780 116.367531 114.516937 115.619682 120.800400 130.878601,
 131.614075 124.988655 121.497360 119.854889 118.499535 118.877266 122.375809 144.699753 126.408737 111.455170 105.355865 109.646690 123.151711 140.706314 195.993561 202.198853 207.085403 209.284225 207.515762 204.003891 200.345108 235.756042 264.538391 289.177216 299.310699 289.177216 264.538422 235.755997 200.345139 204.003891 207.515717 209.284225 207.085419 202.198853 195.993561 140.706329 123.151711 109.646690 105.355881 111.455170 126.408760 144.699738 122.375847 118.877281 118.499542 119.854889 121.497368 124.988655 131.614075,
 127.635643 126.139587 127.275833 129.618317 131.356491 132.665924 133.954468 136.340317 128.250671 121.800400 119.509613 121.775223 128.104019 136.009186 164.260498 167.431061 169.124420 168.868637 166.431030 163.935623 162.728165 183.432465 197.125320 209.341446 214.522507 209.341446 197.125320 183.432465 162.728165 163.935593 166.431030 168.868637 169.124420 167.431061 164.260468 136.009155 128.104019 121.775223 119.509613 121.800400 128.250671 136.340302 133.954468 132.665924 131.356491 129.618317 127.275848 126.139580 127.635643,
 15.748290 21.283243 24.134834 26.608038 32.108051 38.566750 40.205601 21.472551 24.036217 25.791317 31.512642 39.339172 42.056702 37.547974 24.203245 25.483625 30.970463 40.071899 43.951237 38.802727 31.067047 26.012487 30.809286 39.859024 44.921593 39.859020 30.809286 26.012487 31.067047 38.802727 43.951233 40.071899 30.970467 25.483624 24.203249 37.547974 42.056709 39.339172 31.512642 25.791317 24.036217 21.472548 40.205601 38.566746 32.108051 26.608038 24.134834 21.283245 15.748288,

Auto-correlations of the modulus of each oriented sub-band
 0.773697 0.869047 0.942529 0.972542 0.947246 0.874511 0.775110 0.854829 0.973617 1.064074 1.095296 1.056784 0.962136 0.839376 0.946426 1.117236 1.238629 1.279802 1.231321 1.102980 0.928981 0.966840 1.200396 1.435418 1.544113 1.435418 1.200396 0.966839 0.928981 1.102980 1.231321 1.279802 1.238629 1.117236 0.946426 0.839376 0.962136 1.056784 1.095296 1.064074 0.973617 0.854829 0.775110 0.874511 0.947246 0.972542 0.942529 0.869047 0.773697,
 13.938273 14.453934 15.183293 15.953094 16.535648 16.930132 17.203613 15.955285 17.117832 18.552713 19.700743 20.078423 19.915207 19.563341 18.541864 20.394342 22.524817 23.859089 23.550119 22.304344 20.993658 20.596605 22.583708 24.749834 25.833958 24.749834 22.583708 20.596601 20.993662 22.304340 23.550119 23.859087 22.524817 20.394342 18.541862 19.563341 19.915207 20.078421 19.700743 18.552713 17.117830 15.955282 17.203615 16.930130 16.535648 15.953094 15.183293 14.453932 13.938272,
 47.778343 49.336933 50.961224 51.583134 50.605900 48.782841 47.170628 53.805130 57.764294 62.237869 64.280792 62.009071 57.378361 53.302113 59.602089 66.528030 74.635635 78.559410 74.548851 66.363892 59.343700 62.003384 70.393646 80.351677 85.325638 80.351669 70.393646 62.003384 59.343708 66.363899 74.548851 78.559410 74.635635 66.528030 59.602089 53.302113 57.378361 62.009071 64.280792 62.237869 57.764294 53.805111 47.170624 48.782845 50.605907 51.583134 50.961224 49.336941 47.778343,
 17.260870 17.007723 16.632902 16.020557 15.120910 14.198321 13.506850 19.586531 20.039082 20.320442 19.984900 18.706541 17.015358 15.615093 20.939522 22.405924 23.861004 24.282473 22.812811 20.392923 18.301311 20.453020 22.639648 25.076887 26.303102 25.076887 22.639648 20.453020 18.301313 20.392921 22.812811 24.282473 23.861004 22.405922 20.939520 15.615093 17.015358 18.706539 19.984900 20.320444 20.039082 19.586531 13.506851 14.198319 15.120910 16.020557 16.632904 17.007725 17.260872,
 0.625663 0.803539 0.953618 1.015293 0.959349 0.812243 0.633831 0.657657 0.848854 1.006339 1.069795 1.011480 0.855303 0.662451 0.695091 0.924093 1.122748 1.204573 1.125443 0.925590 0.693312 0.715401 0.979800 1.230281 1.340116 1.230281 0.979800 0.715401 0.693312 0.925590 1.125443 1.204573 1.122749 0.924092 0.695091 0.662451 0.855303 1.011480 1.069795 1.006340 0.848854 0.657657 0.633831 0.812243 0.959349 1.015293 0.953618 0.803539 0.625663,
 8.677486 8.965734 9.373855 9.842265 10.243932 10.463709 10.464570 9.518683 10.342308 11.281872 12.004593 12.291039 12.139827 11.675871 10.830241 12.213688 13.695342 14.547730 14.357199 13.465435 12.358603 12.016331 13.545482 15.080607 15.796543 15.080607 13.545482 12.016331 12.358603 13.465436 14.357199 14.547730 13.695340 12.213688 10.830241 11.675873 12.139827 12.291037 12.004593 11.281872 10.342309 9.518682 10.464570 10.463708 10.243932 9.842267 9.373855 8.965734 8.677486,
 25.401131 26.391390 27.656166 28.299128 27.856630 26.923548 26.233566 27.869537 30.730442 34.117386 35.833733 34.520214 31.510294 28.890684 30.998808 36.107662 42.064022 45.020123 42.402668 36.694027 31.715321 32.732964 38.879204 46.036613 49.529804 46.036613 38.879208 32.732964 31.715321 36.694027 42.402668 45.020126 42.064022 36.107662 30.998808 28.890684 31.510292 34.520214 35.833733 34.117386 30.730442 27.869534 26.233566 26.923544 27.856628 28.299128 27.656170 26.391390 25.401131,
 10.198072 10.163750 9.954125 9.574021 9.118157 8.724973 8.453262 11.414266 11.872578 12.056175 11.803318 11.092565 10.164663 9.360868 12.164521 13.298729 14.236392 14.464560 13.605866 12.107100 10.713941 11.889063 13.453962 15.033498 15.778991 15.033500 13.453961 11.889063 10.713942 12.107100 13.605864 14.464559 14.236393 13.298729 12.164519 9.360868 10.164664 11.092563 11.803318 12.056176 11.872580 11.414265 8.453264 8.724973 9.118157 9.574021 9.954126 10.163749 10.198073,
 0.359656 0.495451 0.618068 0.670330 0.624076 0.504404 0.367477 0.371202 0.512151 0.638681 0.694451 0.649227 0.525907 0.382102 0.386253 0.545751 0.695313 0.761505 0.701983 0.553055 0.391075 0.398319 0.579062 0.758373 0.838054 0.758373 0.579062 0.398319 0.391075 0.553055 0.701983 0.761505 0.695313 0.545751 0.386253 0.382101 0.525907 0.649227 0.694451 0.638681 0.512151 0.371202 0.367478 0.504404 0.624076 0.670330 0.618068 0.495451 0.359656,
 3.465487 3.593289 3.767098 3.948691 4.017238 3.890010 3.632468 3.864504 4.271134 4.685860 4.939204 4.910475 4.571558 4.059274 4.306426 5.050979 5.811836 6.169690 5.913674 5.241345 4.464610 4.573024 5.476219 6.382532 6.802955 6.382532 5.476219 4.573024 4.464610 5.241346 5.913674 6.169690 5.811836 5.050979 4.306426 4.059274 4.571558 4.910475 4.939204 4.685860 4.271133 3.864504 3.632467 3.890010 4.017239 3.948691 3.767098 3.593288 3.465487,
 12.320516 13.192093 14.136961 14.540069 14.111810 13.292617 12.547481 13.671802 15.498701 17.513605 18.474514 17.623735 15.723506 13.895682 15.149257 18.129799 21.482349 23.146688 21.693357 18.432629 15.393644 15.946066 19.514877 23.505045 25.436897 23.505045 19.514877 15.946066 15.393644 18.432623 21.693357 23.146688 21.482349 18.129801 15.149257 13.895680 15.723504 17.623734 18.474510 17.513605 15.498700 13.671802 12.547481 13.292617 14.111807 14.540069 14.136963 13.192093 12.320517,
 5.064076 5.184950 5.195694 5.070593 4.860785 4.651454 4.496531 5.665010 6.064032 6.310321 6.270174 5.929232 5.426451 4.975980 6.044406 6.786549 7.446026 7.671831 7.234116 6.385477 5.585998 6.018518 6.957025 7.921700 8.374769 7.921700 6.957025 6.018518 5.585998 6.385477 7.234115 7.671832 7.446026 6.786549 6.044406 4.975980 5.426450 5.929232 6.270174 6.310321 6.064032 5.665010 4.496531 4.651454 4.860785 5.070593 5.195693 5.184950 5.064075,

Pairwise cross-correlations of the modulus of all oriented sub-bands at the same scale (size QxQ)
 1.544113 2.867945 4.275855 2.882677 2.867945 25.833952 36.801636 11.145360 4.275855 36.801636 85.325623 36.957142 2.882677 11.145360 36.957142 26.303106,
 1.340116 1.735347 2.546982 1.774214 1.735347 15.796543 21.905560 5.941254 2.546982 21.905560 49.529800 20.982656 1.774214 5.941254 20.982656 15.778989,
 0.838054 0.878832 1.180054 0.938902 0.878832 6.802955 10.491632 3.373749 1.180054 10.491632 25.436895 11.344017 0.938902 3.373749 11.344017 8.374771,

Cross-correlations of the modulus of all oriented sub-bands with all oriented sub-bands at the coarser scale (size QxQ)
 1.147471 1.940873 2.982586 1.965914 2.014883 12.552987 18.010073 6.488058 3.195523 18.645517 36.480595 18.025517 2.025821 6.993267 18.366838 12.851037,
 0.863447 0.941499 1.230770 0.988740 1.241146 5.562964 8.690755 3.478077 2.061896 8.985826 18.611876 9.546727 1.270909 3.379602 9.178062 6.553697,

Cross-correlations of the real part of each oriented sub-band with both the real and imaginary part of all phase-doubled oriented sub-bands at the next coarser scale (Q matrices of size 1x2Q, which are computed and stored in a matrix of size Qx2Q)
 0.232808 -0.323266 -0.411384 -0.449721 -0.010194 0.016253 0.000762 0.010249 -0.183900 -5.854795 -6.416694 -1.300781 0.023955 -0.013626 -0.238128 -0.008070 -0.535921 -7.970999 -15.037860 -7.520647 0.020650 -0.189476 -0.545720 -0.067328 -0.288502 -1.458376 -6.466632 -6.095698 -0.010920 -0.062493 -0.181136 -0.038917,
 0.257809 -0.101838 -0.140102 -0.138521 -0.009142 -0.015952 -0.002279 -0.008450 0.005160 -2.572820 -3.751201 -0.660723 -0.021374 -0.007162 -0.172570 -0.031465 -0.192486 -3.936078 -8.434924 -3.077613 -0.007532 -0.056562 -0.502810 -0.044332 -0.049927 -0.814500 -3.037974 -2.275136 0.001007 -0.031411 -0.182112 -0.003008,
