Low-band skewness and kurtosis
 -1.306195 3.990136,
 -1.048875 3.260814,
 -0.840113 2.729622,
 -0.896518 3.262561,
 -0.336766 1.848238,

High-band variance
 107.230377,

Skewness, kurtosis, variance, mean, maximum and minimum of the reconstructed texture
 126.000000 255.000000 240.504150 565.232239 -1.570678 4.566347

Auto-correlations of the low-frequency bands at each scale
 146.171005 141.043777 138.943710 139.458008 142.583847 149.554565 160.915909 185.663162 160.344589 139.331284 131.658936 141.070206 163.672485 189.708710 280.865875 288.049683 294.358704 297.243408 293.648407 284.502502 272.031616 334.435852 380.572479 420.076721 436.198303 420.076721 380.572479 334.435791 272.031616 284.502502 293.648407 297.243378 294.358643 288.049683 280.865814 189.708740 163.672440 141.070221 131.658936 139.331268 160.344574 185.663101 160.915909 149.554535 142.583862 139.457993 138.943695 141.043777 146.170975,
 141.670425 137.969574 136.276001 135.906128 136.112579 138.715988 144.831421 155.782898 141.013763 129.739151 126.562515 132.646942 146.624588 163.214462 211.381485 216.447510 221.934708 225.695618 225.017685 221.009293 215.109360 249.521759 276.623718 300.101166 309.848480 300.101196 276.623718 249.521759 215.109329 221.009308 225.017654 225.695648 221.934738 216.447495 211.381485 163.214478 146.624619 132.646942 126.562523 129.739182 141.013733 155.782883 144.831421 138.716019 136.112564 135.906128 136.276001 137.969589 141.670425,
 136.368317 134.491959 133.873383 133.925537 133.912140 135.067017 138.108231 145.515137 137.887070 132.131821 130.583313 133.615662 140.889282 149.738922 176.254074 178.892029 182.351196 184.987289 184.646469 182.172607 178.590195 197.630676 212.587265 225.948853 231.640671 225.948853 212.587250 197.630676 178.590179 182.172607 184.646469 184.987289 182.351196 178.891968 176.254120 149.738922 140.889267 133.615662 130.583313 132.131805 137.887070 145.515106 138.108231 135.067032 133.912140 133.925537 133.873383 134.491928 136.368317,
 17.625786 18.675520 17.411030 18.855701 25.946295 35.041943 39.442543 18.524858 17.421663 18.869587 26.875666 37.318146 41.994835 38.401394 18.243473 19.714088 27.782852 39.361401 44.452679 39.267155 30.144850 21.628868 28.796944 39.932499 45.719341 39.932499 28.796944 21.628864 30.144852 39.267155 44.452686 39.361401 27.782852 19.714085 18.243471 38.401394 41.994835 37.318142 26.875666 18.869589 17.421661 18.524857 39.442543 35.041943 25.946295 18.855696 17.411030 18.675510 17.625786,

Auto-correlations of the modulus of each oriented sub-band
 0.833184 0.931655 0.999980 1.020652 0.984831 0.903765 0.800687 0.904972 1.035319 1.131992 1.161480 1.113763 1.007659 0.876058 0.999768 1.188977 1.317945 1.355439 1.297850 1.160577 0.976507 1.014513 1.262470 1.512093 1.627918 1.512093 1.262470 1.014513 0.976507 1.160577 1.297850 1.355439 1.317945 1.188977 0.999768 0.876059 1.007659 1.113763 1.161480 1.131992 1.035319 0.904972 0.800687 0.903765 0.984831 1.020652 0.999980 0.931655 0.833184,
 13.751142 14.401579 15.278404 16.202501 16.923201 17.428560 17.762640 15.759534 17.096899 18.733692 20.044401 20.478010 20.293114 19.873198 18.322365 20.379700 22.770557 24.272259 23.901503 22.485830 21.003054 20.418081 22.616430 25.047134 26.283020 25.047134 22.616430 20.418081 21.003054 22.485826 23.901501 24.272259 22.770557 20.379698 18.322363 19.873196 20.293114 20.478008 20.044401 18.733692 17.096899 15.759532 17.762640 17.428556 16.923201 16.202501 15.278406 14.401578 13.751141,
 46.893124 47.926308 49.283695 50.032856 49.358894 47.788849 46.321945 52.098179 55.515614 59.672924 61.817760 59.862957 55.529057 51.706100 57.220844 63.583546 71.321297 75.252296 71.480133 63.616199 56.969055 59.345371 67.234825 76.829193 81.686714 76.829193 67.234833 59.345371 56.969051 63.616196 71.480133 75.252296 71.321304 63.583549 57.220840 51.706104 55.529045 59.862961 61.817749 59.672916 55.515617 52.098179 46.321949 47.788849 49.358894 50.032856 49.283695 47.926323 46.893116,
 17.862247 17.549767 17.122843 16.520628 15.716385 14.892478 14.231152 20.021536 20.348341 20.512491 20.185152 19.086678 17.618092 16.340580 21.339985 22.609941 23.829723 24.186153 22.929586 20.825193 18.932236 20.947151 22.908190 25.022480 26.082609 25.022480 22.908190 20.947151 18.932236 20.825193 22.929586 24.186153 23.829723 22.609941 21.339983 16.340582 17.618092 19.086676 20.185152 20.512493 20.348343 20.021534 14.231153 14.892476 15.716386 16.520628 17.122847 17.549765 17.862247,
 0.629147 0.808015 0.952466 1.004041 0.937432 0.781366 0.595623 0.664920 0.865871 1.026790 1.084865 1.013793 0.842613 0.636137 0.701587 0.945900 1.152671 1.231155 1.140249 0.926178 0.679773 0.712087 0.991593 1.250651 1.362386 1.250651 0.991593 0.712087 0.679773 0.926178 1.140249 1.231155 1.152671 0.945900 0.701587 0.636137 0.842613 1.013793 1.084865 1.026790 0.865871 0.664920 0.595623 0.781366 0.937432 1.004041 0.952466 0.808015 0.629147,
 8.498963 8.866396 9.309792 9.777353 10.135344 10.268539 10.200789 9.439978 10.245656 11.167807 11.862553 12.082741 11.830403 11.290359 10.664612 11.992208 13.440217 14.270292 14.028562 13.068457 11.920140 11.674184 13.181322 14.719456 15.445912 14.719456 13.181322 11.674184 11.920140 13.068456 14.028562 14.270292 13.440217 11.992208 10.664612 11.290359 11.830403 12.082742 11.862553 11.167808 10.245657 9.439978 10.200789 10.268539 10.135344 9.777353 9.309793 8.866395 8.498964,
 25.645952 26.454212 27.295181 27.689856 27.282309 26.340870 25.442717 28.364140 30.924242 33.570580 34.623123 33.130692 30.210169 27.629953 30.775339 35.418949 40.473400 42.667812 39.990570 34.696945 30.087339 31.478956 37.082424 43.457012 46.539524 43.457012 37.082424 31.478956 30.087336 34.696945 39.990562 42.667812 40.473400 35.418945 30.775339 27.629955 30.210173 33.130688 34.623119 33.570580 30.924240 28.364140 25.442715 26.340872 27.282314 27.689856 27.295183 26.454212 25.645958,
 8.952350 8.850831 8.666274 8.371111 7.992959 7.613243 7.300723 10.131781 10.412089 10.523848 10.340805 9.776178 8.954941 8.173759 10.845094 11.700197 12.434410 12.650378 11.967608 10.687781 9.453768 10.570575 11.860410 13.166653 13.785575 13.166656 11.860410 10.570575 9.453768 10.687780 11.967607 12.650376 12.434411 11.700197 10.845093 8.173759 8.954941 9.776177 10.340805 10.523850 10.412089 10.131783 7.300723 7.613244 7.992959 8.371111 8.666276 8.850831 8.952350,
 0.430337 0.600577 0.737154 0.784483 0.721648 0.577753 0.408436 0.439178 0.622200 0.770983 0.824483 0.760348 0.608626 0.427880 0.456327 0.659460 0.833853 0.899438 0.822178 0.645278 0.445039 0.463721 0.683625 0.887228 0.974644 0.887228 0.683625 0.463721 0.445039 0.645278 0.822178 0.899438 0.833853 0.659460 0.456327 0.427880 0.608626 0.760348 0.824483 0.770983 0.622201 0.439178 0.408436 0.577753 0.721648 0.784483 0.737154 0.600577 0.430337,
 4.335706 4.494308 4.691744 4.914913 5.077901 5.099452 5.000098 4.785643 5.274732 5.786004 6.139328 6.215421 5.994783 5.598146 5.407630 6.265803 7.170139 7.640204 7.427244 6.761265 6.000350 5.923572 6.903427 7.924868 8.407272 7.924868 6.903427 5.923572 6.000349 6.761265 7.427244 7.640204 7.170138 6.265803 5.407630 5.598145 5.994783 6.215421 6.139328 5.786003 5.274732 4.785643 5.000098 5.099452 5.077901 4.914913 4.691744 4.494308 4.335705,
 12.736078 13.283137 13.854326 14.169142 13.837194 12.844672 11.646862 13.822327 15.563750 17.469091 18.369436 17.392775 15.076347 12.798563 14.716392 17.854012 21.447670 23.148024 21.366209 17.516506 14.078581 14.868675 18.749704 23.257801 25.438339 23.257801 18.749704 14.868672 14.078582 17.516506 21.366211 23.148022 21.447670 17.854012 14.716391 12.798563 15.076347 17.392771 18.369434 17.469086 15.563750 13.822325 11.646862 12.844672 13.837196 14.169144 13.854326 13.283137 12.736078,
 4.397091 4.421420 4.377214 4.237094 4.009048 3.754557 3.527606 4.896649 5.164007 5.304853 5.218915 4.879054 4.386979 3.922284 5.132672 5.737882 6.256373 6.421787 6.020006 5.240976 4.481835 4.959019 5.799839 6.649179 7.049418 6.649179 5.799838 4.959019 4.481835 5.240976 6.020005 6.421787 6.256374 5.737881 5.132672 3.922284 4.386979 4.879054 5.218914 5.304853 5.164007 4.896649 3.527606 3.754557 4.009048 4.237094 4.377214 4.421420 4.397091,

Pairwise cross-correlations of the modulus of all oriented sub-bands at the same scale (size QxQ)
 1.627918 3.039815 4.403756 2.893145 3.039815 26.283016 35.296917 10.455517 4.403756 35.296917 81.686714 36.324219 2.893145 10.455517 36.324219 26.082605,
 1.362386 1.694033 2.483941 1.632575 1.694033 15.445911 20.349747 5.199789 2.483941 20.349747 46.539524 19.296432 1.632575 5.199789 19.296432 13.785572,
 0.974644 1.043497 1.325601 0.846327 1.043497 8.407272 11.511948 3.580229 1.325601 11.511948 25.438335 10.383122 0.846327 3.580229 10.383122 7.049418,

Cross-correlations of the modulus of all oriented sub-bands with all oriented sub-bands at the coarser scale (size QxQ)
 1.188795 1.903086 2.871402 1.874740 2.076873 13.019045 17.878733 6.016274 3.183020 18.088617 35.846161 17.549540 1.944847 6.115751 17.539980 12.351293,
 0.937098 1.086391 1.417096 0.924472 1.155843 6.708426 9.220691 3.382791 2.032989 10.067652 17.976820 8.542192 1.243049 3.838883 8.332582 5.506640,

Cross-correlations of the real part of each oriented sub-band with both the real and imaginary part of all phase-doubled oriented sub-bands at the next coarser scale (Q matrices of size 1x2Q, which are computed and stored in a matrix of size Qx2Q)
 0.211409 -0.407199 -0.406530 -0.371421 0.008708 -0.002901 -0.000875 0.000416 -0.296242 -5.781930 -5.938661 -1.245775 0.001283 0.038415 0.334049 0.118898 -0.536704 -7.307926 -13.938380 -7.040444 -0.008800 0.127524 0.986570 0.297299 -0.232935 -1.313884 -6.050611 -5.438488 0.000247 0.044304 0.383780 0.105693,
 0.223503 -0.179127 -0.149387 -0.112207 0.012800 0.026917 0.052134 0.033302 -0.063056 -2.456358 -1.663862 -0.254770 0.026395 0.482286 0.762006 0.095044 -0.227474 -2.714304 -2.916597 -1.455309 0.017792 0.615412 1.508180 0.625842 -0.068993 -0.326477 -1.059911 -1.330753 0.002444 0.078103 0.561254 0.514234,
