Low-band skewness and kurtosis
 -1.389950 4.574343,
 -1.190869 4.080940,
 -0.991691 3.392057,
 -0.712033 3.286028,

High-band variance
 103.311218,

Skewness, kurtosis, variance, mean, maximum and minimum of the reconstructed texture
 116.000000 255.000000 240.685745 551.133423 -1.617558 4.881067

Auto-correlations of the low-frequency bands at each scale
 105.798477 101.225792 99.035767 98.025124 97.836670 99.870865 105.338387 133.040558 109.621025 91.791367 85.031296 91.095383 107.688683 128.881805 258.138641 262.800262 267.328979 269.727661 267.343628 260.948700 252.260086 343.228821 381.678284 413.050049 425.614258 413.050018 381.678284 343.228821 252.260071 260.948669 267.343628 269.727661 267.328979 262.800323 258.138641 128.881805 107.688667 91.095398 85.031288 91.791336 109.621033 133.040573 105.338379 99.870865 97.836693 98.025124 99.035759 101.225800 105.798477,
 107.952225 104.829353 103.729103 103.361771 102.645111 103.302216 106.529358 114.212044 99.582611 89.503075 86.237823 89.512466 98.867836 111.549110 187.967422 189.375092 191.161758 191.918533 189.311172 184.591248 179.325165 236.464188 258.823212 277.234283 284.779694 277.234283 258.823212 236.464157 179.325165 184.591217 189.311172 191.918518 191.161774 189.375092 187.967422 111.549126 98.867821 89.512466 86.237831 89.503082 99.582611 114.212036 106.529381 103.302200 102.645111 103.361778 103.729088 104.829353 107.952225,
 108.319489 110.397209 113.622276 116.931847 119.361076 121.714432 124.429070 116.469971 109.258842 104.159409 102.725136 104.984131 110.951767 118.972076 154.557785 153.723297 152.937927 151.561615 148.334641 144.459686 141.096741 172.108704 184.002289 194.208313 198.523773 194.208313 184.002289 172.108704 141.096741 144.459686 148.334641 151.561615 152.937897 153.723297 154.557785 118.972054 110.951744 104.984123 102.725121 104.159409 109.258835 116.469978 124.429070 121.714424 119.361076 116.931831 113.622253 110.397209 108.319489,
 7.569276 10.046437 11.945431 15.182165 20.735865 25.986198 26.751156 10.569341 11.983110 14.467311 20.288530 26.744837 28.462023 24.456942 12.479136 14.220883 19.745861 27.382936 30.176273 25.721222 19.218887 14.688709 19.280804 26.954220 31.088499 26.954222 19.280804 14.688709 19.218885 25.721222 30.176270 27.382933 19.745861 14.220883 12.479136 24.456942 28.462021 26.744837 20.288530 14.467313 11.983110 10.569341 26.751156 25.986197 20.735859 15.182168 11.945434 10.046439 7.569276,

Auto-correlations of the modulus of each oriented sub-band
 0.678472 0.779543 0.852835 0.879908 0.851749 0.776159 0.674968 0.740601 0.861613 0.952220 0.981686 0.941260 0.847421 0.729144 0.828019 0.992541 1.110699 1.149676 1.100583 0.977245 0.813915 0.852215 1.066621 1.268820 1.358307 1.268820 1.066621 0.852215 0.813915 0.977245 1.100583 1.149676 1.110699 0.992541 0.828019 0.729144 0.847421 0.941260 0.981686 0.952220 0.861613 0.740600 0.674968 0.776159 0.851749 0.879908 0.852835 0.779543 0.678472,
 10.512464 11.007914 11.697235 12.396761 12.890871 13.194420 13.397162 12.443562 13.535797 14.897134 15.962970 16.268160 16.059759 15.716063 14.966093 16.669954 18.675163 19.923729 19.599798 18.407768 17.220062 16.936823 18.739059 20.771086 21.798473 20.771084 18.739061 16.936823 17.220062 18.407764 19.599802 19.923729 18.675163 16.669954 14.966093 15.716063 16.059759 16.268158 15.962970 14.897134 13.535799 12.443560 13.397164 13.194420 12.890871 12.396763 11.697235 11.007914 10.512464,
 41.063034 42.867188 44.566265 45.334644 44.700619 43.227669 41.758633 49.113117 53.458149 57.869068 59.872158 58.008266 53.842911 49.814407 57.116528 64.520981 72.354759 75.989655 72.460052 64.800697 57.596119 60.750645 69.562805 79.060448 83.559631 79.060432 69.562805 60.750645 57.596111 64.800697 72.460052 75.989655 72.354759 64.520981 57.116528 49.814407 53.842899 58.008266 59.872158 57.869068 53.458149 49.113121 41.758640 43.227669 44.700619 45.334641 44.566269 42.867184 41.063034,
 13.166963 12.967564 12.648893 12.140345 11.434099 10.724488 10.213911 15.680310 16.002819 16.168179 15.848882 14.815589 13.464756 12.368707 17.318560 18.466053 19.601624 19.905354 18.710093 16.739080 15.052224 17.082615 18.850897 20.834702 21.823589 20.834702 18.850899 17.082615 15.052222 16.739079 18.710096 19.905354 19.601625 18.466053 17.318560 12.368707 13.464756 14.815592 15.848881 16.168180 16.002819 15.680310 10.213910 10.724486 11.434099 12.140347 12.648893 12.967566 13.166963,
 0.574096 0.769046 0.930536 0.994811 0.932958 0.774001 0.581683 0.605800 0.811804 0.979193 1.042743 0.975284 0.807342 0.605013 0.645284 0.881911 1.082246 1.159338 1.074491 0.871518 0.637268 0.661163 0.921809 1.159890 1.261479 1.159890 0.921809 0.661163 0.637268 0.871518 1.074490 1.159338 1.082246 0.881911 0.645284 0.605013 0.807342 0.975284 1.042743 0.979193 0.811804 0.605800 0.581683 0.774001 0.932958 0.994811 0.930537 0.769046 0.574096,
 6.262794 6.500463 6.762028 7.026694 7.225432 7.282904 7.207685 7.145113 7.786115 8.457989 8.906737 8.986675 8.742253 8.318465 8.269243 9.376530 10.546037 11.165195 10.892828 10.073300 9.151259 9.126152 10.377046 11.670150 12.288024 11.670150 10.377046 9.126152 9.151259 10.073300 10.892828 11.165195 10.546037 9.376527 8.269242 8.318465 8.742253 8.986673 8.906737 8.457990 7.786114 7.145114 7.207686 7.282906 7.225432 7.026694 6.762028 6.500462 6.262794,
 23.791964 24.339855 24.677809 24.596609 23.924494 22.911072 21.988214 28.056971 30.512220 32.620918 33.186192 31.541763 28.533039 25.608509 31.805641 36.861427 41.667107 43.522045 40.853985 35.422031 30.065250 32.747715 39.187195 45.647491 48.587021 45.647499 39.187195 32.747715 30.065256 35.422031 40.853981 43.522045 41.667107 36.861427 31.805637 25.608511 28.533037 31.541763 33.186192 32.620918 30.512220 28.056971 21.988214 22.911076 23.924500 24.596609 24.677814 24.339855 23.791964,
 7.178700 7.111207 6.909843 6.610882 6.266217 5.926342 5.636259 8.584959 8.844832 8.878247 8.644891 8.100605 7.331684 6.575866 9.499430 10.323714 10.962746 11.108344 10.456717 9.248469 8.032564 9.274698 10.548421 11.771464 12.333548 11.771462 10.548421 9.274699 8.032562 9.248468 10.456715 11.108343 10.962746 10.323715 9.499432 6.575865 7.331684 8.100605 8.644891 8.878247 8.844832 8.584961 5.636258 5.926342 6.266218 6.610881 6.909843 7.111207 7.178701,
 0.333014 0.476320 0.600794 0.655270 0.613359 0.495688 0.353171 0.351951 0.503725 0.632985 0.684453 0.635119 0.509806 0.361322 0.370078 0.538985 0.690302 0.750734 0.686546 0.536289 0.369829 0.380324 0.562708 0.737055 0.813339 0.737055 0.562708 0.380324 0.369829 0.536289 0.686546 0.750734 0.690303 0.538985 0.370078 0.361322 0.509806 0.635119 0.684453 0.632985 0.503725 0.351951 0.353171 0.495688 0.613359 0.655270 0.600794 0.476320 0.333014,
 2.307143 2.470844 2.675663 2.830766 2.888359 2.879154 2.850802 2.704372 3.073914 3.472614 3.696991 3.679179 3.505005 3.282290 3.278841 3.896563 4.566518 4.875800 4.658601 4.173699 3.681580 3.710125 4.389874 5.136652 5.503262 5.136652 4.389874 3.710125 3.681580 4.173699 4.658601 4.875800 4.566519 3.896564 3.278841 3.282290 3.505005 3.679178 3.696991 3.472614 3.073914 2.704372 2.850802 2.879154 2.888359 2.830766 2.675663 2.470844 2.307143,
 11.293287 11.774293 12.469505 12.916297 12.753814 12.190080 11.515087 12.922770 14.428790 16.143476 17.030348 16.391588 14.801818 13.168889 14.921635 17.711765 20.726311 22.162868 20.838455 17.899221 15.073569 15.920934 19.332758 22.988722 24.727236 22.988722 19.332756 15.920937 15.073568 17.899223 20.838455 22.162868 20.726315 17.711765 14.921637 13.168888 14.801818 16.391588 17.030344 16.143476 14.428789 12.922767 11.515086 12.190080 12.753814 12.916297 12.469504 11.774290 11.293287,
 4.105114 4.248602 4.309846 4.266334 4.148647 3.992200 3.828120 4.844715 5.188745 5.394459 5.427201 5.269970 4.941854 4.550535 5.475001 6.076345 6.556926 6.773084 6.543990 5.948433 5.274908 5.654804 6.425542 7.130926 7.452804 7.130926 6.425542 5.654804 5.274907 5.948433 6.543991 6.773083 6.556926 6.076344 5.475001 4.550535 4.941854 5.269969 5.427201 5.394459 5.188745 4.844715 3.828120 3.992200 4.148647 4.266334 4.309846 4.248602 4.105114,

Pairwise cross-correlations of the modulus of all oriented sub-bands at the same scale (size QxQ)
 1.358307 2.290912 3.207014 2.055143 2.290912 21.798466 33.461342 10.146899 3.207014 33.461342 83.559654 34.672287 2.055143 10.146899 34.672287 21.823593,
 1.261479 1.421872 1.920085 1.291624 1.421872 12.288022 18.740673 5.420805 1.920085 18.740673 48.587021 19.822088 1.291624 5.420805 19.822088 12.333546,

Cross-correlations of the modulus of all oriented sub-bands with all oriented sub-bands at the coarser scale (size QxQ)
 1.058989 1.509851 2.162234 1.447126 1.662693 9.440368 14.826502 5.494944 2.552906 14.677975 33.642227 15.857153 1.559592 5.558569 16.481150 10.157180,
 0.837702 0.951621 1.149917 0.916051 1.004452 4.689013 7.437062 3.055990 1.606916 7.241672 16.582609 8.135172 1.018762 2.767974 7.861408 5.021383,

Cross-correlations of the real part of each oriented sub-band with both the real and imaginary part of all phase-doubled oriented sub-bands at the next coarser scale (Q matrices of size 1x2Q, which are computed and stored in a matrix of size Qx2Q)
 0.291576 -0.230100 -0.286303 -0.205698 0.006981 0.020011 -0.000433 -0.003087 -0.102508 -5.664158 -8.293609 -2.177633 0.010218 0.067654 -0.103043 0.021135 -0.311610 -9.087431 -21.371717 -9.846743 0.000582 0.033613 -0.189862 0.212799 -0.034489 -2.100131 -8.702432 -6.082074 -0.001752 -0.001422 -0.038022 0.148434,
 0.300869 -0.060194 -0.095669 -0.078323 -0.011409 0.011805 0.016053 0.020653 0.041697 -1.697314 -2.419319 -0.641470 0.001020 0.244481 -0.216716 -0.132054 -0.129205 -2.634950 -6.640138 -3.317493 0.006262 0.153228 -0.989111 -0.336430 0.045322 -0.629164 -2.865206 -2.241697 -0.001632 -0.052961 -0.425800 -0.021758,
