Low-band skewness and kurtosis
 -1.209559 3.774927,
 -0.915403 3.128600,
 -0.589705 2.426982,
 -0.600298 2.806938,

High-band variance
 102.641640,

Skewness, kurtosis, variance, mean, maximum and minimum of the reconstructed texture
 130.000000 255.000000 240.711365 523.226440 -1.505503 4.352067

Auto-correlations of the low-frequency bands at each scale
 87.548477 84.577148 83.781136 84.011208 84.344643 85.612160 89.180954 106.878181 86.286942 71.067734 65.092529 69.652496 83.672066 103.351265 236.943619 240.332001 243.425919 244.229050 241.080826 235.686432 229.577850 327.505280 361.187439 387.993835 398.659027 387.993835 361.187439 327.505280 229.577866 235.686401 241.080780 244.229019 243.425888 240.332031 236.943619 103.351257 83.672073 69.652496 65.092514 71.067726 86.286942 106.878181 89.180954 85.612160 84.344643 84.011208 83.781136 84.577141 87.548477,
 92.694588 92.042557 92.834030 93.793121 93.450493 93.062737 94.099815 97.075882 84.549179 76.233452 73.598999 76.217842 84.411873 96.893623 168.809662 169.226898 170.187943 170.439728 168.230881 165.184021 162.505447 218.689743 237.951996 253.265076 259.507660 253.265076 237.952026 218.689743 162.505447 165.184006 168.230896 170.439697 170.187943 169.226929 168.809631 96.893616 84.411850 76.217842 73.599007 76.233475 84.549194 97.075882 94.099815 93.062706 93.450493 93.793137 92.834030 92.042564 92.694588,
 100.079521 99.752060 100.098534 100.378983 99.704742 98.969002 98.993149 99.456657 93.689781 89.913681 88.694435 89.566933 92.934502 98.321091 133.188217 133.601578 134.284164 134.548752 133.368271 131.912415 130.988571 159.356262 168.184326 175.478119 178.566406 175.478119 168.184326 159.356262 130.988556 131.912415 133.368271 134.548767 134.284164 133.601578 133.188232 98.321075 92.934509 89.566925 88.694443 89.913681 93.689781 99.456657 98.993134 98.969002 99.704720 100.378967 100.098557 99.752045 100.079536,
 14.620419 18.413359 19.629087 20.792368 26.277122 34.380108 37.611473 18.537371 19.382597 20.133526 25.982077 35.092869 39.043350 34.203800 19.458639 19.884300 25.674358 35.730938 40.380741 34.924713 25.961193 20.316010 25.595772 35.589489 41.069702 35.589493 25.595772 20.316010 25.961193 34.924706 40.380741 35.730942 25.674362 19.884300 19.458641 34.203796 39.043350 35.092869 25.982077 20.133530 19.382595 18.537371 37.611469 34.380100 26.277122 20.792368 19.629089 18.413357 14.620417,

Auto-correlations of the modulus of each oriented sub-band
 0.640568 0.747943 0.821474 0.839532 0.797833 0.709367 0.596332 0.707181 0.828336 0.916763 0.945602 0.902480 0.800147 0.670901 0.786983 0.951545 1.071962 1.112323 1.061762 0.936556 0.771888 0.818784 1.026997 1.212969 1.292126 1.212969 1.026997 0.818784 0.771888 0.936556 1.061762 1.112323 1.071962 0.951545 0.786983 0.670901 0.800147 0.902480 0.945602 0.916763 0.828336 0.707181 0.596332 0.709367 0.797833 0.839532 0.821474 0.747943 0.640568,
 10.801056 11.195868 11.757924 12.292045 12.616551 12.782478 12.894344 12.602867 13.570738 14.749842 15.596193 15.743306 15.467265 15.123614 14.902029 16.467691 18.280472 19.332817 18.949301 17.804296 16.704742 16.624218 18.296467 20.184891 21.126884 20.184891 18.296467 16.624216 16.704742 17.804296 18.949301 19.332813 18.280476 16.467690 14.902028 15.123614 15.467267 15.743306 15.596191 14.749841 13.570736 12.602867 12.894343 12.782479 12.616551 12.292046 11.757927 11.195867 10.801056,
 47.982471 49.028847 50.231796 50.923801 50.498417 49.148716 47.501301 55.583668 59.291122 63.230885 65.183723 63.600788 59.529316 55.137306 63.064316 70.235947 77.763840 81.339027 78.064682 70.439621 62.784069 66.209808 75.258728 84.668007 89.034073 84.668007 75.258728 66.209808 62.784058 70.439621 78.064674 81.339012 77.763832 70.235947 63.064316 55.137302 59.529312 63.600777 65.183731 63.230877 59.291134 55.583668 47.501301 49.148716 50.498413 50.923801 50.231812 49.028851 47.982479,
 11.782565 11.598401 11.364498 10.968335 10.376410 9.776567 9.330868 14.171227 14.444466 14.661631 14.447786 13.548246 12.352463 11.379638 15.845633 16.854275 17.945587 18.286667 17.204386 15.411512 13.904359 15.757472 17.331778 19.172092 20.107491 19.172092 17.331778 15.757472 13.904357 15.411512 17.204384 18.286665 17.945581 16.854275 15.845634 11.379638 12.352463 13.548246 14.447784 14.661628 14.444464 14.171226 9.330870 9.776567 10.376411 10.968335 11.364496 11.598401 11.782564,
 0.539356 0.717893 0.863487 0.915560 0.848835 0.694670 0.514221 0.572971 0.765788 0.922253 0.977874 0.906081 0.739968 0.545217 0.610775 0.834918 1.025219 1.097892 1.014433 0.818118 0.592795 0.622642 0.868779 1.092436 1.187537 1.092436 0.868779 0.622642 0.592795 0.818118 1.014433 1.097892 1.025219 0.834918 0.610775 0.545217 0.739968 0.906081 0.977874 0.922254 0.765788 0.572971 0.514221 0.694670 0.848835 0.915560 0.863487 0.717893 0.539356,
 6.282974 6.520857 6.792071 7.029203 7.184175 7.254148 7.259911 7.145304 7.723339 8.320580 8.698362 8.771707 8.625952 8.362784 8.304157 9.264204 10.241981 10.730767 10.507535 9.891632 9.187939 9.175719 10.214036 11.261365 11.761907 11.261365 10.214037 9.175719 9.187939 9.891632 10.507535 10.730767 10.241982 9.264204 8.304157 8.362784 8.625952 8.771707 8.698362 8.320580 7.723340 7.145304 7.259911 7.254148 7.184176 7.029204 6.792070 6.520857 6.282974,
 25.021492 26.012470 26.978880 27.450726 27.076427 26.078564 24.965572 28.984789 31.750881 34.412785 35.592876 34.377529 31.409636 28.166201 32.815491 37.995861 43.013557 45.207153 42.917259 37.581593 31.972250 34.114113 40.660507 47.040577 49.869293 47.040585 40.660507 34.114113 31.972250 37.581593 42.917259 45.207157 43.013557 37.995861 32.815491 28.166201 31.409639 34.377533 35.592876 34.412788 31.750877 28.984789 24.965572 26.078564 27.076427 27.450727 26.978880 26.012470 25.021494,
 5.918069 5.883958 5.776512 5.570983 5.304560 5.033165 4.784642 7.297099 7.529502 7.609393 7.478883 7.083776 6.466753 5.819473 8.347073 9.021366 9.575956 9.762504 9.271904 8.273823 7.244783 8.334507 9.389040 10.416579 10.901477 10.416579 9.389040 8.334507 7.244783 8.273823 9.271904 9.762504 9.575956 9.021365 8.347073 5.819473 6.466753 7.083776 7.478883 7.609394 7.529502 7.297099 4.784642 5.033165 5.304560 5.570983 5.776512 5.883959 5.918069,
 0.294682 0.428606 0.542508 0.586715 0.538325 0.421621 0.287477 0.308925 0.447686 0.565421 0.610713 0.559841 0.437558 0.297098 0.320352 0.472500 0.606956 0.661365 0.604258 0.466651 0.312631 0.323322 0.486113 0.637445 0.702176 0.637445 0.486113 0.323322 0.312631 0.466651 0.604258 0.661365 0.606956 0.472500 0.320352 0.297098 0.437558 0.559841 0.610713 0.565421 0.447686 0.308925 0.287477 0.421621 0.538325 0.586715 0.542508 0.428606 0.294682,
 2.309303 2.445309 2.595403 2.712130 2.736533 2.691526 2.615510 2.882017 3.177327 3.444968 3.588626 3.577273 3.421965 3.183652 3.460771 3.963542 4.448441 4.647256 4.487643 4.126880 3.686568 3.796577 4.363215 4.918580 5.184979 4.918580 4.363215 3.796577 3.686568 4.126880 4.487643 4.647256 4.448441 3.963542 3.460771 3.183651 3.421965 3.577273 3.588626 3.444968 3.177327 2.882017 2.615510 2.691526 2.736532 2.712130 2.595403 2.445308 2.309303,
 9.486084 10.110611 10.629273 10.828872 10.622169 10.143675 9.589971 11.678096 13.304122 14.707636 15.219995 14.536983 13.068398 11.508482 13.661050 16.518137 19.157785 20.211330 18.960306 16.232334 13.410088 14.346285 17.780054 21.109747 22.592043 21.109747 17.780052 14.346285 13.410089 16.232334 18.960306 20.211330 19.157785 16.518139 13.661050 11.508482 13.068398 14.536983 15.219995 14.707634 13.304122 11.678096 9.589971 10.143674 10.622168 10.828872 10.629273 10.110611 9.486084,
 2.193248 2.292344 2.350480 2.324227 2.200462 2.040525 1.878513 2.713019 3.008583 3.191655 3.184503 2.998962 2.673120 2.317528 3.153268 3.654258 4.065067 4.234700 3.986537 3.406875 2.831605 3.193649 3.825403 4.468355 4.781096 4.468355 3.825403 3.193649 2.831605 3.406875 3.986537 4.234700 4.065068 3.654258 3.153268 2.317528 2.673120 2.998963 3.184503 3.191655 3.008583 2.713019 1.878513 2.040525 2.200462 2.324227 2.350480 2.292344 2.193248,

Pairwise cross-correlations of the modulus of all oriented sub-bands at the same scale (size QxQ)
 1.292125 2.057047 3.193988 1.982794 2.057047 21.126888 36.126266 11.442369 3.193988 36.126266 89.034050 35.262981 1.982794 11.442369 35.262981 20.107494,
 1.187537 1.162674 1.687917 1.048761 1.162674 11.761907 19.937960 6.027633 1.687917 19.937960 49.869293 19.420853 1.048761 6.027633 19.420853 10.901474,

Cross-correlations of the modulus of all oriented sub-bands with all oriented sub-bands at the coarser scale (size QxQ)
 1.022602 1.329915 2.013599 1.212180 1.530267 9.302257 16.124109 6.135468 2.529171 15.958555 34.635727 15.400774 1.472159 5.934294 15.166994 8.425138,
 0.766154 0.616296 1.003468 0.590816 0.868740 4.312658 7.149693 2.530899 1.430460 8.164371 16.089655 6.576069 0.809827 2.980292 6.825696 3.475776,

Cross-correlations of the real part of each oriented sub-band with both the real and imaginary part of all phase-doubled oriented sub-bands at the next coarser scale (Q matrices of size 1x2Q, which are computed and stored in a matrix of size Qx2Q)
 0.344169 -0.100443 -0.224252 -0.170998 -0.017704 -0.020657 -0.007496 -0.003012 0.048607 -4.372326 -5.918772 -1.813529 -0.009133 -0.132679 -0.036800 0.072346 -0.195717 -7.076736 -16.814348 -9.047961 -0.001526 -0.113169 0.478901 0.239486 -0.003161 -1.611679 -7.597772 -5.773071 -0.004664 0.011896 0.329909 0.076113,
 0.304432 0.001249 -0.065407 -0.049023 -0.012482 -0.012557 -0.006999 -0.002557 0.104885 -1.348027 -1.695833 -0.431806 -0.011238 -0.087701 -0.391027 -0.129531 -0.072516 -2.188171 -4.345300 -2.348750 0.002811 -0.227001 -1.172812 -0.359232 0.047311 -0.458911 -1.851671 -1.633751 0.002632 -0.089446 -0.486909 -0.160230,
