Low-band skewness and kurtosis
 -1.206056 3.963808,
 -1.041975 3.809475,
 -0.935937 3.396768,
 0.019448 2.276557,

High-band variance
 103.221214,

Skewness, kurtosis, variance, mean, maximum and minimum of the reconstructed texture
 133.000000 255.000000 240.787949 500.818390 -1.474712 4.336010

Auto-correlations of the low-frequency bands at each scale
 73.344093 74.133743 75.489197 76.439018 76.068230 75.270729 75.014633 57.772438 52.668121 50.272797 50.236584 51.828979 55.746517 62.311977 214.304596 215.519806 217.423676 218.549622 217.611221 215.924316 214.948242 351.143036 361.998749 370.557587 374.043304 370.557587 361.998840 351.143005 214.948242 215.924316 217.611206 218.549652 217.423676 215.519821 214.304581 62.311966 55.746513 51.828972 50.236580 50.272804 52.668121 57.772446 75.014626 75.270729 76.068214 76.439034 75.489197 74.133751 73.344101,
 59.193268 58.778080 59.088634 59.371269 58.529144 57.680996 57.602512 58.185413 54.888168 53.483208 53.380768 53.478767 54.869400 58.126736 147.353683 148.285278 150.253540 151.834961 151.364456 150.376968 150.190643 226.201828 231.973831 237.133209 239.529053 237.133209 231.973831 226.201828 150.190643 150.376968 151.364456 151.834946 150.253510 148.285309 147.353668 58.126736 54.869411 53.478771 53.380768 53.483208 54.888180 58.185413 57.602535 57.681000 58.529156 59.371277 59.088627 58.778095 59.193256,
 48.105934 47.972305 48.238045 48.576263 48.382706 48.310440 48.738678 45.985168 43.129963 41.521240 41.069973 41.189766 42.453449 45.007885 107.452560 107.382553 108.053238 108.630127 108.005737 107.145798 106.846977 156.780075 160.474609 163.845474 165.436340 163.845474 160.474609 156.780075 106.846977 107.145813 108.005737 108.630112 108.053238 107.382553 107.452560 45.007877 42.453445 41.189762 41.069977 41.521236 43.129959 45.985168 48.738686 48.310432 48.382702 48.576263 48.238045 47.972301 48.105923,
 10.473449 11.874494 11.680955 12.192708 16.198586 22.615665 25.685726 11.915436 11.573834 11.995224 16.219917 22.784431 25.888781 22.395670 11.672116 11.907162 16.079887 23.038172 26.284723 22.530214 16.009527 12.068283 15.930863 22.871006 26.605629 22.871004 15.930863 12.068284 16.009527 22.530214 26.284727 23.038172 16.079885 11.907161 11.672116 22.395670 25.888777 22.784435 16.219915 11.995222 11.573838 11.915439 25.685726 22.615667 16.198587 12.192708 11.680951 11.874494 10.473454,

Auto-correlations of the modulus of each oriented sub-band
 0.523002 0.640202 0.727718 0.761339 0.730934 0.645978 0.530356 0.558791 0.688533 0.786733 0.824161 0.788434 0.691525 0.562584 0.602871 0.754720 0.872920 0.918512 0.874232 0.757034 0.605862 0.629179 0.795878 0.928084 0.979405 0.928084 0.795878 0.629179 0.605862 0.757034 0.874232 0.918512 0.872920 0.754720 0.602871 0.562584 0.691525 0.788434 0.824161 0.786733 0.688533 0.558791 0.530356 0.645978 0.730934 0.761339 0.727718 0.640202 0.523003,
 4.735419 4.922589 5.102410 5.223962 5.265675 5.258254 5.246768 6.688988 7.148104 7.544748 7.738744 7.703536 7.531178 7.324303 8.933910 9.693995 10.361934 10.638366 10.426669 9.937121 9.400013 10.142978 10.956078 11.709065 12.041469 11.709064 10.956079 10.142978 9.400014 9.937119 10.426669 10.638366 10.361932 9.693995 8.933910 7.324302 7.531178 7.703537 7.738745 7.544747 7.148104 6.688988 5.246768 5.258253 5.265676 5.223961 5.102409 4.922589 4.735419,
 35.268211 35.871361 36.361519 36.452816 36.008434 35.207382 34.351757 48.584507 50.596951 52.139908 52.616451 51.760357 49.916271 47.713818 62.995396 66.910530 69.944649 71.034286 69.682549 66.463936 62.464180 69.443985 74.357689 78.260757 79.804413 78.260757 74.357689 69.443985 62.464180 66.463936 69.682549 71.034286 69.944649 66.910530 62.995384 47.713810 49.916267 51.760372 52.616451 52.139908 50.596951 48.584507 34.351757 35.207390 36.008434 36.452820 36.361515 35.871361 35.268211,
 5.737193 5.726765 5.713779 5.650335 5.503505 5.298526 5.095351 7.795406 7.982442 8.142093 8.158542 7.935579 7.512618 7.049508 9.798078 10.315544 10.805150 11.012214 10.715657 10.029267 9.279289 10.489055 11.284315 12.048522 12.390411 12.048522 11.284315 10.489053 9.279289 10.029269 10.715657 11.012213 10.805149 10.315544 9.798078 7.049508 7.512618 7.935580 8.158541 8.142093 7.982442 7.795407 5.095352 5.298526 5.503505 5.650336 5.713780 5.726765 5.737192,
 0.511300 0.704364 0.861257 0.920784 0.855408 0.693846 0.498178 0.531263 0.735557 0.903141 0.967389 0.898043 0.726432 0.519832 0.554960 0.779138 0.966382 1.039414 0.962756 0.773265 0.548260 0.567058 0.804336 1.006070 1.087089 1.006070 0.804336 0.567058 0.548260 0.773265 0.962756 1.039414 0.966382 0.779138 0.554960 0.519832 0.726432 0.898043 0.967390 0.903141 0.735557 0.531263 0.498178 0.693846 0.855408 0.920784 0.861258 0.704364 0.511300,
 2.259546 2.309707 2.340803 2.370644 2.386338 2.378481 2.354102 3.217079 3.457478 3.625405 3.664868 3.618177 3.544809 3.463279 4.384232 4.827208 5.225163 5.339667 5.148680 4.866412 4.610620 5.031413 5.480267 5.961054 6.199765 5.961054 5.480267 5.031413 4.610620 4.866412 5.148679 5.339667 5.225163 4.827208 4.384231 3.463279 3.544809 3.618176 3.664868 3.625406 3.457478 3.217079 2.354102 2.378481 2.386338 2.370644 2.340803 2.309707 2.259546,
 14.883725 15.363114 15.775307 15.940902 15.735678 15.291204 14.779244 21.217566 22.534002 23.588406 24.059444 23.743397 22.822515 21.590675 28.962265 31.397697 33.279964 34.069923 33.446075 31.703415 29.358034 32.848137 35.838902 38.120918 39.019245 38.120918 35.838902 32.848133 29.358036 31.703415 33.446075 34.069923 33.279961 31.397696 28.962261 21.590677 22.822515 23.743397 24.059444 23.588404 22.534004 21.217566 14.779246 15.291204 15.735678 15.940902 15.775307 15.363115 14.883725,
 2.362783 2.390677 2.402128 2.374917 2.327899 2.283459 2.231390 3.337688 3.438380 3.511409 3.553573 3.516525 3.366948 3.159827 4.388625 4.629352 4.894300 5.087287 4.989644 4.624314 4.235982 4.798462 5.197181 5.646645 5.881481 5.646645 5.197182 4.798462 4.235982 4.624314 4.989644 5.087287 4.894300 4.629352 4.388625 3.159827 3.366948 3.516525 3.553572 3.511409 3.438380 3.337688 2.231390 2.283460 2.327899 2.374917 2.402128 2.390677 2.362783,
 0.272463 0.398638 0.507925 0.552249 0.508749 0.399535 0.272308 0.283724 0.415958 0.530218 0.575894 0.529487 0.414825 0.281700 0.300537 0.445518 0.573389 0.625319 0.572899 0.444847 0.299346 0.309675 0.463013 0.600341 0.657046 0.600341 0.463013 0.309675 0.299346 0.444847 0.572899 0.625319 0.573389 0.445518 0.300537 0.281700 0.414825 0.529487 0.575894 0.530218 0.415958 0.283724 0.272308 0.399535 0.508749 0.552249 0.507925 0.398638 0.272463,
 1.729291 1.809460 1.892910 1.957915 1.985805 1.990680 1.973202 2.215165 2.381655 2.518400 2.582448 2.575167 2.537041 2.475791 2.847270 3.135183 3.396061 3.486852 3.384397 3.217184 3.039337 3.230006 3.528287 3.828845 3.980169 3.828846 3.528287 3.230006 3.039338 3.217184 3.384397 3.486852 3.396061 3.135183 2.847270 2.475791 2.537040 2.575167 2.582448 2.518400 2.381655 2.215165 1.973202 1.990681 1.985805 1.957915 1.892910 1.809460 1.729290,
 11.343709 11.750112 12.247330 12.610659 12.558299 12.291655 11.989933 14.526749 15.363988 16.180632 16.667177 16.471285 15.879610 15.152707 18.925762 20.450151 21.748339 22.386770 21.930521 20.776045 19.330229 21.265278 23.151436 24.688910 25.365177 24.688911 23.151436 21.265276 19.330229 20.776047 21.930519 22.386770 21.748341 20.450151 18.925762 15.152706 15.879608 16.471283 16.667175 16.180635 15.363986 14.526748 11.989933 12.291653 12.558296 12.610659 12.247332 11.750113 11.343708,
 1.941605 1.987910 2.032690 2.059566 2.057405 2.029379 1.983047 2.479628 2.567754 2.641890 2.692735 2.679529 2.579427 2.436564 3.106730 3.282112 3.456972 3.581986 3.520310 3.284030 3.026477 3.354863 3.623022 3.910623 4.058607 3.910623 3.623021 3.354863 3.026477 3.284030 3.520311 3.581986 3.456972 3.282112 3.106730 2.436564 2.579427 2.679528 2.692735 2.641890 2.567754 2.479628 1.983047 2.029379 2.057405 2.059566 2.032690 1.987910 1.941605,

Pairwise cross-correlations of the modulus of all oriented sub-bands at the same scale (size QxQ)
 0.979405 0.699750 0.745424 0.685940 0.699750 12.041467 28.544411 9.517911 0.745424 28.544411 79.804428 29.072908 0.685940 9.517911 29.072908 12.390414,
 1.087089 0.677140 0.719356 0.670669 0.677140 6.199765 14.139063 4.601368 0.719356 14.139063 39.019226 13.754564 0.670669 4.601368 13.754564 5.881480,

Cross-correlations of the modulus of all oriented sub-bands with all oriented sub-bands at the coarser scale (size QxQ)
 0.928057 0.557570 0.440286 0.540989 0.700861 3.938436 9.007729 3.197138 0.963558 9.020396 23.907167 8.881789 0.712632 3.338534 9.174523 3.884981,
 0.739959 0.516138 0.298583 0.522247 0.581092 1.786868 4.357336 1.803351 0.907413 4.319884 12.085225 4.641381 0.593157 1.747216 4.517746 1.978164,

Cross-correlations of the real part of each oriented sub-band with both the real and imaginary part of all phase-doubled oriented sub-bands at the next coarser scale (Q matrices of size 1x2Q, which are computed and stored in a matrix of size Qx2Q)
 0.347891 0.009890 -0.040717 0.010115 -0.012098 -0.009900 0.002904 0.012870 0.124017 -3.411621 -7.112531 -2.131066 -0.006810 0.246477 0.467549 0.062241 -0.003461 -7.612766 -18.751883 -6.865287 -0.003630 0.558204 0.930792 0.019579 0.126272 -2.217286 -6.622830 -2.933588 -0.007274 0.154814 0.214395 -0.036221,
 0.338521 0.041532 -0.018220 0.030628 -0.022675 -0.005497 0.001396 0.016721 0.134208 -1.553140 -4.036321 -1.320740 -0.007785 -0.088828 -0.263576 -0.091631 0.002238 -3.837982 -11.390596 -4.402326 0.000276 -0.150892 -0.681120 -0.300468 0.127663 -1.219009 -4.249753 -1.878360 -0.012550 -0.034239 -0.240642 -0.111727,
