Low-band skewness and kurtosis
 -1.335771 4.297926,
 -1.113529 3.800276,
 -0.900084 3.472638,
 -0.814891 3.179212,

High-band variance
 104.761200,

Skewness, kurtosis, variance, mean, maximum and minimum of the reconstructed texture
 114.000000 255.000000 240.548782 553.648193 -1.579256 4.704993

Auto-correlations of the low-frequency bands at each scale
 121.344315 116.175087 113.558136 112.802734 113.897491 118.334038 127.133926 153.199020 129.146362 110.019493 103.230156 111.509834 131.551193 155.347107 266.032104 271.997528 277.490631 280.202759 277.074951 268.779236 257.236877 334.695312 377.355042 413.087646 427.563568 413.087646 377.355103 334.695312 257.236877 268.779205 277.074951 280.202759 277.490631 271.997528 266.032104 155.347092 131.551193 111.509834 103.230156 110.019493 129.146362 153.199020 127.133904 118.334015 113.897491 112.802742 113.558121 116.175087 121.344345,
 126.741081 123.812416 122.812233 122.703392 122.572510 124.321655 129.278854 134.508911 119.193855 107.953209 104.387703 109.089844 121.165680 136.363281 195.166138 198.387222 201.907684 203.902985 201.874496 197.010315 190.679047 236.159897 262.395844 284.411652 293.451080 284.411682 262.395844 236.159912 190.679031 197.010284 201.874496 203.902985 201.907715 198.387253 195.166138 136.363251 121.165688 109.089844 104.387703 107.953232 119.193871 134.508911 129.278839 124.321648 122.572510 122.703400 122.812248 123.812424 126.741081,
 121.489990 118.496910 116.676170 115.693260 114.872879 114.896248 116.192604 132.601212 122.700302 115.595993 113.524399 116.564636 123.759903 132.182907 160.796402 162.743576 165.042953 166.461990 165.407852 162.710342 159.292053 176.932968 192.440720 205.744476 211.264908 205.744476 192.440720 176.932968 159.292053 162.710327 165.407852 166.461990 165.042938 162.743591 160.796387 132.182892 123.759888 116.564636 113.524399 115.595978 122.700287 132.601212 116.192604 114.896233 114.872887 115.693268 116.676147 118.496902 121.489990,
 16.480421 19.510830 19.331675 19.588486 24.277452 31.606457 35.726398 18.585655 18.489456 19.049816 24.824322 33.614685 38.103916 35.475269 18.269033 19.351027 25.582605 35.471275 40.248108 35.983158 28.188391 20.689772 26.670193 36.211231 41.297268 36.211231 26.670195 20.689772 28.188395 35.983158 40.248108 35.471275 25.582605 19.351027 18.269035 35.475266 38.103924 33.614685 24.824326 19.049814 18.489456 18.585655 35.726402 31.606455 24.277456 19.588484 19.331673 19.510830 16.480423,

Auto-correlations of the modulus of each oriented sub-band
 0.791433 0.891375 0.965605 0.990908 0.956789 0.874787 0.769947 0.859371 0.985644 1.081204 1.115056 1.075853 0.976736 0.847887 0.949442 1.119731 1.245525 1.288911 1.237742 1.108540 0.938324 0.971597 1.201886 1.426635 1.528189 1.426635 1.201886 0.971597 0.938324 1.108540 1.237742 1.288911 1.245525 1.119731 0.949442 0.847887 0.976736 1.075853 1.115056 1.081204 0.985644 0.859371 0.769947 0.874787 0.956789 0.990908 0.965605 0.891375 0.791433,
 13.875450 14.340940 15.057364 15.804502 16.337368 16.652445 16.803036 15.769097 16.868868 18.311588 19.441786 19.725569 19.415489 18.895184 18.119743 19.911184 22.090565 23.444559 23.028271 21.628551 20.208212 19.922569 21.910097 24.180883 25.342270 24.180883 21.910097 19.922573 20.208212 21.628550 23.028271 23.444559 22.090569 19.911186 18.119741 18.895184 19.415489 19.725569 19.441786 18.311588 16.868868 15.769097 16.803036 16.652441 16.337366 15.804502 15.057364 14.340940 13.875451,
 46.571907 47.874271 49.002491 49.255707 48.155590 46.218800 44.340225 52.751152 56.455250 60.343952 61.940907 59.557106 54.856991 50.579861 58.624317 65.408630 73.019341 76.552399 72.521553 64.373421 57.214573 60.657600 69.070549 78.763245 83.543449 78.763245 69.070549 60.657600 57.214569 64.373421 72.521553 76.552383 73.019325 65.408623 58.624317 50.579849 54.856991 59.557102 61.940899 60.343952 56.455250 52.751141 44.340214 46.218811 48.155594 49.255699 49.002495 47.874268 46.571915,
 15.055826 14.797822 14.407480 13.804188 12.985744 12.180601 11.592691 17.446613 17.750233 17.874647 17.476789 16.334198 14.893985 13.715344 18.977377 20.152279 21.282379 21.547550 20.267147 18.219351 16.445898 18.606651 20.442312 22.469004 23.487606 22.469004 20.442316 18.606651 16.445896 18.219349 20.267147 21.547550 21.282377 20.152279 18.977375 13.715346 14.893982 16.334198 17.476789 17.874647 17.750237 17.446613 11.592691 12.180599 12.985744 13.804189 14.407482 14.797822 15.055825,
 0.637126 0.826616 0.982009 1.043062 0.981707 0.824370 0.632577 0.670203 0.877863 1.046040 1.110996 1.045355 0.875851 0.666417 0.709564 0.956187 1.163537 1.243273 1.157088 0.949500 0.706282 0.727321 1.002068 1.253268 1.360733 1.253268 1.002068 0.727321 0.706282 0.949500 1.157088 1.243273 1.163537 0.956187 0.709564 0.666417 0.875850 1.045355 1.110996 1.046040 0.877863 0.670203 0.632577 0.824370 0.981707 1.043062 0.982009 0.826616 0.637126,
 8.314143 8.648321 9.035563 9.406483 9.638626 9.664010 9.547146 9.321683 10.087073 10.872263 11.389403 11.473927 11.164454 10.631864 10.505354 11.745373 13.013475 13.659028 13.351289 12.439500 11.384100 11.344083 12.728188 14.122184 14.771128 14.122184 12.728190 11.344083 11.384101 12.439499 13.351289 13.659028 13.013475 11.745374 10.505355 10.631864 11.164454 11.473927 11.389404 10.872263 10.087073 9.321683 9.547146 9.664008 9.638626 9.406484 9.035564 8.648321 8.314143,
 24.755022 26.120762 27.538744 28.155848 27.420612 25.826036 24.423311 27.941053 31.145634 34.539310 36.001095 34.273739 30.672501 27.504429 31.036915 36.322495 42.169285 44.825176 41.919502 35.917183 30.676252 32.221107 38.454964 45.577835 49.006374 45.577835 38.454967 32.221115 30.676252 35.917179 41.919510 44.825176 42.169289 36.322495 31.036915 27.504429 30.672501 34.273739 36.001095 34.539314 31.145634 27.941053 24.423311 25.826036 27.420616 28.155848 27.538744 26.120758 24.755028,
 8.107573 8.146748 8.031558 7.745920 7.364202 6.991262 6.690527 9.399748 9.793992 9.978133 9.817113 9.277678 8.513028 7.794709 10.352674 11.262451 12.025765 12.243252 11.599436 10.402400 9.237722 10.310024 11.583211 12.844775 13.432914 12.844776 11.583211 10.310024 9.237723 10.402400 11.599436 12.243255 12.025766 11.262451 10.352674 7.794709 8.513027 9.277675 9.817112 9.978135 9.793992 9.399748 6.690527 6.991262 7.364201 7.745920 8.031559 8.146748 8.107573,
 0.355043 0.489631 0.606403 0.650668 0.598357 0.476234 0.339809 0.368931 0.511932 0.633584 0.676186 0.619886 0.493397 0.350571 0.379038 0.543557 0.692848 0.748351 0.677226 0.525280 0.365257 0.378738 0.558434 0.738360 0.819211 0.738360 0.558434 0.378738 0.365257 0.525280 0.677226 0.748351 0.692848 0.543557 0.379038 0.350571 0.493397 0.619886 0.676186 0.633584 0.511932 0.368931 0.339809 0.476234 0.598357 0.650668 0.606403 0.489631 0.355043,
 4.768597 4.974564 5.165721 5.298935 5.330350 5.238832 5.049632 5.270885 5.678437 6.068238 6.295359 6.285059 6.061615 5.706769 5.903899 6.577514 7.238885 7.551535 7.357744 6.843383 6.240591 6.322504 7.090668 7.845667 8.193416 7.845667 7.090668 6.322504 6.240590 6.843383 7.357744 7.551534 7.238885 6.577513 5.903899 5.706769 6.061615 6.285059 6.295358 6.068238 5.678437 5.270886 5.049631 5.238832 5.330350 5.298936 5.165721 4.974564 4.768598,
 9.116722 9.526329 10.188257 10.581910 10.210562 9.356193 8.716289 10.179158 11.389960 12.988472 13.765414 12.861689 11.054868 9.713770 11.264241 13.589361 16.541105 17.952484 16.360523 13.259593 10.896040 11.604873 14.482790 18.188362 20.060638 18.188362 14.482789 11.604873 10.896038 13.259593 16.360523 17.952484 16.541105 13.589363 11.264241 9.713770 11.054870 12.861691 13.765409 12.988471 11.389957 10.179158 8.716289 9.356193 10.210563 10.581910 10.188257 9.526329 9.116721,
 3.690055 3.755442 3.768466 3.712673 3.586087 3.411661 3.224038 4.234628 4.446835 4.585987 4.581199 4.372414 4.003518 3.611274 4.593345 5.080344 5.524975 5.699359 5.401720 4.772549 4.132863 4.549505 5.248449 5.950734 6.277093 5.950734 5.248448 4.549505 4.132863 4.772549 5.401720 5.699360 5.524974 5.080343 4.593343 3.611274 4.003519 4.372414 4.581199 4.585987 4.446835 4.234628 3.224038 3.411661 3.586087 3.712673 3.768466 3.755442 3.690055,

Pairwise cross-correlations of the modulus of all oriented sub-bands at the same scale (size QxQ)
 1.528189 2.788586 3.868985 2.550367 2.788586 25.342281 35.811306 11.155360 3.868985 35.811306 83.543442 35.428425 2.550367 11.155360 35.428425 23.487600,
 1.360732 1.744785 2.239675 1.522133 1.744785 14.771125 20.883158 6.626432 2.239675 20.883158 49.006371 20.577066 1.522133 6.626432 20.577066 13.432916,

Cross-correlations of the modulus of all oriented sub-bands with all oriented sub-bands at the coarser scale (size QxQ)
 1.153460 1.876266 2.663597 1.797815 1.970544 11.941998 17.389412 7.050550 2.848548 17.877943 35.703938 17.428347 1.734784 7.080185 17.415955 10.923332,
 0.874510 1.251224 1.220182 1.017291 1.168809 6.224280 7.892078 2.947296 1.712989 8.453062 15.993426 8.590782 1.052825 3.123948 7.594085 5.568650,

Cross-correlations of the real part of each oriented sub-band with both the real and imaginary part of all phase-doubled oriented sub-bands at the next coarser scale (Q matrices of size 1x2Q, which are computed and stored in a matrix of size Qx2Q)
 0.246395 -0.291665 -0.268379 -0.245689 0.016740 0.028309 0.025460 -0.004407 -0.140366 -5.125586 -5.953652 -1.618591 0.017640 0.345260 0.326162 0.061360 -0.364674 -7.368284 -15.475093 -8.107759 -0.004517 0.330364 0.398969 0.164478 -0.125660 -1.533383 -6.563369 -5.465340 -0.003859 0.021688 0.100869 0.052063,
 0.275761 -0.113593 -0.141335 -0.095778 -0.014456 0.029440 0.026183 -0.004537 -0.015490 -1.658320 -1.538636 -0.415731 -0.023335 0.797570 0.925021 0.091616 -0.184924 -2.018121 -4.122743 -2.772933 -0.024231 1.095368 1.861643 0.351830 0.000779 -0.345135 -2.112612 -2.174127 -0.009546 0.151859 0.605646 0.177622,
