Low-band skewness and kurtosis
 -1.304900 4.253849,
 -1.092478 3.886995,
 -0.885461 3.351278,
 -0.682051 3.576184,

High-band variance
 95.218201,

Skewness, kurtosis, variance, mean, maximum and minimum of the reconstructed texture
 127.000000 255.000000 240.862473 517.809082 -1.537291 4.540648

Auto-correlations of the low-frequency bands at each scale
 66.958527 66.515274 66.559486 66.301086 65.131042 64.143410 64.513588 64.034760 55.167690 49.619839 47.831245 49.480274 54.942612 63.758316 230.036469 231.606491 234.371307 236.402847 235.860809 233.810776 231.529984 367.669067 383.191742 395.522034 400.515747 395.522034 383.191772 367.669067 231.529984 233.810776 235.860764 236.402847 234.371307 231.606491 230.036453 63.758312 54.942612 49.480263 47.831238 49.619846 55.167679 64.034737 64.513580 64.143410 65.131027 66.301086 66.559509 66.515259 66.958542,
 79.951942 80.470634 81.662018 82.543236 81.943245 81.151649 81.219353 63.004601 58.096073 55.799862 55.723919 56.777710 59.956268 65.590965 154.599335 154.859512 156.185303 157.167618 156.044174 154.320663 153.271240 236.337006 245.270874 252.644409 255.853775 252.644424 245.270874 236.337006 153.271240 154.320648 156.044144 157.167618 156.185303 154.859512 154.599335 65.590958 59.956257 56.777706 55.723927 55.799873 58.096085 63.004608 81.219353 81.151665 81.943237 82.543236 81.662033 80.470642 79.951965,
 75.101982 74.774147 74.992828 75.276375 74.871468 74.549896 74.916039 73.326889 70.125069 68.510948 68.213531 68.444778 69.868629 72.727715 118.311081 118.878525 120.169304 121.194794 120.687767 119.647293 118.929245 157.949753 163.149139 167.568253 169.543350 167.568253 163.149155 157.949753 118.929276 119.647278 120.687782 121.194794 120.169304 118.878525 118.311066 72.727715 69.868614 68.444778 68.213531 68.510948 70.125076 73.326881 74.916039 74.549896 74.871468 75.276375 74.992828 74.774155 75.101967,
 10.165574 12.212412 10.106825 7.844638 12.445480 23.075294 29.379093 11.895156 9.483036 7.306789 12.726000 24.214674 30.531197 25.158705 9.153953 7.065041 12.853627 25.207558 31.646969 25.213436 13.750781 7.355100 13.073786 25.419130 32.255600 25.419128 13.073786 7.355100 13.750781 25.213436 31.646969 25.207558 12.853627 7.065039 9.153951 25.158709 30.531197 24.214674 12.725998 7.306789 9.483036 11.895154 29.379093 23.075300 12.445480 7.844637 10.106823 12.212410 10.165572,

Auto-correlations of the modulus of each oriented sub-band
 0.569791 0.683908 0.767178 0.796957 0.765068 0.681535 0.569020 0.622009 0.752692 0.850724 0.887664 0.851743 0.754580 0.624745 0.691098 0.851934 0.975014 1.020205 0.971767 0.848653 0.690461 0.725848 0.909062 1.056014 1.113479 1.056014 0.909062 0.725848 0.690461 0.848653 0.971767 1.020205 0.975014 0.851934 0.691098 0.624745 0.754580 0.851743 0.887664 0.850724 0.752693 0.622009 0.569020 0.681535 0.765068 0.796957 0.767178 0.683909 0.569791,
 6.531861 6.814250 7.160764 7.456192 7.624556 7.689985 7.711338 8.625598 9.243305 9.902647 10.320193 10.365330 10.166135 9.901989 11.031739 12.025332 13.047633 13.564170 13.312305 12.617330 11.900480 12.438735 13.505701 14.605721 15.114500 14.605721 13.505703 12.438735 11.900482 12.617330 13.312307 13.564171 13.047633 12.025331 11.031737 9.901990 10.166135 10.365329 10.320193 9.902645 9.243305 8.625598 7.711338 7.689985 7.624557 7.456192 7.160764 6.814250 6.531861,
 38.745831 39.650990 40.513390 40.937824 40.705727 40.011639 39.182980 52.385712 54.901455 57.097855 58.036663 57.226700 55.135014 52.600513 67.094292 71.759323 75.760925 77.418243 75.819870 71.854507 67.126442 73.758385 79.559082 84.523132 86.584595 84.523132 79.559082 73.758369 67.126442 71.854492 75.819878 77.418236 75.760925 71.759323 67.094284 52.600513 55.135014 57.226696 58.036663 57.097851 54.901455 52.385708 39.182980 40.011635 40.705738 40.937824 40.513386 39.650993 38.745831,
 6.875881 6.891798 6.896644 6.821090 6.631994 6.406137 6.232438 9.099571 9.331553 9.556779 9.585040 9.266382 8.745822 8.287672 11.247946 11.830321 12.470475 12.752600 12.304738 11.427963 10.643963 11.952491 12.811508 13.789655 14.277348 13.789653 12.811510 11.952489 10.643964 11.427962 12.304738 12.752600 12.470472 11.830319 11.247946 8.287673 8.745819 9.266383 9.585040 9.556779 9.331553 9.099571 6.232438 6.406137 6.631995 6.821090 6.896642 6.891798 6.875883,
 0.530783 0.719029 0.873120 0.933547 0.873004 0.718475 0.529700 0.556784 0.756926 0.921125 0.985339 0.920727 0.757133 0.558607 0.592352 0.815622 1.002191 1.076084 1.002585 0.817688 0.596730 0.614414 0.851134 1.053338 1.135136 1.053338 0.851135 0.614414 0.596730 0.817688 1.002585 1.076084 1.002191 0.815622 0.592352 0.558607 0.757133 0.920727 0.985339 0.921125 0.756926 0.556784 0.529700 0.718475 0.873004 0.933547 0.873120 0.719029 0.530783,
 3.322339 3.463422 3.600809 3.710515 3.760792 3.765677 3.753241 4.367011 4.723256 5.016293 5.167190 5.179152 5.101110 4.959894 5.648253 6.260420 6.806250 7.012781 6.828469 6.481830 6.098680 6.412341 7.039732 7.662511 7.963129 7.662511 7.039732 6.412340 6.098680 6.481830 6.828468 7.012781 6.806251 6.260421 5.648254 4.959893 5.101111 5.179151 5.167190 5.016293 4.723256 4.367011 3.753241 3.765677 3.760792 3.710515 3.600809 3.463422 3.322338,
 21.532667 22.331736 22.939209 23.124706 22.791847 22.165159 21.527447 28.715206 30.627184 32.077065 32.566586 31.885109 30.393965 28.640648 36.563202 40.010464 42.697968 43.690063 42.536949 39.803371 36.457279 40.094757 44.308083 47.709232 49.079430 47.709240 44.308086 40.094757 36.457279 39.803368 42.536938 43.690063 42.697968 40.010464 36.563198 28.640650 30.393965 31.885109 32.566586 32.077065 30.627184 28.715206 21.527452 22.165161 22.791847 23.124704 22.939211 22.331738 21.532663,
 3.873674 3.890094 3.874925 3.818152 3.721854 3.609091 3.493761 5.196782 5.325816 5.391106 5.384835 5.258645 4.996933 4.688768 6.437526 6.777009 7.083894 7.258471 7.074272 6.578265 6.047276 6.810832 7.358434 7.916283 8.195118 7.916284 7.358434 6.810832 6.047276 6.578265 7.074272 7.258471 7.083893 6.777009 6.437526 4.688768 4.996933 5.258645 5.384835 5.391106 5.325816 5.196783 3.493761 3.609091 3.721854 3.818152 3.874925 3.890093 3.873674,
 0.303086 0.433403 0.544972 0.590152 0.546269 0.435346 0.305226 0.323844 0.461461 0.578784 0.625310 0.577557 0.459656 0.322673 0.344970 0.496163 0.627730 0.679874 0.624674 0.492411 0.342519 0.353819 0.512766 0.654979 0.713945 0.654979 0.512766 0.353819 0.342519 0.492411 0.624674 0.679874 0.627730 0.496163 0.344970 0.322673 0.459656 0.577557 0.625310 0.578784 0.461461 0.323844 0.305226 0.435346 0.546269 0.590152 0.544972 0.433403 0.303086,
 1.311785 1.376367 1.428889 1.460950 1.463126 1.443620 1.423476 1.927981 2.113003 2.249830 2.288232 2.259129 2.190382 2.097804 2.582964 2.916538 3.214267 3.291371 3.144129 2.926116 2.702586 2.911146 3.263232 3.628087 3.811921 3.628087 3.263232 2.911145 2.702586 2.926116 3.144129 3.291370 3.214267 2.916538 2.582964 2.097804 2.190382 2.259129 2.288232 2.249830 2.113002 1.927981 1.423476 1.443620 1.463126 1.460950 1.428889 1.376367 1.311785,
 6.480063 7.020517 7.505034 7.803835 7.854763 7.747931 7.595124 10.253224 11.394826 12.342886 12.796783 12.599973 11.929669 11.085500 14.337407 16.231205 17.782167 18.438715 17.902433 16.486582 14.750949 16.312237 18.547537 20.398930 21.155664 20.398928 18.547537 16.312237 14.750949 16.486582 17.902433 18.438715 17.782167 16.231205 14.337407 11.085500 11.929669 12.599971 12.796783 12.342885 11.394824 10.253223 7.595124 7.747931 7.854762 7.803834 7.505034 7.020518 6.480064,
 1.282327 1.311138 1.322837 1.322655 1.309665 1.282424 1.244579 1.935974 2.038115 2.112915 2.153894 2.132325 2.023060 1.862656 2.592616 2.800864 3.002174 3.147369 3.089814 2.824076 2.521140 2.845843 3.158575 3.489237 3.660679 3.489237 3.158575 2.845843 2.521140 2.824077 3.089814 3.147369 3.002174 2.800864 2.592616 1.862656 2.023060 2.132325 2.153894 2.112915 2.038115 1.935974 1.244579 1.282424 1.309665 1.322655 1.322837 1.311138 1.282327,

Pairwise cross-correlations of the modulus of all oriented sub-bands at the same scale (size QxQ)
 1.113479 1.205788 1.532053 1.078405 1.205788 15.114506 32.225727 10.521456 1.532053 32.225727 86.584625 31.799122 1.078405 10.521456 31.799122 14.277348,
 1.135136 0.800156 0.960807 0.781684 0.800156 7.963126 17.540874 5.726454 0.960807 17.540874 49.079418 18.028851 0.781684 5.726454 18.028851 8.195117,

Cross-correlations of the modulus of all oriented sub-bands with all oriented sub-bands at the coarser scale (size QxQ)
 0.981578 0.788655 0.912145 0.761696 1.016529 5.619190 11.885414 4.368132 1.478132 11.844982 29.790342 11.783025 0.967159 4.289421 11.490398 5.344619,
 0.780163 0.434984 0.371375 0.445582 0.694360 2.483454 4.972102 1.855254 1.104742 4.979638 12.246737 4.809272 0.697912 1.790804 4.689497 2.240931,

Cross-correlations of the real part of each oriented sub-band with both the real and imaginary part of all phase-doubled oriented sub-bands at the next coarser scale (Q matrices of size 1x2Q, which are computed and stored in a matrix of size Qx2Q)
 0.355418 -0.012212 -0.065078 -0.010483 -0.006842 -0.006538 -0.002011 0.007169 0.115826 -4.060412 -8.350196 -2.611308 -0.002439 -0.187939 -0.305974 -0.046246 -0.022367 -8.912161 -22.384706 -8.669403 0.003147 -0.395565 -0.424764 0.019685 0.120849 -2.611831 -8.138402 -3.834154 -0.004090 -0.101498 -0.038344 0.069388,
 0.327835 0.014701 -0.045440 0.009839 0.032723 0.001791 -0.000876 -0.003623 0.115023 -1.985434 -3.684980 -0.978272 0.012277 0.021345 -0.099421 0.024790 -0.013529 -4.037118 -9.402061 -3.413155 -0.001436 0.048060 -0.236614 0.098217 0.117010 -1.071988 -3.350825 -1.596079 0.010621 0.008294 -0.079848 0.051249,
