Low-band skewness and kurtosis
 -1.300074 4.109799,
 -1.096477 3.718069,
 -0.922653 3.345694,
 -0.749684 3.090573,

High-band variance
 103.990356,

Skewness, kurtosis, variance, mean, maximum and minimum of the reconstructed texture
 116.000000 255.000000 240.634827 545.657104 -1.568579 4.651014

Auto-correlations of the low-frequency bands at each scale
 111.435493 107.166542 105.685959 105.401413 105.389366 106.915848 111.703453 136.598373 115.820145 100.334953 95.203255 102.040398 118.916557 140.481720 254.848984 261.577362 267.636444 271.220367 270.337433 266.256042 260.420349 342.279327 378.547638 408.063599 419.892273 408.063599 378.547638 342.279327 260.420349 266.256042 270.337402 271.220306 267.636444 261.577362 254.848938 140.481720 118.916542 102.040390 95.203255 100.334946 115.820137 136.598358 111.703468 106.915833 105.389366 105.401413 105.685966 107.166534 111.435509,
 107.000565 104.578865 104.512703 105.054657 104.565712 104.601105 106.739265 116.459480 103.293800 94.186913 91.474091 95.169853 105.304291 119.327110 186.603180 190.098373 193.527451 195.552689 194.429825 191.854401 189.066849 239.724609 261.636169 279.552734 286.868439 279.552734 261.636169 239.724609 189.066818 191.854385 194.429825 195.552689 193.527451 190.098404 186.603180 119.327126 105.304276 95.169853 91.474098 94.186897 103.293816 116.459503 106.739258 104.601105 104.565735 105.054665 104.512703 104.578865 107.000565,
 100.590324 98.180405 96.708542 95.344734 93.409836 92.069138 92.250854 111.472389 103.719604 98.179932 95.775314 96.248665 99.838333 105.427849 148.387634 150.414169 152.661972 154.072784 153.284653 151.306015 148.908707 177.360245 189.664978 199.710022 203.854156 199.710022 189.664978 177.360245 148.908707 151.306015 153.284653 154.072784 152.661972 150.414169 148.387650 105.427834 99.838333 96.248657 95.775314 98.179932 103.719589 111.472389 92.250854 92.069122 93.409821 95.344727 96.708557 98.180405 100.590324,
 16.747747 21.932041 21.630644 20.136679 24.290630 34.224228 41.702328 22.328167 20.900808 19.076611 24.820017 36.887669 44.800938 41.467838 20.559364 18.851450 25.820721 39.585430 47.370819 41.713936 29.426027 19.833282 27.356915 41.214264 48.533382 41.214264 27.356916 19.833282 29.426027 41.713936 47.370819 39.585430 25.820721 18.851448 20.559362 41.467838 44.800930 36.887672 24.820023 19.076612 20.900812 22.328169 41.702332 34.224228 24.290632 20.136679 21.630644 21.932045 16.747749,

Auto-correlations of the modulus of each oriented sub-band
 0.707685 0.820417 0.907309 0.944597 0.920445 0.842897 0.735242 0.761948 0.885473 0.985007 1.027629 0.998186 0.907904 0.786183 0.845120 1.005485 1.123548 1.169428 1.132306 1.019243 0.859415 0.873794 1.078348 1.276469 1.366037 1.276469 1.078348 0.873794 0.859415 1.019243 1.132306 1.169428 1.123548 1.005485 0.845120 0.786183 0.907904 0.998186 1.027629 0.985007 0.885473 0.761948 0.735242 0.842897 0.920445 0.944597 0.907309 0.820417 0.707685,
 10.724743 11.221462 11.852981 12.484387 12.941521 13.239253 13.475554 12.846672 13.867501 15.081528 16.023657 16.302557 16.130859 15.846828 15.425520 17.006384 18.819639 19.929272 19.619730 18.537497 17.456631 17.315376 18.983740 20.844965 21.788774 20.844963 18.983740 17.315376 17.456631 18.537497 19.619726 19.929266 18.819641 17.006384 15.425520 15.846827 16.130857 16.302555 16.023657 15.081530 13.867503 12.846671 13.475555 13.239253 12.941521 12.484387 11.852981 11.221465 10.724742,
 42.874577 44.264229 45.564236 46.098049 45.442055 44.069702 42.761192 50.756535 54.503002 58.370377 60.097717 58.307301 54.473568 50.886841 58.722584 65.323875 72.470261 75.795502 72.430069 65.343056 58.880478 62.269722 70.189934 78.969170 83.210106 78.969170 70.189934 62.269722 58.880478 65.343056 72.430054 75.795486 72.470261 65.323875 58.722572 50.886845 54.473560 58.307301 60.097713 58.370369 54.503002 50.756527 42.761192 44.069695 45.442055 46.098049 45.564236 44.264225 42.874569,
 13.301495 13.072083 12.775300 12.343053 11.754789 11.186868 10.796374 15.518335 15.744454 15.890829 15.638330 14.753817 13.626038 12.740562 17.053547 18.007889 19.018721 19.326300 18.267113 16.561445 15.152679 16.930788 18.421291 20.173595 21.084827 20.173595 18.421291 16.930788 15.152678 16.561445 18.267113 19.326302 19.018721 18.007893 17.053547 12.740561 13.626038 14.753819 15.638330 15.890829 15.744454 15.518335 10.796376 11.186867 11.754790 12.343053 12.775302 13.072083 13.301495,
 0.602020 0.791063 0.949980 1.016284 0.959643 0.807096 0.620294 0.635833 0.836953 1.004297 1.074475 1.017676 0.858621 0.659222 0.674398 0.901821 1.096041 1.177359 1.106072 0.918022 0.693015 0.698868 0.945686 1.170093 1.265882 1.170093 0.945687 0.698868 0.693015 0.918022 1.106072 1.177359 1.096041 0.901821 0.674398 0.659222 0.858621 1.017676 1.074475 1.004297 0.836953 0.635833 0.620294 0.807096 0.959643 1.016284 0.949980 0.791063 0.602020,
 5.935927 6.210238 6.524352 6.828809 7.055850 7.170321 7.195135 6.992063 7.650022 8.315207 8.778538 8.935405 8.812185 8.492592 8.363609 9.464189 10.550982 11.119394 10.933732 10.269221 9.438415 9.395525 10.598790 11.755798 12.289560 11.755798 10.598790 9.395525 9.438416 10.269220 10.933731 11.119393 10.550983 9.464190 8.363609 8.492591 8.812185 8.935404 8.778539 8.315207 7.650023 6.992063 7.195136 7.170321 7.055850 6.828809 6.524352 6.210238 5.935927,
 23.992371 24.882151 25.771564 26.067434 25.411928 24.202934 23.093121 28.211155 30.694361 33.154530 34.144886 32.762486 29.891294 27.095150 32.315346 36.923153 41.571136 43.597233 41.316517 36.376797 31.538759 33.824554 39.576130 45.478596 48.182808 45.478596 39.576130 33.824551 31.538761 36.376797 41.316517 43.597233 41.571136 36.923153 32.315342 27.095154 29.891294 32.762486 34.144886 33.154530 30.694361 28.211155 23.093122 24.202936 25.411934 26.067436 25.771566 24.882151 23.992367,
 7.826811 7.819581 7.700880 7.443279 7.061372 6.642375 6.268705 9.083640 9.370588 9.477543 9.316044 8.832205 8.115970 7.382498 9.933289 10.678888 11.295196 11.480776 10.934564 9.863069 8.759510 9.805857 10.935376 12.037199 12.548966 12.037199 10.935378 9.805857 8.759510 9.863069 10.934564 11.480775 11.295197 10.678887 9.933288 7.382498 8.115969 8.832207 9.316044 9.477545 9.370589 9.083640 6.268705 6.642376 7.061373 7.443278 7.700879 7.819582 7.826811,
 0.312991 0.445386 0.566005 0.621531 0.583194 0.472889 0.341233 0.336901 0.478323 0.605429 0.662114 0.619076 0.500239 0.360062 0.367367 0.526600 0.670972 0.732527 0.676279 0.536317 0.379298 0.385428 0.556628 0.717928 0.787676 0.717928 0.556628 0.385428 0.379298 0.536317 0.676279 0.732527 0.670971 0.526601 0.367367 0.360062 0.500239 0.619076 0.662114 0.605429 0.478323 0.336901 0.341233 0.472889 0.583194 0.621531 0.566005 0.445386 0.312991,
 2.909425 3.055986 3.221840 3.365333 3.458782 3.471307 3.419684 3.397519 3.757277 4.127037 4.361577 4.402875 4.271521 4.021096 4.091524 4.725041 5.359591 5.673104 5.522786 5.086556 4.547399 4.593288 5.319022 6.022565 6.351915 6.022565 5.319022 4.593288 4.547399 5.086555 5.522785 5.673104 5.359591 4.725041 4.091524 4.021096 4.271521 4.402875 4.361577 4.127037 3.757277 3.397519 3.419685 3.471307 3.458782 3.365333 3.221839 3.055986 2.909425,
 10.429205 10.928475 11.519289 11.830185 11.744996 11.495245 11.351172 12.269475 13.660035 15.221214 16.009272 15.581571 14.424616 13.334675 14.510335 17.130661 19.938622 21.273319 20.203503 17.661354 15.219973 15.816338 19.006462 22.370955 23.917204 22.370955 19.006462 15.816338 15.219973 17.661356 20.203506 21.273319 19.938622 17.130661 14.510333 13.334674 14.424614 15.581570 16.009270 15.221214 13.660035 12.269475 11.351172 11.495246 11.744994 11.830186 11.519289 10.928475 10.429206,
 3.405883 3.390307 3.339042 3.252707 3.139440 2.999012 2.846824 4.045055 4.191263 4.262357 4.215796 4.012221 3.693380 3.378514 4.472477 4.895528 5.261735 5.389197 5.098596 4.530483 3.979432 4.433052 5.055512 5.690458 5.995234 5.690458 5.055511 4.433052 3.979432 4.530484 5.098596 5.389197 5.261735 4.895527 4.472477 3.378513 3.693380 4.012221 4.215796 4.262357 4.191262 4.045054 2.846824 2.999012 3.139440 3.252707 3.339041 3.390307 3.405883,

Pairwise cross-correlations of the modulus of all oriented sub-bands at the same scale (size QxQ)
 1.366037 2.195652 3.209615 2.112358 2.195652 21.788773 34.272308 10.615569 3.209615 34.272308 83.210068 33.862797 2.112358 10.615569 33.862797 21.084824,
 1.265882 1.201566 1.706340 1.319468 1.201566 12.289559 19.358671 5.572126 1.706340 19.358671 48.182793 19.536377 1.319468 5.572126 19.536377 12.548965,

Cross-correlations of the modulus of all oriented sub-bands with all oriented sub-bands at the coarser scale (size QxQ)
 1.081445 1.380942 2.023416 1.464642 1.578899 9.927484 16.049810 5.909259 2.534829 16.123312 34.616573 15.715633 1.575070 5.993390 15.943597 9.901918,
 0.848516 0.720328 0.997348 0.744725 0.877599 5.110560 8.287427 2.973053 1.461294 8.002659 17.264626 7.723778 0.982141 2.921399 8.165564 4.830265,

Cross-correlations of the real part of each oriented sub-band with both the real and imaginary part of all phase-doubled oriented sub-bands at the next coarser scale (Q matrices of size 1x2Q, which are computed and stored in a matrix of size Qx2Q)
 0.338162 -0.185635 -0.226553 -0.157923 -0.008487 0.026474 0.037815 0.003981 -0.040818 -5.198899 -7.511566 -1.857922 -0.000666 0.781116 1.231283 0.189743 -0.256533 -8.343519 -17.886892 -7.750554 0.005623 1.116502 2.008343 0.299896 0.004771 -1.853613 -6.639374 -4.668756 -0.003683 0.184920 0.416935 0.020446,
 0.298180 -0.088985 -0.116643 -0.014862 0.024645 0.018178 0.010690 0.004852 0.023014 -2.337490 -2.757686 -0.486647 0.005454 0.405371 0.501375 -0.011523 -0.100127 -3.201568 -5.570083 -2.127429 -0.004363 0.635729 0.561307 -0.046496 0.091351 -0.548522 -1.893361 -1.330890 0.006379 0.108478 -0.037285 0.018628,
