Low-band skewness and kurtosis
 -1.236363 3.923452,
 -0.987149 3.473574,
 -0.745999 3.047254,
 -0.503703 2.689804,

High-band variance
 101.424149,

Skewness, kurtosis, variance, mean, maximum and minimum of the reconstructed texture
 128.000000 255.000000 240.723114 525.526855 -1.522042 4.439015

Auto-correlations of the low-frequency bands at each scale
 74.514397 72.113014 71.760536 72.010254 71.803360 71.759171 72.911163 90.693329 73.149612 60.569763 55.524933 58.655617 69.328545 85.111603 235.341721 238.825089 241.352829 241.755264 238.828156 234.470352 230.670441 343.040009 371.082123 393.045959 401.768219 393.045959 371.082123 343.039948 230.670441 234.470306 238.828140 241.755295 241.352829 238.825089 235.341675 85.111626 69.328560 58.655594 55.524933 60.569763 73.149597 90.693321 72.911171 71.759163 71.803360 72.010254 71.760544 72.112999 74.514366,
 72.185181 71.203468 71.858513 72.781433 72.380806 71.714111 71.928276 77.166435 66.625282 60.169388 58.323841 60.197338 66.314354 76.075310 160.605759 162.273163 163.746353 164.032501 161.827515 159.191223 157.718719 224.629318 240.985153 253.803299 259.045349 253.803329 240.985184 224.629318 157.718704 159.191223 161.827484 164.032501 163.746353 162.273163 160.605743 76.075302 66.314339 60.197323 58.323841 60.169395 66.625298 77.166443 71.928276 71.714104 72.380806 72.781448 71.858513 71.203491 72.185188,
 77.878960 77.736572 78.781654 80.140808 80.653595 80.853432 81.337074 72.172264 67.186989 64.412682 64.101730 65.555855 69.209450 74.794937 118.542358 119.557961 120.518120 120.765366 119.323067 117.567314 116.597260 156.036041 164.998856 172.255508 175.307388 172.255508 164.998840 156.036041 116.597260 117.567337 119.323067 120.765358 120.518120 119.557945 118.542358 74.794937 69.209450 65.555847 64.101723 64.412682 67.186981 72.172241 81.337082 80.853447 80.653587 80.140793 78.781654 77.736572 77.878944,
 14.751621 18.435017 20.837736 23.073614 27.425283 33.055988 35.692543 18.171909 20.194927 22.302397 27.470871 34.281452 37.421188 34.544338 19.976597 22.053709 27.554718 35.473766 39.056217 35.237377 28.403284 22.535475 27.808786 35.718544 39.882179 35.718544 27.808786 22.535475 28.403284 35.237377 39.056217 35.473766 27.554718 22.053709 19.976599 34.544338 37.421188 34.281452 27.470869 22.302395 20.194927 18.171909 35.692543 33.055988 27.425283 23.073608 20.837732 18.435020 14.751620,

Auto-correlations of the modulus of each oriented sub-band
 0.599398 0.704272 0.777995 0.799001 0.761034 0.675774 0.566801 0.658697 0.777420 0.862547 0.888052 0.845473 0.748340 0.625860 0.735688 0.888914 1.002826 1.042987 0.994768 0.874050 0.718259 0.765172 0.957900 1.125543 1.195327 1.125543 0.957900 0.765172 0.718259 0.874050 0.994768 1.042987 1.002826 0.888914 0.735688 0.625860 0.748340 0.845473 0.888052 0.862547 0.777420 0.658697 0.566801 0.675774 0.761034 0.799001 0.777995 0.704272 0.599398,
 8.402300 8.691874 9.123719 9.552759 9.807625 9.927609 10.034909 10.373086 11.086930 12.014624 12.703085 12.815128 12.582428 12.345140 12.744150 13.915048 15.378052 16.253729 15.916867 14.978214 14.165897 14.353087 15.605662 17.146441 17.948494 17.146441 15.605662 14.353087 14.165897 14.978214 15.916867 16.253729 15.378052 13.915046 12.744149 12.345141 12.582426 12.815126 12.703086 12.014624 11.086930 10.373084 10.034910 9.927611 9.807625 9.552758 9.123719 8.691874 8.402300,
 43.922894 44.994888 45.895988 46.150925 45.453815 44.180508 42.963329 53.897484 57.483749 60.685051 61.919449 60.241196 56.672771 53.004086 63.891483 70.678329 77.011665 79.684952 76.729874 70.171356 63.358700 68.099770 76.466148 84.506020 88.093521 84.506012 76.466164 68.099770 63.358707 70.171356 76.729874 79.684959 77.011665 70.678329 63.891479 53.004086 56.672771 60.241196 61.919445 60.685051 57.483749 53.897484 42.963329 44.180508 45.453819 46.150928 45.895996 44.994888 43.922901,
 11.190778 10.973223 10.723866 10.357221 9.818063 9.249907 8.838246 13.672651 13.867941 14.003092 13.792659 12.995446 11.907358 11.005460 15.493198 16.396288 17.324429 17.605167 16.653341 15.041724 13.638239 15.511474 16.968559 18.598484 19.412212 18.598484 16.968561 15.511474 13.638241 15.041722 16.653341 17.605167 17.324429 16.396290 15.493198 11.005460 11.907357 12.995444 13.792660 14.003091 13.867943 13.672651 8.838248 9.249907 9.818063 10.357221 10.723868 10.973225 11.190777,
 0.531794 0.720769 0.873085 0.927895 0.859731 0.699431 0.510354 0.562608 0.763430 0.924595 0.981890 0.909014 0.738755 0.538177 0.600098 0.825862 1.013822 1.085332 1.004234 0.809642 0.583009 0.613166 0.857094 1.071968 1.161187 1.071968 0.857094 0.613166 0.583009 0.809642 1.004234 1.085332 1.013822 0.825862 0.600098 0.538177 0.738755 0.909014 0.981890 0.924595 0.763430 0.562608 0.510354 0.699431 0.859731 0.927895 0.873085 0.720769 0.531794,
 4.431336 4.583342 4.741574 4.893340 5.008264 5.081126 5.120285 5.433298 5.845335 6.231609 6.474753 6.551969 6.503305 6.353850 6.684130 7.400896 8.103980 8.440373 8.288424 7.888698 7.402963 7.546459 8.312496 9.072020 9.439825 9.072020 8.312496 7.546459 7.402963 7.888698 8.288423 8.440373 8.103980 7.400896 6.684130 6.353850 6.503305 6.551968 6.474753 6.231610 5.845335 5.433297 5.120285 5.081126 5.008264 4.893340 4.741574 4.583342 4.431336,
 21.814169 22.820967 23.604795 23.905373 23.600000 22.851505 21.891342 26.340578 29.115465 31.439386 32.343277 31.407532 29.158302 26.495232 31.341236 36.370304 40.794575 42.610359 40.799080 36.449230 31.511520 33.723537 39.836819 45.343727 47.688873 45.343731 39.836823 33.723537 31.511520 36.449223 40.799080 42.610355 40.794575 36.370308 31.341236 26.495226 29.158298 31.407526 32.343281 31.439392 29.115469 26.340578 21.891342 22.851505 23.599997 23.905375 23.604795 22.820972 21.814169,
 5.805453 5.751208 5.645133 5.475056 5.241426 4.961794 4.665188 7.101882 7.299618 7.377653 7.280424 6.925802 6.348330 5.739138 8.107821 8.725031 9.245351 9.430653 8.980649 8.068544 7.136307 8.145741 9.107346 10.055256 10.507304 10.055256 9.107346 8.145741 7.136307 8.068544 8.980649 9.430653 9.245351 8.725031 8.107820 5.739139 6.348330 6.925803 7.280424 7.377653 7.299618 7.101883 4.665188 4.961794 5.241426 5.475056 5.645132 5.751208 5.805453,
 0.323435 0.463133 0.580821 0.622951 0.566252 0.438539 0.294219 0.335736 0.482312 0.606708 0.651927 0.593086 0.458944 0.307046 0.345397 0.507261 0.650622 0.707080 0.642997 0.493383 0.327462 0.343211 0.517110 0.678119 0.746558 0.678119 0.517110 0.343211 0.327462 0.493383 0.642997 0.707080 0.650622 0.507261 0.345397 0.307046 0.458944 0.593086 0.651927 0.606708 0.482312 0.335736 0.294219 0.438539 0.566252 0.622951 0.580821 0.463133 0.323435,
 2.217225 2.315920 2.395852 2.464427 2.524500 2.550202 2.532257 2.827340 3.134181 3.389454 3.507283 3.506095 3.419940 3.254789 3.576546 4.116897 4.603859 4.790886 4.629822 4.299434 3.899843 4.048425 4.634685 5.190022 5.449987 5.190022 4.634685 4.048425 3.899843 4.299433 4.629822 4.790886 4.603859 4.116898 3.576545 3.254789 3.419940 3.506095 3.507283 3.389453 3.134181 2.827340 2.532257 2.550202 2.524499 2.464427 2.395852 2.315920 2.217225,
 12.179775 12.517244 12.743075 12.863723 12.796052 12.551728 12.251531 15.513801 16.964588 18.106215 18.558758 18.065386 16.847485 15.425253 18.681385 21.503511 23.866501 24.802286 23.776793 21.342192 18.563919 19.992022 23.456398 26.493256 27.772337 26.493254 23.456398 19.992022 18.563919 21.342190 23.776793 24.802284 23.866501 21.503511 18.681385 15.425252 16.847485 18.065384 18.558758 18.106215 16.964588 15.513801 12.251531 12.551726 12.796054 12.863723 12.743073 12.517244 12.179773,
 2.691086 2.739229 2.740864 2.689367 2.582522 2.438175 2.295346 3.377358 3.600338 3.713401 3.694568 3.530176 3.233063 2.890803 3.906065 4.350523 4.688922 4.831911 4.623878 4.110563 3.539375 3.963084 4.572820 5.140762 5.405151 5.140762 4.572820 3.963084 3.539375 4.110563 4.623878 4.831911 4.688922 4.350523 3.906065 2.890803 3.233063 3.530176 3.694568 3.713401 3.600338 3.377358 2.295346 2.438175 2.582522 2.689367 2.740864 2.739229 2.691086,

Pairwise cross-correlations of the modulus of all oriented sub-bands at the same scale (size QxQ)
 1.195327 1.667320 2.605448 1.735364 1.667320 17.948488 33.569546 10.952720 2.605448 33.569546 88.093513 35.033268 1.735364 10.952720 35.033268 19.412210,
 1.161187 0.961363 1.367171 0.941347 0.961363 9.439823 17.689095 5.522046 1.367171 17.689095 47.688866 18.880453 0.941347 5.522046 18.880453 10.507303,

Cross-correlations of the modulus of all oriented sub-bands with all oriented sub-bands at the coarser scale (size QxQ)
 0.981878 1.065791 1.553724 1.058597 1.237061 7.083678 13.097330 5.049905 2.036801 13.509231 31.531498 14.139145 1.303777 5.249053 14.200115 8.019982,
 0.795263 0.516888 0.662089 0.498162 0.795491 3.228434 6.381349 2.580368 1.342439 5.909960 14.211258 6.386374 0.805323 2.269143 6.254018 3.561778,

Cross-correlations of the real part of each oriented sub-band with both the real and imaginary part of all phase-doubled oriented sub-bands at the next coarser scale (Q matrices of size 1x2Q, which are computed and stored in a matrix of size Qx2Q)
 0.359582 -0.045900 -0.158493 -0.084159 0.018699 0.004310 0.017015 0.003763 0.098362 -4.415600 -7.529820 -2.192028 0.012817 -0.026179 -0.433137 -0.054146 -0.097548 -8.253902 -20.244738 -9.059859 0.001432 -0.335702 -1.052449 0.047776 0.067306 -2.098408 -8.094291 -5.050443 0.003050 -0.150863 -0.211745 0.133501,
 0.313525 0.007396 -0.052462 -0.026114 0.029043 0.001790 -0.007016 -0.012133 0.112733 -1.355288 -2.112363 -0.592104 0.017619 -0.165136 -0.010944 -0.023354 -0.036171 -2.499661 -5.436486 -2.709551 0.003240 -0.248462 0.003191 -0.184088 0.084703 -0.583727 -2.084058 -1.700158 0.005907 -0.031868 -0.025190 -0.148318,
