Low-band skewness and kurtosis
 -1.223705 3.950880,
 -0.979167 3.436401,
 -0.621156 2.579977,
 -0.161996 1.951873,

High-band variance
 102.179298,

Skewness, kurtosis, variance, mean, maximum and minimum of the reconstructed texture
 115.000000 255.000000 240.632431 520.484009 -1.499287 4.402430

Auto-correlations of the low-frequency bands at each scale
 74.800293 71.860519 71.021919 70.888176 70.671280 71.406342 74.253792 97.285744 79.027161 65.816742 60.950508 65.264915 77.644859 94.738091 232.921143 237.336090 240.991089 242.617310 240.583008 236.367584 231.927231 332.899353 362.966827 386.902618 396.441467 386.902618 362.966858 332.899353 231.927246 236.367554 240.583054 242.617310 240.991043 237.336121 232.921143 94.738075 77.644844 65.264908 60.950512 65.816727 79.027168 97.285744 74.253784 71.406349 70.671280 70.888176 71.021919 71.860535 74.800285,
 72.385269 71.790451 72.960510 74.286026 74.215027 74.051247 75.084770 74.648911 64.127449 57.847996 56.707451 59.993805 68.014969 79.556381 158.022232 160.257568 162.434631 163.520050 162.104950 160.094330 158.946716 222.588715 240.219849 254.291275 260.053345 254.291275 240.219864 222.588715 158.946701 160.094330 162.104919 163.520050 162.434631 160.257584 158.022232 79.556358 68.014961 59.993816 56.707451 57.847984 64.127457 74.648918 75.084755 74.051254 74.215042 74.286026 72.960518 71.790443 72.385292,
 81.787865 80.617920 79.956001 79.272743 77.901817 76.730644 76.504852 79.102242 72.678101 68.241669 66.422958 66.904510 70.064491 75.287766 117.030746 118.075302 119.869858 121.448456 121.505089 120.997200 120.648010 153.499390 162.685806 170.302216 173.522217 170.302216 162.685806 153.499390 120.648010 120.997215 121.505089 121.448433 119.869858 118.075302 117.030754 75.287766 70.064484 66.904488 66.422958 68.241669 72.678093 79.102249 76.504852 76.730652 77.901817 79.272743 79.956001 80.617912 81.787865,
 15.839885 20.453625 23.375500 24.708933 27.385941 32.399536 35.920155 20.066061 22.592003 24.087563 27.657923 33.509521 37.087425 35.256023 22.091999 23.804546 27.956259 34.678951 38.229237 35.264389 29.421022 24.170860 28.482611 35.201046 38.833370 35.201046 28.482611 24.170862 29.421021 35.264385 38.229237 34.678951 27.956253 23.804546 22.092001 35.256023 37.087421 33.509521 27.657921 24.087563 22.592003 20.066061 35.920162 32.399540 27.385939 24.708929 23.375500 20.453625 15.839890,

Auto-correlations of the modulus of each oriented sub-band
 0.592282 0.702261 0.783892 0.814931 0.784823 0.701989 0.590943 0.645381 0.766044 0.859169 0.894286 0.859327 0.767863 0.647810 0.726776 0.879080 0.991655 1.032949 0.990218 0.875106 0.720452 0.754848 0.946322 1.117196 1.189965 1.117196 0.946322 0.754848 0.720452 0.875106 0.990218 1.032949 0.991655 0.879080 0.726776 0.647810 0.767863 0.859327 0.894286 0.859169 0.766044 0.645381 0.590943 0.701989 0.784823 0.814931 0.783892 0.702261 0.592282,
 9.512066 9.866158 10.365978 10.824247 11.071256 11.177710 11.264160 11.369800 12.213968 13.258090 13.992412 14.060346 13.744652 13.405750 13.622894 14.997629 16.640900 17.580616 17.150974 16.047539 15.058553 15.172828 16.648882 18.406090 19.310562 18.406090 16.648884 15.172825 15.058553 16.047539 17.150974 17.580616 16.640898 14.997629 13.622893 13.405751 13.744650 14.060346 13.992413 13.258090 12.213965 11.369799 11.264161 11.177710 11.071255 10.824248 10.365977 9.866158 9.512066,
 44.588009 45.854755 46.966339 47.365490 46.730412 45.464722 44.209949 52.888935 56.707424 60.231750 61.667133 59.972061 56.279545 52.503788 61.350094 68.385429 75.189819 78.149849 75.024399 68.096809 61.094185 64.992500 73.599266 82.165482 86.061798 82.165482 73.599266 64.992500 61.094166 68.096802 75.024399 78.149849 75.189819 68.385429 61.350094 52.503788 56.279545 59.972069 61.667141 60.231758 56.707428 52.888939 44.209949 45.464722 46.730412 47.365490 46.966347 45.854759 44.588013,
 10.668978 10.509446 10.287820 9.918892 9.381990 8.833008 8.432153 12.910789 13.196807 13.381516 13.166146 12.347768 11.239667 10.301204 14.546762 15.573420 16.578337 16.872761 15.893303 14.216829 12.711068 14.495581 16.092409 17.819794 18.667812 17.819794 16.092409 14.495581 12.711067 14.216828 15.893303 16.872761 16.578335 15.573420 14.546762 10.301203 11.239668 12.347768 13.166144 13.381516 13.196806 12.910789 8.432153 8.833008 9.381990 9.918892 10.287820 10.509447 10.668978,
 0.526116 0.713313 0.870629 0.935960 0.878997 0.725798 0.537557 0.555234 0.752745 0.917676 0.985389 0.925110 0.763419 0.563932 0.590937 0.810476 0.997232 1.073570 1.001314 0.815759 0.594831 0.609445 0.847186 1.058757 1.147286 1.058757 0.847186 0.609445 0.594831 0.815759 1.001314 1.073570 0.997232 0.810476 0.590937 0.563932 0.763419 0.925110 0.985389 0.917676 0.752745 0.555234 0.537557 0.725798 0.878997 0.935960 0.870629 0.713313 0.526116,
 5.437153 5.580989 5.776598 5.974871 6.109261 6.163675 6.159967 6.436695 6.907697 7.405659 7.734529 7.804399 7.665571 7.404362 7.758608 8.603791 9.471281 9.904383 9.699099 9.139769 8.490302 8.659366 9.598128 10.548566 11.006652 10.548567 9.598126 8.659366 8.490302 9.139769 9.699098 9.904383 9.471281 8.603791 7.758609 7.404362 7.665572 7.804399 7.734529 7.405660 6.907698 6.436696 6.159967 6.163675 6.109260 5.974871 5.776598 5.580989 5.437152,
 26.106579 27.306046 28.246580 28.493341 27.920195 26.869097 25.843470 31.292255 34.297615 36.857327 37.721786 36.359325 33.560707 30.663548 36.446056 41.662659 46.397026 48.248085 45.980904 41.051174 35.905472 38.473732 44.737541 50.681755 53.285610 50.681763 44.737541 38.473732 35.905468 41.051174 45.980904 48.248085 46.397026 41.662663 36.446060 30.663548 33.560707 36.359322 37.721786 36.857327 34.297615 31.292259 25.843473 26.869091 27.920195 28.493340 28.246584 27.306047 26.106579,
 6.111327 6.107646 6.027762 5.827529 5.529138 5.204269 4.916935 7.411136 7.713025 7.855639 7.729831 7.287799 6.624745 5.957120 8.351078 9.096075 9.714699 9.911712 9.386511 8.347354 7.297865 8.304498 9.401000 10.483092 10.992698 10.483094 9.401000 8.304498 7.297864 8.347354 9.386511 9.911712 9.714698 9.096075 8.351079 5.957120 6.624745 7.287799 7.729830 7.855639 7.713025 7.411136 4.916935 5.204270 5.529138 5.827529 6.027762 6.107646 6.111327,
 0.296569 0.428597 0.538524 0.581319 0.537600 0.428450 0.298804 0.308967 0.446823 0.562199 0.606788 0.560584 0.446270 0.310811 0.326320 0.478793 0.611810 0.665044 0.610376 0.478525 0.328470 0.335891 0.498479 0.647597 0.710921 0.647597 0.498479 0.335891 0.328470 0.478525 0.610376 0.665044 0.611810 0.478793 0.326320 0.310811 0.446270 0.560584 0.606788 0.562199 0.446823 0.308967 0.298804 0.428450 0.537600 0.581318 0.538524 0.428597 0.296569,
 2.866915 2.996830 3.161230 3.321868 3.422760 3.431287 3.362912 3.462624 3.872056 4.287560 4.544766 4.595464 4.462222 4.196485 4.244138 4.919872 5.610700 5.947327 5.792947 5.350533 4.813757 4.826432 5.556643 6.285920 6.632181 6.285920 5.556643 4.826432 4.813756 5.350534 5.792947 5.947327 5.610699 4.919872 4.244138 4.196485 4.462223 4.595464 4.544765 4.287560 3.872055 3.462624 3.362911 3.431286 3.422759 3.321868 3.161230 2.996829 2.866915,
 11.351457 12.049894 12.826727 13.390706 13.508880 13.205335 12.696404 14.282102 16.128185 17.935881 18.963366 18.759203 17.558802 16.012535 17.860678 21.014536 23.986486 25.433859 24.588812 22.058861 19.130735 19.994442 23.692808 27.099424 28.556620 27.099424 23.692808 19.994442 19.130733 22.058861 24.588812 25.433859 23.986485 21.014534 17.860676 16.012531 17.558802 18.759201 18.963364 17.935881 16.128185 14.282099 12.696404 13.205332 13.508881 13.390706 12.826725 12.049894 11.351457,
 2.377614 2.401440 2.397274 2.343134 2.235496 2.099267 1.979168 2.979585 3.163244 3.276275 3.264857 3.078496 2.747120 2.424586 3.454435 3.879330 4.259977 4.423635 4.151491 3.564935 3.005983 3.455664 4.064686 4.707212 5.022148 4.707212 4.064686 3.455664 3.005983 3.564935 4.151491 4.423635 4.259977 3.879330 3.454435 2.424586 2.747119 3.078496 3.264857 3.276275 3.163244 2.979584 1.979168 2.099267 2.235496 2.343134 2.397274 2.401440 2.377614,

Pairwise cross-correlations of the modulus of all oriented sub-bands at the same scale (size QxQ)
 1.189965 1.742567 2.729878 1.703283 1.742567 19.310562 34.184139 10.648113 2.729878 34.184139 86.061783 33.477673 1.703283 10.648113 33.477673 18.667816,
 1.147286 0.905353 1.248828 0.840928 0.905353 11.006652 20.427299 6.330603 1.248828 20.427299 53.285618 20.435616 0.840928 6.330603 20.435616 10.992696,

Cross-correlations of the modulus of all oriented sub-bands with all oriented sub-bands at the coarser scale (size QxQ)
 0.965414 1.045912 1.594184 1.053870 1.398109 8.198033 14.993688 5.652050 2.349836 15.140312 34.481316 14.816640 1.290372 5.726235 15.067333 8.053868,
 0.769224 0.710066 0.866443 0.578322 0.700144 4.524464 8.716480 3.081451 1.107781 8.479705 19.257559 7.438173 0.661667 3.325671 8.059086 3.665467,

Cross-correlations of the real part of each oriented sub-band with both the real and imaginary part of all phase-doubled oriented sub-bands at the next coarser scale (Q matrices of size 1x2Q, which are computed and stored in a matrix of size Qx2Q)
 0.338836 -0.105569 -0.173880 -0.114876 -0.000675 -0.012906 -0.010185 -0.013354 0.017486 -4.536757 -6.677852 -1.814317 -0.003292 -0.520071 -0.713260 -0.063036 -0.185247 -7.737607 -17.471472 -8.090914 -0.003858 -0.901708 -1.439478 -0.200235 0.033985 -1.811689 -6.994612 -4.869254 -0.001827 -0.171005 -0.387796 -0.107325,
 0.325417 -0.032405 -0.070755 -0.011282 -0.007260 0.005751 0.006687 -0.000450 0.078506 -2.528634 -4.183375 -1.036662 0.002644 0.285469 0.467257 0.110257 -0.075088 -4.484937 -10.197943 -3.988542 0.003508 0.490109 1.049327 0.264266 0.087389 -1.055791 -3.587092 -2.141579 -0.004599 0.121302 0.296336 0.072070,
