Low-band skewness and kurtosis
 -1.181956 3.770654,
 -0.873473 3.087645,
 -0.638389 2.592137,
 0.102383 2.316853,

High-band variance
 104.321259,

Skewness, kurtosis, variance, mean, maximum and minimum of the reconstructed texture
 131.000000 255.000000 240.867310 505.483917 -1.486306 4.309741

Auto-correlations of the low-frequency bands at each scale
 62.749996 63.170879 64.142914 64.714371 63.973232 62.842850 62.304661 45.925922 41.392826 39.324188 39.111198 39.900257 42.507278 47.529285 211.399918 212.505783 214.353897 215.492630 214.628708 213.032776 212.127640 357.808044 366.934662 374.150391 377.121704 374.150391 366.934662 357.808105 212.127640 213.032806 214.628708 215.492599 214.353867 212.505798 211.399918 47.529274 42.507271 39.900265 39.111195 39.324173 41.392822 45.925922 62.304657 62.842846 63.973244 64.714386 64.142914 63.170883 62.750023,
 62.505672 62.862350 63.844330 64.687782 64.377769 64.064720 64.478516 49.800072 47.132202 46.087658 46.042183 45.952015 46.951519 49.632896 141.402390 141.815842 143.247040 144.289658 143.331955 141.938461 141.431580 225.719452 230.514603 235.030518 237.200272 235.030518 230.514603 225.719452 141.431580 141.938461 143.331985 144.289658 143.247025 141.815842 141.402390 49.632889 46.951523 45.952015 46.042191 46.087658 47.132195 49.800083 64.478516 64.064728 64.377769 64.687798 63.844330 62.862358 62.505680,
 77.509415 77.724442 78.145058 78.256897 77.359215 76.225151 75.390640 59.771294 58.106247 57.364689 57.184177 56.918583 57.340973 58.812134 102.584900 102.976387 104.103493 105.049599 104.750481 104.251091 104.397926 149.498306 152.415024 155.265579 156.663773 155.265579 152.415024 149.498306 104.397926 104.251091 104.750488 105.049599 104.103493 102.976387 102.584915 58.812130 57.340973 56.918583 57.184185 57.364689 58.106247 59.771301 75.390640 76.225159 77.359222 78.256897 78.145042 77.724442 77.509392,
 7.935988 10.392447 11.759951 12.779718 16.272999 22.290258 25.603313 10.398498 11.476874 12.474016 16.471439 22.790150 25.988071 22.676142 11.516275 12.275663 16.393362 23.328470 26.626896 22.841642 16.323036 12.403525 16.233423 23.239647 27.071346 23.239649 16.233423 12.403525 16.323036 22.841642 26.626896 23.328474 16.393364 12.275663 11.516276 22.676142 25.988071 22.790154 16.471439 12.474018 11.476874 10.398498 25.603310 22.290258 16.272999 12.779718 11.759951 10.392447 7.935987,

Auto-correlations of the modulus of each oriented sub-band
 0.519947 0.636114 0.722504 0.755148 0.724036 0.638596 0.522640 0.555931 0.686639 0.784694 0.820733 0.782698 0.683236 0.552067 0.594347 0.748430 0.868057 0.913442 0.867084 0.746713 0.592409 0.614338 0.782072 0.915376 0.967159 0.915376 0.782072 0.614338 0.592409 0.746713 0.867084 0.913442 0.868056 0.748430 0.594347 0.552067 0.683236 0.782698 0.820733 0.784694 0.686639 0.555931 0.522640 0.638596 0.724036 0.755148 0.722504 0.636114 0.519947,
 6.104028 6.251148 6.371289 6.443611 6.450902 6.405803 6.345798 8.118569 8.527135 8.830281 8.948334 8.885412 8.705671 8.474950 10.398419 11.101000 11.661436 11.859420 11.651609 11.204982 10.684799 11.566652 12.329826 12.990713 13.271725 12.990713 12.329828 11.566650 10.684797 11.204983 11.651609 11.859418 11.661436 11.101000 10.398418 8.474951 8.705671 8.885412 8.948336 8.830281 8.527135 8.118569 6.345799 6.405803 6.450902 6.443611 6.371289 6.251149 6.104028,
 40.941509 41.570724 42.073223 42.183205 41.769066 40.992970 40.135994 55.674397 57.554585 58.925041 59.307884 58.491402 56.749416 54.594074 71.731964 75.370117 78.038223 78.928078 77.679344 74.720306 70.887337 78.815926 83.453583 86.962906 88.310509 86.962906 83.453583 78.815918 70.887337 74.720306 77.679337 78.928078 78.038223 75.370117 71.731964 54.594074 56.749413 58.491394 59.307877 58.925041 57.554585 55.674400 40.135994 40.992970 41.769066 42.183205 42.073227 41.570721 40.941509,
 5.887126 5.889677 5.875942 5.819776 5.705513 5.548472 5.377645 8.041483 8.202843 8.317414 8.320197 8.150215 7.815478 7.400681 10.221766 10.681449 11.073511 11.229651 10.999600 10.433851 9.745171 11.014852 11.742580 12.377265 12.646342 12.377265 11.742582 11.014852 9.745171 10.433850 10.999600 11.229650 11.073510 10.681449 10.221765 7.400682 7.815476 8.150215 8.320197 8.317415 8.202843 8.041482 5.377645 5.548472 5.705513 5.819775 5.875942 5.889677 5.887127,
 0.491559 0.677189 0.830656 0.894258 0.840294 0.692923 0.508562 0.514109 0.713353 0.879313 0.948430 0.890227 0.731604 0.534513 0.548711 0.769296 0.954140 1.029648 0.960903 0.780718 0.561662 0.572910 0.806436 1.002150 1.079990 1.002150 0.806436 0.572910 0.561662 0.780718 0.960903 1.029648 0.954140 0.769296 0.548711 0.534513 0.731604 0.890227 0.948430 0.879313 0.713353 0.514109 0.508562 0.692923 0.840294 0.894258 0.830656 0.677189 0.491559,
 2.617985 2.710968 2.793974 2.847666 2.865946 2.870193 2.874186 3.787382 4.021756 4.209361 4.280557 4.241800 4.158649 4.073039 5.118706 5.528877 5.901184 6.021060 5.853022 5.578833 5.325240 5.803120 6.226985 6.677913 6.897874 6.677914 6.226985 5.803120 5.325239 5.578832 5.853022 6.021060 5.901184 5.528877 5.118707 4.073038 4.158649 4.241800 4.280557 4.209361 4.021756 3.787382 2.874185 2.870194 2.865946 2.847667 2.793974 2.710969 2.617985,
 16.864353 17.610136 18.308018 18.767944 18.854345 18.707907 18.487658 25.121325 26.548456 27.732508 28.367426 28.246042 27.563231 26.587158 34.845581 37.142876 38.930721 39.735321 39.245312 37.746441 35.691257 39.680485 42.381905 44.429234 45.239918 44.429234 42.381905 39.680496 35.691257 37.746441 39.245312 39.735321 38.930729 37.142876 34.845585 26.587158 27.563229 28.246042 28.367426 27.732513 26.548452 25.121328 18.487659 18.707909 18.854343 18.767944 18.308016 17.610136 16.864355,
 2.541830 2.613736 2.668327 2.678582 2.651059 2.610471 2.562670 3.656424 3.783331 3.889328 3.951194 3.925911 3.797046 3.622175 4.899819 5.135359 5.401446 5.589252 5.509051 5.188060 4.841833 5.434506 5.802841 6.220360 6.431661 6.220360 5.802841 5.434506 4.841833 5.188060 5.509051 5.589252 5.401446 5.135359 4.899819 3.622175 3.797046 3.925910 3.951194 3.889328 3.783331 3.656425 2.562670 2.610471 2.651059 2.678582 2.668326 2.613736 2.541830,
 0.292702 0.425622 0.538175 0.582884 0.537552 0.425306 0.293817 0.298347 0.435168 0.552594 0.600850 0.555769 0.440739 0.305006 0.314240 0.461821 0.590317 0.643477 0.593210 0.466709 0.319662 0.326488 0.481429 0.617080 0.672631 0.617080 0.481429 0.326488 0.319662 0.466709 0.593210 0.643477 0.590317 0.461821 0.314240 0.305006 0.440739 0.555769 0.600849 0.552594 0.435168 0.298347 0.293817 0.425306 0.537552 0.582884 0.538175 0.425622 0.292702,
 1.156783 1.217652 1.279990 1.357754 1.414439 1.426575 1.428032 1.798031 1.952326 2.067097 2.116791 2.134241 2.112242 2.052994 2.468670 2.713165 2.936547 2.995437 2.898127 2.769671 2.627195 2.809199 3.043763 3.295888 3.431326 3.295888 3.043763 2.809199 2.627195 2.769670 2.898127 2.995437 2.936547 2.713165 2.468670 2.052994 2.112242 2.134241 2.116791 2.067097 1.952326 1.798031 1.428032 1.426574 1.414439 1.357753 1.279990 1.217652 1.156783,
 6.613438 7.072240 7.589667 8.002122 8.157778 8.147964 8.118176 11.069071 12.017826 12.873034 13.385149 13.355607 12.934671 12.349991 15.843632 17.325947 18.540293 19.131359 18.840424 17.890377 16.613905 18.238394 19.925081 21.246523 21.785830 21.246523 19.925081 18.238394 16.613905 17.890375 18.840425 19.131359 18.540293 17.325947 15.843631 12.349989 12.934669 13.355607 13.385149 12.873032 12.017825 11.069070 8.118175 8.147964 8.157778 8.002122 7.589667 7.072240 6.613439,
 0.997084 1.030219 1.068568 1.091607 1.093818 1.098200 1.089418 1.611383 1.698154 1.769631 1.820340 1.834563 1.772361 1.650745 2.232913 2.386647 2.542801 2.676827 2.653391 2.455958 2.225061 2.489498 2.720555 2.973330 3.108448 2.973330 2.720555 2.489498 2.225061 2.455958 2.653391 2.676826 2.542801 2.386647 2.232913 1.650745 1.772360 1.834563 1.820339 1.769630 1.698154 1.611383 1.089418 1.098199 1.093818 1.091607 1.068568 1.030219 0.997084,

Pairwise cross-correlations of the modulus of all oriented sub-bands at the same scale (size QxQ)
 0.967159 0.731986 0.827555 0.697970 0.731986 13.271730 32.221451 10.771519 0.827555 32.221451 88.310501 31.452717 0.697970 10.771519 31.452717 12.646338,
 1.079990 0.647906 0.509875 0.611343 0.647906 6.897874 16.400080 5.528932 0.509875 16.400080 45.239929 15.839541 0.611343 5.528932 15.839541 6.431659,

Cross-correlations of the modulus of all oriented sub-bands with all oriented sub-bands at the coarser scale (size QxQ)
 0.927591 0.519281 0.249698 0.489242 0.827625 4.608139 10.876205 3.871207 1.195545 10.968794 28.611408 10.342917 0.778840 3.941043 10.398426 4.185645,
 0.741965 0.448150 0.399926 0.420979 0.561421 2.468953 5.616263 1.961825 0.712933 5.553402 14.133203 4.839772 0.531214 1.974109 4.880317 1.903899,

Cross-correlations of the real part of each oriented sub-band with both the real and imaginary part of all phase-doubled oriented sub-bands at the next coarser scale (Q matrices of size 1x2Q, which are computed and stored in a matrix of size Qx2Q)
 0.332732 0.021024 -0.026817 0.029137 -0.005808 0.006843 0.000093 0.010136 0.121104 -3.208426 -7.632189 -2.550696 -0.001971 -0.194734 -0.752491 -0.285345 0.000704 -7.939470 -21.469467 -8.184048 0.000398 -0.677624 -2.367023 -0.965122 0.122467 -2.556663 -7.899540 -3.382274 -0.001006 -0.266821 -0.934027 -0.411975,
 0.304869 0.035701 -0.006481 0.046151 -0.016483 0.000792 0.006867 0.004334 0.114280 -1.164080 -2.597392 -0.755132 -0.007085 0.016645 -0.423330 -0.179413 0.003934 -2.924811 -6.930937 -2.302727 -0.000904 -0.172803 -1.374911 -0.519817 0.120251 -0.915574 -2.409465 -0.895927 -0.004385 -0.111690 -0.505948 -0.168506,
