Low-band skewness and kurtosis
 -1.284153 4.143372,
 -1.054339 3.676467,
 -0.888417 3.153353,
 -0.527950 2.629312,

High-band variance
 100.974953,

Skewness, kurtosis, variance, mean, maximum and minimum of the reconstructed texture
 115.000000 255.000000 240.917587 521.918701 -1.559190 4.649766

Auto-correlations of the low-frequency bands at each scale
 84.089142 84.483604 85.638046 86.612503 86.697578 86.861977 88.279976 85.256516 73.634598 66.200531 64.000458 66.974754 75.146942 87.352913 235.115982 237.023697 239.691086 241.266403 240.006714 237.193985 234.259872 354.917542 375.624817 391.832855 398.302582 391.832855 375.624847 354.917542 234.259827 237.193954 240.006714 241.266403 239.691071 237.023712 235.115997 87.352913 75.146942 66.974754 64.000450 66.200546 73.634575 85.256516 88.279976 86.861984 86.697578 86.612518 85.638039 84.483589 84.089142,
 91.800720 92.887840 94.638077 95.951622 95.755264 95.458160 96.101257 85.331764 79.299858 76.451675 76.564171 78.769432 84.146088 92.760300 164.153992 165.436066 167.779312 169.594711 169.024994 167.724991 167.090988 232.717224 244.706543 254.344543 258.418457 254.344559 244.706558 232.717224 167.091019 167.724991 169.024994 169.594711 167.779312 165.436096 164.153976 92.760315 84.146072 78.769409 76.564171 76.451698 79.299866 85.331764 96.101265 95.458160 95.755264 95.951622 94.638100 92.887848 91.800728,
 87.388626 86.552597 85.981697 85.306915 83.915398 82.570206 81.863342 87.627998 84.513123 82.897026 82.634010 83.107208 85.053947 88.645576 127.210243 129.412628 132.287170 134.646362 135.188187 135.107895 135.367020 166.187561 172.691956 178.175659 180.585358 178.175659 172.691956 166.187561 135.367020 135.107910 135.188202 134.646362 132.287186 129.412628 127.210243 88.645576 85.053955 83.107208 82.633995 82.897026 84.513123 87.627975 81.863350 82.570206 83.915382 85.306915 85.981689 86.552589 87.388634,
 12.272291 14.229369 12.910060 11.505615 15.348809 24.048704 29.430330 14.135950 12.225544 10.784886 15.556369 25.217501 30.763067 26.552912 11.866882 10.458370 15.807714 26.473581 32.070206 26.773676 16.814194 10.687228 16.153965 26.939188 32.791222 26.939188 16.153967 10.687225 16.814196 26.773676 32.070206 26.473581 15.807715 10.458372 11.866879 26.552912 30.763067 25.217501 15.556366 10.784888 12.225543 14.135946 29.430336 24.048708 15.348809 11.505615 12.910061 14.229368 12.272286,

Auto-correlations of the modulus of each oriented sub-band
 0.551652 0.667746 0.756632 0.793482 0.767579 0.687889 0.577733 0.615427 0.746457 0.846408 0.885889 0.852134 0.757054 0.630391 0.692661 0.854041 0.977881 1.023514 0.975037 0.852158 0.695419 0.730677 0.919456 1.074329 1.135865 1.074329 0.919456 0.730677 0.695419 0.852158 0.975037 1.023514 0.977881 0.854041 0.692661 0.630391 0.757054 0.852134 0.885889 0.846408 0.746457 0.615427 0.577733 0.687889 0.767579 0.793482 0.756632 0.667746 0.551651,
 6.670242 6.961520 7.349922 7.692905 7.897985 8.007643 8.095100 8.690409 9.408192 10.215091 10.744119 10.814350 10.607289 10.364323 11.045848 12.230805 13.518430 14.193316 13.880442 13.035026 12.227256 12.545778 13.803178 15.184463 15.847774 15.184463 13.803178 12.545778 12.227259 13.035026 13.880442 14.193316 13.518430 12.230805 11.045847 10.364322 10.607288 10.814349 10.744118 10.215091 9.408191 8.690408 8.095101 8.007643 7.897984 7.692906 7.349923 6.961520 6.670242,
 40.767273 41.742607 42.694927 43.152256 42.861412 42.089798 41.259930 52.414444 55.359749 58.036335 59.185944 58.115368 55.489319 52.514282 64.691765 70.332573 75.413666 77.556511 75.412071 70.295677 64.544785 70.107109 77.193077 83.597328 86.340065 83.597321 77.193077 70.107109 64.544785 70.295692 75.412071 77.556511 75.413666 70.332573 64.691765 52.514282 55.489311 58.115368 59.185944 58.036335 55.359745 52.414440 41.259933 42.089790 42.861412 43.152256 42.694927 41.742607 40.767273,
 8.431557 8.403023 8.375393 8.257438 7.982117 7.656215 7.420736 10.704008 10.931268 11.165689 11.152441 10.680808 9.963205 9.356530 12.712280 13.411098 14.192482 14.504496 13.873916 12.714089 11.698776 13.164939 14.252048 15.501052 16.125044 15.501052 14.252050 13.164938 11.698776 12.714087 13.873916 14.504496 14.192482 13.411098 12.712280 9.356531 9.963205 10.680808 11.152441 11.165687 10.931268 10.704007 7.420736 7.656216 7.982117 8.257438 8.375392 8.403023 8.431557,
 0.558148 0.751658 0.915111 0.985039 0.929786 0.775655 0.584695 0.588328 0.792309 0.965781 1.040334 0.981756 0.818388 0.616432 0.635934 0.862892 1.056758 1.137279 1.065252 0.876824 0.650955 0.665727 0.908056 1.118041 1.204055 1.118041 0.908056 0.665727 0.650955 0.876824 1.065252 1.137279 1.056759 0.862892 0.635934 0.616432 0.818388 0.981755 1.040334 0.965781 0.792309 0.588328 0.584695 0.775655 0.929786 0.985039 0.915111 0.751658 0.558148,
 3.113719 3.225304 3.338175 3.434531 3.488819 3.515553 3.537587 4.157983 4.517826 4.843804 5.004668 4.987776 4.881394 4.738987 5.389819 6.035308 6.667879 6.929280 6.700990 6.268372 5.827234 6.117452 6.810625 7.534724 7.894451 7.534724 6.810625 6.117452 5.827234 6.268372 6.700990 6.929280 6.667879 6.035308 5.389819 4.738988 4.881394 4.987776 5.004668 4.843804 4.517827 4.157983 3.537587 3.515553 3.488820 3.434532 3.338175 3.225304 3.113720,
 19.356567 19.624638 19.766188 19.583130 18.951748 18.060863 17.229034 24.791939 26.449989 27.683725 27.902803 26.793648 24.747925 22.497236 30.385632 33.955940 36.819382 37.776882 36.193096 32.769073 28.802299 32.309666 36.986965 40.928627 42.549335 40.928627 36.986965 32.309666 28.802299 32.769073 36.193089 37.776882 36.819386 33.955940 30.385632 22.497240 24.747923 26.793648 27.902803 27.683727 26.449989 24.791937 17.229036 18.060863 18.951746 19.583130 19.766191 19.624641 19.356565,
 4.324692 4.261427 4.174772 4.047221 3.891798 3.738438 3.589633 5.520768 5.601325 5.625030 5.580160 5.398383 5.057873 4.658115 6.524218 6.870308 7.209440 7.397049 7.150085 6.532615 5.885591 6.681158 7.304747 7.970481 8.304173 7.970481 7.304747 6.681156 5.885591 6.532616 7.150085 7.397049 7.209440 6.870307 6.524217 4.658116 5.057873 5.398384 5.580160 5.625030 5.601325 5.520767 3.589633 3.738439 3.891798 4.047221 4.174773 4.261426 4.324692,
 0.319736 0.461834 0.587830 0.639186 0.587118 0.460133 0.316847 0.335813 0.486001 0.622148 0.679917 0.626560 0.492456 0.340532 0.362500 0.531026 0.686718 0.753317 0.691077 0.538121 0.368826 0.380182 0.560590 0.728348 0.799511 0.728348 0.560590 0.380182 0.368826 0.538121 0.691076 0.753317 0.686718 0.531026 0.362500 0.340532 0.492456 0.626560 0.679917 0.622148 0.486001 0.335813 0.316847 0.460133 0.587118 0.639186 0.587830 0.461834 0.319736,
 1.544213 1.677388 1.764061 1.796849 1.794875 1.762370 1.703217 2.086650 2.380241 2.602749 2.662644 2.608447 2.507662 2.366445 2.690779 3.145030 3.563946 3.696918 3.516142 3.223766 2.923716 3.050644 3.509856 3.986402 4.219755 3.986402 3.509856 3.050644 2.923716 3.223766 3.516142 3.696918 3.563946 3.145030 2.690779 2.366444 2.507662 2.608447 2.662644 2.602749 2.380240 2.086650 1.703217 1.762370 1.794875 1.796849 1.764061 1.677388 1.544213,
 6.368715 7.168819 7.855706 8.253428 8.260706 7.949771 7.484345 9.150576 10.631368 11.856410 12.431319 12.161795 11.251060 10.078176 12.313414 14.660396 16.588160 17.397167 16.723825 14.957988 12.795507 13.905291 16.643240 18.915808 19.846844 18.915808 16.643240 13.905291 12.795506 14.957988 16.723822 17.397167 16.588163 14.660398 12.313416 10.078174 11.251060 12.161793 12.431318 11.856410 10.631368 9.150575 7.484344 7.949769 8.260705 8.253428 7.855708 7.168819 6.368716,
 1.207661 1.281560 1.348564 1.401000 1.413753 1.378405 1.316754 1.685439 1.830072 1.958622 2.047300 2.035105 1.897909 1.704013 2.203409 2.486033 2.758356 2.935316 2.853616 2.538043 2.176890 2.418014 2.818420 3.217239 3.411434 3.217239 2.818420 2.418014 2.176890 2.538043 2.853616 2.935316 2.758356 2.486033 2.203410 1.704013 1.897909 2.035105 2.047300 1.958621 1.830072 1.685439 1.316754 1.378405 1.413753 1.401000 1.348564 1.281560 1.207661,

Pairwise cross-correlations of the modulus of all oriented sub-bands at the same scale (size QxQ)
 1.135865 1.305526 1.899830 1.301779 1.305526 15.847779 32.143856 10.418514 1.899830 32.143856 86.340057 32.883720 1.301779 10.418514 32.883720 16.125044,
 1.204055 0.800110 1.178594 0.918588 0.800110 7.894450 15.554743 4.710773 1.178594 15.554743 42.549335 16.108248 0.918588 4.710773 16.108248 8.304173,

Cross-correlations of the modulus of all oriented sub-bands with all oriented sub-bands at the coarser scale (size QxQ)
 0.997519 0.805863 1.147691 0.906757 1.092333 5.868444 11.599216 4.266675 1.845083 11.802965 29.174850 12.034229 1.159190 4.387383 12.382721 6.152499,
 0.854427 0.617719 0.547921 0.591317 0.676922 2.649400 5.071826 1.776950 1.138676 5.163043 11.829337 4.645990 0.755075 1.887532 4.571023 2.307552,

Cross-correlations of the real part of each oriented sub-band with both the real and imaginary part of all phase-doubled oriented sub-bands at the next coarser scale (Q matrices of size 1x2Q, which are computed and stored in a matrix of size Qx2Q)
 0.331874 -0.033201 -0.098726 -0.014111 0.040863 0.005569 0.002465 -0.005275 0.088664 -4.347946 -7.496722 -2.054387 0.014213 -0.125245 -0.521568 -0.256440 -0.050237 -8.303114 -18.698330 -7.190073 -0.001505 -0.458926 -1.840998 -0.869058 0.108445 -2.095144 -6.634199 -3.441854 0.016982 -0.180250 -0.790393 -0.388211,
 0.287224 0.002536 -0.036732 0.004315 0.015797 0.011093 0.008041 -0.005563 0.090762 -1.934648 -3.227965 -0.775229 0.003336 -0.001344 0.106535 0.080617 -0.014745 -3.638440 -7.531180 -2.725402 -0.006698 -0.041370 0.681911 0.530673 0.113454 -0.854659 -2.491088 -1.334755 0.002938 -0.004558 0.450022 0.329149,
