Low-band skewness and kurtosis
 -1.293407 4.012036,
 -1.055975 3.424502,
 -0.764825 2.764997,
 -0.600854 2.259697,

High-band variance
 104.211884,

Skewness, kurtosis, variance, mean, maximum and minimum of the reconstructed texture
 126.000000 255.000000 240.560471 552.619385 -1.560234 4.554757

Auto-correlations of the low-frequency bands at each scale
 122.939636 116.471581 113.220749 112.588814 113.861069 117.863899 125.366524 151.414505 128.062317 109.131058 102.344826 110.569160 130.721130 154.987854 263.177063 270.584106 276.460327 278.544830 274.873566 267.251282 257.974579 335.285034 377.079681 412.370636 426.678925 412.370636 377.079681 335.285004 257.974579 267.251282 274.873566 278.544861 276.460327 270.584106 263.177094 154.987854 130.721130 110.569160 102.344826 109.131065 128.062317 151.414520 125.366531 117.863914 113.861069 112.588821 113.220757 116.471588 122.939644,
 113.121155 107.957504 105.753967 105.495049 105.822433 107.989159 112.880615 128.152893 113.829071 102.463448 97.866821 100.978844 111.407204 125.545876 193.730270 198.229797 202.108826 203.744598 201.426758 197.190262 192.706314 239.564117 263.491852 283.914856 292.392944 283.914917 263.491852 239.564087 192.706329 197.190262 201.426758 203.744598 202.108841 198.229828 193.730270 125.545891 111.407211 100.978844 97.866821 102.463448 113.829071 128.152878 112.880623 107.989166 105.822433 105.495071 105.753967 107.957504 113.121147,
 121.028313 119.294876 118.869171 118.763016 117.885757 117.225281 117.837410 125.998093 117.665024 110.872490 107.811409 109.031380 114.464569 122.088005 156.034790 157.738983 159.164841 159.672302 158.455017 156.853577 155.672821 179.692398 192.572464 203.808670 208.553268 203.808670 192.572464 179.692398 155.672821 156.853592 158.455017 159.672302 159.164825 157.738983 156.034790 122.088005 114.464554 109.031380 107.811409 110.872490 117.665024 125.998077 117.837425 117.225266 117.885757 118.763000 118.869179 119.294868 121.028313,
 15.381056 20.788082 24.232553 26.637287 30.676022 35.649162 37.380569 20.747681 23.760033 25.718822 30.140743 36.253220 38.806347 35.888687 23.578224 25.389992 29.936726 37.184254 40.470745 36.743015 30.809177 25.984016 30.196800 37.386101 41.403893 37.386108 30.196804 25.984022 30.809172 36.743011 40.470745 37.184254 29.936733 25.389996 23.578228 35.888680 38.806347 36.253216 30.140743 25.718828 23.760038 20.747692 37.380569 35.649162 30.676020 26.637287 24.232555 20.788082 15.381060,

Auto-correlations of the modulus of each oriented sub-band
 0.781155 0.885127 0.961533 0.985993 0.949583 0.865062 0.755689 0.852465 0.976183 1.068291 1.102160 1.063633 0.963185 0.833972 0.938656 1.113061 1.238434 1.280669 1.232083 1.106042 0.932685 0.969321 1.199905 1.421946 1.522053 1.421946 1.199905 0.969321 0.932685 1.106042 1.232083 1.280669 1.238434 1.113061 0.938656 0.833972 0.963185 1.063633 1.102160 1.068291 0.976183 0.852465 0.755689 0.865062 0.949583 0.985993 0.961533 0.885127 0.781155,
 13.200647 13.740964 14.501410 15.258585 15.762496 16.044758 16.236713 15.091016 16.267015 17.728693 18.833994 19.095695 18.799715 18.375134 17.473625 19.312473 21.486557 22.797319 22.384180 21.030922 19.700838 19.356003 21.321190 23.557764 24.685692 23.557768 21.321194 19.356003 19.700838 21.030920 22.384180 22.797318 21.486557 19.312473 17.473623 18.375134 18.799711 19.095695 18.833998 17.728693 16.267014 15.091019 16.236713 16.044754 15.762496 15.258586 14.501410 13.740964 13.200647,
 46.840508 48.464180 50.092407 50.613422 49.465340 47.481583 45.899757 53.703644 57.715183 62.108627 63.966194 61.532669 56.766041 52.673622 60.342205 67.288582 75.222366 78.921837 74.873024 66.690590 59.645222 62.953201 71.360710 81.160530 85.988823 81.160522 71.360710 62.953201 59.645210 66.690590 74.873039 78.921837 75.222366 67.288582 60.342205 52.673622 56.766045 61.532669 63.966190 62.108624 57.715191 53.703651 45.899746 47.481583 49.465351 50.613430 50.092396 48.464180 46.840511,
 15.224325 14.994017 14.661478 14.093592 13.250991 12.353817 11.637710 17.488314 17.898703 18.176773 17.893078 16.761715 15.220045 13.872940 18.897940 20.234892 21.569748 21.975798 20.701351 18.524431 16.559462 18.573807 20.596378 22.803308 23.895317 22.803308 20.596378 18.573809 16.559462 18.524431 20.701351 21.975794 21.569748 20.234892 18.897943 13.872940 15.220043 16.761717 17.893076 18.176773 17.898703 17.488317 11.637709 12.353815 13.250989 14.093592 14.661478 14.994019 15.224325,
 0.592718 0.769769 0.918113 0.976786 0.917082 0.766676 0.586297 0.642597 0.840251 1.002140 1.065016 1.000512 0.835924 0.635722 0.690846 0.926990 1.130126 1.210586 1.126235 0.921655 0.685817 0.715346 0.982395 1.230996 1.338578 1.230996 0.982395 0.715346 0.685817 0.921655 1.126235 1.210586 1.130126 0.926990 0.690846 0.635722 0.835924 1.000512 1.065016 1.002140 0.840251 0.642597 0.586297 0.766676 0.917081 0.976786 0.918113 0.769769 0.592718,
 7.727984 7.905623 8.138744 8.395514 8.620771 8.768736 8.810646 8.497267 9.133458 9.829587 10.333900 10.493224 10.352122 9.999710 9.658154 10.855410 12.096142 12.788137 12.586345 11.792017 10.808349 10.656173 12.046784 13.408167 14.036777 13.408167 12.046784 10.656173 10.808349 11.792014 12.586343 12.788137 12.096141 10.855410 9.658154 9.999710 10.352123 10.493225 10.333900 9.829587 9.133458 8.497268 8.810646 8.768736 8.620771 8.395515 8.138745 7.905622 7.727984,
 24.650848 25.466747 26.343590 26.846466 26.649364 25.958878 25.091736 28.277287 30.740078 33.347176 34.656570 33.641808 31.078606 28.380423 32.025337 36.733318 41.704174 44.082668 41.861782 36.829460 31.890526 33.575165 39.502121 45.758438 48.713772 45.758442 39.502121 33.575165 31.890526 36.829460 41.861782 44.082668 41.704178 36.733318 32.025333 28.380424 31.078604 33.641808 34.656574 33.347172 30.740082 28.277288 25.091740 25.958881 26.649366 26.846470 26.343586 25.466745 24.650850,
 7.710567 7.617023 7.397319 7.075253 6.691289 6.306918 5.975388 8.887843 9.213479 9.347961 9.173666 8.595816 7.754503 6.956745 9.600251 10.547999 11.379066 11.638633 10.917000 9.556278 8.261873 9.354654 10.745419 12.174662 12.855810 12.174662 10.745420 9.354654 8.261873 9.556278 10.917000 11.638632 11.379066 10.548000 9.600251 6.956745 7.754503 8.595816 9.173666 9.347961 9.213480 8.887843 5.975388 6.306918 6.691289 7.075253 7.397318 7.617023 7.710566,
 0.317896 0.446787 0.557965 0.601481 0.554340 0.440522 0.312077 0.325042 0.459792 0.575629 0.622797 0.577779 0.462077 0.327413 0.344942 0.497197 0.636091 0.695420 0.639423 0.500352 0.346259 0.357228 0.527105 0.692186 0.764972 0.692186 0.527105 0.357228 0.346259 0.500352 0.639423 0.695420 0.636091 0.497197 0.344942 0.327413 0.462077 0.577779 0.622797 0.575629 0.459792 0.325042 0.312077 0.440522 0.554340 0.601481 0.557965 0.446787 0.317896,
 3.860389 3.953884 4.106264 4.275489 4.380004 4.356830 4.224844 4.233665 4.614218 5.035735 5.313725 5.359360 5.175531 4.835747 4.799267 5.503850 6.259342 6.635310 6.447554 5.917522 5.290634 5.270323 6.079552 6.915890 7.314291 6.915890 6.079552 5.270323 5.290633 5.917522 6.447553 6.635311 6.259342 5.503850 4.799267 4.835747 5.175531 5.359361 5.313725 5.035734 4.614218 4.233665 4.224844 4.356831 4.380004 4.275489 4.106264 3.953884 3.860389,
 11.992367 12.176392 12.640896 12.876199 12.573773 12.062756 11.734025 13.572378 14.790940 16.363773 17.116209 16.303942 14.628175 13.167485 15.230695 17.907841 21.014263 22.487555 20.977123 17.776501 14.898741 15.835228 19.318642 23.265110 25.170366 23.265110 19.318642 15.835228 14.898742 17.776503 20.977121 22.487556 21.014265 17.907837 15.230692 13.167485 14.628175 16.303940 17.116207 16.363773 14.790942 13.572378 11.734027 12.062755 12.573771 12.876199 12.640898 12.176392 11.992367,
 3.556791 3.602736 3.582896 3.446874 3.221552 2.990680 2.806268 4.079508 4.377985 4.573252 4.515618 4.162745 3.645112 3.186539 4.446425 5.109464 5.728109 5.940776 5.478082 4.613017 3.831752 4.374353 5.265980 6.222541 6.685958 6.222541 5.265980 4.374353 3.831751 4.613017 5.478082 5.940775 5.728109 5.109464 4.446425 3.186539 3.645112 4.162745 4.515618 4.573252 4.377984 4.079508 2.806268 2.990680 3.221552 3.446875 3.582895 3.602736 3.556791,

Pairwise cross-correlations of the modulus of all oriented sub-bands at the same scale (size QxQ)
 1.522053 2.667988 3.920226 2.611949 2.667988 24.685694 36.474895 11.365835 3.920226 36.474895 85.988808 36.094685 2.611949 11.365835 36.094685 23.895313,
 1.338578 1.476205 1.936303 1.380228 1.476205 14.036777 20.628504 5.679926 1.936303 20.628504 48.713768 19.317455 1.380228 5.679926 19.317455 12.855808,

Cross-correlations of the modulus of all oriented sub-bands with all oriented sub-bands at the coarser scale (size QxQ)
 1.160907 1.677415 2.389248 1.642028 1.960710 11.352506 16.942472 6.268414 3.040751 17.443705 35.069344 16.094498 1.811424 6.550751 16.572573 10.450699,
 0.839184 1.052965 1.452556 0.911316 0.969890 6.326078 9.162707 2.887049 1.472731 9.492066 19.013140 8.262091 0.936969 3.250072 8.746282 5.440421,

Cross-correlations of the real part of each oriented sub-band with both the real and imaginary part of all phase-doubled oriented sub-bands at the next coarser scale (Q matrices of size 1x2Q, which are computed and stored in a matrix of size Qx2Q)
 0.285135 -0.266108 -0.343764 -0.380599 -0.024879 -0.007973 0.000252 -0.006071 -0.141971 -4.871315 -5.927123 -1.444432 -0.008268 0.066529 -0.017302 -0.027259 -0.463910 -7.065649 -15.263947 -7.966085 0.000316 0.080333 -0.039903 -0.021412 -0.222606 -1.509717 -6.784877 -5.999829 -0.007105 0.013810 0.012425 -0.007832,
 0.300298 -0.103315 -0.161236 -0.133924 -0.025289 0.001750 -0.005897 0.028473 0.017034 -2.563653 -3.554192 -0.710331 -0.004936 0.053892 0.536650 0.150870 -0.193157 -3.959153 -8.752511 -3.776892 -0.003497 0.290183 1.372819 0.477346 -0.030831 -0.871461 -3.619687 -2.748773 -0.018662 0.134310 0.451375 0.269525,
