Low-band skewness and kurtosis
 -1.353346 4.293721,
 -1.122472 3.713272,
 -0.902163 3.098784,
 -0.974361 3.320392,

High-band variance
 104.608788,

Skewness, kurtosis, variance, mean, maximum and minimum of the reconstructed texture
 112.000000 255.000000 240.571381 558.924866 -1.594058 4.725103

Auto-correlations of the low-frequency bands at each scale
 132.394073 124.512955 120.100037 118.603615 119.723259 124.541115 133.419342 162.651886 137.582550 117.054245 109.301086 117.387703 137.710495 161.590820 266.559357 275.114319 282.479126 286.309326 283.914734 276.403259 266.107239 336.871704 380.750763 417.916626 433.000671 417.916595 380.750793 336.871704 266.107269 276.403259 283.914734 286.309326 282.479095 275.114319 266.559357 161.590820 137.710495 117.387680 109.301079 117.054245 137.582520 162.651917 133.419342 124.541100 119.723259 118.603600 120.100014 124.512955 132.394073,
 133.726929 129.860062 128.184418 127.664131 127.386009 129.203751 134.126801 144.288620 128.608505 116.666023 112.743866 117.591209 129.954315 145.180130 201.319595 205.106186 208.867630 210.988022 209.090942 204.535355 199.090424 240.157181 266.101257 288.433929 297.693817 288.433990 266.101257 240.157196 199.090408 204.535355 209.090942 210.988022 208.867630 205.106186 201.319595 145.180115 129.954330 117.591209 112.743858 116.666016 128.608505 144.288620 134.126785 129.203766 127.386009 127.664131 128.184433 129.860062 133.726974,
 127.939171 126.739914 126.999390 127.857658 128.211426 128.793396 130.148102 138.821579 131.492310 125.560287 123.415955 125.572983 131.628723 139.026642 168.004852 170.384995 172.392471 173.109161 171.465195 168.938751 166.770752 186.778290 199.913284 211.797180 216.886444 211.797195 199.913284 186.778290 166.770752 168.938736 171.465164 173.109192 172.392502 170.384995 168.004822 139.026642 131.628738 125.572968 123.415955 125.560287 131.492310 138.821579 130.148087 128.793396 128.211395 127.857643 126.999413 126.739899 127.939171,
 12.119976 14.517894 14.822451 15.940948 21.192665 28.095963 29.984411 14.806455 14.393187 14.684039 20.432066 29.023746 32.115757 27.051010 14.546088 14.235944 19.849503 29.896294 34.243145 28.511448 19.936033 14.883866 19.681450 29.700159 35.324879 29.700165 19.681450 14.883863 19.936033 28.511448 34.243145 29.896299 19.849506 14.235942 14.546086 27.051014 32.115753 29.023739 20.432066 14.684045 14.393185 14.806456 29.984407 28.095957 21.192663 15.940946 14.822452 14.517896 12.119974,

Auto-correlations of the modulus of each oriented sub-band
 0.749763 0.860433 0.945397 0.981436 0.956895 0.880543 0.776366 0.812184 0.942373 1.044635 1.088927 1.062112 0.975407 0.855976 0.906799 1.081010 1.213549 1.269192 1.232771 1.112468 0.942005 0.959710 1.188640 1.409843 1.509671 1.409843 1.188640 0.959710 0.942005 1.112468 1.232771 1.269192 1.213549 1.081010 0.906799 0.855976 0.975407 1.062112 1.088927 1.044635 0.942373 0.812184 0.776366 0.880543 0.956895 0.981436 0.945397 0.860433 0.749763,
 10.651071 11.355783 12.319242 13.333239 14.118888 14.661666 15.064414 13.052727 14.425124 16.111599 17.472712 17.977654 17.863836 17.559168 16.026262 18.042915 20.407209 21.893188 21.585726 20.282465 18.964962 18.387146 20.450932 22.784477 23.967916 22.784477 20.450932 18.387146 18.964956 20.282461 21.585726 21.893183 20.407207 18.042915 16.026260 17.559170 17.863832 17.977654 17.472712 16.111601 14.425125 13.052725 15.064413 14.661666 14.118889 13.333241 12.319242 11.355783 10.651071,
 44.288841 45.769852 47.507851 48.612595 48.485252 47.597889 46.698544 50.924339 54.818100 59.228600 61.560478 60.143353 56.567390 53.286602 57.858963 64.653320 72.415321 76.286674 72.958931 65.723160 59.348850 61.413834 69.460014 78.748398 83.314606 78.748390 69.460022 61.413834 59.348858 65.723145 72.958939 76.286674 72.415321 64.653320 57.858963 53.286606 56.567371 60.143353 61.560474 59.228600 54.818111 50.924339 46.698551 47.597878 48.485252 48.612595 47.507851 45.769852 44.288849,
 17.026945 16.833181 16.529980 16.015291 15.264513 14.524671 14.012974 19.311062 19.744051 19.986540 19.666859 18.558483 17.151022 16.019169 20.790977 22.143244 23.414904 23.746218 22.458124 20.376678 18.563671 20.521883 22.499830 24.639456 25.703131 24.639454 22.499832 20.521883 18.563669 20.376677 22.458124 23.746218 23.414898 22.143242 20.790979 16.019169 17.151022 18.558485 19.666859 19.986540 19.744051 19.311062 14.012975 14.524670 15.264516 16.015291 16.529976 16.833183 17.026943,
 0.610920 0.796911 0.951632 1.014677 0.959254 0.812503 0.632915 0.654418 0.862529 1.033236 1.101977 1.041458 0.879116 0.677790 0.699773 0.944253 1.154239 1.240047 1.159801 0.956028 0.716250 0.729568 1.001400 1.252120 1.359834 1.252120 1.001400 0.729568 0.716250 0.956028 1.159801 1.240047 1.154239 0.944253 0.699773 0.677790 0.879116 1.041458 1.101977 1.033236 0.862529 0.654418 0.632915 0.812503 0.959254 1.014677 0.951633 0.796911 0.610920,
 5.899881 6.269639 6.739207 7.231509 7.600364 7.771673 7.780512 6.983577 7.822351 8.741487 9.426780 9.645746 9.452923 9.050987 8.402968 9.752523 11.187321 11.995432 11.747514 10.847181 9.832380 9.579392 11.032953 12.538571 13.257796 12.538572 11.032953 9.579392 9.832380 10.847181 11.747514 11.995432 11.187321 9.752523 8.402968 9.050986 9.452923 9.645746 9.426780 8.741487 7.822351 6.983577 7.780512 7.771673 7.600364 7.231509 6.739208 6.269640 5.899881,
 22.907648 23.949862 24.990309 25.362133 24.696716 23.467064 22.411541 25.972895 28.763599 31.623257 32.834354 31.391117 28.378061 25.602951 29.085135 34.111004 39.397705 41.777481 39.263432 33.900829 28.912973 30.412872 36.504238 43.057846 46.146851 43.057846 36.504246 30.412872 28.912975 33.900829 39.263432 41.777477 39.397709 34.111008 29.085135 25.602953 28.378059 31.391117 32.834354 31.623253 28.763599 25.972893 22.411543 23.467062 24.696711 25.362133 24.990309 23.949862 22.907648,
 9.719500 9.702000 9.503517 9.138767 8.694132 8.276804 7.953195 10.930445 11.305422 11.434988 11.220630 10.631660 9.808368 9.025739 11.724431 12.665371 13.434237 13.645708 12.963980 11.683311 10.425350 11.542912 12.892067 14.222684 14.842234 14.222686 12.892067 11.542912 10.425350 11.683311 12.963982 13.645706 13.434237 12.665372 11.724431 9.025740 9.808368 10.631660 11.220630 11.434990 11.305423 10.930443 7.953195 8.276804 8.694132 9.138768 9.503517 9.702002 9.719500,
 0.365117 0.506635 0.626893 0.671086 0.616421 0.491242 0.350611 0.378130 0.526493 0.652348 0.700608 0.647293 0.518760 0.371129 0.393153 0.562572 0.716374 0.781718 0.719718 0.565125 0.392597 0.405269 0.596719 0.779549 0.858837 0.779549 0.596719 0.405269 0.392597 0.565125 0.719718 0.781718 0.716374 0.562572 0.393153 0.371129 0.518760 0.647293 0.700608 0.652348 0.526493 0.378130 0.350611 0.491242 0.616421 0.671086 0.626893 0.506635 0.365117,
 2.284326 2.398991 2.534451 2.697475 2.833742 2.863998 2.787465 2.600806 2.987975 3.400159 3.676866 3.736316 3.565880 3.241425 3.033881 3.762780 4.535334 4.926201 4.734591 4.167627 3.511186 3.414889 4.270107 5.152846 5.566249 5.152846 4.270106 3.414890 3.511185 4.167627 4.734591 4.926201 4.535334 3.762780 3.033881 3.241425 3.565880 3.736316 3.676866 3.400159 2.987975 2.600806 2.787464 2.863998 2.833742 2.697475 2.534451 2.398991 2.284326,
 8.737984 9.018544 9.527359 9.954219 9.945948 9.568405 9.033472 9.636566 10.991633 12.710547 13.765759 13.317251 11.837196 10.271971 10.906249 13.611892 16.772076 18.476116 17.261959 14.297825 11.479620 11.775167 15.163360 18.957916 20.813732 18.957916 15.163360 11.775167 11.479617 14.297827 17.261959 18.476116 16.772076 13.611895 10.906249 10.271970 11.837196 13.317248 13.765759 12.710548 10.991632 9.636566 9.033470 9.568405 9.945947 9.954218 9.527360 9.018544 8.737983,
 4.274051 4.352404 4.326323 4.189026 3.980775 3.773217 3.599339 4.791448 5.080498 5.247550 5.213403 4.947692 4.531009 4.111220 5.159275 5.756876 6.287038 6.498412 6.163056 5.450539 4.727059 5.148463 5.960280 6.773896 7.156192 6.773896 5.960280 5.148463 4.727059 5.450540 6.163056 6.498411 6.287037 5.756876 5.159275 4.111220 4.531008 4.947692 5.213403 5.247550 5.080498 4.791448 3.599339 3.773217 3.980775 4.189026 4.326324 4.352404 4.274051,

Pairwise cross-correlations of the modulus of all oriented sub-bands at the same scale (size QxQ)
 1.509671 2.642219 4.024343 2.682526 2.642219 23.967920 33.957718 9.953057 4.024343 33.957718 83.314613 36.726780 2.682526 9.953057 36.726780 25.703131,
 1.359834 1.539050 2.133741 1.575715 1.539050 13.257798 18.212996 4.848205 2.133741 18.212996 46.146847 20.190897 1.575715 4.848205 20.190897 14.842232,

Cross-correlations of the modulus of all oriented sub-bands with all oriented sub-bands at the coarser scale (size QxQ)
 1.146313 1.669740 2.536753 1.755028 1.857056 10.795563 15.924127 5.889590 3.086038 14.843575 33.955296 17.837885 1.956710 5.035157 17.166983 12.377457,
 0.891352 0.945570 1.306176 1.012842 0.950592 4.785930 7.087704 2.874089 1.574668 7.179017 16.240166 8.913775 1.148960 2.781029 8.703835 6.460132,

Cross-correlations of the real part of each oriented sub-band with both the real and imaginary part of all phase-doubled oriented sub-bands at the next coarser scale (Q matrices of size 1x2Q, which are computed and stored in a matrix of size Qx2Q)
 0.253253 -0.405616 -0.360009 -0.267172 -0.011255 -0.000905 -0.010354 -0.014720 -0.296108 -6.213047 -6.812092 -1.434468 -0.007840 -0.186629 -0.126884 -0.032743 -0.480129 -8.079123 -14.976940 -7.011284 -0.016340 -0.240169 -0.390892 -0.152295 -0.107031 -1.398367 -5.850092 -4.976048 -0.012104 -0.043556 -0.202509 -0.101336,
 0.283611 -0.146582 -0.145021 -0.149066 -0.019575 0.031999 0.017067 -0.000981 -0.063441 -2.297129 -2.045708 -0.380309 0.007864 0.448124 0.157181 -0.177052 -0.235499 -2.722334 -4.166477 -2.306542 0.005232 0.512302 -0.898950 -0.877829 -0.024166 -0.360948 -1.633972 -2.000958 -0.011193 0.036348 -0.754842 -0.485426,
