Low-band skewness and kurtosis
 -1.190357 3.740959,
 -0.924058 3.195554,
 -0.707162 2.711616,
 -0.549477 2.561866,

High-band variance
 100.808304,

Skewness, kurtosis, variance, mean, maximum and minimum of the reconstructed texture
 134.000000 255.000000 240.707458 516.194214 -1.491302 4.316554

Auto-correlations of the low-frequency bands at each scale
 68.119492 66.764771 67.086258 67.936157 68.362259 68.851715 70.254692 77.488937 61.467300 50.323479 46.118340 49.305767 59.431755 74.461678 225.913910 228.914917 231.597427 232.461044 230.251465 226.710449 223.557098 340.244080 365.825439 385.758362 393.655060 385.758301 365.825500 340.244080 223.557114 226.710449 230.251495 232.461029 231.597427 228.914917 225.913895 74.461693 59.431763 49.305771 46.118343 50.323471 61.467308 77.488937 70.254700 68.851715 68.362259 67.936150 67.086258 66.764778 68.119499,
 74.942032 74.134621 74.523720 74.948288 74.087250 73.189590 73.413170 73.138023 63.331177 57.220306 55.119652 56.176510 61.137863 69.795906 154.182831 154.841858 156.163376 156.915283 155.411942 153.237122 151.692795 219.792801 234.114822 245.325134 249.945007 245.325180 234.114853 219.792801 151.692810 153.237122 155.411942 156.915283 156.163391 154.841873 154.182831 69.795914 61.137878 56.176510 55.119663 57.220310 63.331177 73.138023 73.413177 73.189598 74.087242 74.948288 74.523727 74.134636 74.942032,
 82.436409 81.150635 80.402176 79.548332 77.765526 76.031456 75.132477 77.859497 72.863655 69.548943 67.842682 67.068420 68.003487 70.804581 118.243744 118.138504 118.534798 118.592522 117.161621 115.410210 114.228500 151.806961 158.552383 164.128662 166.546631 164.128662 158.552383 151.806961 114.228500 115.410210 117.161621 118.592545 118.534813 118.138504 118.243744 70.804581 68.003479 67.068413 67.842674 69.548943 72.863647 77.859489 75.132477 76.031456 77.765503 79.548332 80.402153 81.150620 82.436409,
 12.705304 17.240772 17.818506 16.670834 19.040722 26.114458 31.658922 17.385988 17.345436 16.126291 19.579481 27.539942 32.798103 29.848038 17.143614 15.791628 19.904999 28.951723 33.985935 29.689419 21.148996 15.977726 20.327787 29.562010 34.640392 29.562010 20.327787 15.977724 21.148996 29.689419 33.985939 28.951723 19.904995 15.791627 17.143614 29.848043 32.798107 27.539942 19.579481 16.126293 17.345434 17.385986 31.658922 26.114458 19.040720 16.670832 17.818506 17.240774 12.705304,

Auto-correlations of the modulus of each oriented sub-band
 0.531380 0.630312 0.701742 0.726045 0.696105 0.621156 0.522233 0.586722 0.701944 0.787716 0.817551 0.782468 0.695186 0.582064 0.664076 0.813013 0.928451 0.973055 0.929897 0.814640 0.664664 0.704953 0.892376 1.050250 1.114141 1.050250 0.892376 0.704953 0.664664 0.814640 0.929897 0.973055 0.928451 0.813013 0.664076 0.582064 0.695186 0.782468 0.817551 0.787716 0.701944 0.586722 0.522233 0.621155 0.696105 0.726045 0.701742 0.630312 0.531380,
 6.869365 7.202363 7.657918 8.080319 8.346245 8.505245 8.647009 8.916047 9.708866 10.636189 11.272975 11.377476 11.186366 10.986132 11.393419 12.648210 14.075805 14.869403 14.540699 13.650464 12.849982 13.059068 14.354834 15.843428 16.586330 15.843427 14.354834 13.059068 12.849982 13.650461 14.540700 14.869403 14.075802 12.648210 11.393419 10.986131 11.186366 11.377477 11.272974 10.636187 9.708866 8.916047 8.647009 8.505246 8.346245 8.080318 7.657917 7.202363 6.869365,
 40.285355 41.531044 42.846821 43.632069 43.477577 42.635792 41.608128 50.358597 54.018555 57.569168 59.367939 58.388783 55.433849 52.046055 61.137539 67.803337 74.141197 77.092232 74.764153 68.866150 62.404182 66.457047 74.526329 82.134048 85.480492 82.134041 74.526329 66.457047 62.404175 68.866142 74.764153 77.092232 74.141182 67.803345 61.137535 52.046043 55.433857 58.388783 59.367939 57.569168 54.018555 50.358601 41.608128 42.635792 43.477577 43.632065 42.846821 41.531044 40.285355,
 9.459870 9.400517 9.325819 9.117187 8.714245 8.248446 7.890397 11.737211 12.060631 12.373213 12.347853 11.730067 10.780643 9.963160 13.544860 14.481023 15.500796 15.901857 15.105353 13.628579 12.324357 13.822948 15.218478 16.800348 17.582298 16.800348 15.218479 13.822948 12.324356 13.628578 15.105351 15.901858 15.500796 14.481023 13.544861 9.963160 10.780642 11.730064 12.347853 12.373216 12.060632 11.737208 7.890397 8.248446 8.714245 9.117187 9.325820 9.400517 9.459871,
 0.511480 0.700871 0.855030 0.913231 0.849228 0.691729 0.502093 0.531242 0.728577 0.888990 0.948156 0.879229 0.713553 0.516491 0.560508 0.779611 0.963872 1.034992 0.957320 0.769201 0.549785 0.573426 0.808819 1.016224 1.102144 1.016224 0.808819 0.573426 0.549785 0.769201 0.957320 1.034992 0.963872 0.779611 0.560509 0.516491 0.713553 0.879229 0.948156 0.888990 0.728577 0.531242 0.502093 0.691729 0.849228 0.913231 0.855030 0.700871 0.511480,
 3.523091 3.648760 3.774182 3.882646 3.923479 3.894566 3.847212 4.417801 4.826550 5.198053 5.400281 5.393536 5.244814 5.023793 5.603837 6.344015 7.051398 7.359685 7.132699 6.650236 6.115867 6.367481 7.172992 7.979311 8.370667 7.979311 7.172992 6.367481 6.115868 6.650236 7.132699 7.359685 7.051398 6.344015 5.603836 5.023793 5.244815 5.393536 5.400281 5.198053 4.826550 4.417801 3.847212 3.894566 3.923478 3.882646 3.774182 3.648760 3.523091,
 18.060291 18.759323 19.399673 19.627752 19.216408 18.356060 17.349941 22.925913 25.238659 27.304523 28.158619 27.268490 25.101887 22.529078 28.283075 32.747639 36.739655 38.426888 36.781700 32.766853 28.148773 30.705214 36.303299 41.316208 43.453224 41.316216 36.303303 30.705214 28.148769 32.766850 36.781700 38.426884 36.739655 32.747646 28.283075 22.529078 25.101887 27.268490 28.158625 27.304523 25.238655 22.925915 17.349936 18.356056 19.216408 19.627756 19.399675 18.759323 18.060291,
 4.103944 4.089823 4.048435 3.944383 3.775915 3.579786 3.387861 5.402729 5.583847 5.676998 5.624546 5.363991 4.921048 4.443842 6.515034 7.031592 7.482771 7.672175 7.319536 6.552017 5.764691 6.674658 7.488087 8.307053 8.704736 8.307053 7.488087 6.674658 5.764691 6.552017 7.319536 7.672175 7.482771 7.031592 6.515034 4.443842 4.921047 5.363992 5.624546 5.676997 5.583847 5.402728 3.387861 3.579785 3.775916 3.944384 4.048435 4.089823 4.103944,
 0.319286 0.462507 0.583684 0.630803 0.580452 0.458012 0.315354 0.325291 0.474012 0.601193 0.651975 0.601162 0.474375 0.325854 0.337633 0.497529 0.637791 0.695476 0.639216 0.499443 0.339133 0.345400 0.513244 0.663989 0.726948 0.663989 0.513244 0.345400 0.339133 0.499443 0.639216 0.695476 0.637791 0.497529 0.337633 0.325854 0.474375 0.601162 0.651975 0.601193 0.474012 0.325291 0.315354 0.458012 0.580452 0.630803 0.583684 0.462507 0.319286,
 1.517535 1.561694 1.608453 1.650409 1.668816 1.663713 1.639602 1.927793 2.124209 2.300842 2.395149 2.401171 2.334514 2.213771 2.437227 2.813363 3.173572 3.321819 3.216117 2.988271 2.707606 2.789094 3.201276 3.607359 3.805998 3.607359 3.201276 2.789094 2.707606 2.988271 3.216117 3.321819 3.173572 2.813364 2.437227 2.213771 2.334514 2.401171 2.395149 2.300841 2.124208 1.927793 1.639601 1.663713 1.668816 1.650409 1.608453 1.561694 1.517535,
 8.329125 8.704003 8.916207 8.874836 8.565272 8.116996 7.674296 10.683238 11.961510 12.955194 13.274025 12.746287 11.614659 10.320327 13.063534 15.537443 17.635412 18.475788 17.593708 15.460076 12.990682 14.136172 17.203901 19.888262 21.011936 19.888262 17.203899 14.136172 12.990682 15.460076 17.593708 18.475788 17.635414 15.537443 13.063534 10.320329 11.614659 12.746287 13.274025 12.955194 11.961507 10.683236 7.674296 8.116996 8.565271 8.874836 8.916206 8.704002 8.329125,
 1.550054 1.573493 1.544567 1.454449 1.331142 1.218354 1.131865 2.065089 2.235969 2.304071 2.244260 2.069170 1.799739 1.522524 2.516261 2.908478 3.204317 3.309132 3.089323 2.607980 2.106899 2.551537 3.106554 3.633134 3.881782 3.633134 3.106554 2.551537 2.106899 2.607980 3.089323 3.309132 3.204317 2.908478 2.516261 1.522524 1.799740 2.069170 2.244260 2.304071 2.235969 2.065089 1.131865 1.218354 1.331142 1.454449 1.544567 1.573494 1.550054,

Pairwise cross-correlations of the modulus of all oriented sub-bands at the same scale (size QxQ)
 1.114141 1.479163 2.314122 1.545605 1.479163 16.586325 32.092087 10.283932 2.314122 32.092087 85.480515 33.128643 1.545605 10.283932 33.128643 17.582296,
 1.102144 0.860663 1.123113 0.812053 0.860663 8.370666 15.891612 4.723690 1.123113 15.891612 43.453220 16.334913 0.812053 4.723690 16.334913 8.704737,

Cross-correlations of the modulus of all oriented sub-bands with all oriented sub-bands at the coarser scale (size QxQ)
 0.923676 0.930853 1.265010 0.896687 1.160504 6.175477 11.690570 4.527112 2.007244 12.065333 28.837145 12.716434 1.255585 4.562006 12.544146 6.811367,
 0.761079 0.367945 0.404927 0.423107 0.702610 2.340223 4.627852 1.805836 1.054469 4.628917 11.364125 4.701340 0.636193 1.801952 4.972620 2.442261,

Cross-correlations of the real part of each oriented sub-band with both the real and imaginary part of all phase-doubled oriented sub-bands at the next coarser scale (Q matrices of size 1x2Q, which are computed and stored in a matrix of size Qx2Q)
 0.330818 -0.069829 -0.157008 -0.077487 0.011974 0.003752 -0.000002 -0.004609 0.078766 -4.719561 -7.438337 -2.227217 0.005229 -0.047819 0.010796 0.034006 -0.090989 -8.591474 -19.951975 -9.228930 -0.000679 -0.042881 0.088010 0.077128 0.075281 -2.127880 -7.990708 -5.082859 0.001560 0.007958 0.032228 0.014657,
 0.319261 0.016308 -0.040415 0.008013 -0.009613 -0.006267 0.006115 0.007436 0.106152 -1.459823 -2.472101 -0.650845 -0.005752 0.006235 0.646811 0.352473 -0.036458 -2.791748 -6.574083 -2.818305 -0.002480 0.216161 2.424782 1.388836 0.097636 -0.716000 -2.510170 -1.553637 -0.003676 0.128385 1.141055 0.695539,
