Low-band skewness and kurtosis
 -1.291194 4.210916,
 -1.043596 3.614087,
 -0.948564 3.464079,
 -0.269679 2.115581,

High-band variance
 101.550949,

Skewness, kurtosis, variance, mean, maximum and minimum of the reconstructed texture
 125.000000 255.000000 240.911026 518.515686 -1.547612 4.593764

Auto-correlations of the low-frequency bands at each scale
 82.404770 82.242592 82.753777 82.935249 81.946663 80.607452 79.836861 71.895943 63.087074 57.646591 55.995316 57.769150 63.321686 72.264923 227.141556 229.556808 232.474960 234.403091 233.923630 232.451630 231.641174 361.533112 377.163025 389.477753 394.437836 389.477692 377.163086 361.533081 231.641174 232.451630 233.923645 234.403091 232.474960 229.556854 227.141556 72.264915 63.321674 57.769146 55.995327 57.646572 63.087055 71.895958 79.836861 80.607437 81.946663 82.935242 82.753777 82.242599 82.404755,
 89.612724 89.266975 89.900505 90.587395 90.085480 89.482536 89.590363 76.813972 71.639038 68.928421 68.291878 68.668831 71.086098 75.915192 158.848312 160.022095 161.923141 163.164795 162.144653 160.634567 160.148605 235.162598 243.646378 250.785675 253.930664 250.785675 243.646408 235.162598 160.148605 160.634567 162.144684 163.164795 161.923141 160.022125 158.848312 75.915176 71.086090 68.668831 68.291878 68.928413 71.639038 76.813972 89.590363 89.482536 90.085487 90.587410 89.900505 89.266968 89.612732,
 82.905571 83.551186 84.510048 85.347275 85.321541 85.144600 85.322357 81.646217 79.200790 78.189026 78.380325 79.033615 80.837769 84.015480 126.157478 126.417213 127.431015 128.165558 127.377968 126.240570 125.732567 163.287842 168.079880 172.363495 174.333923 172.363495 168.079880 163.287842 125.732559 126.240570 127.377968 128.165558 127.431000 126.417221 126.157478 84.015465 80.837769 79.033615 78.380310 78.189011 79.200775 81.646225 85.322342 85.144600 85.321548 85.347282 84.510033 83.551170 82.905571,
 10.956541 11.565458 10.472073 11.022863 15.671281 22.583691 26.026241 11.687059 10.413653 10.907599 15.984644 23.200958 26.599806 23.277447 10.648278 10.955274 16.058487 23.850256 27.356075 23.458487 16.384865 11.344827 16.091961 23.832289 27.857992 23.832289 16.091961 11.344827 16.384865 23.458487 27.356075 23.850252 16.058485 10.955271 10.648278 23.277449 26.599806 23.200958 15.984644 10.907600 10.413650 11.687057 26.026241 22.583691 15.671279 11.022863 10.472071 11.565454 10.956539,

Auto-correlations of the modulus of each oriented sub-band
 0.535292 0.648699 0.732459 0.763103 0.731372 0.647392 0.534983 0.580628 0.708756 0.805540 0.842038 0.806216 0.710361 0.583521 0.644167 0.800496 0.922171 0.968897 0.922994 0.802225 0.646814 0.680737 0.860313 1.003666 1.059503 1.003666 0.860313 0.680737 0.646814 0.802224 0.922994 0.968897 0.922171 0.800496 0.644167 0.583521 0.710361 0.806216 0.842038 0.805540 0.708756 0.580628 0.534983 0.647392 0.731372 0.763103 0.732459 0.648699 0.535292,
 6.203070 6.481184 6.792779 7.033329 7.154513 7.206533 7.250633 8.333219 8.931503 9.558867 9.927247 9.928562 9.730269 9.527126 10.749280 11.695331 12.686961 13.171920 12.893163 12.217714 11.581518 12.150488 13.143729 14.218038 14.727952 14.218037 13.143729 12.150491 11.581516 12.217711 12.893163 13.171918 12.686958 11.695331 10.749279 9.527127 9.730268 9.928562 9.927247 9.558867 8.931504 8.333220 7.250634 7.206533 7.154512 7.033329 6.792778 6.481184 6.203070,
 40.588905 41.589989 42.478622 42.873554 42.541782 41.690727 40.717072 53.512001 56.252869 58.569752 59.537697 58.637791 56.348610 53.627563 67.336678 72.402908 76.668816 78.421669 76.714066 72.457443 67.398003 73.641121 79.903366 85.224373 87.421898 85.224380 79.903366 73.641121 67.398003 72.457443 76.714058 78.421669 76.668816 72.402908 67.336678 53.627563 56.348606 58.637783 59.537697 58.569756 56.252872 53.512001 40.717072 41.690720 42.541782 42.873558 42.478622 41.589989 40.588905,
 7.172926 7.205034 7.211749 7.120377 6.879671 6.555340 6.269171 9.268514 9.573125 9.832520 9.859137 9.495772 8.858225 8.224133 11.200117 11.948685 12.674541 12.971482 12.494522 11.485724 10.465263 11.757301 12.852956 13.958387 14.470689 13.958387 12.852956 11.757301 10.465261 11.485723 12.494521 12.971482 12.674541 11.948685 11.200116 8.224133 8.858225 9.495770 9.859137 9.832522 9.573125 9.268514 6.269171 6.555342 6.879672 7.120377 7.211749 7.205034 7.172926,
 0.521209 0.718072 0.878639 0.941064 0.877374 0.716362 0.520534 0.542838 0.749694 0.920022 0.986892 0.919686 0.749473 0.543473 0.572343 0.802524 0.996106 1.073522 0.997132 0.803951 0.574017 0.591319 0.837553 1.048309 1.133536 1.048309 0.837553 0.591319 0.574017 0.803951 0.997132 1.073522 0.996107 0.802524 0.572343 0.543473 0.749473 0.919686 0.986892 0.920022 0.749694 0.542838 0.520534 0.716362 0.877374 0.941064 0.878639 0.718072 0.521209,
 2.681798 2.785758 2.875806 2.961785 3.017197 3.047967 3.068083 3.661622 3.977725 4.238166 4.357481 4.355111 4.294699 4.209868 4.898198 5.417541 5.917939 6.109674 5.932066 5.627093 5.323776 5.645887 6.163881 6.717824 6.999219 6.717824 6.163881 5.645887 5.323776 5.627093 5.932065 6.109674 5.917940 5.417541 4.898198 4.209868 4.294699 4.355110 4.357481 4.238167 3.977725 3.661622 3.068083 3.047967 3.017197 2.961785 2.875806 2.785758 2.681798,
 16.593283 17.237968 17.841185 18.189024 18.129728 17.800350 17.414631 22.439644 24.246901 25.755737 26.507858 26.232628 25.178692 23.795166 29.612173 32.848289 35.460407 36.609802 35.825134 33.556873 30.634953 33.377430 37.229179 40.314953 41.555836 40.314957 37.229179 33.377430 30.634951 33.556873 35.825134 36.609802 35.460415 32.848289 29.612169 23.795170 25.178692 26.232628 26.507858 25.755739 24.246901 22.439644 17.414631 17.800350 18.129728 18.189024 17.841185 17.237968 16.593283,
 3.236474 3.275409 3.307388 3.305819 3.256403 3.190575 3.115299 4.214706 4.390994 4.538266 4.608059 4.531298 4.301743 4.011110 5.219573 5.622588 6.018820 6.254956 6.078311 5.561481 5.018694 5.572972 6.163153 6.784788 7.093856 6.784788 6.163154 5.572972 5.018695 5.561481 6.078311 6.254956 6.018821 5.622588 5.219573 4.011111 4.301742 4.531298 4.608059 4.538266 4.390994 4.214706 3.115299 3.190575 3.256403 3.305819 3.307388 3.275409 3.236475,
 0.320752 0.459140 0.576286 0.619725 0.565026 0.439623 0.297677 0.332897 0.479687 0.605750 0.654433 0.598476 0.467394 0.319086 0.350838 0.514499 0.659879 0.719307 0.657901 0.511407 0.347836 0.362448 0.536569 0.694611 0.761096 0.694611 0.536569 0.362448 0.347836 0.511407 0.657901 0.719307 0.659879 0.514499 0.350838 0.319086 0.467394 0.598476 0.654433 0.605750 0.479687 0.332897 0.297677 0.439623 0.565026 0.619725 0.576286 0.459140 0.320752,
 1.054580 1.130368 1.164304 1.167881 1.164226 1.162671 1.156708 1.485258 1.700243 1.841084 1.858627 1.810073 1.759874 1.705338 2.028373 2.396293 2.717727 2.802886 2.645849 2.427550 2.232971 2.367795 2.729451 3.114169 3.304709 3.114169 2.729451 2.367795 2.232971 2.427550 2.645849 2.802886 2.717727 2.396293 2.028373 1.705338 1.759874 1.810073 1.858627 1.841084 1.700242 1.485258 1.156708 1.162671 1.164226 1.167881 1.164304 1.130368 1.054580,
 6.889147 7.193003 7.394822 7.309380 6.819481 6.230228 5.781570 9.626482 10.593404 11.359767 11.576154 11.009727 10.046585 9.066420 12.872748 14.725770 16.251377 16.855715 16.121239 14.551553 12.749089 14.432974 16.712715 18.639288 19.472860 18.639286 16.712715 14.432974 12.749089 14.551555 16.121241 16.855715 16.251379 14.725770 12.872748 9.066418 10.046585 11.009726 11.576153 11.359765 10.593404 9.626482 5.781570 6.230229 6.819480 7.309380 7.394822 7.193003 6.889147,
 1.601549 1.601302 1.559412 1.482038 1.403700 1.334461 1.265858 2.080269 2.144022 2.151369 2.127799 2.059736 1.916136 1.740716 2.507701 2.687533 2.856832 2.968434 2.874220 2.584171 2.276210 2.598251 2.908484 3.246746 3.417588 3.246746 2.908484 2.598251 2.276210 2.584171 2.874220 2.968434 2.856832 2.687533 2.507701 1.740716 1.916135 2.059736 2.127799 2.151369 2.144022 2.080269 1.265858 1.334461 1.403700 1.482038 1.559412 1.601302 1.601549,

Pairwise cross-correlations of the modulus of all oriented sub-bands at the same scale (size QxQ)
 1.059503 1.011698 1.426530 1.054419 1.011698 14.727960 32.449570 10.588087 1.426530 32.449570 87.421898 31.988869 1.054419 10.588087 31.988869 14.470689,
 1.133535 0.739880 0.907008 0.786049 0.739880 6.999219 15.079564 4.762961 0.907008 15.079564 41.555832 15.052268 0.786049 4.762961 15.052268 7.093855,

Cross-correlations of the modulus of all oriented sub-bands with all oriented sub-bands at the coarser scale (size QxQ)
 0.956450 0.678789 0.775731 0.739491 0.904080 5.047480 11.081215 3.944902 1.432753 11.007637 28.372091 10.840058 0.948994 3.980298 11.185862 5.126289,
 0.800533 0.554654 0.366814 0.574032 0.650181 1.964370 4.315178 1.734442 1.086627 4.260292 11.128995 4.344913 0.707651 1.786712 4.464550 2.114465,

Cross-correlations of the real part of each oriented sub-band with both the real and imaginary part of all phase-doubled oriented sub-bands at the next coarser scale (Q matrices of size 1x2Q, which are computed and stored in a matrix of size Qx2Q)
 0.330295 -0.004471 -0.070197 -0.011081 -0.001172 -0.008216 -0.001026 -0.008498 0.107696 -4.267009 -9.024556 -2.641128 -0.002549 0.043650 -0.008310 -0.051102 -0.025038 -9.399805 -23.738506 -8.798487 -0.000193 0.066942 -0.188799 -0.107078 0.109622 -2.733041 -8.486897 -3.988372 -0.000643 -0.007877 -0.093115 -0.030197,
 0.335698 0.019432 -0.020029 0.023469 0.002473 -0.016863 -0.010871 -0.005534 0.126361 -1.120999 -2.294285 -0.768637 0.001064 -0.505792 -0.956102 -0.209941 -0.001646 -2.392010 -6.450383 -2.836521 0.002720 -0.974261 -2.134372 -0.583568 0.124925 -0.670749 -2.478138 -1.340162 0.002372 -0.246693 -0.633224 -0.236211,
