Low-band skewness and kurtosis
 -1.176143 3.789235,
 -0.906038 3.248495,
 -0.598744 2.552570,
 -0.184550 2.008932,

High-band variance
 104.587830,

Skewness, kurtosis, variance, mean, maximum and minimum of the reconstructed texture
 135.000000 255.000000 240.680038 508.097290 -1.476448 4.302271

Auto-correlations of the low-frequency bands at each scale
 63.277840 62.276722 62.039711 61.678162 60.590343 59.740185 60.232079 65.857803 51.655846 41.854378 38.249073 41.136246 50.246517 63.808807 211.582886 214.296219 217.592804 219.759598 219.058914 216.685440 214.144760 331.175720 354.734253 373.190613 380.512756 373.190613 354.734253 331.175720 214.144775 216.685425 219.058914 219.759583 217.592804 214.296249 211.582886 63.808796 50.246517 41.136250 38.249065 41.854374 51.655834 65.857803 60.232082 59.740189 60.590343 61.678146 62.039711 62.276730 63.277843,
 67.934982 68.809486 70.493820 71.884636 71.798134 71.445137 71.859863 62.184113 54.111519 49.366035 48.013355 49.314678 54.158855 62.382519 143.817032 144.105133 145.281860 145.934296 144.388550 142.297455 140.966751 210.626251 223.717941 234.119385 238.461121 234.119385 223.717941 210.626251 140.966751 142.297440 144.388550 145.934296 145.281860 144.105133 143.817062 62.382519 54.158875 49.314674 48.013351 49.366039 54.111500 62.184124 71.859863 71.445160 71.798141 71.884628 70.493820 68.809471 67.934982,
 74.653893 74.013405 73.710999 73.322029 72.298752 71.403473 71.077515 71.636627 67.250694 64.556923 63.613678 63.922401 66.091736 70.023163 108.184013 108.656593 109.892502 110.902626 110.438545 109.556221 109.114021 140.914886 147.493774 153.046951 155.474045 153.046951 147.493774 140.914886 109.114021 109.556221 110.438538 110.902626 109.892502 108.656570 108.183998 70.023155 66.091736 63.922390 63.613678 64.556931 67.250687 71.636620 71.077507 71.403473 72.298737 73.322029 73.710999 74.013420 74.653893,
 14.726266 18.801983 20.542830 21.398403 24.242668 29.333696 32.722790 18.663202 20.106920 21.083826 24.636934 30.181812 33.332596 31.268808 19.953053 20.946377 24.850550 31.073704 34.136791 31.209642 25.607601 21.213402 25.078058 31.322762 34.646072 31.322762 25.078053 21.213398 25.607611 31.209648 34.136791 31.073704 24.850544 20.946375 19.953049 31.268814 33.332596 30.181812 24.636934 21.083826 20.106915 18.663197 32.722790 29.333693 24.242674 21.398403 20.542826 18.801975 14.726260,

Auto-correlations of the modulus of each oriented sub-band
 0.514404 0.621857 0.705799 0.742922 0.722075 0.649509 0.545616 0.567470 0.688385 0.783858 0.825566 0.799684 0.715420 0.599389 0.644980 0.797482 0.918019 0.967216 0.928226 0.816006 0.667285 0.696390 0.879264 1.032047 1.093687 1.032047 0.879264 0.696390 0.667285 0.816005 0.928226 0.967216 0.918019 0.797482 0.644980 0.599389 0.715420 0.799684 0.825566 0.783858 0.688385 0.567470 0.545616 0.649509 0.722075 0.742922 0.705799 0.621857 0.514404,
 6.984882 7.352982 7.768911 8.103886 8.276157 8.343744 8.407190 8.915623 9.753080 10.644443 11.191184 11.212805 10.942821 10.660684 11.237233 12.559999 13.970622 14.697171 14.326004 13.385077 12.493621 12.763479 14.148087 15.651431 16.377031 15.651431 14.148087 12.763479 12.493621 13.385076 14.326006 14.697171 13.970622 12.559998 11.237235 10.660684 10.942821 11.212805 11.191184 10.644441 9.753078 8.915623 8.407189 8.343744 8.276157 8.103885 7.768911 7.352982 6.984881,
 40.290863 41.581535 42.881199 43.607090 43.381935 42.487785 41.465691 50.587700 54.213512 57.558430 59.103313 57.971161 54.960438 51.570232 61.488873 68.170021 74.280098 76.948387 74.506294 68.575195 62.025810 66.530586 74.714424 82.245941 85.506981 82.245941 74.714424 66.530594 62.025810 68.575195 74.506302 76.948387 74.280098 68.170021 61.488873 51.570229 54.960434 57.971169 59.103317 57.558418 54.213505 50.587696 41.465683 42.487789 43.381947 43.607090 42.881191 41.581535 40.290863,
 8.682267 8.672316 8.664057 8.552618 8.278105 7.941574 7.688874 10.823017 11.131580 11.426254 11.433232 10.933809 10.128000 9.418063 12.660536 13.534217 14.457611 14.821828 14.120907 12.778934 11.563252 12.987673 14.306914 15.766935 16.476009 15.766935 14.306915 12.987673 11.563252 12.778932 14.120909 14.821827 14.457608 13.534217 12.660535 9.418063 10.127998 10.933810 11.433230 11.426253 11.131581 10.823016 7.688875 7.941575 8.278106 8.552618 8.664057 8.672316 8.682267,
 0.499967 0.683058 0.835300 0.896265 0.838525 0.688854 0.506966 0.525236 0.719445 0.882568 0.949636 0.890028 0.731368 0.537466 0.564396 0.783558 0.971037 1.047831 0.976642 0.793136 0.574640 0.589880 0.825832 1.032846 1.118153 1.032846 0.825832 0.589880 0.574640 0.793136 0.976642 1.047831 0.971037 0.783558 0.564396 0.537466 0.731368 0.890028 0.949635 0.882568 0.719445 0.525236 0.506966 0.688854 0.838525 0.896265 0.835300 0.683058 0.499967,
 3.354945 3.500062 3.644394 3.763489 3.834868 3.863707 3.885835 4.161141 4.601294 5.027462 5.271984 5.307262 5.212975 5.047499 5.278462 6.039075 6.807644 7.165169 6.963384 6.505689 6.007155 6.095654 6.893285 7.725806 8.136463 7.725806 6.893285 6.095654 6.007155 6.505689 6.963384 7.165169 6.807644 6.039075 5.278462 5.047498 5.212974 5.307263 5.271984 5.027462 4.601294 4.161142 3.885835 3.863707 3.834867 3.763489 3.644394 3.500064 3.354945,
 20.939857 21.659733 22.359985 22.683641 22.394896 21.721531 21.022734 25.587822 27.925301 29.984047 30.914808 30.221498 28.336222 26.087397 30.965622 35.353004 39.155815 40.808193 39.422890 35.812607 31.512854 33.741695 39.109543 43.737526 45.668930 43.737526 39.109539 33.741692 31.512859 35.812607 39.422882 40.808193 39.155815 35.353001 30.965620 26.087397 28.336222 30.221498 30.914808 29.984047 27.925303 25.587820 21.022738 21.721531 22.394894 22.683641 22.359987 21.659733 20.939857,
 5.130460 5.085071 5.019577 4.911304 4.767787 4.624685 4.501450 6.299343 6.418984 6.477737 6.435949 6.221694 5.856951 5.474246 7.307775 7.729029 8.128983 8.321525 8.029923 7.373103 6.701183 7.495835 8.198386 8.925849 9.285479 8.925849 8.198387 7.495835 6.701183 7.373102 8.029922 8.321525 8.128983 7.729030 7.307774 5.474246 5.856951 6.221694 6.435949 6.477737 6.418984 6.299343 4.501450 4.624685 4.767787 4.911304 5.019578 5.085072 5.130460,
 0.285923 0.427098 0.547817 0.596597 0.549266 0.429697 0.288816 0.291845 0.439167 0.566945 0.620182 0.572035 0.447086 0.299199 0.305949 0.467380 0.610069 0.669342 0.612998 0.472364 0.310949 0.316144 0.487810 0.642340 0.706880 0.642340 0.487810 0.316144 0.310949 0.472364 0.612998 0.669342 0.610069 0.467380 0.305949 0.299199 0.447086 0.572035 0.620182 0.566945 0.439167 0.291845 0.288816 0.429697 0.549266 0.596597 0.547817 0.427098 0.285923,
 1.604700 1.683294 1.741938 1.769886 1.748153 1.662446 1.530445 1.952672 2.235559 2.459450 2.541447 2.472543 2.282807 2.024055 2.374972 2.889506 3.358477 3.527470 3.336288 2.943295 2.493548 2.632721 3.214425 3.778672 4.039846 3.778672 3.214424 2.632721 2.493548 2.943295 3.336288 3.527470 3.358477 2.889506 2.374972 2.024055 2.282807 2.472543 2.541447 2.459450 2.235559 1.952672 1.530445 1.662446 1.748153 1.769886 1.741938 1.683294 1.604700,
 8.262856 8.440201 8.573991 8.553969 8.266321 7.764334 7.200205 10.174306 11.391470 12.404003 12.794703 12.289707 11.057242 9.563293 12.585764 15.167020 17.356731 18.256882 17.344236 15.055847 12.335673 13.689150 16.993805 19.837831 21.021307 19.837831 16.993803 13.689150 12.335672 15.055847 17.344234 18.256880 17.356731 15.167017 12.585767 9.563293 11.057243 12.289705 12.794702 12.404001 11.391470 10.174306 7.200204 7.764334 8.266321 8.553968 8.573991 8.440200 8.262856,
 1.674795 1.716027 1.726487 1.691012 1.635900 1.573429 1.498498 2.168513 2.303215 2.380200 2.398821 2.332392 2.153585 1.929522 2.679785 2.994797 3.270598 3.419259 3.284086 2.901052 2.485543 2.830542 3.292000 3.748029 3.965436 3.748029 3.291999 2.830542 2.485543 2.901052 3.284086 3.419259 3.270598 2.994796 2.679785 1.929522 2.153584 2.332392 2.398821 2.380199 2.303215 2.168512 1.498498 1.573429 1.635900 1.691012 1.726487 1.716027 1.674795,

Pairwise cross-correlations of the modulus of all oriented sub-bands at the same scale (size QxQ)
 1.093687 1.361454 2.050598 1.375331 1.361454 16.377026 32.119968 10.331140 2.050598 32.119968 85.506981 32.531147 1.375331 10.331140 32.531147 16.476011,
 1.118153 0.821269 1.250990 0.950831 0.821269 8.136465 16.341667 5.120403 1.250990 16.341667 45.668926 17.670858 0.950831 5.120403 17.670858 9.285478,

Cross-correlations of the modulus of all oriented sub-bands with all oriented sub-bands at the coarser scale (size QxQ)
 0.929171 0.871646 1.297850 0.971259 1.113230 5.898716 12.378345 4.959608 1.906539 11.621129 30.281956 13.213810 1.163029 4.489461 13.108764 6.774911,
 0.762890 0.567365 0.533458 0.574187 0.631612 2.484076 4.934070 2.006905 1.075063 5.764189 13.758635 5.726003 0.703684 2.511086 6.150923 2.953740,

Cross-correlations of the real part of each oriented sub-band with both the real and imaginary part of all phase-doubled oriented sub-bands at the next coarser scale (Q matrices of size 1x2Q, which are computed and stored in a matrix of size Qx2Q)
 0.333126 -0.064920 -0.126686 -0.034734 -0.032398 -0.012187 -0.002537 0.010757 0.068708 -4.451569 -8.152133 -2.545558 -0.014201 0.014325 0.214634 0.096266 -0.073658 -8.519080 -22.364759 -9.640460 -0.003078 0.110341 0.450129 0.097836 0.102354 -2.258137 -8.814948 -4.839002 -0.014398 0.050198 0.087379 -0.032587,
 0.303554 0.006299 -0.037904 -0.000122 -0.028249 -0.011597 0.005828 -0.007861 0.091662 -1.718297 -2.770546 -0.828496 -0.016446 0.027971 0.638561 0.398896 -0.028434 -3.179342 -7.157006 -3.120008 -0.002043 0.341845 2.538998 1.379537 0.110019 -0.757164 -2.616945 -1.574622 -0.005962 0.204588 1.205652 0.575924,
