Low-band skewness and kurtosis
 -1.289955 4.161117,
 -1.040737 3.565717,
 -0.817752 2.941763,
 -0.533757 2.360921,

High-band variance
 106.713020,

Skewness, kurtosis, variance, mean, maximum and minimum of the reconstructed texture
 121.000000 255.000000 240.681915 538.081665 -1.573482 4.692700

Auto-correlations of the low-frequency bands at each scale
 86.735008 82.163338 80.102386 79.590919 79.577545 80.556244 83.656960 102.851501 83.515465 68.901360 63.472679 69.009491 84.393166 105.512901 231.939713 239.736801 246.348312 249.944580 249.425201 246.966934 244.256485 336.751282 370.732971 397.975555 408.843842 397.975555 370.733032 336.751282 244.256516 246.966934 249.425186 249.944580 246.348297 239.736786 231.939713 105.512871 84.393181 69.009491 63.472668 68.901360 83.515457 102.851501 83.656960 80.556236 79.577530 79.590904 80.102386 82.163330 86.734993,
 89.512360 87.046288 86.565010 86.790642 86.187416 86.004333 87.609009 89.544716 78.646660 71.433510 69.428993 72.331497 80.471443 92.388885 161.550262 165.625031 169.722473 172.420258 172.244965 171.129562 170.302994 224.987396 243.910980 259.222382 265.504669 259.222412 243.910980 224.987427 170.303009 171.129578 172.244934 172.420258 169.722473 165.625031 161.550262 92.388878 80.471458 72.331497 69.429001 71.433495 78.646660 89.544701 87.609016 86.004333 86.187424 86.790642 86.565002 87.046288 89.512360,
 94.860321 94.492638 94.842300 95.142357 94.580780 94.214493 94.923157 94.656769 87.460136 82.393684 80.529594 81.791771 86.589722 93.997292 127.289688 128.643463 130.473434 131.901337 131.780228 131.220963 130.906555 158.329422 169.169708 178.105896 181.839859 178.105896 169.169708 158.329422 130.906586 131.220963 131.780228 131.901337 130.473419 128.643448 127.289680 93.997276 86.589714 81.791748 80.529594 82.393692 87.460121 94.656754 94.923164 94.214493 94.580788 95.142357 94.842316 94.492653 94.860321,
 15.428208 19.605417 20.652456 20.769390 24.584877 31.627516 35.244736 19.925774 20.486277 20.063570 24.240639 32.346931 36.638264 32.910881 20.394787 19.713219 24.078705 33.232571 37.981148 33.291752 25.130085 20.061049 24.343880 33.509731 38.680908 33.509735 24.343874 20.061047 25.130085 33.291756 37.981148 33.232571 24.078709 19.713213 20.394785 32.910881 36.638271 32.346931 24.240637 20.063576 20.486273 19.925770 35.244736 31.627518 24.584877 20.769386 20.652456 19.605417 15.428202,

Auto-correlations of the modulus of each oriented sub-band
 0.640450 0.742629 0.819124 0.848741 0.821287 0.744087 0.638818 0.694670 0.811064 0.900448 0.933289 0.897995 0.807999 0.692538 0.779806 0.931295 1.044408 1.087840 1.047239 0.932659 0.777031 0.809436 1.009006 1.194893 1.276307 1.194893 1.009006 0.809436 0.777032 0.932659 1.047239 1.087840 1.044408 0.931295 0.779806 0.692538 0.807999 0.897995 0.933289 0.900448 0.811064 0.694670 0.638818 0.744087 0.821287 0.848741 0.819124 0.742629 0.640450,
 9.367514 9.877138 10.531527 11.158065 11.586286 11.861836 12.084765 11.664670 12.685123 13.896261 14.816481 15.092799 14.967871 14.757596 14.498880 16.015541 17.766106 18.833849 18.559961 17.588511 16.648535 16.567551 18.102043 19.845699 20.733681 19.845699 18.102043 16.567551 16.648535 17.588511 18.559961 18.833849 17.766104 16.015539 14.498879 14.757597 14.967871 15.092800 14.816480 13.896260 12.685121 11.664670 12.084764 11.861837 11.586286 11.158065 10.531528 9.877137 9.367515,
 41.959740 43.391289 44.861546 45.743179 45.602489 44.742844 43.734352 50.787819 54.842873 58.929241 60.931290 59.562916 56.045902 52.473728 60.026073 67.229408 74.687790 78.183441 75.063087 67.975693 61.112400 64.493553 73.087921 82.139557 86.370758 82.139557 73.087936 64.493546 61.112396 67.975693 75.063087 78.183426 74.687782 67.229408 60.026073 52.473724 56.045891 59.562923 60.931286 58.929234 54.842880 50.787819 43.734360 44.742836 45.602493 45.743179 44.861542 43.391293 41.959743,
 12.355688 12.190681 11.986889 11.636629 11.085036 10.509339 10.105159 14.429770 14.771014 15.061431 14.912833 14.047882 12.876785 11.973229 15.955151 17.040342 18.228931 18.647392 17.568348 15.756914 14.287514 15.939767 17.541473 19.459045 20.446943 19.459045 17.541473 15.939767 14.287514 15.756914 17.568348 18.647392 18.228930 17.040342 15.955152 11.973228 12.876785 14.047882 14.912832 15.061428 14.771015 14.429769 10.105159 10.509339 11.085036 11.636629 11.986889 12.190681 12.355688,
 0.568488 0.759096 0.914855 0.973522 0.907245 0.745201 0.550902 0.587800 0.789174 0.954635 1.017973 0.950417 0.781580 0.577236 0.613734 0.840973 1.035809 1.115337 1.038615 0.843528 0.613062 0.628873 0.877841 1.102506 1.197438 1.102506 0.877841 0.628873 0.613062 0.843528 1.038615 1.115337 1.035809 0.840973 0.613734 0.577236 0.781580 0.950417 1.017973 0.954635 0.789174 0.587800 0.550902 0.745201 0.907245 0.973522 0.914855 0.759096 0.568488,
 5.133177 5.320271 5.534282 5.735302 5.858554 5.902166 5.919587 6.063274 6.610334 7.145025 7.475756 7.549384 7.426341 7.186281 7.366621 8.303116 9.244213 9.693579 9.476886 8.910245 8.250273 8.335507 9.332896 10.340091 10.825554 10.340091 9.332896 8.335507 8.250272 8.910243 9.476886 9.693580 9.244212 8.303116 7.366621 7.186281 7.426340 7.549384 7.475756 7.145026 6.610335 6.063274 5.919587 5.902166 5.858554 5.735302 5.534282 5.320271 5.133179,
 22.914330 23.857376 24.778120 25.137186 24.659882 23.666523 22.691780 26.668625 29.289822 31.778414 32.757141 31.578911 29.087120 26.647917 30.847961 35.573898 40.187027 42.116791 40.014042 35.443272 30.940908 32.834087 38.489449 44.190491 46.755177 44.190498 38.489456 32.834084 30.940916 35.443272 40.014034 42.116791 40.187027 35.573898 30.847956 26.647923 29.087111 31.578909 32.757141 31.778418 29.289822 26.668619 22.691784 23.666519 24.659876 25.137190 24.778126 23.857380 22.914326,
 6.112792 6.167797 6.150945 6.023497 5.774034 5.460786 5.170106 7.145034 7.489208 7.710551 7.675632 7.295793 6.674270 6.069656 7.936748 8.710154 9.406704 9.668729 9.168350 8.162735 7.194235 7.978891 9.046253 10.143970 10.668450 10.143970 9.046253 7.978891 7.194234 8.162735 9.168350 9.668729 9.406705 8.710154 7.936747 6.069657 6.674270 7.295792 7.675632 7.710551 7.489209 7.145035 5.170106 5.460787 5.774034 6.023497 6.150945 6.167797 6.112792,
 0.309986 0.444578 0.561655 0.610122 0.564789 0.449546 0.315829 0.322401 0.460864 0.580915 0.630825 0.585026 0.465771 0.325227 0.334969 0.487566 0.624400 0.682104 0.627424 0.490968 0.336043 0.340887 0.506383 0.661161 0.727887 0.661161 0.506383 0.340887 0.336043 0.490968 0.627424 0.682104 0.624400 0.487566 0.334969 0.325227 0.465771 0.585026 0.630825 0.580915 0.460864 0.322401 0.315829 0.449546 0.564789 0.610122 0.561655 0.444578 0.309986,
 2.851135 2.969593 3.077136 3.158574 3.189504 3.182310 3.159443 3.378890 3.727667 4.043668 4.206418 4.214455 4.095704 3.895429 4.034569 4.614231 5.177555 5.421316 5.271248 4.908804 4.459281 4.504206 5.129737 5.733345 6.019549 5.733345 5.129737 4.504205 4.459281 4.908805 5.271247 5.421316 5.177555 4.614231 4.034569 3.895429 4.095705 4.214455 4.206417 4.043667 3.727667 3.378890 3.159443 3.182309 3.189504 3.158574 3.077136 2.969593 2.851135,
 11.405207 12.280933 13.158372 13.652956 13.540048 12.984159 12.267837 13.352201 15.248785 17.160236 18.193089 17.767027 16.246399 14.443396 15.409327 18.571907 21.722382 23.287739 22.249485 19.387861 16.255539 16.647779 20.413332 24.070280 25.691856 24.070280 20.413332 16.647776 16.255541 19.387859 22.249487 23.287739 21.722382 18.571911 15.409327 14.443398 16.246399 17.767027 18.193085 17.160238 15.248783 13.352201 12.267838 12.984158 13.540046 13.652953 13.158372 12.280933 11.405207,
 3.016490 3.167352 3.278236 3.300582 3.227357 3.093378 2.938949 3.599633 3.921775 4.173681 4.248052 4.083663 3.732060 3.348544 4.094944 4.654290 5.158334 5.386495 5.120994 4.499208 3.864177 4.200301 4.913087 5.625169 5.961974 5.625169 4.913087 4.200300 3.864177 4.499208 5.120993 5.386495 5.158334 4.654290 4.094944 3.348544 3.732059 4.083662 4.248052 4.173681 3.921775 3.599633 2.938949 3.093378 3.227357 3.300582 3.278236 3.167352 3.016490,

Pairwise cross-correlations of the modulus of all oriented sub-bands at the same scale (size QxQ)
 1.276307 1.896359 2.974149 2.043633 1.896359 20.733683 35.328262 10.760324 2.974149 35.328262 86.370743 33.702915 2.043633 10.760324 33.702915 20.446939,
 1.197437 1.056698 1.519661 1.132597 1.056698 10.825552 18.590036 5.375074 1.519661 18.590036 46.755177 17.836063 1.132597 5.375074 17.836063 10.668452,

Cross-correlations of the modulus of all oriented sub-bands with all oriented sub-bands at the coarser scale (size QxQ)
 1.008937 1.193685 1.752053 1.248941 1.408535 8.653187 15.603470 5.611689 2.383837 15.369680 34.381046 14.679399 1.495428 5.781476 14.984210 8.704253,
 0.790400 0.636174 0.854748 0.718492 0.850487 4.484619 7.649469 2.823946 1.402252 7.937606 17.050375 7.416091 0.906179 2.993201 7.615426 4.415585,

Cross-correlations of the real part of each oriented sub-band with both the real and imaginary part of all phase-doubled oriented sub-bands at the next coarser scale (Q matrices of size 1x2Q, which are computed and stored in a matrix of size Qx2Q)
 0.323121 -0.130253 -0.182642 -0.143852 -0.006842 0.000844 -0.000362 0.002729 0.027810 -5.177223 -8.553954 -2.275698 -0.006920 -0.061994 -0.215405 -0.082699 -0.208402 -9.284579 -21.434893 -8.769150 -0.001309 -0.160459 -0.707717 -0.330222 -0.026764 -2.273913 -7.929045 -4.936115 -0.000904 -0.051279 -0.318384 -0.148958,
 0.323898 -0.012009 -0.076529 -0.055301 0.011244 -0.000621 0.004908 -0.001484 0.090280 -1.730231 -2.020260 -0.512191 0.012108 0.064444 0.155392 0.094639 -0.082448 -2.606922 -4.740066 -2.707310 0.002421 0.092440 0.537723 0.502289 0.056918 -0.459886 -1.834527 -1.837426 0.003974 0.020280 0.311528 0.302694,
