Low-band skewness and kurtosis
 -1.161536 3.791529,
 -0.885332 3.283993,
 -0.693794 2.793105,
 -0.192944 1.885508,

High-band variance
 102.707352,

Skewness, kurtosis, variance, mean, maximum and minimum of the reconstructed texture
 130.000000 255.000000 240.755600 496.926300 -1.457994 4.253102

Auto-correlations of the low-frequency bands at each scale
 58.225468 57.669506 57.707039 57.468582 56.106522 54.510429 53.658646 44.572952 36.140194 30.849026 28.675570 29.049229 32.561527 39.289433 203.354019 204.616409 206.568741 207.681046 206.649246 204.779022 203.507019 342.755707 356.069946 366.371582 370.491791 366.371582 356.069946 342.755707 203.507004 204.779022 206.649292 207.681076 206.568710 204.616409 203.354004 39.289436 32.561535 29.049229 28.675575 30.849014 36.140182 44.572956 53.658638 54.510441 56.106533 57.468578 57.707039 57.669495 58.225460,
 69.050766 69.400085 70.481201 71.488297 71.334793 71.087402 71.511429 52.450745 48.767223 47.102840 46.958473 47.343327 49.304939 53.325722 137.540573 137.057053 137.530930 137.608063 135.720352 133.469879 132.197220 211.769714 218.303406 223.992874 226.585510 223.992874 218.303406 211.769684 132.197205 133.469879 135.720352 137.608063 137.530930 137.057053 137.540573 53.325729 49.304947 47.343338 46.958473 47.102833 48.767216 52.450733 71.511436 71.087402 71.334793 71.488297 70.481201 69.400093 69.050758,
 73.463264 73.585182 74.035309 74.399178 74.018547 73.611412 73.602737 67.093857 64.883087 63.817429 63.537636 63.321491 63.898735 65.590919 104.743027 104.651535 105.319931 105.844154 105.102592 104.152847 103.814682 140.000885 143.289185 146.353531 147.833740 146.353531 143.289154 140.000870 103.814667 104.152832 105.102592 105.844170 105.319923 104.651535 104.743004 65.590919 63.898727 63.321484 63.537636 63.817425 64.883087 67.093842 73.602737 73.611420 74.018532 74.399170 74.035316 73.585190 73.463264,
 15.567933 18.583685 19.201193 20.632406 25.843962 32.859543 35.808460 18.575502 19.186577 20.502567 25.923523 33.193748 36.251846 32.533493 19.438311 20.530027 25.767883 33.528072 36.873447 32.795242 25.791119 20.911407 25.626049 33.281261 37.290077 33.281261 25.626051 20.911407 25.791115 32.795246 36.873455 33.528072 25.767883 20.530024 19.438305 32.533493 36.251846 33.193752 25.923529 20.502569 19.186577 18.575502 35.808456 32.859543 25.843962 20.632406 19.201191 18.583685 15.567936,

Auto-correlations of the modulus of each oriented sub-band
 0.511861 0.625170 0.710156 0.744407 0.718007 0.638600 0.527528 0.544457 0.670480 0.767307 0.807213 0.777387 0.687304 0.563278 0.590528 0.740943 0.860017 0.908661 0.868528 0.755155 0.606566 0.626364 0.793602 0.927146 0.979225 0.927146 0.793602 0.626364 0.606566 0.755155 0.868528 0.908661 0.860016 0.740943 0.590528 0.563278 0.687304 0.777387 0.807213 0.767307 0.670480 0.544457 0.527528 0.638600 0.718007 0.744407 0.710156 0.625170 0.511861,
 6.161667 6.394936 6.612330 6.769943 6.847349 6.865868 6.865498 8.109956 8.700825 9.199275 9.444542 9.421927 9.240155 9.009819 10.345881 11.308571 12.155179 12.509884 12.264410 11.672590 11.022490 11.626880 12.635983 13.572289 13.981693 13.572289 12.635984 11.626880 11.022490 11.672589 12.264410 12.509884 12.155179 11.308573 10.345881 9.009819 9.240155 9.421927 9.444542 9.199275 8.700826 8.109955 6.865499 6.865868 6.847349 6.769944 6.612330 6.394936 6.161667,
 38.521439 39.378250 40.174137 40.526054 40.227894 39.483471 38.676624 51.616547 54.215633 56.369411 57.253456 56.460979 54.404072 51.907322 66.104614 71.020470 75.017570 76.625275 75.110420 71.213791 66.400742 72.896385 78.956596 83.903664 85.889359 83.903664 78.956604 72.896385 66.400742 71.213791 75.110420 76.625267 75.017563 71.020470 66.104614 51.907318 54.404068 56.460979 57.253452 56.369408 54.215633 51.616550 38.676628 39.483475 40.227894 40.526051 40.174141 39.378250 38.521446,
 6.108929 6.100845 6.084356 6.019619 5.879247 5.680859 5.479949 8.241310 8.449192 8.635261 8.668977 8.426613 7.936544 7.389310 10.338400 10.957478 11.555243 11.808562 11.446427 10.604071 9.689887 11.009453 11.978175 12.917132 13.334945 12.917132 11.978175 11.009453 9.689887 10.604072 11.446428 11.808561 11.555243 10.957478 10.338400 7.389310 7.936544 8.426614 8.668976 8.635261 8.449193 8.241309 5.479949 5.680859 5.879247 6.019619 6.084356 6.100845 6.108928,
 0.471398 0.651738 0.801330 0.861961 0.806310 0.660097 0.481174 0.499982 0.691864 0.851924 0.916923 0.856807 0.699631 0.508311 0.536335 0.750094 0.931049 1.004227 0.933851 0.754450 0.540542 0.557559 0.786347 0.982174 1.061178 0.982174 0.786347 0.557559 0.540542 0.754450 0.933851 1.004227 0.931049 0.750094 0.536335 0.508311 0.699631 0.856807 0.916923 0.851924 0.691864 0.499982 0.481174 0.660097 0.806310 0.861961 0.801330 0.651738 0.471398,
 2.615457 2.709856 2.802804 2.876626 2.908215 2.903932 2.894070 3.561770 3.851699 4.102911 4.215613 4.194913 4.108593 3.982417 4.676933 5.188993 5.681921 5.863188 5.665039 5.333150 5.009083 5.309331 5.840931 6.417747 6.707988 6.417748 5.840931 5.309331 5.009083 5.333150 5.665039 5.863187 5.681921 5.188993 4.676932 3.982417 4.108592 4.194912 4.215613 4.102912 3.851699 3.561770 2.894070 2.903932 2.908215 2.876626 2.802805 2.709857 2.615457,
 18.070446 18.453613 18.825651 19.009134 18.853033 18.501638 18.135345 24.898647 26.324827 27.474405 27.971931 27.555620 26.451456 25.015831 32.473938 35.312092 37.519363 38.417202 37.583233 35.406963 32.547714 35.990131 39.574181 42.350719 43.456322 42.350719 39.574181 35.990131 32.547710 35.406963 37.583233 38.417202 37.519356 35.312088 32.473934 25.015831 26.451456 27.555622 27.971931 27.474405 26.324827 24.898647 18.135344 18.501640 18.853035 19.009134 18.825649 18.453613 18.070448,
 3.047929 3.045283 3.039238 3.008777 2.946114 2.870812 2.795907 4.216097 4.298508 4.369318 4.390188 4.297680 4.092126 3.851363 5.425396 5.682456 5.957833 6.125508 5.977123 5.567604 5.128654 5.840282 6.291105 6.775199 7.017897 6.775199 6.291105 5.840282 5.128654 5.567605 5.977122 6.125508 5.957833 5.682457 5.425396 3.851364 4.092126 4.297680 4.390188 4.369318 4.298508 4.216097 2.795906 2.870811 2.946114 3.008777 3.039238 3.045283 3.047929,
 0.269332 0.403676 0.517402 0.561580 0.513797 0.397479 0.261620 0.275294 0.416016 0.536497 0.584063 0.534232 0.412506 0.271277 0.288492 0.442015 0.576733 0.631077 0.575289 0.440354 0.287285 0.296986 0.458211 0.602206 0.661801 0.602206 0.458211 0.296986 0.287285 0.440354 0.575289 0.631077 0.576733 0.442015 0.288492 0.271277 0.412506 0.534232 0.584063 0.536497 0.416016 0.275294 0.261620 0.397479 0.513797 0.561580 0.517402 0.403676 0.269332,
 1.417814 1.479508 1.517404 1.545000 1.577336 1.603817 1.615972 1.790140 1.981457 2.121712 2.157024 2.132876 2.089824 2.018237 2.214294 2.529099 2.816126 2.902800 2.774402 2.581698 2.377221 2.465387 2.784515 3.113837 3.278225 3.113837 2.784515 2.465387 2.377221 2.581698 2.774402 2.902800 2.816127 2.529099 2.214294 2.018237 2.089824 2.132876 2.157024 2.121712 1.981457 1.790140 1.615972 1.603817 1.577336 1.545000 1.517404 1.479508 1.417814,
 9.311587 9.612731 9.917222 10.141706 10.237378 10.261043 10.279992 12.112095 13.068669 13.842119 14.223547 14.109410 13.614506 12.942579 15.292598 17.033228 18.384960 18.946592 18.522131 17.317736 15.738316 16.871967 18.950348 20.566696 21.199114 20.566696 18.950346 16.871967 15.738316 17.317736 18.522131 18.946592 18.384962 17.033226 15.292596 12.942580 13.614506 14.109410 14.223546 13.842118 13.068666 12.112092 10.279992 10.261044 10.237378 10.141706 9.917223 9.612731 9.311587,
 1.542680 1.577229 1.599412 1.598201 1.599927 1.593702 1.560491 2.082705 2.162911 2.211704 2.246339 2.231827 2.116751 1.964757 2.610282 2.777551 2.946703 3.077178 2.999897 2.733979 2.472007 2.774711 3.036767 3.340277 3.506517 3.340277 3.036767 2.774711 2.472007 2.733979 2.999897 3.077178 2.946703 2.777551 2.610282 1.964756 2.116751 2.231827 2.246339 2.211704 2.162911 2.082705 1.560490 1.593702 1.599927 1.598200 1.599412 1.577229 1.542680,

Pairwise cross-correlations of the modulus of all oriented sub-bands at the same scale (size QxQ)
 0.979225 0.936012 1.241634 0.917527 0.936012 13.981691 31.727224 10.447284 1.241634 31.727224 85.889359 30.946392 0.917527 10.447284 30.946392 13.334949,
 1.061178 0.746517 0.758408 0.719689 0.746517 6.707987 15.414556 5.180777 0.758408 15.414556 43.456329 15.857475 0.719689 5.180777 15.857475 7.017899,

Cross-correlations of the modulus of all oriented sub-bands with all oriented sub-bands at the coarser scale (size QxQ)
 0.910607 0.639274 0.511672 0.615707 0.957041 4.796896 11.318893 4.294487 1.522694 10.664327 28.670712 11.228927 0.956573 3.858888 10.702163 4.794955,
 0.729902 0.519439 0.651317 0.490991 0.602693 1.895166 4.562069 1.810396 0.762337 4.337314 11.741508 4.581367 0.543976 1.741095 4.545454 1.952387,

Cross-correlations of the real part of each oriented sub-band with both the real and imaginary part of all phase-doubled oriented sub-bands at the next coarser scale (Q matrices of size 1x2Q, which are computed and stored in a matrix of size Qx2Q)
 0.348019 0.011266 -0.042799 0.021719 -0.003727 0.005668 0.002851 0.008095 0.122732 -3.018651 -6.982161 -2.434502 -0.000716 0.037468 -0.126063 -0.152535 -0.003894 -7.112620 -20.215708 -8.439675 0.000183 -0.080124 -0.895775 -0.589473 0.128812 -2.238298 -7.837258 -3.759553 -0.000854 -0.076917 -0.503154 -0.262641,
 0.318550 0.016282 -0.016363 0.021264 0.013973 -0.005499 0.002836 -0.002201 0.115080 -0.693727 -1.577255 -0.594018 0.006186 -0.003496 0.005992 0.058275 -0.002244 -1.599295 -4.776530 -2.231350 0.001468 -0.021898 0.140489 0.255831 0.121095 -0.496414 -1.950430 -1.044534 0.005534 -0.013555 0.110606 0.125039,
