Low-band skewness and kurtosis
 -1.247313 3.961706,
 -0.983589 3.427379,
 -0.746184 2.961375,
 -0.647126 2.808043,

High-band variance
 104.015366,

Skewness, kurtosis, variance, mean, maximum and minimum of the reconstructed texture
 121.000000 255.000000 240.685669 532.524231 -1.530763 4.456254

Auto-correlations of the low-frequency bands at each scale
 76.471146 73.704597 72.940887 73.065254 73.266464 74.477257 77.805405 98.523392 80.317268 66.832619 61.805218 66.312325 79.207947 96.743034 241.400085 244.813263 247.697830 248.403397 245.201889 239.555298 233.276581 340.580750 371.534851 396.393951 406.306152 396.393951 371.534882 340.580750 233.276566 239.555252 245.201889 248.403381 247.697800 244.813263 241.400116 96.743034 79.207947 66.312332 61.805222 66.832603 80.317268 98.523415 77.805405 74.477264 73.266464 73.065247 72.940887 73.704597 76.471146,
 85.663811 83.091530 82.170753 81.785675 80.705704 80.367348 82.165710 80.926552 69.188660 61.332947 58.654022 60.695713 67.707809 78.318008 163.046967 164.987839 167.057114 167.859192 165.698151 162.269760 158.972504 227.153198 245.604446 260.446472 266.523926 260.446533 245.604446 227.153229 158.972473 162.269745 165.698135 167.859192 167.057129 164.987839 163.046997 78.317978 67.707809 60.695694 58.654022 61.332947 69.188644 80.926559 82.165688 80.367348 80.705681 81.785698 82.170776 83.091530 85.663849,
 94.412598 95.216743 96.640411 97.839981 97.842110 97.563347 97.876732 89.552811 84.732758 82.066963 81.965332 83.914886 88.314987 94.466026 126.991425 127.491615 128.209427 128.193634 126.345535 124.119637 122.607315 153.276886 163.143829 171.512024 175.073975 171.512024 163.143829 153.276886 122.607300 124.119637 126.345535 128.193634 128.209427 127.491623 126.991425 94.466026 88.314995 83.914886 81.965347 82.066971 84.732742 89.552803 97.876732 97.563332 97.842087 97.839981 96.640411 95.216736 94.412598,
 12.944869 18.230637 20.837534 22.477379 26.832230 32.681465 34.202438 18.123863 20.422691 21.646654 26.301704 33.112320 35.462704 30.959352 20.265739 21.107430 25.652952 33.514313 36.792515 31.969030 24.906881 21.127642 25.078312 33.036354 37.537125 33.036354 25.078308 21.127642 24.906881 31.969034 36.792515 33.514313 25.652952 21.107430 20.265738 30.959352 35.462704 33.112320 26.301704 21.646656 20.422689 18.123861 34.202435 32.681465 26.832230 22.477379 20.837530 18.230629 12.944868,

Auto-correlations of the modulus of each oriented sub-band
 0.629687 0.736053 0.813737 0.837743 0.800125 0.712372 0.596895 0.698041 0.814094 0.898670 0.926778 0.884713 0.783740 0.656783 0.769913 0.924721 1.036990 1.071237 1.018836 0.896520 0.737810 0.785430 0.981756 1.159194 1.235486 1.159194 0.981756 0.785430 0.737810 0.896520 1.018836 1.071237 1.036990 0.924721 0.769913 0.656783 0.783740 0.884713 0.926778 0.898670 0.814094 0.698041 0.596895 0.712372 0.800125 0.837743 0.813737 0.736053 0.629687,
 9.743174 10.071882 10.588186 11.064452 11.308235 11.367314 11.353382 11.658804 12.503570 13.576459 14.322367 14.376895 13.994102 13.527300 13.892325 15.325641 17.018766 17.976122 17.536758 16.342636 15.197449 15.368195 16.974922 18.810226 19.724134 18.810225 16.974922 15.368195 15.197451 16.342636 17.536757 17.976122 17.018766 15.325639 13.892325 13.527302 13.994104 14.376895 14.322367 13.576456 12.503569 11.658803 11.353382 11.367314 11.308237 11.064450 10.588186 10.071881 9.743173,
 42.106743 43.091648 44.026085 44.201015 43.149639 41.336208 39.560509 51.798695 55.160789 58.447575 59.669678 57.571301 53.364395 49.149345 60.970066 67.568909 74.178909 77.002258 73.603455 66.374969 59.181389 64.254227 72.692131 81.260620 85.195541 81.260620 72.692131 64.254227 59.181389 66.374977 73.603455 77.002258 74.178909 67.568916 60.970062 49.149345 53.364395 57.571301 59.669678 58.447567 55.160801 51.798691 39.560501 41.336205 43.149639 44.201012 44.026096 43.091652 42.106747,
 10.400816 10.159673 9.889196 9.495152 8.929451 8.311794 7.781373 12.963793 13.161410 13.299779 13.086783 12.268276 11.097533 10.015928 14.773054 15.736350 16.722908 17.041933 16.069294 14.346763 12.744415 14.713300 16.318848 18.057627 18.915756 18.057627 16.318850 14.713300 12.744415 14.346763 16.069294 17.041931 16.722910 15.736349 14.773051 10.015926 11.097533 12.268276 13.086783 13.299778 13.161410 12.963792 7.781373 8.311793 8.929452 9.495152 9.889196 10.159675 10.400815,
 0.535053 0.720721 0.877523 0.942637 0.885737 0.734225 0.549419 0.568793 0.765669 0.928514 0.992842 0.928914 0.766482 0.571186 0.608293 0.830419 1.019465 1.094344 1.016753 0.826440 0.604554 0.625086 0.867412 1.086293 1.179017 1.086294 0.867412 0.625086 0.604554 0.826440 1.016753 1.094344 1.019466 0.830419 0.608293 0.571186 0.766482 0.928914 0.992842 0.928514 0.765669 0.568793 0.549419 0.734225 0.885737 0.942637 0.877523 0.720721 0.535053,
 6.093130 6.323691 6.587740 6.833259 6.993517 7.031336 6.946816 7.036649 7.637518 8.234509 8.596582 8.633504 8.410214 8.014564 8.196991 9.209319 10.220690 10.698965 10.417773 9.705038 8.879736 8.977448 10.099575 11.216054 11.742682 11.216054 10.099577 8.977446 8.879737 9.705038 10.417774 10.698965 10.220688 9.209319 8.196991 8.014564 8.410214 8.633504 8.596582 8.234509 7.637519 7.036649 6.946816 7.031335 6.993517 6.833259 6.587740 6.323692 6.093129,
 24.518082 25.603069 26.456083 26.669983 26.059980 24.926001 23.716412 29.020220 31.829031 34.204895 35.011192 33.687916 30.918406 27.888727 33.652866 38.752644 43.269642 45.038403 42.891712 38.084290 32.807487 35.384010 41.689419 47.442226 49.912266 47.442234 41.689426 35.384010 32.807487 38.084286 42.891705 45.038403 43.269650 38.752647 33.652866 27.888731 30.918400 33.687916 35.011196 34.204895 31.829033 29.020220 23.716412 24.925997 26.059978 26.669983 26.456083 25.603079 24.518082,
 5.357232 5.399419 5.356146 5.173998 4.881637 4.589042 4.378078 6.595095 6.910733 7.076188 6.957859 6.497894 5.834839 5.227705 7.603131 8.365371 9.017178 9.218883 8.647696 7.572394 6.536669 7.583656 8.700660 9.829706 10.367834 9.829706 8.700659 7.583656 6.536669 7.572394 8.647698 9.218884 9.017178 8.365371 7.603132 5.227705 5.834839 6.497895 6.957858 7.076187 6.910733 6.595094 4.378078 4.589042 4.881638 5.173998 5.356146 5.399419 5.357233,
 0.339050 0.494823 0.628833 0.682072 0.627052 0.491145 0.333973 0.346286 0.508821 0.649716 0.706886 0.651256 0.510283 0.345266 0.363612 0.542453 0.702169 0.767895 0.702687 0.543289 0.363492 0.374087 0.566192 0.744058 0.819672 0.744058 0.566192 0.374087 0.363492 0.543289 0.702687 0.767895 0.702169 0.542453 0.363612 0.345266 0.510283 0.651256 0.706886 0.649716 0.508821 0.346286 0.333973 0.491145 0.627052 0.682072 0.628833 0.494823 0.339050,
 2.399282 2.511593 2.611392 2.665277 2.637065 2.529082 2.403965 2.737794 3.040915 3.320318 3.440734 3.378518 3.179608 2.925706 3.240798 3.788462 4.343573 4.565106 4.348127 3.908148 3.447898 3.581350 4.198553 4.857386 5.175772 4.857386 4.198553 3.581349 3.447898 3.908148 4.348127 4.565106 4.343573 3.788461 3.240798 2.925706 3.179608 3.378518 3.440733 3.320318 3.040915 2.737793 2.403965 2.529082 2.637065 2.665277 2.611392 2.511592 2.399282,
 10.558533 10.741472 10.651884 10.167683 9.339682 8.466081 7.823565 12.049010 13.342393 14.292439 14.239363 13.018260 11.232359 9.651139 13.340381 16.008224 18.425287 19.175373 17.640423 14.771280 11.977981 13.479500 16.841137 20.138968 21.602476 20.138968 16.841137 13.479500 11.977981 14.771280 17.640423 19.175373 18.425287 16.008224 13.340381 9.651139 11.232358 13.018260 14.239361 14.292438 13.342393 12.049008 7.823565 8.466081 9.339682 10.167683 10.651883 10.741470 10.558534,
 2.749486 2.737224 2.653668 2.507071 2.308736 2.079417 1.861766 3.221821 3.407619 3.494846 3.433589 3.190097 2.787929 2.364827 3.547621 4.007930 4.404682 4.559699 4.278591 3.656704 3.010528 3.486403 4.162630 4.831536 5.144930 4.831537 4.162630 3.486403 3.010528 3.656704 4.278591 4.559699 4.404682 4.007929 3.547621 2.364827 2.787929 3.190097 3.433589 3.494846 3.407618 3.221821 1.861766 2.079417 2.308736 2.507070 2.653668 2.737224 2.749486,

Pairwise cross-correlations of the modulus of all oriented sub-bands at the same scale (size QxQ)
 1.235487 1.862067 2.742429 1.816977 1.862067 19.724131 34.082581 10.756233 2.742429 34.082581 85.195503 33.299599 1.816977 10.756233 33.299599 18.915756,
 1.179017 1.128975 1.432391 0.894996 1.128975 11.742681 19.871155 5.620068 1.432391 19.871155 49.912266 18.773468 0.894996 5.620068 18.773468 10.367832,

Cross-correlations of the modulus of all oriented sub-bands with all oriented sub-bands at the coarser scale (size QxQ)
 0.998227 1.184123 1.639664 1.083269 1.480728 8.955314 15.365283 5.407295 2.198446 15.216845 33.113422 13.865889 1.260013 5.443561 14.022908 7.686421,
 0.830074 0.686804 0.716819 0.576132 0.922847 4.579495 7.293320 2.384342 1.306422 7.808375 15.933258 6.363989 0.696442 2.820776 6.861169 3.554033,

Cross-correlations of the real part of each oriented sub-band with both the real and imaginary part of all phase-doubled oriented sub-bands at the next coarser scale (Q matrices of size 1x2Q, which are computed and stored in a matrix of size Qx2Q)
 0.301929 -0.117626 -0.181141 -0.145297 -0.008976 -0.014125 -0.010125 0.009038 0.016716 -4.975763 -8.491118 -2.384875 -0.002266 -0.479015 -0.704263 -0.046306 -0.199392 -9.197392 -23.044121 -10.112935 0.002661 -0.831922 -1.349078 -0.110299 -0.016349 -2.420183 -9.206989 -5.823182 -0.000824 -0.182046 -0.346917 -0.044952,
 0.277992 -0.041234 -0.083223 -0.029602 -0.010210 -0.007534 0.020887 0.027439 0.058788 -2.046922 -2.922671 -0.884499 -0.013179 0.534808 1.100260 0.314136 -0.085292 -3.566254 -8.502001 -4.124415 -0.009633 1.010826 2.907719 1.125971 0.059166 -0.906974 -3.690887 -2.427153 -0.008205 0.237478 1.116461 0.582740,
