Low-band skewness and kurtosis
 -1.305274 4.178855,
 -1.054921 3.583905,
 -0.852687 3.079120,
 -0.646347 2.573951,

High-band variance
 104.574768,

Skewness, kurtosis, variance, mean, maximum and minimum of the reconstructed texture
 127.000000 255.000000 240.899017 535.996948 -1.585329 4.674256

Auto-correlations of the low-frequency bands at each scale
 93.253792 92.000946 92.076317 92.208931 91.342056 90.088898 89.356392 95.293602 82.615585 73.952026 70.624947 72.587967 79.734665 90.922920 242.522293 245.952957 248.778885 249.894730 248.264587 245.789963 244.486664 365.425598 385.989777 402.142456 408.598572 402.142395 385.989777 365.425598 244.486664 245.789932 248.264557 249.894699 248.778915 245.952957 242.522293 90.922905 79.734673 72.587967 70.624954 73.952026 82.615570 95.293610 89.356392 90.088898 91.342064 92.208931 92.076332 92.000931 93.253792,
 80.765701 79.844971 80.179024 80.658882 80.073799 79.553314 79.922150 84.142044 77.565788 73.880836 72.995697 73.984726 77.753944 84.341713 172.572449 174.578110 176.579666 177.391647 175.691391 173.556549 172.653351 244.122223 255.616180 264.936249 268.889618 264.936249 255.616180 244.122223 172.653351 173.556549 175.691376 177.391647 176.579666 174.578094 172.572449 84.341713 77.753944 73.984741 72.995697 73.880844 77.565781 84.142036 79.922157 79.553314 80.073799 80.658882 80.179031 79.844971 80.765701,
 74.216316 73.062370 72.789581 72.743294 72.096481 71.615547 71.793404 74.329536 70.072060 67.607079 66.881004 67.346947 69.785339 74.169640 128.289017 129.822662 131.441345 132.251740 131.328613 130.224533 130.018036 173.493500 180.759598 186.787338 189.402542 186.787338 180.759598 173.493500 130.018036 130.224533 131.328613 132.251740 131.441345 129.822647 128.289047 74.169632 69.785347 67.346931 66.880997 67.607086 70.072044 74.329536 71.793388 71.615555 72.096458 72.743286 72.789589 73.062347 74.216324,
 14.663845 18.228550 18.998013 18.990707 23.640814 32.825291 37.806072 18.121250 18.654409 18.624506 23.862741 33.825249 39.133682 34.400909 18.707569 18.685637 24.130049 34.879982 40.435444 34.799416 25.209635 19.329367 24.513885 35.157360 41.169689 35.157360 24.513887 19.329365 25.209635 34.799412 40.435444 34.879978 24.130049 18.685640 18.707569 34.400913 39.133675 33.825249 23.862738 18.624508 18.654417 18.121246 37.806072 32.825283 23.640814 18.990707 18.998013 18.228554 14.663842,

Auto-correlations of the modulus of each oriented sub-band
 0.571880 0.680981 0.759838 0.784820 0.747902 0.660212 0.546408 0.624194 0.747338 0.836957 0.865722 0.824227 0.725947 0.599989 0.687981 0.840054 0.958535 1.004599 0.959092 0.838295 0.683008 0.722613 0.905908 1.057054 1.117407 1.057054 0.905909 0.722613 0.683008 0.838295 0.959092 1.004599 0.958535 0.840054 0.687981 0.599989 0.725946 0.824227 0.865722 0.836957 0.747338 0.624194 0.546408 0.660212 0.747902 0.784820 0.759838 0.680981 0.571880,
 7.141983 7.443398 7.783721 8.081300 8.264733 8.376746 8.483254 9.414092 10.041893 10.730305 11.167625 11.202621 11.048064 10.914914 11.913511 12.867074 13.953115 14.527029 14.219471 13.528018 12.957194 13.407269 14.366351 15.517926 16.110598 15.517925 14.366353 13.407269 12.957194 13.528017 14.219471 14.527029 13.953115 12.867075 11.913511 10.914915 11.048063 11.202621 11.167624 10.730304 10.041895 9.414091 8.483253 8.376746 8.264734 8.081300 7.783721 7.443398 7.141983,
 42.275719 43.639854 44.793335 45.318119 45.017010 44.214794 43.352055 54.812473 58.138710 61.022579 62.299500 61.332096 58.851818 56.078712 67.839294 73.585327 78.686325 80.911896 78.932220 74.112320 68.749786 73.988426 80.804436 86.963753 89.624138 86.963753 80.804436 73.988426 68.749786 74.112320 78.932205 80.911888 78.686325 73.585320 67.839294 56.078716 58.851818 61.332096 62.299500 61.022583 58.138718 54.812473 43.352055 44.214798 45.017010 45.318119 44.793339 43.639862 42.275719,
 9.308226 9.190329 9.043015 8.779936 8.366339 7.920359 7.580079 11.695416 11.921939 12.102929 11.990157 11.407332 10.562377 9.812586 13.617437 14.417846 15.231096 15.504705 14.805032 13.523471 12.335578 13.924802 15.175382 16.517908 17.160995 16.517908 15.175384 13.924802 12.335579 13.523470 14.805035 15.504705 15.231096 14.417846 13.617436 9.812585 10.562376 11.407331 11.990157 12.102929 11.921939 11.695416 7.580080 7.920359 8.366341 8.779936 9.043014 9.190328 9.308226,
 0.509497 0.701750 0.865012 0.936071 0.882657 0.729417 0.537328 0.540659 0.744420 0.916499 0.989102 0.928458 0.762582 0.558327 0.581165 0.810556 1.006362 1.087368 1.013190 0.820264 0.590437 0.605875 0.852615 1.066856 1.154333 1.066856 0.852615 0.605875 0.590437 0.820264 1.013190 1.087368 1.006362 0.810556 0.581165 0.558327 0.762582 0.928458 0.989102 0.916499 0.744420 0.540659 0.537328 0.729417 0.882657 0.936071 0.865012 0.701750 0.509497,
 2.762497 2.899058 3.033721 3.144545 3.220163 3.268804 3.297785 3.889739 4.221484 4.520077 4.684349 4.712533 4.669239 4.590844 5.270884 5.829131 6.360763 6.590367 6.443872 6.139589 5.811834 6.125333 6.694695 7.273856 7.557840 7.273856 6.694695 6.125333 5.811834 6.139589 6.443872 6.590367 6.360763 5.829131 5.270884 4.590844 4.669239 4.712533 4.684349 4.520077 4.221484 3.889739 3.297785 3.268804 3.220163 3.144545 3.033722 2.899058 2.762497,
 17.406576 17.926870 18.236406 18.213778 17.814878 17.221375 16.653025 23.790247 25.584209 26.931303 27.359625 26.665865 25.197779 23.512501 30.758379 34.204685 37.001579 38.098263 36.956909 34.189259 30.879753 34.101830 38.330952 41.869736 43.324718 41.869743 38.330952 34.101837 30.879751 34.189259 36.956902 38.098263 37.001579 34.204678 30.758381 23.512501 25.197775 26.665861 27.359629 26.931305 25.584209 23.790247 16.653025 17.221375 17.814878 18.213778 18.236412 17.926867 17.406576,
 4.265420 4.167464 4.014477 3.833034 3.634502 3.422786 3.206944 5.595869 5.696709 5.716435 5.629780 5.361685 4.909482 4.420832 6.697175 7.137160 7.529299 7.695451 7.355922 6.621805 5.887082 6.856156 7.583653 8.335125 8.707140 8.335126 7.583653 6.856156 5.887082 6.621805 7.355921 7.695452 7.529299 7.137160 6.697174 4.420832 4.909482 5.361685 5.629780 5.716436 5.696709 5.595869 3.206944 3.422786 3.634502 3.833034 4.014477 4.167464 4.265420,
 0.327012 0.474137 0.596989 0.647238 0.601684 0.480573 0.331594 0.340430 0.494370 0.624610 0.678732 0.631185 0.503825 0.348216 0.359380 0.529097 0.676510 0.738279 0.682088 0.536698 0.365593 0.372010 0.553100 0.712987 0.778988 0.712987 0.553100 0.372010 0.365593 0.536698 0.682088 0.738279 0.676510 0.529097 0.359380 0.348216 0.503825 0.631185 0.678732 0.624610 0.494370 0.340430 0.331594 0.480573 0.601684 0.647238 0.596989 0.474137 0.327012,
 1.508479 1.564907 1.603449 1.625339 1.635725 1.628884 1.602149 2.067418 2.272631 2.426160 2.468033 2.440773 2.384196 2.282100 2.749682 3.138489 3.491697 3.602808 3.453636 3.215672 2.955127 3.157378 3.572380 3.992938 4.197375 3.992938 3.572380 3.157378 2.955127 3.215672 3.453636 3.602808 3.491697 3.138489 2.749682 2.282100 2.384196 2.440773 2.468033 2.426160 2.272631 2.067418 1.602149 1.628884 1.635725 1.625339 1.603449 1.564907 1.508478,
 9.276814 9.667765 10.013597 10.108314 9.851092 9.457405 9.100222 12.564328 13.857594 14.947945 15.358782 14.845190 13.762924 12.540924 16.141397 18.693085 20.857327 21.739130 20.824453 18.698582 16.222801 17.832058 20.998671 23.725761 24.882454 23.725761 20.998671 17.832058 16.222799 18.698582 20.824455 21.739130 20.857327 18.693083 16.141397 12.540922 13.762924 14.845190 15.358782 14.947945 13.857592 12.564329 9.100223 9.457405 9.851092 10.108314 10.013598 9.667765 9.276814,
 1.990330 2.001412 1.986828 1.970844 1.950552 1.906179 1.838428 2.693836 2.836600 2.937254 2.981208 2.918157 2.726335 2.463914 3.337331 3.719258 4.063253 4.248887 4.106894 3.668559 3.156060 3.532976 4.102447 4.645217 4.895964 4.645217 4.102447 3.532976 3.156060 3.668559 4.106894 4.248887 4.063253 3.719258 3.337331 2.463914 2.726335 2.918156 2.981208 2.937254 2.836600 2.693836 1.838428 1.906179 1.950552 1.970844 1.986828 2.001412 1.990330,

Pairwise cross-correlations of the modulus of all oriented sub-bands at the same scale (size QxQ)
 1.117407 1.290533 1.994818 1.401303 1.290533 16.110596 33.500244 10.861775 1.994818 33.500244 89.624115 34.099701 1.401303 10.861775 34.099701 17.160994,
 1.154333 0.757408 1.023410 0.906570 0.757408 7.557839 15.532893 4.681012 1.023410 15.532893 43.324718 16.310160 0.906570 4.681012 16.310160 8.707140,

Cross-correlations of the modulus of all oriented sub-bands with all oriented sub-bands at the coarser scale (size QxQ)
 0.973114 0.753384 1.018696 0.902816 1.087798 5.867536 12.527075 4.592160 1.832741 12.368228 31.920116 13.324285 1.158799 4.421466 13.193682 7.014800,
 0.815721 0.619030 0.524693 0.685581 0.613023 2.190613 4.347145 1.708574 1.067728 4.748162 11.996907 5.155769 0.771823 1.943197 5.221780 3.055255,

Cross-correlations of the real part of each oriented sub-band with both the real and imaginary part of all phase-doubled oriented sub-bands at the next coarser scale (Q matrices of size 1x2Q, which are computed and stored in a matrix of size Qx2Q)
 0.328746 -0.012479 -0.118356 -0.067454 -0.002311 0.004417 0.000439 0.006071 0.100943 -4.247010 -8.220344 -2.313163 -0.000233 -0.224647 -0.158288 0.114638 -0.070992 -8.797604 -21.346083 -8.356307 -0.005789 -0.303140 0.290637 0.596276 0.073390 -2.418003 -7.891146 -4.242446 -0.007083 -0.010012 0.364356 0.341839,
 0.326385 0.000287 -0.047526 -0.011243 0.010182 0.017663 0.013934 0.021649 0.111770 -1.914081 -3.542875 -1.034139 0.003953 0.078074 -0.164779 -0.148303 -0.021806 -3.824121 -9.350275 -3.891823 -0.003984 0.024856 -0.668015 -0.434919 0.114712 -1.005276 -3.486568 -1.998700 0.001983 -0.008317 -0.207805 -0.112821,
