Low-band skewness and kurtosis
 -1.273005 4.045630,
 -0.998062 3.373997,
 -0.649299 2.459255,
 -0.487537 2.161438,

High-band variance
 104.840591,

Skewness, kurtosis, variance, mean, maximum and minimum of the reconstructed texture
 119.000000 255.000000 240.591171 538.330017 -1.541538 4.541564

Auto-correlations of the low-frequency bands at each scale
 105.273865 97.537025 93.834755 92.896095 93.008049 94.047554 96.833969 127.185349 105.621864 88.331032 81.429939 87.135704 103.557549 125.376144 240.808777 251.273468 258.016815 259.911926 256.993317 252.704620 249.695419 329.733917 367.622742 398.648926 411.090790 398.648895 367.622742 329.733917 249.695404 252.704575 256.993286 259.911926 258.016785 251.273499 240.808777 125.376144 103.557526 87.135712 81.429939 88.331032 105.621880 127.185356 96.833977 94.047531 93.008057 92.896095 93.834770 97.537025 105.273880,
 100.271538 95.424011 93.668701 93.629959 93.224731 93.067596 94.269722 111.137360 97.228783 86.375847 81.854927 84.189476 93.161316 106.102348 173.499390 179.069473 182.986038 184.254929 182.330383 180.040894 179.070587 226.259109 248.199265 266.519562 274.067871 266.519562 248.199295 226.259109 179.070602 180.040878 182.330414 184.254929 182.986008 179.069489 173.499359 106.102348 93.161316 84.189499 81.854919 86.375847 97.228783 111.137360 94.269722 93.067596 93.224754 93.629944 93.668694 95.424011 100.271523,
 96.015038 95.100716 95.830444 97.305626 98.267609 99.250069 100.872704 105.255722 97.867722 92.271233 89.894814 90.746819 95.024414 101.570900 139.961990 141.800949 142.975128 142.860596 140.911819 138.826584 137.668472 166.040451 177.600128 187.333511 191.402893 187.333542 177.600128 166.040451 137.668472 138.826584 140.911819 142.860550 142.975128 141.800949 139.962006 101.570900 95.024391 90.746819 89.894829 92.271233 97.867722 105.255722 100.872704 99.250069 98.267609 97.305626 95.830437 95.100716 96.015038,
 17.540415 22.412794 24.945524 26.460730 29.632277 34.582096 37.632622 22.387302 24.121311 25.328320 29.391687 35.646561 39.391376 37.602356 23.570648 24.830492 29.665476 37.230164 41.214924 38.213665 31.721670 25.417019 30.521542 38.181252 42.136902 38.181252 30.521542 25.417023 31.721668 38.213665 41.214924 37.230164 29.665476 24.830492 23.570648 37.602367 39.391376 35.646561 29.391685 25.328320 24.121311 22.387306 37.632622 34.582096 29.632277 26.460730 24.945528 22.412790 17.540421,

Auto-correlations of the modulus of each oriented sub-band
 0.672774 0.758621 0.819067 0.835699 0.801597 0.725751 0.626441 0.743782 0.855264 0.936308 0.959634 0.915734 0.819046 0.699431 0.815659 0.975901 1.098436 1.148146 1.107577 0.983866 0.813201 0.850416 1.069024 1.277259 1.370083 1.277259 1.069024 0.850416 0.813201 0.983866 1.107577 1.148146 1.098436 0.975901 0.815659 0.699431 0.819046 0.915734 0.959634 0.936308 0.855264 0.743782 0.626441 0.725751 0.801597 0.835699 0.819067 0.758621 0.672774,
 11.480282 11.813815 12.324004 12.859962 13.250206 13.534357 13.770098 13.399770 14.262894 15.366573 16.218533 16.445051 16.313551 16.123405 15.858089 17.273277 18.984230 20.032606 19.716383 18.727438 17.812162 17.718155 19.202129 20.953840 21.865030 20.953840 19.202129 17.718157 17.812160 18.727440 19.716383 20.032606 18.984228 17.273279 15.858089 16.123405 16.313551 16.445051 16.218534 15.366575 14.262894 13.399773 13.770095 13.534358 13.250204 12.859964 12.324006 11.813817 11.480280,
 45.891384 47.014179 48.249405 48.876400 48.446663 47.409904 46.440411 53.127460 56.993107 61.105984 63.030605 61.317913 57.511116 54.013435 60.543297 67.747452 75.565033 79.232666 75.696426 68.136673 61.281105 64.098167 72.760971 82.362152 86.977165 82.362152 72.760971 64.098167 61.281101 68.136673 75.696419 79.232666 75.565018 67.747452 60.543289 54.013435 57.511127 61.317917 63.030602 61.105984 56.993099 53.127472 46.440418 47.409912 48.446674 48.876400 48.249405 47.014179 45.891384,
 14.246582 13.985051 13.584588 12.980725 12.196898 11.435146 10.864177 16.535564 16.952116 17.160084 16.787962 15.641585 14.160447 12.915814 17.904617 19.316359 20.644997 20.974356 19.641159 17.440037 15.488265 17.509953 19.605431 21.859995 22.957396 21.859995 19.605431 17.509953 15.488263 17.440037 19.641157 20.974356 20.644997 19.316357 17.904617 12.915812 14.160447 15.641582 16.787964 17.160084 16.952118 16.535564 10.864180 11.435145 12.196900 12.980725 13.584589 13.985051 14.246582,
 0.569957 0.746562 0.893625 0.949425 0.885922 0.732163 0.550216 0.598602 0.786503 0.941200 0.997969 0.929442 0.766036 0.573426 0.635504 0.855532 1.046084 1.124313 1.046035 0.849369 0.623063 0.651171 0.901251 1.133753 1.233987 1.133753 0.901251 0.651171 0.623063 0.849369 1.046035 1.124313 1.046084 0.855532 0.635504 0.573426 0.766036 0.929442 0.997969 0.941200 0.786504 0.598602 0.550216 0.732163 0.885922 0.949425 0.893625 0.746562 0.569957,
 6.466131 6.738721 7.030066 7.308851 7.505145 7.575136 7.545799 7.543403 8.209514 8.854112 9.278442 9.404766 9.273636 8.962437 8.996232 10.071012 11.124979 11.663788 11.474300 10.850484 10.080422 10.103377 11.241125 12.342224 12.856347 12.342224 11.241125 10.103375 10.080423 10.850484 11.474300 11.663788 11.124978 10.071012 8.996231 8.962437 9.273636 9.404766 9.278441 8.854110 8.209514 7.543402 7.545800 7.575137 7.505145 7.308852 7.030066 6.738721 6.466130,
 23.743402 24.617401 25.526642 25.892859 25.344620 24.290344 23.318956 27.519770 30.248003 32.993839 34.191902 32.950619 30.274590 27.728989 31.698400 36.638729 41.765663 44.097534 41.828297 36.860260 32.147404 33.835724 39.736855 46.003658 48.931351 46.003658 39.736855 33.835724 32.147408 36.860260 41.828293 44.097527 41.765663 36.638733 31.698402 27.728989 30.274590 32.950619 34.191902 32.993843 30.248009 27.519768 23.318953 24.290339 25.344620 25.892859 25.526648 24.617401 23.743402,
 7.373118 7.406049 7.279256 6.969719 6.555849 6.147390 5.808818 8.515621 8.927175 9.112364 8.931040 8.347744 7.537542 6.799919 9.279107 10.239415 11.057438 11.290106 10.588326 9.312493 8.114768 9.138417 10.463455 11.817534 12.458579 11.817536 10.463453 9.138417 8.114768 9.312494 10.588326 11.290104 11.057438 10.239415 9.279107 6.799918 7.537543 8.347745 8.931041 9.112363 8.927174 8.515621 5.808818 6.147390 6.555848 6.969719 7.279256 7.406049 7.373118,
 0.304122 0.436723 0.553187 0.600685 0.555319 0.441940 0.312732 0.319288 0.456209 0.576700 0.627662 0.582877 0.465303 0.328927 0.337241 0.486266 0.624795 0.687230 0.634887 0.498039 0.344913 0.349872 0.513631 0.672075 0.741878 0.672075 0.513631 0.349872 0.344913 0.498039 0.634887 0.687230 0.624795 0.486266 0.337241 0.328927 0.465303 0.582877 0.627662 0.576700 0.456209 0.319288 0.312732 0.441940 0.555319 0.600685 0.553187 0.436723 0.304122,
 2.797497 2.948022 3.093791 3.212895 3.282992 3.275601 3.190461 3.213223 3.581146 3.938353 4.167161 4.223365 4.101424 3.825163 3.835949 4.477248 5.092305 5.389508 5.256694 4.843307 4.298617 4.304078 5.033807 5.720796 6.035053 5.720796 5.033807 4.304078 4.298616 4.843307 5.256695 5.389507 5.092305 4.477248 3.835949 3.825163 4.101424 4.223365 4.167161 3.938353 3.581146 3.213223 3.190461 3.275601 3.282992 3.212894 3.093791 2.948022 2.797498,
 11.712268 12.302296 12.755649 12.746485 12.154878 11.326463 10.619544 12.657796 14.297630 16.030663 16.917952 16.353962 14.806418 13.092919 14.475618 17.508085 20.679007 22.314631 21.274214 18.423620 15.341562 15.847643 19.588879 23.322245 25.020426 23.322245 19.588877 15.847643 15.341561 18.423622 21.274214 22.314629 20.679007 17.508085 14.475618 13.092919 14.806419 16.353962 16.917952 16.030661 14.297628 12.657795 10.619544 11.326463 12.154877 12.746485 12.755646 12.302296 11.712268,
 3.414788 3.489104 3.448801 3.294806 3.071019 2.844732 2.669986 4.009068 4.283811 4.418072 4.333166 4.031595 3.614632 3.218313 4.453731 5.041602 5.530669 5.679817 5.316381 4.612679 3.911152 4.422328 5.223165 6.014362 6.382809 6.014362 5.223165 4.422328 3.911152 4.612680 5.316380 5.679817 5.530669 5.041602 4.453731 3.218313 3.614632 4.031595 4.333166 4.418072 4.283811 4.009068 2.669986 2.844732 3.071020 3.294806 3.448801 3.489104 3.414787,

Pairwise cross-correlations of the modulus of all oriented sub-bands at the same scale (size QxQ)
 1.370083 2.130775 3.461160 2.492612 2.130775 21.865030 36.076138 11.272499 3.461160 36.076138 86.977188 35.293579 2.492612 11.272499 35.293579 22.957396,
 1.233987 1.434018 2.103391 1.489613 1.434018 12.856347 20.871624 5.835279 2.103391 20.871624 48.931343 18.624531 1.489613 5.835279 18.624531 12.458579,

Cross-correlations of the modulus of all oriented sub-bands with all oriented sub-bands at the coarser scale (size QxQ)
 1.047066 1.458229 2.265347 1.625486 1.613426 10.033323 16.878212 6.126482 2.788250 17.035721 35.995983 16.088715 1.793931 6.191954 16.000128 10.255359,
 0.791586 0.740217 0.972637 0.774201 1.045169 5.121281 8.582002 3.144240 1.589325 8.415564 17.801910 8.104383 0.990451 2.881306 7.518775 4.897213,

Cross-correlations of the real part of each oriented sub-band with both the real and imaginary part of all phase-doubled oriented sub-bands at the next coarser scale (Q matrices of size 1x2Q, which are computed and stored in a matrix of size Qx2Q)
 0.288433 -0.165876 -0.292409 -0.308808 -0.014992 -0.009704 0.008949 -0.004314 0.005489 -4.940516 -7.184604 -1.821632 -0.004863 0.128009 0.263620 0.025631 -0.317532 -7.990590 -17.763786 -8.536517 -0.002469 0.183240 0.351645 -0.055058 -0.159884 -1.749269 -7.136099 -5.838181 -0.010794 0.019626 0.043884 -0.084477,
 0.315139 -0.059729 -0.134532 -0.109539 -0.010836 -0.013028 -0.011934 -0.000338 0.059446 -2.209738 -3.134368 -0.822264 -0.006618 -0.529561 -0.787153 -0.059082 -0.143678 -3.760781 -8.456125 -4.187199 -0.003679 -0.978954 -1.734647 -0.334885 0.013989 -0.898985 -3.667429 -2.866205 -0.005638 -0.235700 -0.556612 -0.212093,
