Low-band skewness and kurtosis
 -1.269841 4.031056,
 -1.052099 3.552552,
 -0.800352 2.955574,
 -0.792568 3.153933,

High-band variance
 103.657356,

Skewness, kurtosis, variance, mean, maximum and minimum of the reconstructed texture
 121.000000 255.000000 240.671249 535.601074 -1.547416 4.549675

Auto-correlations of the low-frequency bands at each scale
 95.729431 92.193130 91.360939 91.886894 92.745079 94.690987 98.924538 115.257133 95.864967 81.570427 76.550621 82.025200 96.537354 115.983078 246.689911 251.602646 255.344116 256.423218 253.364380 248.000885 242.235184 339.745361 372.851288 399.487518 410.147064 399.487518 372.851288 339.745331 242.235184 248.000870 253.364365 256.423218 255.344116 251.602676 246.689865 115.983093 96.537346 82.025200 76.550621 81.570419 95.864960 115.257111 98.924538 94.691002 92.745087 91.886902 91.360931 92.193130 95.729424,
 105.544548 102.659698 101.917458 101.911949 101.080925 100.695778 102.087105 102.007721 89.755272 81.616440 79.151566 81.994408 90.358116 102.633469 173.048828 176.120026 179.042938 180.592010 179.271942 176.999222 175.208664 231.475388 250.905823 266.598358 273.023102 266.598358 250.905869 231.475342 175.208664 176.999207 179.271927 180.591995 179.042953 176.120041 173.048813 102.633492 90.358131 81.994392 79.151558 81.616440 89.755287 102.007698 102.087120 100.695770 101.080910 101.911957 101.917465 102.659721 105.544533,
 103.022888 101.851501 101.567749 101.640800 101.278259 101.281944 102.368248 108.862778 102.760666 98.455513 96.860199 97.742455 101.435822 107.163887 141.823868 142.865097 144.173706 144.849442 143.717926 141.875748 140.159760 166.005142 175.908386 184.180710 187.659653 184.180710 175.908386 166.005173 140.159760 141.875748 143.717941 144.849442 144.173706 142.865097 141.823868 107.163879 101.435814 97.742455 96.860199 98.455521 102.760666 108.862770 102.368233 101.281944 101.278267 101.640800 101.567734 101.851501 103.022888,
 13.400743 15.814870 14.438036 14.477593 21.231754 31.736971 36.722095 16.165167 14.298873 13.903783 21.218557 32.910877 38.469860 33.063023 14.522277 13.791814 21.236002 34.041836 40.142570 33.719280 22.191492 14.475295 21.474878 34.235645 40.985756 34.235645 21.474880 14.475293 22.191492 33.719280 40.142574 34.041836 21.236002 13.791815 14.522278 33.063026 38.469860 32.910881 21.218557 13.903783 14.298871 16.165165 36.722092 31.736961 21.231752 14.477593 14.438040 15.814873 13.400740,

Auto-correlations of the modulus of each oriented sub-band
 0.634484 0.741021 0.819567 0.847806 0.816962 0.736962 0.630794 0.695912 0.819398 0.912564 0.947131 0.912269 0.819210 0.695504 0.780009 0.940346 1.059277 1.104417 1.061708 0.941896 0.779240 0.809029 1.015562 1.204884 1.287000 1.204884 1.015562 0.809029 0.779240 0.941896 1.061708 1.104417 1.059277 0.940346 0.780009 0.695504 0.819209 0.912269 0.947131 0.912564 0.819398 0.695912 0.630794 0.736962 0.816962 0.847806 0.819567 0.741021 0.634484,
 10.863618 11.235447 11.747202 12.205873 12.442139 12.515428 12.531438 12.598588 13.483603 14.585060 15.364862 15.438810 15.084802 14.641171 14.746578 16.210936 17.951984 18.963322 18.520266 17.338501 16.205208 16.264080 17.879604 19.743122 20.702839 19.743122 17.879606 16.264080 16.205208 17.338501 18.520264 18.963322 17.951984 16.210938 14.746578 14.641172 15.084803 15.438808 15.364862 14.585061 13.483605 12.598588 12.531438 12.515427 12.442138 12.205873 11.747199 11.235449 10.863621,
 44.226597 45.516788 46.697395 47.053932 46.159733 44.489365 42.791676 52.526367 56.242718 59.874630 61.341194 59.380444 55.284088 51.164188 60.789112 67.568115 74.427643 77.448067 74.117348 66.964241 59.924202 64.103470 72.470848 81.087822 85.083168 81.087822 72.470848 64.103470 59.924206 66.964241 74.117340 77.448059 74.427643 67.568108 60.789104 51.164188 55.284084 59.380444 61.341194 59.874622 56.242710 52.526371 42.791676 44.489361 46.159729 47.053940 46.697399 45.516796 44.226597,
 11.504950 11.352850 11.129222 10.721643 10.094642 9.433352 8.929842 13.920585 14.244889 14.465246 14.224423 13.285344 12.035775 10.993061 15.604896 16.676687 17.768267 18.090870 16.992544 15.172039 13.590669 15.498827 17.145012 18.995569 19.928608 18.995567 17.145012 15.498827 13.590667 15.172039 16.992544 18.090870 17.768267 16.676685 15.604895 10.993061 12.035775 13.285346 14.224423 14.465247 14.244889 13.920587 8.929842 9.433352 10.094641 10.721643 11.129222 11.352851 11.504948,
 0.568159 0.752322 0.903393 0.962180 0.901410 0.748392 0.563045 0.595099 0.790876 0.951458 1.014809 0.952176 0.790691 0.593454 0.627057 0.850210 1.039198 1.116194 1.042913 0.854772 0.630340 0.647209 0.892641 1.111501 1.203349 1.111501 0.892641 0.647209 0.630340 0.854772 1.042913 1.116194 1.039198 0.850210 0.627057 0.593454 0.790691 0.952176 1.014809 0.951458 0.790876 0.595099 0.563045 0.748392 0.901410 0.962180 0.903393 0.752322 0.568159,
 6.991270 7.187626 7.421813 7.647894 7.806428 7.853961 7.785940 7.884375 8.410025 8.947274 9.286948 9.342567 9.159404 8.797795 8.945822 9.883958 10.842252 11.305604 11.050632 10.395203 9.622350 9.685086 10.740680 11.811694 12.327352 11.811694 10.740680 9.685087 9.622350 10.395203 11.050631 11.305604 10.842252 9.883958 8.945822 8.797795 9.159406 9.342566 9.286948 8.947275 8.410026 7.884375 7.785939 7.853961 7.806427 7.647893 7.421813 7.187626 6.991270,
 25.981804 27.107115 27.989450 28.131895 27.354809 25.984222 24.495512 30.407856 33.083279 35.370518 36.027508 34.475979 31.475145 28.313837 34.441586 39.270477 43.700352 45.377911 43.020477 38.051659 32.872669 35.566799 41.603031 47.379295 49.923412 47.379295 41.603027 35.566799 32.872665 38.051659 43.020473 45.377911 43.700352 39.270477 34.441586 28.313833 31.475145 34.475975 36.027508 35.370522 33.083271 30.407862 24.495512 25.984226 27.354809 28.131897 27.989452 27.107117 25.981800,
 5.985209 6.058756 6.016635 5.822623 5.505163 5.139685 4.807152 7.261708 7.597084 7.782604 7.685634 7.217439 6.487884 5.771973 8.180475 8.975453 9.676811 9.910362 9.326271 8.193686 7.082725 8.112215 9.279095 10.457274 11.017647 10.457275 9.279095 8.112215 7.082725 8.193688 9.326269 9.910363 9.676812 8.975453 8.180473 5.771974 6.487884 7.217438 7.685634 7.782605 7.597084 7.261706 4.807152 5.139685 5.505161 5.822623 6.016635 6.058756 5.985209,
 0.302400 0.434632 0.546551 0.589357 0.541656 0.427103 0.295367 0.314627 0.453731 0.570999 0.615501 0.566669 0.448978 0.312787 0.326804 0.478839 0.613836 0.668094 0.611015 0.476310 0.327225 0.333672 0.494627 0.647146 0.713416 0.647146 0.494627 0.333672 0.327225 0.476310 0.611015 0.668094 0.613836 0.478839 0.326804 0.312787 0.448978 0.566669 0.615501 0.570999 0.453731 0.314627 0.295367 0.427103 0.541656 0.589357 0.546551 0.434632 0.302400,
 3.018988 3.102307 3.180327 3.249420 3.285434 3.285085 3.248744 3.413017 3.686128 3.928409 4.069502 4.082696 3.975549 3.776854 3.880825 4.412192 4.906699 5.120264 4.978118 4.622238 4.176805 4.206081 4.821035 5.406474 5.676510 5.406474 4.821035 4.206081 4.176806 4.622239 4.978117 5.120264 4.906699 4.412191 3.880824 3.776854 3.975549 4.082696 4.069502 3.928409 3.686127 3.413017 3.248744 3.285085 3.285434 3.249420 3.180327 3.102307 3.018988,
 9.335161 9.719884 10.110372 10.295184 10.108003 9.634280 9.087256 10.737861 12.104825 13.474465 14.121627 13.613733 12.279325 10.768928 12.250264 14.955653 17.651888 18.901924 17.809364 15.168139 12.372531 12.995214 16.398380 19.768703 21.296497 19.768703 16.398380 12.995214 12.372529 15.168140 17.809364 18.901924 17.651888 14.955651 12.250264 10.768927 12.279325 13.613732 14.121625 13.474465 12.104824 10.737861 9.087255 9.634280 10.108002 10.295184 10.110373 9.719883 9.335160,
 2.049444 2.108105 2.136919 2.110429 2.026310 1.907024 1.775451 2.520855 2.707961 2.835289 2.845435 2.698178 2.412601 2.101204 2.935795 3.341845 3.711041 3.878058 3.654048 3.126522 2.594171 2.971869 3.554562 4.153504 4.440649 4.153504 3.554563 2.971869 2.594171 3.126523 3.654048 3.878058 3.711041 3.341845 2.935795 2.101204 2.412601 2.698178 2.845435 2.835288 2.707961 2.520855 1.775451 1.907024 2.026311 2.110429 2.136919 2.108105 2.049444,

Pairwise cross-correlations of the modulus of all oriented sub-bands at the same scale (size QxQ)
 1.287000 1.989187 2.969689 1.911473 1.989187 20.702839 34.660332 10.575081 2.969689 34.660332 85.083153 33.614326 1.911473 10.575081 33.614326 19.928608,
 1.203349 1.253191 1.753876 1.094357 1.253191 12.327350 20.402523 5.662723 1.753876 20.402523 49.923401 19.029795 1.094357 5.662723 19.029795 11.017647,

Cross-correlations of the modulus of all oriented sub-bands with all oriented sub-bands at the coarser scale (size QxQ)
 1.017982 1.346675 1.915172 1.213638 1.570209 9.304515 15.450155 5.365346 2.428394 16.236336 34.264481 14.332922 1.370260 6.007581 15.229001 8.378355,
 0.787114 0.767571 0.818402 0.632419 0.947913 4.711604 7.548605 2.710850 1.495226 7.564160 15.265882 6.638621 0.832412 2.571331 6.196910 3.518396,

Cross-correlations of the real part of each oriented sub-band with both the real and imaginary part of all phase-doubled oriented sub-bands at the next coarser scale (Q matrices of size 1x2Q, which are computed and stored in a matrix of size Qx2Q)
 0.339086 -0.122173 -0.205431 -0.162857 0.000022 -0.006020 -0.001721 0.003699 0.024768 -4.196135 -6.761913 -1.887965 0.000367 -0.126122 -0.038429 0.055644 -0.209712 -7.413677 -18.882345 -8.663954 -0.007328 -0.126168 0.134697 0.321753 -0.004720 -1.908744 -8.006499 -5.353017 -0.005748 -0.006544 0.130204 0.222567,
 0.309385 -0.027176 -0.095644 -0.060943 -0.012746 -0.009047 -0.012748 -0.016181 0.074084 -1.910061 -2.569268 -0.592379 0.003867 -0.174770 -0.402529 -0.094307 -0.085241 -3.120375 -6.384754 -3.022679 0.011365 -0.471860 -1.531241 -0.632173 0.062265 -0.682778 -2.575369 -2.013580 -0.001761 -0.182633 -0.776368 -0.442417,
