Low-band skewness and kurtosis
 -1.238151 3.953678,
 -0.991787 3.425094,
 -0.706807 2.697005,
 -0.690859 3.116260,

High-band variance
 100.367554,

Skewness, kurtosis, variance, mean, maximum and minimum of the reconstructed texture
 126.000000 255.000000 240.720139 519.812500 -1.503927 4.380446

Auto-correlations of the low-frequency bands at each scale
 83.361221 82.631264 83.093414 83.620384 83.484276 83.607315 85.066795 93.658348 78.004143 67.188332 63.139351 66.191910 76.002426 90.720444 235.919449 238.277512 240.842407 242.050430 240.182098 236.597717 233.052933 344.738861 370.130524 389.927948 397.776855 389.927948 370.130524 344.738861 233.052933 236.597717 240.182129 242.050400 240.842407 238.277496 235.919449 90.720436 76.002419 66.191910 63.139351 67.188324 78.004128 93.658348 85.066795 83.607330 83.484276 83.620392 83.093430 82.631248 83.361221,
 87.625359 87.153564 87.501198 87.488045 85.956024 84.334167 83.860832 82.315948 73.968941 69.446388 68.794968 71.077324 77.056099 86.391701 164.099365 165.390686 167.435486 168.831329 167.860321 166.250565 165.336990 229.914825 244.054977 255.245819 259.893829 255.245819 244.054977 229.914810 165.336990 166.250565 167.860306 168.831299 167.435486 165.390686 164.099335 86.391701 77.056099 71.077339 68.794975 69.446396 73.968948 82.315964 83.860847 84.334175 85.956032 87.488045 87.501213 87.153564 87.625359,
 80.981705 81.182693 82.014503 82.760658 82.520164 82.193214 82.600754 85.023819 80.876717 78.395271 77.461555 77.435112 79.131332 82.737228 128.949417 129.432693 130.481094 131.028885 129.831436 128.052811 126.583321 162.453049 169.829239 175.859726 178.446487 175.859726 169.829208 162.453049 126.583336 128.052811 129.831436 131.028885 130.481094 129.432693 128.949417 82.737198 79.131325 77.435112 77.461548 78.395271 80.876709 85.023827 82.600754 82.193214 82.520164 82.760658 82.014503 81.182693 80.981720,
 11.429247 15.782338 16.752562 17.379034 22.111565 29.280754 31.656622 16.242565 16.954077 17.040262 22.007257 29.930313 32.875519 27.781162 17.428658 16.835573 21.444096 30.367960 34.172298 28.699539 20.756071 17.157522 20.866268 29.786659 34.899384 29.786655 20.866268 17.157522 20.756071 28.699539 34.172302 30.367960 21.444096 16.835573 17.428659 27.781168 32.875519 29.930317 22.007257 17.040260 16.954079 16.242565 31.656622 29.280752 22.111567 17.379030 16.752556 15.782338 11.429247,

Auto-correlations of the modulus of each oriented sub-band
 0.575457 0.689031 0.776234 0.811967 0.785560 0.705997 0.596358 0.634284 0.758646 0.854000 0.891793 0.858525 0.765280 0.642201 0.713690 0.869235 0.987094 1.030055 0.983688 0.865405 0.711833 0.749607 0.938591 1.098079 1.162950 1.098079 0.938591 0.749607 0.711833 0.865405 0.983688 1.030055 0.987094 0.869235 0.713690 0.642201 0.765280 0.858525 0.891793 0.854000 0.758646 0.634284 0.596358 0.705997 0.785560 0.811967 0.776234 0.689031 0.575457,
 8.070219 8.480159 8.992246 9.439016 9.705338 9.852715 9.964075 10.043574 10.885800 11.865998 12.528782 12.616448 12.376107 12.108677 12.287827 13.580870 15.063462 15.884842 15.534178 14.580114 13.700507 13.799068 15.149323 16.700998 17.472939 16.700996 15.149323 13.799068 13.700507 14.580115 15.534180 15.884843 15.063462 13.580870 12.287827 12.108674 12.376107 12.616447 12.528782 11.865998 10.885800 10.043574 9.964077 9.852714 9.705339 9.439016 8.992245 8.480159 8.070220,
 40.575333 41.879025 43.089371 43.709705 43.391350 42.348896 41.068096 50.474129 53.989685 57.304195 58.885468 57.761986 54.659851 51.080666 60.394089 66.878769 73.021507 75.831612 73.437019 67.467926 60.896084 64.949516 72.968811 80.525482 83.848839 80.525482 72.968811 64.949516 60.896084 67.467918 73.437019 75.831604 73.021500 66.878769 60.394077 51.080666 54.659851 57.761990 58.885468 57.304195 53.989685 50.474133 41.068096 42.348896 43.391350 43.709705 43.089367 41.879025 40.575336,
 8.965822 8.873995 8.773177 8.579452 8.226819 7.802224 7.430672 11.253207 11.473427 11.671689 11.586555 11.004945 10.140980 9.359158 13.077085 13.867258 14.705656 15.004664 14.256552 12.907905 11.685583 13.277311 14.542596 15.955027 16.656210 15.955027 14.542596 13.277311 11.685583 12.907905 14.256552 15.004663 14.705654 13.867258 13.077084 9.359159 10.140982 11.004945 11.586555 11.671690 11.473427 11.253205 7.430672 7.802225 8.226818 8.579452 8.773178 8.873995 8.965822,
 0.541927 0.729897 0.888681 0.954978 0.897690 0.744421 0.557976 0.572465 0.772060 0.941669 1.012870 0.952193 0.789157 0.590877 0.610821 0.833596 1.025779 1.105906 1.033630 0.846282 0.624366 0.636715 0.875768 1.087059 1.174850 1.087059 0.875768 0.636715 0.624366 0.846281 1.033630 1.105906 1.025779 0.833596 0.610821 0.590877 0.789157 0.952193 1.012870 0.941669 0.772060 0.572465 0.557976 0.744421 0.897690 0.954978 0.888681 0.729897 0.541927,
 4.219581 4.433228 4.632590 4.766971 4.824296 4.847794 4.862517 5.269544 5.747723 6.182009 6.406953 6.402601 6.274513 6.098416 6.553433 7.313929 8.049204 8.365623 8.137812 7.667225 7.167509 7.379246 8.162471 8.961568 9.351297 8.961569 8.162471 7.379245 7.167509 7.667224 8.137810 8.365621 8.049204 7.313928 6.553433 6.098416 6.274513 6.402601 6.406953 6.182010 5.747722 5.269544 4.862517 4.847794 4.824296 4.766970 4.632590 4.433228 4.219581,
 19.142000 20.094091 20.680094 20.581833 19.729141 18.482338 17.299887 24.575466 27.107111 29.055311 29.497608 28.094591 25.532608 22.839451 29.983078 34.515362 38.328316 39.665432 37.687641 33.493599 28.883747 31.993683 37.541241 42.466068 44.548214 42.466068 37.541248 31.993683 28.883747 33.493599 37.687634 39.665432 38.328323 34.515362 29.983078 22.839451 25.532608 28.094591 29.497608 29.055309 27.107115 24.575460 17.299883 18.482334 19.729137 20.581833 20.680096 20.094095 19.142000,
 3.897744 3.861167 3.760225 3.581524 3.331537 3.066865 2.839496 5.275952 5.424035 5.456932 5.329305 4.986733 4.482626 3.977321 6.312073 6.785761 7.200778 7.349282 6.948870 6.148403 5.360476 6.346160 7.127389 7.946477 8.349272 7.946477 7.127389 6.346160 5.360477 6.148402 6.948870 7.349283 7.200778 6.785761 6.312072 3.977322 4.482627 4.986733 5.329306 5.456933 5.424035 5.275952 2.839496 3.066865 3.331537 3.581524 3.760225 3.861167 3.897744,
 0.328239 0.471849 0.599012 0.651990 0.602397 0.477448 0.332884 0.340250 0.488860 0.622421 0.679618 0.629333 0.499581 0.349658 0.357892 0.519050 0.666727 0.730182 0.672119 0.527680 0.366164 0.370726 0.540178 0.697498 0.764510 0.697498 0.540178 0.370726 0.366164 0.527680 0.672119 0.730181 0.666727 0.519050 0.357892 0.349658 0.499581 0.629333 0.679618 0.622421 0.488860 0.340250 0.332884 0.477448 0.602397 0.651990 0.599012 0.471849 0.328239,
 1.216094 1.281397 1.361189 1.449070 1.517185 1.549851 1.567684 1.588567 1.838781 2.074804 2.231365 2.301851 2.269518 2.145500 2.157414 2.607838 3.052972 3.259592 3.175229 2.932645 2.608417 2.609075 3.089320 3.567716 3.800907 3.567716 3.089320 2.609075 2.608417 2.932645 3.175229 3.259592 3.052972 2.607838 2.157414 2.145500 2.269518 2.301851 2.231365 2.074804 1.838781 1.588567 1.567684 1.549850 1.517185 1.449070 1.361189 1.281397 1.216094,
 4.542292 4.739163 5.140374 5.537224 5.755530 5.820611 5.836375 7.086622 8.246530 9.476421 10.246657 10.198321 9.468474 8.466990 10.331233 12.711186 14.930890 16.032814 15.438736 13.538993 11.225057 12.160103 15.131744 17.759573 18.862326 17.759573 15.131744 12.160103 11.225057 13.538993 15.438736 16.032814 14.930890 12.711185 10.331232 8.466990 9.468474 10.198320 10.246657 9.476421 8.246529 7.086621 5.836375 5.820612 5.755530 5.537224 5.140374 4.739162 4.542290,
 1.198068 1.186754 1.156514 1.101946 1.055443 1.026886 1.001205 1.869364 1.967676 2.009903 1.997974 1.912357 1.730235 1.530903 2.522348 2.795092 3.020447 3.137833 2.983896 2.611269 2.232516 2.686131 3.100888 3.510999 3.718567 3.510999 3.100888 2.686131 2.232516 2.611269 2.983896 3.137833 3.020447 2.795092 2.522348 1.530903 1.730234 1.912357 1.997974 2.009903 1.967676 1.869364 1.001205 1.026886 1.055443 1.101945 1.156514 1.186754 1.198068,

Pairwise cross-correlations of the modulus of all oriented sub-bands at the same scale (size QxQ)
 1.162950 1.488699 2.256553 1.448974 1.488699 17.472939 32.741695 10.289459 2.256553 32.741695 83.848854 31.875191 1.448974 10.289459 31.875191 16.656212,
 1.174850 0.872396 1.151204 0.793296 0.872396 9.351298 17.271097 4.968233 1.151204 17.271097 44.548214 16.193106 0.793296 4.968233 16.193106 8.349273,

Cross-correlations of the modulus of all oriented sub-bands with all oriented sub-bands at the coarser scale (size QxQ)
 0.984609 0.905807 1.268359 0.888380 1.220138 6.879133 12.674860 4.473233 1.931438 12.839657 29.059616 11.716805 1.118132 4.735961 12.240893 6.173546,
 0.805082 0.561817 0.547242 0.402008 0.675182 2.725897 4.712774 1.609051 0.964028 4.921559 11.318325 4.610760 0.611429 1.707740 4.727428 2.435609,

Cross-correlations of the real part of each oriented sub-band with both the real and imaginary part of all phase-doubled oriented sub-bands at the next coarser scale (Q matrices of size 1x2Q, which are computed and stored in a matrix of size Qx2Q)
 0.344496 -0.057149 -0.130676 -0.031790 0.003401 0.005274 0.010411 0.004701 0.073050 -4.336194 -7.409769 -2.039941 0.004166 0.177134 0.478680 0.165882 -0.088484 -8.263071 -19.461304 -8.010241 0.000232 0.455339 1.392362 0.577968 0.092322 -2.161647 -7.459018 -4.226251 -0.001457 0.163982 0.572980 0.287213,
 0.304044 -0.007192 -0.045013 0.021593 0.030860 0.001325 0.007251 0.011403 0.092403 -1.910403 -3.199821 -0.986958 0.013737 0.088511 0.457814 0.281886 -0.031354 -3.743095 -9.062327 -3.871413 0.001612 0.317316 2.114741 1.178895 0.106520 -1.014119 -3.610674 -1.926278 0.010880 0.150784 1.115786 0.604944,
