Low-band skewness and kurtosis
 -1.207806 3.897092,
 -0.980629 3.430495,
 -0.799053 2.988044,
 -0.570368 2.828638,

High-band variance
 100.394180,

Skewness, kurtosis, variance, mean, maximum and minimum of the reconstructed texture
 129.000000 255.000000 240.835754 505.597412 -1.485286 4.312127

Auto-correlations of the low-frequency bands at each scale
 70.419922 71.119370 72.398010 73.290504 72.898201 72.075012 71.774643 59.510506 52.994293 49.385063 48.430702 49.445400 53.082233 59.552563 219.203751 220.248184 222.094254 223.165939 222.084930 220.193512 218.956161 357.311798 369.011475 378.263519 382.034241 378.263519 369.011475 357.311768 218.956177 220.193512 222.084930 223.165909 222.094223 220.248184 219.203751 59.552551 53.082230 49.445400 48.430695 49.385040 52.994312 59.510490 71.774635 72.075005 72.898209 73.290512 72.397995 71.119370 70.419914,
 68.913681 68.808304 69.320053 69.627922 68.626816 67.489151 67.109886 59.860630 56.295517 54.582977 54.169247 53.961163 55.039967 58.010307 149.834595 150.378311 151.972107 153.210892 152.389557 150.995682 150.354141 229.955872 235.970398 241.313599 243.779022 241.313599 235.970428 229.955841 150.354141 150.995651 152.389557 153.210892 151.972107 150.378311 149.834595 58.010300 55.039978 53.961178 54.169262 54.582973 56.295513 59.860622 67.109871 67.489151 68.626823 69.627922 69.320053 68.808296 68.913681,
 78.289253 78.310097 78.659576 78.996613 78.657486 78.342720 78.483971 66.317825 63.971588 62.892967 62.775829 62.858105 63.850224 66.096909 111.981155 112.037636 112.824814 113.361526 112.425812 111.122780 110.434204 155.170807 159.048218 162.603058 164.282639 162.603043 159.048233 155.170807 110.434189 111.122765 112.425835 113.361511 112.824799 112.037636 111.981155 66.096924 63.850224 62.858116 62.775822 62.892956 63.971588 66.317825 78.483971 78.342720 78.657501 78.996613 78.659569 78.310104 78.289253,
 8.238253 9.615139 9.891446 10.740925 14.935497 21.583323 25.062315 9.514163 9.552160 10.466816 15.188910 22.141293 25.527216 22.270115 9.529612 10.357664 15.214506 22.769913 26.248209 22.399265 15.523495 10.639537 15.226296 22.750881 26.738813 22.750883 15.226296 10.639536 15.523495 22.399265 26.248209 22.769913 15.214509 10.357665 9.529610 22.270115 25.527216 22.141291 15.188909 10.466818 9.552161 9.514161 25.062313 21.583323 14.935496 10.740925 9.891446 9.615138 8.238253,

Auto-correlations of the modulus of each oriented sub-band
 0.532223 0.646381 0.728870 0.756368 0.720665 0.633221 0.518761 0.587153 0.717821 0.812885 0.843850 0.800897 0.698706 0.567700 0.640910 0.797319 0.916356 0.958863 0.909067 0.785892 0.629597 0.665347 0.839160 0.976630 1.029876 0.976629 0.839160 0.665346 0.629597 0.785891 0.909067 0.958863 0.916356 0.797319 0.640910 0.567700 0.698706 0.800897 0.843850 0.812885 0.717821 0.587153 0.518761 0.633221 0.720665 0.756368 0.728870 0.646381 0.532223,
 5.304825 5.503133 5.719442 5.889230 5.970394 5.981361 5.966717 7.347755 7.851276 8.311831 8.570194 8.579134 8.416255 8.186480 9.700792 10.541165 11.301798 11.641746 11.441710 10.919360 10.324393 11.019196 11.918960 12.756401 13.126700 12.756401 11.918962 11.019196 10.324393 10.919360 11.441710 11.641745 11.301798 10.541165 9.700790 8.186481 8.416253 8.579134 8.570193 8.311831 7.851276 7.347754 5.966718 5.981360 5.970395 5.889230 5.719442 5.503133 5.304825,
 35.276039 35.906635 36.495159 36.727749 36.433674 35.769115 35.029346 49.802933 51.931007 53.683701 54.391747 53.713196 51.956966 49.754368 65.578964 69.710571 73.013756 74.328011 73.062134 69.775864 65.603012 72.831886 78.025406 82.169670 83.812714 82.169670 78.025421 72.831886 65.603012 69.775856 73.062126 74.328011 73.013748 69.710571 65.578964 49.754368 51.956963 53.713196 54.391747 53.683697 51.931007 49.802933 35.029346 35.769112 36.433674 36.727749 36.495152 35.906635 35.276039,
 5.933837 5.932178 5.911830 5.825973 5.650653 5.420261 5.207796 8.248702 8.443615 8.595855 8.594364 8.338014 7.871824 7.381560 10.442285 10.982391 11.491463 11.701828 11.366453 10.617388 9.827646 11.167938 12.001147 12.818933 13.190957 12.818933 12.001147 11.167937 9.827646 10.617386 11.366453 11.701826 11.491463 10.982391 10.442285 7.381559 7.871823 8.338014 8.594364 8.595854 8.443615 8.248701 5.207796 5.420262 5.650655 5.825974 5.911830 5.932179 5.933837,
 0.500086 0.687895 0.841702 0.900181 0.836535 0.680691 0.494191 0.525769 0.724826 0.887915 0.949266 0.880246 0.713686 0.516189 0.560770 0.781023 0.964458 1.034715 0.957456 0.770600 0.551288 0.575818 0.809458 1.008893 1.089232 1.008892 0.809458 0.575818 0.551288 0.770600 0.957456 1.034715 0.964458 0.781024 0.560770 0.516189 0.713686 0.880246 0.949266 0.887915 0.724826 0.525769 0.494191 0.680691 0.836535 0.900181 0.841702 0.687895 0.500086,
 2.260903 2.367114 2.473689 2.569104 2.639144 2.676085 2.697898 3.279020 3.541487 3.778825 3.891012 3.886469 3.816271 3.716458 4.539676 4.988674 5.424021 5.589387 5.419217 5.120194 4.815566 5.229793 5.708527 6.211948 6.464524 6.211948 5.708527 5.229793 4.815566 5.120194 5.419216 5.589387 5.424022 4.988675 4.539677 3.716458 3.816272 3.886468 3.891012 3.778825 3.541487 3.279020 2.697898 2.676085 2.639144 2.569104 2.473689 2.367114 2.260903,
 15.809797 16.245361 16.658728 16.893141 16.839239 16.579277 16.252462 22.553225 23.823381 24.811630 25.217323 24.866478 23.928820 22.710640 30.738466 33.180264 35.024632 35.724030 34.987309 33.118454 30.672686 34.642803 37.730427 40.091396 41.014179 40.091404 37.730431 34.642803 30.672682 33.118454 34.987301 35.724026 35.024632 33.180267 30.738464 22.710640 23.928820 24.866478 25.217319 24.811634 23.823381 22.553225 16.252462 16.579273 16.839239 16.893139 16.658728 16.245363 15.809797,
 2.558887 2.563996 2.574806 2.546039 2.490545 2.435117 2.369786 3.582672 3.688422 3.761669 3.785758 3.719392 3.526174 3.289187 4.716031 4.986441 5.258329 5.441932 5.305391 4.886023 4.464544 5.137863 5.571917 6.056663 6.312413 6.056663 5.571917 5.137863 4.464544 4.886023 5.305391 5.441931 5.258330 4.986441 4.716031 3.289187 3.526174 3.719392 3.785758 3.761669 3.688423 3.582672 2.369786 2.435117 2.490545 2.546039 2.574806 2.563996 2.558887,
 0.298701 0.444079 0.565991 0.613074 0.562051 0.438046 0.293810 0.310615 0.461493 0.589271 0.639048 0.585601 0.455973 0.306151 0.326016 0.489488 0.631845 0.688816 0.629188 0.485419 0.322559 0.333423 0.505419 0.658695 0.721966 0.658695 0.505419 0.333423 0.322559 0.485419 0.629188 0.688816 0.631845 0.489488 0.326016 0.306151 0.455973 0.585601 0.639048 0.589271 0.461493 0.310615 0.293810 0.438046 0.562051 0.613074 0.565991 0.444079 0.298701,
 1.277165 1.335026 1.357178 1.346747 1.318247 1.274170 1.208998 1.778237 1.949041 2.063439 2.073580 2.015796 1.929189 1.817412 2.355248 2.654139 2.913650 2.974790 2.834213 2.636875 2.427474 2.655471 2.964388 3.281942 3.444589 3.281942 2.964388 2.655471 2.427475 2.636875 2.834213 2.974790 2.913650 2.654139 2.355248 1.817412 1.929189 2.015796 2.073580 2.063439 1.949041 1.778237 1.208998 1.274170 1.318247 1.346747 1.357178 1.335025 1.277164,
 8.164641 8.283209 8.358316 8.280465 7.951786 7.460279 6.926656 11.729953 12.480710 13.044535 13.206540 12.825888 12.053690 11.113588 15.915935 17.454655 18.629477 19.068663 18.550446 17.315500 15.742659 17.894327 19.829025 21.333391 21.934719 21.333391 19.829025 17.894327 15.742660 17.315502 18.550446 19.068663 18.629477 17.454655 15.915934 11.113588 12.053690 12.825887 13.206539 13.044532 12.480710 11.729955 6.926655 7.460278 7.951786 8.280465 8.358316 8.283208 8.164641,
 1.306671 1.317235 1.332224 1.327689 1.296028 1.242801 1.164597 1.888156 1.981437 2.061627 2.108323 2.087429 1.962780 1.780489 2.513372 2.724462 2.926863 3.072233 3.015692 2.748655 2.446562 2.769950 3.079535 3.403558 3.570313 3.403558 3.079535 2.769950 2.446562 2.748655 3.015692 3.072233 2.926863 2.724462 2.513372 1.780489 1.962780 2.087429 2.108323 2.061627 1.981436 1.888156 1.164597 1.242801 1.296028 1.327689 1.332224 1.317235 1.306671,

Pairwise cross-correlations of the modulus of all oriented sub-bands at the same scale (size QxQ)
 1.029876 0.881926 1.109223 0.836836 0.881926 13.126701 30.432014 10.066643 1.109223 30.432014 83.812675 30.583340 0.836836 10.066643 30.583340 13.190952,
 1.089232 0.611452 0.744484 0.619772 0.611452 6.464524 14.847522 4.801024 0.744484 14.847522 41.014175 14.689554 0.619772 4.801024 14.689554 6.312412,

Cross-correlations of the modulus of all oriented sub-bands with all oriented sub-bands at the coarser scale (size QxQ)
 0.945887 0.549971 0.586359 0.537149 0.835278 4.315102 9.788142 3.503519 1.210995 9.888483 25.236452 9.475492 0.797578 3.614079 9.657771 4.115271,
 0.771606 0.479007 0.336848 0.468488 0.531104 2.021526 4.785679 1.825561 0.857529 4.743045 12.512816 4.689884 0.555698 1.796324 4.617748 1.945269,

Cross-correlations of the real part of each oriented sub-band with both the real and imaginary part of all phase-doubled oriented sub-bands at the next coarser scale (Q matrices of size 1x2Q, which are computed and stored in a matrix of size Qx2Q)
 0.348822 0.030170 -0.038786 0.014194 0.004550 0.006449 0.003724 -0.005421 0.131998 -3.384682 -7.526999 -2.298422 0.003892 -0.040926 -0.008882 0.145197 -0.003847 -7.930071 -20.390831 -7.495873 0.001601 -0.088421 0.433783 0.574862 0.120838 -2.423786 -7.361723 -3.223990 0.004309 0.010999 0.352834 0.253825,
 0.313598 0.027833 -0.015196 0.035675 -0.019482 0.003874 0.001417 -0.001997 0.122286 -1.374229 -2.847929 -0.810258 -0.003428 -0.111847 -0.354365 -0.116484 0.003540 -3.096186 -7.632991 -2.747786 0.002158 -0.252612 -0.974909 -0.362920 0.116493 -0.894721 -2.754170 -1.194862 -0.009141 -0.064963 -0.339909 -0.139548,
