Low-band skewness and kurtosis
 -1.080265 3.432755,
 -0.721393 2.723276,
 -0.423750 2.384175,
 0.348303 1.754235,

High-band variance
 100.643982,

Skewness, kurtosis, variance, mean, maximum and minimum of the reconstructed texture
 137.000000 255.000000 240.761078 489.615265 -1.389279 3.902804

Auto-correlations of the low-frequency bands at each scale
 37.881794 38.028450 38.778461 39.262249 38.657177 37.837440 37.716591 9.061713 6.824231 6.140578 6.205479 6.150250 6.844026 9.103022 190.119980 190.788025 192.202332 193.043625 192.113907 190.596466 189.812561 354.294006 358.969788 363.126343 364.991180 363.126343 358.969788 354.294006 189.812576 190.596451 192.113892 193.043625 192.202316 190.788025 190.119980 9.103018 6.844038 6.150241 6.205479 6.140587 6.824211 9.061715 37.716591 37.837452 38.657166 39.262249 38.778477 38.028439 37.881794,
 42.856827 42.683601 43.234306 43.678432 42.884132 42.004658 41.868885 20.819050 19.437778 19.321253 19.788551 19.771467 20.405691 22.346859 118.163826 118.329712 119.390343 120.220581 119.466011 118.529579 118.513634 209.278336 211.843201 214.636627 216.107117 214.636642 211.843201 209.278336 118.513634 118.529579 119.466011 120.220566 119.390343 118.329727 118.163826 22.346855 20.405693 19.771463 19.788557 19.321257 19.437782 20.819056 41.868896 42.004662 42.884132 43.678432 43.234306 42.683605 42.856831,
 62.772900 63.050823 63.753712 64.420181 64.314148 64.157402 64.428108 42.868073 42.175514 42.179893 42.439537 42.218639 42.279984 43.075485 82.473793 82.307991 82.710335 83.021027 82.353264 81.622925 81.490540 127.267578 128.406464 129.806580 130.613190 129.806580 128.406464 127.267578 81.490547 81.622910 82.353271 83.021011 82.710335 82.307991 82.473793 43.075485 42.279980 42.218639 42.439533 42.179882 42.175514 42.868073 64.428108 64.157394 64.314156 64.420181 63.753712 63.050816 62.772900,
 12.880498 16.709454 19.963926 22.754740 25.632879 28.694586 30.297476 16.692312 19.729160 22.527964 25.814114 29.001959 30.396496 28.980062 19.737404 22.351852 25.686653 29.298189 30.718697 28.962982 25.658066 22.431324 25.552879 29.177326 30.973066 29.177328 25.552883 22.431324 25.658066 28.962978 30.718695 29.298189 25.686653 22.351856 19.737404 28.980064 30.396496 29.001959 25.814116 22.527967 19.729162 16.692312 30.297476 28.694580 25.632879 22.754744 19.963926 16.709455 12.880496,

Auto-correlations of the modulus of each oriented sub-band
 0.488941 0.596652 0.677547 0.710447 0.685793 0.610406 0.504298 0.520367 0.641914 0.734398 0.771486 0.741406 0.653570 0.533293 0.565641 0.710568 0.822589 0.866236 0.825857 0.716052 0.571803 0.590085 0.747526 0.869998 0.916841 0.869998 0.747526 0.590085 0.571803 0.716052 0.825857 0.866236 0.822589 0.710568 0.565641 0.533293 0.653570 0.741406 0.771486 0.734398 0.641915 0.520367 0.504298 0.610406 0.685793 0.710447 0.677547 0.596653 0.488941,
 5.593085 5.669086 5.742155 5.804207 5.838427 5.846139 5.841831 7.684556 7.887220 8.032512 8.094843 8.088698 8.041030 7.964408 10.077107 10.430382 10.704402 10.791366 10.689676 10.497506 10.271441 11.268139 11.640014 11.963798 12.106568 11.963798 11.640014 11.268139 10.271441 10.497505 10.689675 10.791366 10.704401 10.430382 10.077106 7.964408 8.041030 8.088697 8.094843 8.032513 7.887220 7.684556 5.841831 5.846138 5.838427 5.804207 5.742155 5.669086 5.593085,
 43.059093 43.696812 44.297832 44.629478 44.557560 44.204117 43.794056 58.999344 60.254993 61.256306 61.705544 61.445499 60.634266 59.569458 77.215332 79.317886 80.877502 81.492729 80.962387 79.495697 77.497017 85.884537 88.420715 90.278816 90.981354 90.278809 88.420731 85.884537 77.497017 79.495697 80.962387 81.492729 80.877487 79.317886 77.215332 59.569458 60.634262 61.445499 61.705544 61.256306 60.254990 58.999340 43.794056 44.204113 44.557560 44.629482 44.297832 43.696808 43.059093,
 5.960010 5.991990 6.024418 6.025235 5.986473 5.939435 5.894888 8.123219 8.234941 8.316022 8.344932 8.300183 8.174921 7.993830 10.525781 10.772566 10.980762 11.094009 11.014434 10.746575 10.402159 11.589468 11.964085 12.291886 12.437700 12.291886 11.964085 11.589468 10.402161 10.746574 11.014433 11.094009 10.980762 10.772566 10.525781 7.993830 8.174919 8.300182 8.344931 8.316022 8.234942 8.123219 5.894888 5.939435 5.986472 6.025236 6.024417 5.991990 5.960010,
 0.485517 0.667202 0.816842 0.876405 0.818647 0.670105 0.488719 0.498012 0.685968 0.841943 0.905402 0.847257 0.694338 0.506562 0.518246 0.718980 0.886467 0.954332 0.890744 0.725711 0.525028 0.532784 0.741570 0.915501 0.984523 0.915501 0.741570 0.532784 0.525028 0.725711 0.890744 0.954332 0.886467 0.718980 0.518246 0.506562 0.694338 0.847257 0.905402 0.841943 0.685968 0.498012 0.488719 0.670105 0.818647 0.876405 0.816842 0.667202 0.485517,
 2.675889 2.680742 2.690325 2.709049 2.705687 2.666793 2.622880 3.709083 3.808445 3.867830 3.873567 3.844776 3.780803 3.690646 4.987432 5.218566 5.416176 5.451319 5.333955 5.172973 5.007676 5.629053 5.881177 6.147746 6.280870 6.147746 5.881177 5.629053 5.007676 5.172972 5.333955 5.451318 5.416176 5.218566 4.987432 3.690646 3.780803 3.844776 3.873567 3.867830 3.808445 3.709083 2.622880 2.666794 2.705687 2.709049 2.690325 2.680742 2.675889,
 19.861519 19.906376 19.971691 19.887819 19.538933 19.069511 18.643213 28.154230 28.598475 28.929430 28.926975 28.443281 27.657240 26.789103 38.291740 39.420288 40.253090 40.490116 39.932613 38.804741 37.409954 42.986332 44.587299 45.811775 46.302830 45.811783 44.587299 42.986332 37.409954 38.804741 39.932613 40.490116 40.253090 39.420288 38.291740 26.789106 27.657236 28.443281 28.926975 28.929434 28.598478 28.154230 18.643213 19.069511 19.538933 19.887823 19.971693 19.906376 19.861521,
 2.767254 2.761124 2.749960 2.717091 2.670152 2.626338 2.575661 3.907976 3.944724 3.959716 3.949104 3.905936 3.801478 3.654281 5.237157 5.372882 5.499748 5.586689 5.525233 5.303488 5.047781 5.801326 6.052809 6.311754 6.441710 6.311754 6.052809 5.801326 5.047781 5.303488 5.525232 5.586689 5.499748 5.372882 5.237157 3.654281 3.801478 3.905936 3.949104 3.959716 3.944724 3.907976 2.575661 2.626338 2.670152 2.717091 2.749961 2.761125 2.767254,
 0.253449 0.373567 0.474431 0.514463 0.473942 0.372593 0.252351 0.260852 0.384991 0.490116 0.532765 0.491825 0.387412 0.262994 0.271135 0.401637 0.513060 0.558534 0.515036 0.404500 0.273734 0.277812 0.412210 0.527119 0.573412 0.527120 0.412210 0.277812 0.273734 0.404500 0.515036 0.558534 0.513060 0.401636 0.271135 0.262994 0.387412 0.491825 0.532765 0.490116 0.384991 0.260852 0.252351 0.372593 0.473942 0.514463 0.474431 0.373567 0.253449,
 0.984463 0.996314 1.010870 1.024000 1.021462 1.017022 1.024690 1.578216 1.638147 1.675402 1.688219 1.687578 1.665366 1.637820 2.274733 2.393297 2.504219 2.515763 2.455327 2.394798 2.330336 2.620871 2.730810 2.871185 2.954396 2.871185 2.730810 2.620871 2.330336 2.394799 2.455327 2.515763 2.504219 2.393297 2.274733 1.637820 1.665366 1.687578 1.688218 1.675402 1.638147 1.578216 1.024690 1.017022 1.021462 1.024000 1.010869 0.996314 0.984463,
 9.018589 9.235897 9.429790 9.547906 9.551820 9.474997 9.366409 13.384349 13.827772 14.179110 14.359371 14.311562 14.079631 13.735190 18.653214 19.392580 19.939398 20.177923 20.025616 19.550200 18.862949 21.250626 22.145243 22.786072 23.032812 22.786072 22.145243 21.250626 18.862949 19.550200 20.025618 20.177923 19.939400 19.392576 18.653214 13.735188 14.079631 14.311562 14.359371 14.179110 13.827771 13.384349 9.366410 9.474996 9.551819 9.547906 9.429790 9.235897 9.018589,
 1.329419 1.347501 1.364364 1.379677 1.391609 1.396308 1.384397 1.866423 1.908797 1.948878 1.981309 1.997109 1.968154 1.904877 2.503092 2.584005 2.668499 2.750486 2.747135 2.637314 2.514376 2.802102 2.925729 3.072214 3.157414 3.072214 2.925729 2.802102 2.514376 2.637314 2.747135 2.750486 2.668498 2.584005 2.503092 1.904877 1.968154 1.997109 1.981309 1.948877 1.908797 1.866423 1.384397 1.396308 1.391609 1.379677 1.364364 1.347501 1.329419,

Pairwise cross-correlations of the modulus of all oriented sub-bands at the same scale (size QxQ)
 0.916841 0.545473 0.470351 0.565605 0.545473 12.106565 32.096218 11.208946 0.470351 32.096218 90.981369 32.531746 0.565605 11.208946 32.531746 12.437696,
 0.984523 0.475275 0.311288 0.475756 0.475275 6.280870 16.293249 5.742195 0.311288 16.293249 46.302814 16.505795 0.475756 5.742195 16.505795 6.441710,

Cross-correlations of the modulus of all oriented sub-bands with all oriented sub-bands at the coarser scale (size QxQ)
 0.869344 0.371100 0.102759 0.379547 0.608528 3.886712 10.292341 3.858922 0.781754 10.293398 29.122871 10.800304 0.635496 3.818136 10.674670 4.213295,
 0.668928 0.133898 -0.198194 0.091465 0.440370 1.653710 4.362384 1.657946 0.588698 4.618648 13.065707 4.821440 0.437916 1.733072 4.775282 1.851666,

Cross-correlations of the real part of each oriented sub-band with both the real and imaginary part of all phase-doubled oriented sub-bands at the next coarser scale (Q matrices of size 1x2Q, which are computed and stored in a matrix of size Qx2Q)
 0.360446 0.041904 -0.012941 0.044601 -0.007608 -0.005946 -0.002252 0.009036 0.129648 -3.113258 -7.935413 -2.679316 -0.003303 -0.243850 -0.535441 -0.165464 0.001385 -8.128359 -22.153847 -8.024902 -0.000414 -0.579711 -1.385191 -0.410816 0.134030 -2.694468 -7.921369 -3.035827 -0.003142 -0.183070 -0.452161 -0.113545,
 0.317780 0.046567 -0.006108 0.046803 -0.001501 -0.002124 0.001054 0.006089 0.114059 -0.919158 -2.140659 -0.635808 0.000085 0.476823 1.260645 0.411961 0.003163 -2.281398 -5.727787 -1.904195 0.001239 1.380181 3.590569 1.186555 0.120313 -0.699190 -1.974531 -0.694041 -0.000437 0.495598 1.287724 0.436899,
