Low-band skewness and kurtosis
 -1.357284 4.313165,
 -1.145977 3.775745,
 -0.918313 3.050054,
 -0.922608 3.541853,

High-band variance
 105.259254,

Skewness, kurtosis, variance, mean, maximum and minimum of the reconstructed texture
 120.000000 255.000000 240.621094 562.156494 -1.612992 4.801204

Auto-correlations of the low-frequency bands at each scale
 127.404182 121.343498 118.595924 118.187538 119.826012 124.938766 134.430145 156.085236 132.273590 113.555199 107.593948 117.066833 138.455475 163.462997 267.471863 275.383636 282.272278 285.966278 283.664612 276.278748 265.982849 339.998840 383.605103 420.223083 435.041382 420.223083 383.605164 339.998840 265.982819 276.278748 283.664612 285.966339 282.272217 275.383636 267.471832 163.462997 138.455444 117.066833 107.593948 113.555176 132.273590 156.085236 134.430130 124.938766 119.826012 118.187538 118.595901 121.343513 127.404167,
 130.533478 126.252548 124.400993 123.942398 123.608704 125.005859 129.358398 141.550293 125.736954 113.916237 110.189957 115.328476 128.310852 144.516586 197.935623 202.420425 207.088654 210.142242 209.278275 205.912796 201.450974 240.435165 266.704620 289.105286 298.353821 289.105286 266.704620 240.435181 201.450974 205.912781 209.278275 210.142273 207.088654 202.420425 197.935623 144.516617 128.310852 115.328468 110.189949 113.916260 125.736954 141.550262 129.358398 125.005859 123.608704 123.942398 124.401001 126.252556 130.533463,
 122.608078 120.027199 118.563576 117.849991 117.323822 118.170166 121.098511 131.611816 123.457825 117.372559 115.336014 117.491768 123.582420 131.514084 164.676117 166.736710 169.201950 170.868317 170.093201 167.737564 164.669281 187.345551 200.923187 212.640442 217.562668 212.640442 200.923187 187.345535 164.669281 167.737549 170.093231 170.868317 169.201950 166.736740 164.676102 131.514069 123.582420 117.491760 115.336014 117.372543 123.457802 131.611816 121.098511 118.170166 117.323822 117.849998 118.563576 120.027199 122.608070,
 14.034763 16.806938 16.918173 17.452208 22.629869 30.316158 33.521698 16.585812 16.398598 16.566038 22.371807 31.599300 35.751308 31.678806 16.373697 16.506739 22.459362 32.991428 37.929260 32.664684 24.023781 17.528946 22.992865 33.320133 39.044739 33.320133 22.992863 17.528946 24.023781 32.664684 37.929264 32.991428 22.459366 16.506741 16.373697 31.678810 35.751308 31.599304 22.371807 16.566040 16.398596 16.585808 33.521702 30.316158 22.629871 17.452208 16.918175 16.806934 14.034763,

Auto-correlations of the modulus of each oriented sub-band
 0.748163 0.856779 0.938617 0.971387 0.944685 0.867845 0.761377 0.821283 0.950662 1.052805 1.093948 1.057258 0.956616 0.827836 0.927358 1.104824 1.228165 1.269080 1.222812 1.098543 0.922575 0.951204 1.181094 1.409597 1.514954 1.409596 1.181094 0.951204 0.922575 1.098543 1.222812 1.269080 1.228165 1.104824 0.927358 0.827836 0.956616 1.057258 1.093948 1.052805 0.950663 0.821283 0.761377 0.867844 0.944685 0.971387 0.938617 0.856779 0.748163,
 11.967364 12.688807 13.711872 14.766343 15.524888 16.026361 16.403908 14.378963 15.754970 17.474516 18.864315 19.323004 19.160194 18.825058 17.311211 19.340927 21.721498 23.231989 22.884487 21.529552 20.170464 19.606167 21.705671 24.066244 25.273420 24.066244 21.705671 19.606167 20.170464 21.529552 22.884487 23.231987 21.721498 19.340927 17.311211 18.825058 19.160192 19.323000 18.864311 17.474512 15.754972 14.378962 16.403908 16.026363 15.524886 14.766345 13.711871 12.688807 11.967364,
 46.084335 47.362469 48.839649 49.623783 49.073593 47.695145 46.381618 52.976151 56.812851 61.065338 63.129917 61.249233 57.091194 53.291077 59.717133 66.654083 74.449318 78.216370 74.542091 66.807594 59.927086 62.676544 71.081947 80.659103 85.356293 80.659111 71.081955 62.676544 59.927086 66.807594 74.542076 78.216370 74.449318 66.654083 59.717129 53.291077 57.091202 61.249229 63.129917 61.065338 56.812851 52.976151 46.381618 47.695145 49.073589 49.623772 48.839657 47.362473 46.084335,
 15.061724 14.773993 14.412413 13.859920 13.100825 12.359771 11.811395 17.506699 17.817694 17.993408 17.649229 16.537415 15.117331 13.923598 19.023443 20.269056 21.484957 21.806469 20.517738 18.432417 16.587099 18.665981 20.602236 22.715164 23.777306 22.715164 20.602236 18.665981 16.587099 18.432417 20.517736 21.806467 21.484955 20.269056 19.023443 13.923600 15.117327 16.537413 17.649229 17.993408 17.817692 17.506695 11.811395 12.359771 13.100825 13.859920 14.412410 14.773994 15.061723,
 0.622376 0.810676 0.967414 1.030761 0.973166 0.823179 0.641615 0.659188 0.863273 1.033954 1.105258 1.047199 0.886762 0.687068 0.699365 0.944547 1.158648 1.248148 1.168161 0.963529 0.723189 0.732756 1.008639 1.263713 1.373418 1.263713 1.008639 0.732756 0.723189 0.963529 1.168161 1.248148 1.158648 0.944547 0.699365 0.687068 0.886762 1.047199 1.105258 1.033954 0.863273 0.659188 0.641614 0.823179 0.973166 1.030761 0.967414 0.810676 0.622376,
 7.325567 7.727202 8.195076 8.650914 9.000106 9.209593 9.316720 8.446399 9.336050 10.246601 10.876233 11.072552 10.905595 10.537908 9.916746 11.303749 12.695890 13.430849 13.180975 12.319563 11.303603 11.079559 12.551381 14.001043 14.670493 14.001043 12.551383 11.079557 11.303603 12.319561 13.180975 13.430849 12.695889 11.303749 9.916746 10.537907 10.905594 11.072552 10.876234 10.246601 9.336052 8.446400 9.316720 9.209593 9.000107 8.650914 8.195077 7.727203 7.325567,
 24.079281 24.840673 25.487686 25.544781 24.852081 23.995100 23.594524 26.805359 29.460318 32.130333 33.107761 31.508717 28.618591 26.270140 29.601887 34.488312 39.749630 42.060333 39.368191 33.957413 29.233578 30.710148 36.611656 43.233494 46.414455 43.233494 36.611660 30.710150 29.233578 33.957413 39.368191 42.060333 39.749630 34.488308 29.601883 26.270140 28.618586 31.508717 33.107758 32.130333 29.460320 26.805361 23.594522 23.995100 24.852087 25.544779 25.487692 24.840675 24.079288,
 7.929030 7.909371 7.774540 7.490044 7.099997 6.709137 6.402015 9.152013 9.535622 9.746205 9.612806 9.057575 8.241586 7.464320 9.942622 10.918190 11.773682 12.045267 11.369137 10.069895 8.789011 9.806403 11.199038 12.587489 13.232852 12.587489 11.199038 9.806403 8.789012 10.069895 11.369137 12.045267 11.773685 10.918190 9.942622 7.464321 8.241587 9.057573 9.612806 9.746205 9.535621 9.152013 6.402014 6.709137 7.099998 7.490045 7.774541 7.909369 7.929030,
 0.339375 0.470588 0.584216 0.630398 0.584956 0.470038 0.335901 0.356519 0.498729 0.621358 0.670217 0.621388 0.498717 0.354644 0.378142 0.540111 0.686551 0.746511 0.683613 0.535176 0.372376 0.388348 0.568523 0.743307 0.820628 0.743307 0.568523 0.388348 0.372376 0.535176 0.683613 0.746511 0.686551 0.540111 0.378142 0.354644 0.498717 0.621388 0.670217 0.621358 0.498729 0.356519 0.335901 0.470038 0.584956 0.630398 0.584216 0.470588 0.339375,
 3.500693 3.724425 3.918581 4.056740 4.112748 4.064012 3.947476 3.959675 4.389887 4.829040 5.101046 5.111081 4.879291 4.525375 4.481641 5.200040 5.977974 6.379452 6.169138 5.576688 4.917763 4.885122 5.718682 6.609534 7.042084 6.609534 5.718682 4.885122 4.917763 5.576688 6.169138 6.379452 5.977974 5.200040 4.481641 4.525375 4.879291 5.111080 5.101046 4.829040 4.389887 3.959674 3.947476 4.064013 4.112748 4.056740 3.918581 3.724425 3.500692,
 11.288342 11.683914 11.947555 12.008466 11.800399 11.421172 11.021485 12.447656 13.758041 15.062320 15.614673 14.983665 13.651602 12.410342 13.787927 16.281267 19.015045 20.281176 18.998762 16.284550 13.864758 14.457069 17.497816 20.957458 22.627426 20.957460 17.497816 14.457069 13.864758 16.284550 18.998760 20.281176 19.015045 16.281265 13.787925 12.410342 13.651603 14.983662 15.614671 15.062324 13.758040 12.447655 11.021485 11.421173 11.800397 12.008464 11.947555 11.683912 11.288342,
 3.448556 3.470250 3.436606 3.333582 3.196504 3.072865 2.967956 3.976351 4.254077 4.429836 4.408269 4.176361 3.820550 3.480672 4.438787 5.052779 5.588980 5.786746 5.441432 4.753908 4.093748 4.498744 5.301293 6.115031 6.503031 6.115031 5.301293 4.498744 4.093748 4.753908 5.441433 5.786747 5.588980 5.052779 4.438788 3.480672 3.820549 4.176361 4.408268 4.429836 4.254077 3.976351 2.967956 3.072865 3.196503 3.333582 3.436606 3.470250 3.448557,

Pairwise cross-correlations of the modulus of all oriented sub-bands at the same scale (size QxQ)
 1.514954 2.638417 3.819355 2.486358 2.638417 25.273417 36.269600 10.406507 3.819355 36.269600 85.356262 35.392410 2.486358 10.406507 35.392410 23.777304,
 1.373418 1.614712 2.067906 1.449577 1.614712 14.670493 19.647556 4.975321 2.067906 19.647556 46.414452 18.896833 1.449577 4.975321 18.896833 13.232848,

Cross-correlations of the modulus of all oriented sub-bands with all oriented sub-bands at the coarser scale (size QxQ)
 1.163812 1.717529 2.444568 1.656361 1.972261 12.480056 17.078007 5.661608 3.029125 17.792843 35.283184 16.071379 1.713612 5.803084 16.433521 10.717987,
 0.875826 0.829816 1.088860 0.721375 1.114845 6.111149 8.392421 3.017473 1.626463 7.930336 16.433203 8.291892 1.021609 2.212069 7.101799 5.107428,

Cross-correlations of the real part of each oriented sub-band with both the real and imaginary part of all phase-doubled oriented sub-bands at the next coarser scale (Q matrices of size 1x2Q, which are computed and stored in a matrix of size Qx2Q)
 0.295508 -0.377020 -0.386445 -0.268415 -0.008270 0.004376 0.019730 0.036264 -0.233547 -6.288763 -6.643713 -1.250854 0.012497 0.072413 0.151721 0.071164 -0.507102 -8.101901 -14.189172 -6.509882 0.007790 0.096370 0.649129 0.362211 -0.157894 -1.408646 -5.576184 -4.789767 -0.013830 0.038313 0.407907 0.280975,
 0.310609 -0.193571 -0.202061 -0.094097 -0.004213 -0.007947 0.000127 -0.003165 -0.053456 -3.502214 -3.677039 -0.648063 0.004992 -0.091285 -0.327886 -0.131589 -0.233674 -4.398706 -7.964907 -3.427016 0.015405 -0.270967 -1.223324 -0.523959 0.005444 -0.704319 -3.119261 -2.417424 0.008613 -0.102734 -0.565598 -0.294193,
