Low-band skewness and kurtosis
 -1.328159 4.298904,
 -1.092331 3.686666,
 -0.918638 3.274390,
 -0.883012 3.925737,

High-band variance
 99.851395,

Skewness, kurtosis, variance, mean, maximum and minimum of the reconstructed texture
 120.000000 255.000000 240.713028 534.006042 -1.572420 4.703991

Auto-correlations of the low-frequency bands at each scale
 95.868645 93.408012 92.845963 92.857574 92.687035 93.421715 96.399971 114.381691 96.088844 83.421265 79.524254 85.204231 99.440208 118.835938 247.618942 252.139557 256.767395 259.683411 258.878571 255.619781 251.486862 346.085175 377.704102 402.700012 412.623840 402.700012 377.704102 346.085175 251.486832 255.619781 258.878571 259.683411 256.767365 252.139603 247.618942 118.835945 99.440208 85.204231 79.524254 83.421280 96.088860 114.381691 96.399979 93.421700 92.687035 92.857574 92.845970 93.408012 95.868660,
 103.122147 102.429993 102.845459 103.135193 102.029289 100.981857 101.426811 103.359947 92.244591 85.320587 83.521988 86.138138 93.618187 105.036491 176.709076 178.405579 180.962296 183.046875 182.608978 181.054352 179.633179 237.150330 255.201385 269.465546 275.294952 269.465546 255.201385 237.150330 179.633179 181.054352 182.608978 183.046875 180.962311 178.405609 176.709076 105.036499 93.618179 86.138138 83.522003 85.320602 92.244591 103.359955 101.426811 100.981857 102.029289 103.135178 102.845459 102.429993 103.122147,
 90.440475 88.716103 87.874573 87.255119 85.932938 84.774841 84.711227 101.695755 95.476311 91.185188 89.266029 89.101555 91.140694 95.192780 142.929886 143.791397 145.180618 146.183640 145.386887 143.722031 142.059708 173.398544 182.407684 189.790985 192.907867 189.790985 182.407684 173.398575 142.059692 143.722031 145.386917 146.183609 145.180618 143.791397 142.929886 95.192780 91.140671 89.101547 89.266022 91.185188 95.476326 101.695770 84.711212 84.774811 85.932938 87.255112 87.874580 88.716087 90.440475,
 10.953160 11.250391 8.638475 7.275644 13.445199 26.159218 34.820152 10.851740 7.973278 7.129144 14.600160 28.059944 36.149342 31.584797 7.707810 7.303729 15.524452 29.838686 37.429157 31.117197 18.066633 8.096664 16.562727 30.714571 38.121876 30.714571 16.562727 8.096665 18.066633 31.117197 37.429165 29.838686 15.524451 7.303730 7.707812 31.584801 36.149342 28.059944 14.600160 7.129141 7.973277 10.851739 34.820152 26.159224 13.445202 7.275644 8.638473 11.250390 10.953161,

Auto-correlations of the modulus of each oriented sub-band
 0.624093 0.736410 0.816623 0.842483 0.807461 0.722746 0.610730 0.685152 0.812243 0.907026 0.937901 0.892815 0.789186 0.662461 0.767332 0.932029 1.050553 1.088875 1.038129 0.914396 0.750951 0.793242 0.998319 1.183440 1.262761 1.183440 0.998319 0.793242 0.750951 0.914396 1.038129 1.088875 1.050553 0.932029 0.767332 0.662461 0.789186 0.892815 0.937901 0.907026 0.812243 0.685152 0.610730 0.722746 0.807461 0.842483 0.816623 0.736410 0.624093,
 7.759037 8.167679 8.741048 9.300100 9.670927 9.911145 10.139704 9.875314 10.803251 11.942121 12.797346 13.012050 12.836911 12.628089 12.487966 13.949039 15.659762 16.681974 16.368065 15.355289 14.414202 14.379986 15.898674 17.648386 18.533016 17.648386 15.898675 14.379986 14.414202 15.355288 16.368065 16.681974 15.659761 13.949043 12.487966 12.628089 12.836911 13.012050 12.797346 11.942120 10.803251 9.875315 10.139704 9.911144 9.670926 9.300100 8.741050 8.167681 7.759037,
 39.969421 41.225422 42.467957 43.021427 42.452675 41.180679 39.960236 48.539890 52.239819 55.953739 57.611107 55.956028 52.214127 48.505390 57.032791 63.893147 70.898735 74.063171 70.899223 63.882191 57.011932 60.715744 69.141792 77.853127 81.872742 77.853127 69.141800 60.715744 57.011932 63.882179 70.899223 74.063171 70.898735 63.893147 57.032784 48.505390 52.214123 55.956039 57.611111 55.953739 52.239822 48.539890 39.960236 41.180676 42.452682 43.021427 42.467953 41.225418 39.969425,
 10.825439 10.677237 10.526875 10.253215 9.785851 9.274637 8.889127 13.176780 13.414735 13.638148 13.504713 12.742622 11.678290 10.799963 14.914100 15.816174 16.811871 17.160667 16.209112 14.587343 13.212110 14.946825 16.378876 18.053728 18.911283 18.053726 16.378878 14.946825 13.212109 14.587344 16.209112 17.160667 16.811867 15.816174 14.914099 10.799960 11.678289 12.742622 13.504711 13.638148 13.414736 13.176781 8.889127 9.274637 9.785851 10.253216 10.526875 10.677236 10.825437,
 0.550342 0.744032 0.899958 0.956154 0.886627 0.723053 0.529078 0.577095 0.784142 0.952120 1.014524 0.942432 0.768405 0.561308 0.611592 0.847691 1.046016 1.122239 1.038078 0.835899 0.601182 0.624214 0.878755 1.107668 1.204276 1.107668 0.878755 0.624214 0.601182 0.835899 1.038077 1.122239 1.046016 0.847691 0.611592 0.561308 0.768405 0.942432 1.014524 0.952120 0.784142 0.577095 0.529078 0.723053 0.886627 0.956154 0.899958 0.744032 0.550342,
 3.950574 4.191802 4.448751 4.687271 4.868047 4.979508 5.009335 5.024601 5.640512 6.237726 6.623131 6.734159 6.646045 6.421097 6.454016 7.440140 8.406328 8.892645 8.706534 8.151482 7.484129 7.511554 8.540341 9.542693 10.017612 9.542693 8.540341 7.511554 7.484129 8.151482 8.706533 8.892645 8.406328 7.440142 6.454016 6.421097 6.646045 6.734159 6.623131 6.237727 5.640512 5.024600 5.009335 4.979508 4.868046 4.687272 4.448751 4.191802 3.950574,
 20.560087 21.588379 22.516539 22.903124 22.487494 21.522650 20.458744 24.932873 27.831875 30.504404 31.667746 30.606356 28.011253 25.188778 29.431826 34.612743 39.497414 41.633644 39.610107 34.826469 29.750628 31.567839 37.796902 43.759235 46.388657 43.759235 37.796902 31.567842 29.750631 34.826469 39.610100 41.633652 39.497414 34.612743 29.431826 25.188778 28.011250 30.606356 31.667747 30.504404 27.831879 24.932873 20.458744 21.522646 22.487494 22.903124 22.516542 21.588381 20.560087,
 5.633417 5.628514 5.549850 5.384690 5.155762 4.912623 4.696450 6.924570 7.145824 7.236886 7.141378 6.801446 6.280760 5.755843 7.917085 8.503182 9.003913 9.184873 8.760645 7.908305 7.056205 7.969940 8.859330 9.755812 10.188290 9.755813 8.859330 7.969940 7.056203 7.908305 8.760643 9.184873 9.003913 8.503182 7.917085 5.755843 6.280760 6.801446 7.141378 7.236887 7.145823 6.924570 4.696450 4.912622 5.155762 5.384690 5.549850 5.628515 5.633418,
 0.323310 0.465946 0.587837 0.631044 0.570463 0.436894 0.289869 0.332929 0.482591 0.611080 0.658545 0.598742 0.461457 0.307996 0.340018 0.502992 0.649696 0.708733 0.644964 0.494668 0.329681 0.341740 0.514621 0.678021 0.748257 0.678021 0.514621 0.341740 0.329681 0.494668 0.644964 0.708733 0.649696 0.502992 0.340018 0.307996 0.461457 0.598742 0.658545 0.611080 0.482591 0.332929 0.289869 0.436894 0.570463 0.631044 0.587837 0.465946 0.323310,
 1.814960 1.861080 1.922110 1.989713 2.021591 2.001102 1.962957 2.231347 2.462341 2.668612 2.782311 2.794602 2.697627 2.514647 2.694950 3.196274 3.679312 3.869721 3.707825 3.361257 2.955408 3.007083 3.586999 4.178322 4.460567 4.178322 3.586999 3.007083 2.955408 3.361257 3.707825 3.869720 3.679312 3.196274 2.694950 2.514647 2.697627 2.794602 2.782311 2.668612 2.462341 2.231347 1.962957 2.001102 2.021591 1.989713 1.922110 1.861080 1.814960,
 8.103462 8.565301 9.095257 9.422918 9.372519 9.084772 8.849893 10.112936 11.468269 12.877586 13.672499 13.396546 12.348023 11.219488 12.329752 14.957525 17.606461 18.933645 18.058487 15.687753 13.206704 13.683443 16.915440 20.130547 21.582502 20.130547 16.915440 13.683443 13.206704 15.687753 18.058483 18.933649 17.606461 14.957526 12.329752 11.219487 12.348023 13.396546 13.672501 12.877586 11.468268 10.112935 8.849893 9.084774 9.372519 9.422918 9.095259 8.565299 8.103462,
 2.353061 2.394771 2.394288 2.345237 2.276183 2.220133 2.202226 2.979843 3.110485 3.164694 3.124463 2.985135 2.777607 2.595982 3.496163 3.814361 4.083031 4.181738 3.971769 3.548540 3.152220 3.562092 4.028864 4.513897 4.749241 4.513897 4.028864 3.562092 3.152220 3.548540 3.971769 4.181738 4.083031 3.814360 3.496163 2.595982 2.777606 2.985135 3.124463 3.164694 3.110485 2.979843 2.202226 2.220133 2.276183 2.345237 2.394288 2.394771 2.353061,

Pairwise cross-correlations of the modulus of all oriented sub-bands at the same scale (size QxQ)
 1.262761 1.756297 2.720988 1.757122 1.756297 18.533020 32.123318 10.096004 2.720988 32.123318 81.872742 32.661007 1.757122 10.096004 32.661007 18.911282,
 1.204276 0.960621 1.297436 1.016506 0.960621 10.017612 17.659456 5.259061 1.297436 17.659456 46.388649 17.808062 1.016506 5.259061 17.808062 10.188290,

Cross-correlations of the modulus of all oriented sub-bands with all oriented sub-bands at the coarser scale (size QxQ)
 1.023707 1.072370 1.589625 1.169089 1.286835 7.809417 13.898574 5.333565 2.137730 13.594811 31.506292 14.344913 1.310374 5.005372 14.006790 8.149103,
 0.805793 0.544153 0.661848 0.671993 0.749455 3.152371 5.612978 2.408249 1.147719 5.790405 13.224535 6.194015 0.776912 2.356311 6.113678 3.590884,

Cross-correlations of the real part of each oriented sub-band with both the real and imaginary part of all phase-doubled oriented sub-bands at the next coarser scale (Q matrices of size 1x2Q, which are computed and stored in a matrix of size Qx2Q)
 0.344102 -0.135495 -0.201158 -0.091272 0.002623 0.012042 0.002842 -0.018161 0.031696 -5.697539 -7.967138 -1.991541 0.005552 -0.027192 -0.026427 0.085525 -0.153752 -9.336294 -18.897203 -8.237099 0.000276 -0.196082 0.138468 0.384691 0.064702 -1.997023 -6.947345 -4.693003 0.000952 -0.091788 0.165353 0.193331,
 0.333222 -0.041969 -0.074112 0.001859 -0.036677 0.011136 -0.004172 0.000568 0.090975 -2.263373 -3.016230 -0.808438 -0.011839 -0.049114 -0.196848 -0.072246 -0.055791 -3.642234 -7.444998 -3.347570 -0.002044 -0.185594 -0.629648 -0.432431 0.101971 -0.762100 -2.803470 -1.833948 -0.012876 -0.052842 -0.283599 -0.263268,
