Low-band skewness and kurtosis
 -1.309502 4.139238,
 -1.079650 3.585865,
 -0.872326 2.923953,
 -0.995622 3.199695,

High-band variance
 103.083809,

Skewness, kurtosis, variance, mean, maximum and minimum of the reconstructed texture
 122.000000 255.000000 240.614273 545.499146 -1.565912 4.640744

Auto-correlations of the low-frequency bands at each scale
 123.536079 117.144722 113.936455 112.959648 113.455498 116.393547 122.916191 144.998291 122.425949 104.647087 98.279488 105.758247 124.597343 148.161102 254.503891 263.014954 269.897034 273.217163 271.243103 265.667389 258.446350 334.007568 374.446503 407.794403 421.186859 407.794312 374.446533 334.007568 258.446381 265.667358 271.243103 273.217163 269.897003 263.014984 254.503891 148.161133 124.597343 105.758247 98.279480 104.647087 122.425926 144.998276 122.916199 116.393532 113.455498 112.959656 113.936455 117.144722 123.536079,
 119.632866 116.219887 115.183189 115.133209 114.556976 114.834343 117.294411 129.811935 116.545036 106.778221 103.815857 108.121880 119.187225 133.581268 188.814774 193.705444 198.138397 200.611252 199.499619 196.796646 194.027328 234.205963 257.700287 277.580994 285.796295 277.580994 257.700317 234.205963 194.027328 196.796646 199.499619 200.611252 198.138397 193.705444 188.814774 133.581268 119.187225 108.121880 103.815857 106.778221 116.545044 129.811935 117.294403 114.834343 114.556992 115.133194 115.183189 116.219910 119.632866,
 124.390465 121.395111 119.570801 118.530144 117.518135 117.240044 118.200424 127.840416 118.477356 111.030731 107.637413 108.792503 114.438759 122.534523 154.348801 156.584503 159.039291 160.525604 159.800812 158.147873 156.493179 178.904144 192.426224 204.074066 208.966995 204.074066 192.426224 178.904129 156.493179 158.147858 159.800812 160.525604 159.039261 156.584518 154.348801 122.534538 114.438736 108.792503 107.637413 111.030731 118.477356 127.840401 118.200424 117.240021 117.518143 118.530159 119.570793 121.395126 124.390457,
 11.557670 14.807802 16.089664 16.948715 20.421137 26.380562 30.405581 14.329513 15.532094 16.663860 21.151388 28.123474 32.315807 30.716091 15.517942 17.074366 22.124308 29.981863 34.105221 31.116344 24.854879 18.343370 23.412003 31.001062 34.996342 31.001062 23.412004 18.343367 24.854881 31.116339 34.105225 29.981863 22.124306 17.074366 15.517942 30.716091 32.315800 28.123480 21.151388 16.663858 15.532095 14.329508 30.405581 26.380560 20.421137 16.948715 16.089663 14.807807 11.557666,

Auto-correlations of the modulus of each oriented sub-band
 0.690021 0.790224 0.864706 0.890715 0.859486 0.782291 0.681630 0.755107 0.873088 0.963144 0.996088 0.959881 0.867024 0.747589 0.841862 1.004173 1.122148 1.163295 1.117632 0.997695 0.836039 0.865646 1.078654 1.288289 1.383627 1.288289 1.078654 0.865646 0.836039 0.997695 1.117632 1.163295 1.122148 1.004173 0.841862 0.747589 0.867024 0.959881 0.996088 0.963144 0.873088 0.755107 0.681630 0.782291 0.859486 0.890715 0.864707 0.790225 0.690021,
 10.519708 11.104298 11.872705 12.611454 13.083360 13.312443 13.429334 12.662621 13.878735 15.318283 16.393152 16.641354 16.326929 15.854384 15.240897 17.105715 19.222540 20.487663 20.091639 18.766901 17.419365 17.184443 19.161547 21.333742 22.415424 21.333740 19.161547 17.184443 17.419369 18.766899 20.091639 20.487663 19.222536 17.105715 15.240894 15.854386 16.326927 16.641354 16.393152 15.318283 13.878734 12.662621 13.429334 13.312443 13.083357 12.611456 11.872707 11.104299 10.519709,
 41.452202 43.084663 44.550961 44.969585 43.972004 42.248203 40.721825 48.704369 52.813244 57.009155 58.768166 56.616379 52.242672 48.236366 55.574272 62.731728 70.466347 74.031097 70.307648 62.506069 55.418613 58.485088 67.091148 76.627342 81.210609 76.627342 67.091148 58.485088 55.418606 62.506062 70.307648 74.031097 70.466347 62.731724 55.574272 48.236374 52.242672 56.616371 58.768166 57.009151 52.813244 48.704361 40.721821 42.248203 43.972004 44.969589 44.550961 43.084660 41.452190,
 14.184979 13.969778 13.666528 13.158292 12.417453 11.688141 11.180149 16.539627 16.896963 17.133484 16.848888 15.768174 14.366630 13.230568 18.056026 19.300909 20.547607 20.905630 19.648897 17.591061 15.808553 17.785461 19.677240 21.774769 22.827091 21.774769 19.677244 17.785461 15.808552 17.591055 19.648897 20.905630 20.547607 19.300911 18.056026 13.230565 14.366628 15.768174 16.848888 17.133486 16.896965 16.539627 11.180147 11.688139 12.417455 13.158292 13.666525 13.969779 14.184979,
 0.612467 0.800563 0.957717 1.019897 0.957946 0.800284 0.610963 0.647273 0.849105 1.015733 1.081620 1.016225 0.847098 0.642445 0.685196 0.921940 1.125288 1.207449 1.125474 0.921333 0.684581 0.705863 0.971960 1.218526 1.324494 1.218526 0.971960 0.705863 0.684581 0.921333 1.125474 1.207449 1.125288 0.921940 0.685196 0.642445 0.847098 1.016225 1.081620 1.015733 0.849105 0.647273 0.610963 0.800284 0.957946 1.019897 0.957717 0.800563 0.612467,
 5.258858 5.544706 5.851608 6.125497 6.318245 6.400202 6.366159 6.107030 6.808259 7.536916 8.028337 8.160641 7.981577 7.602985 7.353638 8.516893 9.721079 10.362285 10.140708 9.378119 8.469050 8.363770 9.643923 10.931087 11.533443 10.931088 9.643925 8.363769 8.469050 9.378119 10.140707 10.362283 9.721079 8.516895 7.353637 7.602985 7.981577 8.160640 8.028337 7.536917 6.808259 6.107029 6.366160 6.400203 6.318245 6.125499 5.851608 5.544705 5.258858,
 18.864120 19.674559 20.501247 20.825823 20.257593 19.165150 18.246792 21.801636 24.375528 26.984264 28.077475 26.721275 23.956337 21.473116 24.895535 29.625256 34.591850 36.816669 34.411926 29.386265 24.786547 26.255161 31.970957 38.165596 41.107708 38.165596 31.970959 26.255161 24.786547 29.386261 34.411926 36.816669 34.591854 29.625259 24.895535 21.473116 23.956337 26.721273 28.077475 26.984266 24.375530 21.801638 18.246792 19.165148 20.257593 20.825825 20.501249 19.674559 18.864120,
 7.418410 7.419596 7.300795 7.045342 6.685967 6.289712 5.928525 8.537906 8.911057 9.096214 8.968025 8.455232 7.682280 6.925970 9.282469 10.176023 10.941156 11.188958 10.561666 9.359284 8.181068 9.147623 10.411492 11.683421 12.287240 11.683421 10.411493 9.147623 8.181068 9.359284 10.561666 11.188958 10.941157 10.176023 9.282469 6.925971 7.682280 8.455232 8.968026 9.096217 8.911058 8.537907 5.928525 6.289712 6.685966 7.045342 7.300795 7.419597 7.418410,
 0.351999 0.498497 0.624590 0.673561 0.619935 0.490498 0.341871 0.358494 0.513004 0.646019 0.699068 0.647732 0.518289 0.366643 0.369146 0.544810 0.705519 0.772924 0.709024 0.553915 0.382190 0.383738 0.576708 0.764041 0.846492 0.764041 0.576708 0.383738 0.382190 0.553915 0.709024 0.772924 0.705519 0.544810 0.369146 0.366643 0.518289 0.647732 0.699068 0.646019 0.513004 0.358494 0.341871 0.490498 0.619935 0.673561 0.624590 0.498497 0.351999,
 2.878274 3.083365 3.279953 3.411688 3.424534 3.300119 3.093511 3.465373 3.972903 4.447183 4.681924 4.604084 4.276292 3.829782 4.069696 4.896698 5.706689 6.066313 5.785337 5.109300 4.354236 4.438019 5.373065 6.298732 6.724051 6.298732 5.373065 4.438019 4.354236 5.109300 5.785337 6.066314 5.706689 4.896699 4.069696 3.829782 4.276291 4.604084 4.681924 4.447182 3.972903 3.465373 3.093511 3.300119 3.424534 3.411688 3.279952 3.083365 2.878274,
 7.686524 8.648847 9.945424 10.913412 10.978230 10.309031 9.453744 9.478109 11.514019 13.905578 15.371338 14.957672 13.222368 11.365296 11.522962 14.745432 18.339972 20.265059 19.062214 15.897913 12.802937 12.898217 16.627880 20.661358 22.568600 20.661358 16.627876 12.898217 12.802938 15.897913 19.062214 20.265055 18.339972 14.745431 11.522961 11.365296 13.222368 14.957672 15.371338 13.905578 11.514018 9.478109 9.453745 10.309030 10.978230 10.913412 9.945423 8.648847 7.686524,
 3.491735 3.652282 3.749878 3.753294 3.658164 3.493932 3.299472 3.976982 4.350717 4.648780 4.762087 4.617401 4.264230 3.854487 4.447958 5.092375 5.689183 5.969874 5.716135 5.078619 4.398285 4.639705 5.434342 6.212198 6.568389 6.212198 5.434342 4.639705 4.398285 5.078618 5.716135 5.969874 5.689183 5.092375 4.447958 3.854487 4.264230 4.617401 4.762087 4.648780 4.350717 3.976982 3.299472 3.493932 3.658164 3.753294 3.749878 3.652282 3.491735,

Pairwise cross-correlations of the modulus of all oriented sub-bands at the same scale (size QxQ)
 1.383627 2.259218 3.463992 2.405849 2.259218 22.415424 33.910778 10.096855 3.463992 33.910778 81.210571 33.883175 2.405849 10.096855 33.883175 22.827091,
 1.324494 1.248700 1.715206 1.379694 1.248700 11.533443 16.693115 4.521171 1.715206 16.693115 41.107704 17.046488 1.379694 4.521171 17.046488 12.287242,

Cross-correlations of the modulus of all oriented sub-bands with all oriented sub-bands at the coarser scale (size QxQ)
 1.098425 1.351723 1.958916 1.500187 1.656194 9.456544 14.188538 5.208425 2.669576 14.277618 30.254791 14.939200 1.760815 4.970980 14.229968 10.116719,
 0.879938 1.017923 1.078894 1.165362 0.874366 4.708563 7.509990 2.993428 1.423212 6.745969 14.302701 7.180844 1.014502 2.380220 6.228106 4.679612,

Cross-correlations of the real part of each oriented sub-band with both the real and imaginary part of all phase-doubled oriented sub-bands at the next coarser scale (Q matrices of size 1x2Q, which are computed and stored in a matrix of size Qx2Q)
 0.261915 -0.284485 -0.304970 -0.268052 0.016874 -0.007952 -0.013362 -0.027475 -0.134587 -5.737327 -7.058820 -1.613099 0.007025 0.087330 -0.013940 -0.051282 -0.388212 -8.237709 -16.240789 -7.382224 0.002005 0.063146 -0.508958 -0.431702 -0.132368 -1.623962 -6.233655 -5.039906 0.008383 -0.040778 -0.404117 -0.344516,
 0.300241 -0.101483 -0.113237 -0.066398 0.028071 0.022799 0.013425 -0.034171 0.012061 -2.748260 -3.184442 -0.608525 0.023742 0.087714 -0.111722 -0.069528 -0.156618 -3.777137 -6.431289 -2.541178 0.019299 -0.002188 -0.752225 -0.445838 0.037489 -0.609131 -2.080249 -1.677685 0.019939 -0.035029 -0.370216 -0.316017,
