Low-band skewness and kurtosis
 -1.166675 3.780391,
 -0.889111 3.286199,
 -0.618777 2.820717,
 -0.421612 2.887016,

High-band variance
 101.559547,

Skewness, kurtosis, variance, mean, maximum and minimum of the reconstructed texture
 126.000000 255.000000 240.700409 501.860107 -1.443838 4.164793

Auto-correlations of the low-frequency bands at each scale
 54.681950 55.248432 56.466129 57.442730 57.496422 57.471764 58.389591 56.619602 45.516766 38.295055 35.980110 38.571480 46.104538 57.500599 211.699387 213.115341 215.243362 216.408142 215.074203 212.491730 210.030853 336.766907 355.985168 371.019531 377.014496 371.019531 355.985168 336.766907 210.030853 212.491714 215.074203 216.408142 215.243362 213.115341 211.699341 57.500591 46.104534 38.571468 35.980110 38.295055 45.516758 56.619583 58.389591 57.471771 57.496407 57.442741 56.466133 55.248428 54.681938,
 66.146027 66.894989 68.357445 69.537270 69.278603 68.872314 69.368187 51.693424 45.880161 43.148533 43.272369 45.328163 50.296391 58.293255 137.644028 138.377914 140.185226 141.666351 141.141739 140.120758 139.781418 213.524582 224.255875 232.832245 236.460159 232.832245 224.255890 213.524551 139.781418 140.120758 141.141739 141.666351 140.185242 138.377884 137.644028 58.293251 50.296394 45.328171 43.272369 43.148533 45.880169 51.693424 69.368187 68.872299 69.278595 69.537285 68.357445 66.894989 66.146027,
 75.753746 76.075142 76.430641 76.264053 75.022614 73.745621 73.137680 66.260765 63.322441 61.823845 61.554504 61.932396 63.738407 67.098076 101.738380 102.648636 104.596054 106.586533 107.367615 107.790810 108.402435 141.006714 146.177185 150.528091 152.462341 150.528091 146.177185 141.006714 108.402443 107.790810 107.367615 106.586533 104.596054 102.648643 101.738403 67.098076 63.738400 61.932400 61.554501 61.823833 63.322433 66.260765 73.137680 73.745621 75.022614 76.264053 76.430641 76.075142 75.753746,
 13.949100 16.703646 15.880979 15.093355 19.724722 28.364384 32.257668 16.764967 15.725425 14.649322 19.540590 28.810104 33.129711 27.818983 15.860253 14.425739 19.216110 29.236599 34.064270 28.285694 19.072557 14.700975 18.924421 28.945782 34.619751 28.945784 18.924417 14.700973 19.072559 28.285696 34.064270 29.236593 19.216112 14.425737 15.860250 27.818983 33.129715 28.810104 19.540592 14.649323 15.725422 16.764965 32.257671 28.364388 19.724722 15.093354 15.880982 16.703644 13.949095,

Auto-correlations of the modulus of each oriented sub-band
 0.512937 0.619295 0.700571 0.734349 0.710556 0.636499 0.533077 0.566553 0.683424 0.771374 0.804511 0.772015 0.684530 0.568374 0.638380 0.784517 0.896450 0.936737 0.890555 0.776103 0.631381 0.674793 0.848301 0.989203 1.044758 0.989203 0.848301 0.674793 0.631381 0.776103 0.890555 0.936737 0.896450 0.784517 0.638380 0.568374 0.684531 0.772015 0.804511 0.771374 0.683424 0.566553 0.533077 0.636499 0.710556 0.734349 0.700571 0.619295 0.512937,
 6.236993 6.533472 6.887097 7.168271 7.307796 7.351654 7.377059 8.183316 8.897163 9.648026 10.090921 10.087628 9.821302 9.518261 10.462562 11.631657 12.839278 13.432755 13.094604 12.243040 11.395135 11.842360 13.103817 14.422325 15.039054 14.422325 13.103815 11.842360 11.395135 12.243040 13.094604 13.432755 12.839278 11.631657 10.462564 9.518260 9.821301 10.087627 10.090920 9.648026 8.897161 8.183315 7.377058 7.351654 7.307795 7.168271 6.887097 6.533471 6.236994,
 39.052002 40.084927 41.087002 41.602825 41.363213 40.585159 39.673344 50.508072 53.617947 56.406094 57.641468 56.635517 53.983334 50.860157 62.765167 68.669548 73.900558 76.125549 74.017593 68.816223 62.828068 68.279221 75.649910 82.191231 84.962006 82.191231 75.649910 68.279221 62.828068 68.816216 74.017586 76.125542 73.900558 68.669548 62.765163 50.860157 53.983330 56.635517 57.641468 56.406101 53.617950 50.508072 39.673344 40.585159 41.363209 41.602821 41.087002 40.084927 39.052002,
 7.897071 7.889343 7.887752 7.804841 7.589085 7.321743 7.124658 10.041617 10.302659 10.565016 10.591744 10.181730 9.498281 8.894939 11.963770 12.710040 13.522147 13.860579 13.269021 12.111007 11.064619 12.421698 13.557399 14.830638 15.451403 14.830638 13.557399 12.421698 11.064619 12.111009 13.269021 13.860577 13.522147 12.710040 11.963768 8.894940 9.498282 10.181730 10.591744 10.565016 10.302659 10.041618 7.124659 7.321743 7.589085 7.804841 7.887752 7.889343 7.897071,
 0.510981 0.699817 0.857018 0.920570 0.861600 0.707498 0.519690 0.528654 0.724961 0.888956 0.955342 0.893426 0.731935 0.535733 0.555886 0.771496 0.954535 1.028528 0.957239 0.775872 0.560193 0.573064 0.802504 1.001217 1.082218 1.001217 0.802504 0.573064 0.560193 0.775872 0.957239 1.028528 0.954535 0.771496 0.555886 0.535733 0.731935 0.893426 0.955342 0.888956 0.724961 0.528654 0.519690 0.707498 0.861600 0.920570 0.857018 0.699817 0.510981,
 2.964303 3.132571 3.300239 3.435670 3.514230 3.537676 3.528980 3.969641 4.409759 4.801901 5.003475 5.002731 4.880207 4.681516 5.178200 5.911247 6.593536 6.881487 6.666059 6.205367 5.690175 5.918958 6.699687 7.460531 7.818836 7.460531 6.699687 5.918958 5.690175 6.205368 6.666058 6.881487 6.593537 5.911246 5.178200 4.681515 4.880207 5.002730 5.003476 4.801901 4.409758 3.969640 3.528980 3.537676 3.514230 3.435670 3.300239 3.132571 2.964303,
 18.526138 19.589031 20.456900 20.808409 20.489334 19.721144 18.849312 24.394987 26.861050 28.831339 29.593376 28.807781 26.877464 24.523550 31.072828 35.365723 38.837429 40.190670 38.769341 35.281296 31.018206 34.088257 39.310474 43.619553 45.373322 43.619556 39.310482 34.088257 31.018200 35.281296 38.769333 40.190670 38.837429 35.365726 31.072828 24.523550 26.877464 28.807781 29.593376 28.831339 26.861053 24.394983 18.849312 19.721144 20.489334 20.808407 20.456902 19.589031 18.526138,
 3.946159 4.019948 4.060385 4.022184 3.906030 3.766843 3.633505 5.067800 5.267815 5.394285 5.400376 5.234879 4.923584 4.568954 6.165419 6.593742 6.987069 7.184797 6.946157 6.365655 5.745327 6.464990 7.114152 7.776942 8.100267 7.776942 7.114153 6.464990 5.745327 6.365654 6.946157 7.184797 6.987068 6.593742 6.165419 4.568953 4.923584 5.234879 5.400376 5.394284 5.267816 5.067800 3.633504 3.766843 3.906031 4.022184 4.060385 4.019948 3.946159,
 0.262129 0.393298 0.509911 0.561471 0.521999 0.412591 0.282261 0.276031 0.410701 0.529658 0.581354 0.539622 0.426949 0.293820 0.295986 0.440892 0.569619 0.623340 0.573016 0.447495 0.304354 0.307707 0.459214 0.595758 0.652698 0.595759 0.459214 0.307707 0.304354 0.447495 0.573016 0.623340 0.569619 0.440892 0.295986 0.293820 0.426949 0.539622 0.581354 0.529658 0.410701 0.276031 0.282261 0.412591 0.521999 0.561471 0.509911 0.393298 0.262129,
 1.491988 1.616888 1.735294 1.823843 1.847786 1.794532 1.689136 2.032148 2.297310 2.502591 2.602136 2.599121 2.498484 2.307728 2.615372 3.039769 3.393096 3.509950 3.378575 3.127949 2.818815 2.942090 3.377259 3.784033 3.973646 3.784033 3.377259 2.942090 2.818814 3.127949 3.378576 3.509950 3.393096 3.039769 2.615372 2.307728 2.498484 2.599122 2.602136 2.502591 2.297310 2.032148 1.689136 1.794532 1.847787 1.823843 1.735294 1.616888 1.491988,
 7.485119 8.073334 8.570844 8.793209 8.620530 8.178139 7.606324 10.839398 12.205690 13.306920 13.771678 13.378694 12.353765 11.037664 14.341626 16.645355 18.500084 19.255299 18.526899 16.716278 14.468233 15.936903 18.677519 20.922640 21.848715 20.922640 18.677519 15.936903 14.468233 16.716280 18.526896 19.255299 18.500084 16.645355 14.341626 11.037663 12.353765 13.378694 13.771677 13.306918 12.205690 10.839398 7.606324 8.178139 8.620530 8.793208 8.570844 8.073334 7.485119,
 1.308580 1.303484 1.274347 1.222401 1.164088 1.113999 1.068720 1.877734 1.931633 1.934802 1.908013 1.844611 1.715495 1.547684 2.386866 2.566731 2.721438 2.817292 2.724891 2.441821 2.124800 2.487793 2.808805 3.139776 3.305015 3.139776 2.808805 2.487793 2.124800 2.441821 2.724891 2.817292 2.721438 2.566732 2.386866 1.547684 1.715495 1.844611 1.908013 1.934802 1.931633 1.877734 1.068720 1.113999 1.164088 1.222401 1.274347 1.303484 1.308580,

Pairwise cross-correlations of the modulus of all oriented sub-bands at the same scale (size QxQ)
 1.044758 1.219355 1.765956 1.192577 1.219355 15.039056 31.425747 10.441187 1.765956 31.425747 84.961983 32.175499 1.192577 10.441187 32.175499 15.451405,
 1.082218 0.717648 0.846853 0.761768 0.717648 7.818837 16.486284 5.259861 0.846853 16.486284 45.373322 16.773336 0.761768 5.259861 16.773336 8.100268,

Cross-correlations of the modulus of all oriented sub-bands with all oriented sub-bands at the coarser scale (size QxQ)
 0.909124 0.752976 0.924418 0.794200 1.048934 5.437748 11.498621 4.506269 1.718212 11.599040 29.216278 12.173321 1.029292 4.497752 12.175946 5.892378,
 0.727850 0.413290 0.221618 0.387938 0.603452 2.488251 5.087161 1.940432 0.924635 5.157326 12.211147 4.824318 0.645299 1.832121 4.464161 2.120402,

Cross-correlations of the real part of each oriented sub-band with both the real and imaginary part of all phase-doubled oriented sub-bands at the next coarser scale (Q matrices of size 1x2Q, which are computed and stored in a matrix of size Qx2Q)
 0.338613 -0.031077 -0.087750 -0.010993 0.011231 -0.011854 -0.003002 -0.011394 0.103313 -4.633081 -8.511750 -2.504499 0.003347 -0.089793 -0.264813 -0.137179 -0.033879 -9.369077 -22.311409 -8.782228 0.000185 -0.251207 -1.106633 -0.616100 0.110961 -2.513851 -8.145872 -4.128879 0.003920 -0.115629 -0.537999 -0.339140,
 0.323317 0.006255 -0.025690 0.032689 -0.007473 0.013769 0.000249 0.006771 0.108369 -1.814093 -3.344726 -1.026137 0.000479 0.050186 -0.276977 -0.214900 -0.010044 -3.645150 -8.378141 -3.217946 0.001117 -0.077776 -1.382336 -0.928623 0.122903 -0.963062 -2.842840 -1.298084 -0.003481 -0.079179 -0.727487 -0.468673,
