Low-band skewness and kurtosis
 -1.333992 4.220392,
 -1.063694 3.474947,
 -0.776749 2.791409,
 -0.899847 3.000393,

High-band variance
 101.909920,

Skewness, kurtosis, variance, mean, maximum and minimum of the reconstructed texture
 120.000000 255.000000 240.566025 554.735596 -1.576304 4.652904

Auto-correlations of the low-frequency bands at each scale
 108.831390 101.448547 98.507957 98.485893 100.417953 105.247581 114.132713 149.958359 124.037422 103.934471 96.834953 105.285522 126.519501 153.236633 265.353058 273.878723 279.942902 281.978027 278.197235 270.274323 260.297058 333.986725 379.788483 416.967682 431.773590 416.967590 379.788544 333.986725 260.297058 270.274292 278.197235 281.978058 279.942902 273.878723 265.353027 153.236633 126.519516 105.285522 96.834969 103.934448 124.037422 149.958344 114.132736 105.247581 100.417946 98.485901 98.507965 101.448547 108.831390,
 112.759521 106.995110 104.422798 103.953392 104.346970 106.968567 112.922333 126.955711 108.607635 95.042160 90.202065 94.761902 108.028610 126.030792 189.047516 193.650558 197.785995 199.922760 198.153275 194.109360 189.201340 233.571808 262.101166 285.416595 294.831573 285.416626 262.101166 233.571762 189.201309 194.109375 198.153244 199.922775 197.785995 193.650574 189.047516 126.030792 108.028625 94.761902 90.202065 95.042145 108.607658 126.955711 112.922348 106.968582 104.346977 103.953392 104.422813 106.995110 112.759521,
 112.681435 112.922127 114.618958 116.598167 117.771324 118.926682 120.786232 120.080299 112.002144 105.984077 104.024483 106.519409 113.439590 122.812248 154.126587 155.459274 156.466705 156.620422 155.068207 153.152374 151.841415 175.623276 189.334808 201.063019 205.952072 201.063019 189.334808 175.623276 151.841400 153.152374 155.068192 156.620453 156.466705 155.459274 154.126572 122.812248 113.439583 106.519409 104.024490 105.984077 112.002144 120.080292 120.786209 118.926689 117.771324 116.598167 114.618942 112.922127 112.681435,
 14.569777 19.012602 21.158255 23.088837 28.167784 34.252460 35.216560 19.084591 20.753706 21.943672 27.257751 34.784138 37.078094 32.208549 20.760895 21.405621 26.463196 35.324352 38.956795 33.593445 26.111536 21.790604 26.034101 34.880405 39.954746 34.880402 26.034101 21.790602 26.111534 33.593445 38.956802 35.324348 26.463190 21.405621 20.760895 32.208553 37.078094 34.784145 27.257751 21.943672 20.753706 19.084585 35.216560 34.252460 28.167784 23.088833 21.158253 19.012602 14.569776,

Auto-correlations of the modulus of each oriented sub-band
 0.675256 0.774964 0.850078 0.880962 0.858120 0.788783 0.691792 0.744632 0.862632 0.957669 0.995604 0.960863 0.867480 0.748689 0.840483 1.007715 1.126109 1.167862 1.125898 1.006830 0.837754 0.858678 1.078600 1.306430 1.413531 1.306430 1.078600 0.858678 0.837754 1.006830 1.125898 1.167862 1.126109 1.007715 0.840483 0.748689 0.867479 0.960863 0.995604 0.957669 0.862632 0.744632 0.691792 0.788783 0.858120 0.880962 0.850078 0.774964 0.675256,
 11.775172 12.369452 13.211500 14.100284 14.773567 15.245669 15.590590 13.926385 15.137574 16.671959 17.936045 18.375532 18.253126 17.948858 16.648415 18.493189 20.690712 22.115595 21.820929 20.583025 19.324440 18.830582 20.767626 22.959372 24.086433 22.959372 20.767632 18.830582 19.324440 20.583021 21.820925 22.115593 20.690712 18.493189 16.648415 17.948858 18.253126 18.375532 17.936045 16.671955 15.137571 13.926385 15.590590 15.245671 14.773567 14.100285 13.211500 12.369452 11.775174,
 44.422817 46.010075 47.656002 48.281063 47.341091 45.598663 44.122360 50.336979 54.575935 59.268227 61.370083 59.062141 54.355556 50.263283 56.060963 63.490078 72.038254 76.115509 71.972404 63.459595 56.146507 58.588840 67.494171 77.953659 83.125252 77.953659 67.494171 58.588840 56.146507 63.459591 71.972404 76.115509 72.038239 63.490078 56.060951 50.263279 54.355545 59.062134 61.370079 59.268223 54.575939 50.336979 44.122372 45.598660 47.341084 48.281075 47.655994 46.010075 44.422817,
 15.639854 15.337914 14.896468 14.253969 13.422879 12.628059 12.007666 18.178688 18.508533 18.625162 18.190540 16.999954 15.531667 14.269804 19.694714 20.983980 22.174795 22.439291 21.101477 18.993254 17.090738 19.280382 21.266636 23.376343 24.432842 23.376343 21.266640 19.280384 17.090738 18.993252 21.101475 22.439291 22.174793 20.983982 19.694715 14.269804 15.531663 16.999954 18.190540 18.625162 18.508535 18.178688 12.007666 12.628059 13.422878 14.253968 14.896468 15.337914 15.639855,
 0.561720 0.739599 0.890144 0.952692 0.899045 0.754698 0.578228 0.596075 0.792071 0.955406 1.021914 0.963144 0.804060 0.607662 0.639338 0.871403 1.073173 1.155153 1.074987 0.874961 0.642911 0.659586 0.920498 1.167908 1.276122 1.167908 0.920498 0.659586 0.642911 0.874961 1.074987 1.155153 1.073173 0.871403 0.639338 0.607662 0.804060 0.963144 1.021914 0.955406 0.792071 0.596075 0.578228 0.754698 0.899045 0.952692 0.890144 0.739599 0.561720,
 7.494744 7.925440 8.423777 8.911395 9.290372 9.504394 9.553757 8.721662 9.632884 10.578745 11.261010 11.518072 11.386762 10.978686 10.391234 11.825416 13.254827 14.040252 13.845353 12.992439 11.903075 11.697921 13.258125 14.737292 15.408146 14.737293 13.258125 11.697921 11.903075 12.992437 13.845354 14.040252 13.254829 11.825417 10.391232 10.978688 11.386760 11.518072 11.261010 10.578745 9.632886 8.721662 9.553757 9.504394 9.290370 8.911395 8.423777 7.925440 7.494744,
 24.283903 25.548079 26.666183 27.065645 26.476530 25.223694 23.906099 27.593683 30.737700 33.927311 35.300011 33.872807 30.673103 27.508413 31.049658 36.528660 42.399548 45.085907 42.434021 36.594574 31.081587 32.590504 39.220596 46.442108 49.834690 46.442112 39.220596 32.590504 31.081587 36.594574 42.434013 45.085907 42.399551 36.528660 31.049658 27.508413 30.673103 33.872803 35.300011 33.927315 30.737700 27.593683 23.906103 25.223698 26.476530 27.065647 26.666183 25.548075 24.283903,
 8.607783 8.556364 8.378272 8.101175 7.779935 7.474135 7.220876 9.928285 10.295226 10.465230 10.315547 9.789558 9.024632 8.299032 10.850931 11.833271 12.671230 12.919422 12.227503 10.934470 9.684464 10.755571 12.146008 13.540788 14.194424 13.540788 12.146008 10.755571 9.684464 10.934472 12.227503 12.919422 12.671229 11.833269 10.850932 8.299033 9.024632 9.789559 10.315547 10.465229 10.295226 9.928284 7.220876 7.474136 7.779936 8.101176 8.378273 8.556365 8.607783,
 0.334525 0.475875 0.600377 0.652789 0.607224 0.488373 0.349391 0.346721 0.491003 0.616774 0.670066 0.625091 0.504207 0.360829 0.364796 0.525441 0.670819 0.734486 0.677599 0.530761 0.365839 0.374791 0.554770 0.727347 0.802759 0.727347 0.554770 0.374791 0.365839 0.530761 0.677599 0.734486 0.670819 0.525441 0.364796 0.360829 0.504207 0.625091 0.670066 0.616774 0.491003 0.346721 0.349391 0.488373 0.607224 0.652789 0.600377 0.475875 0.334525,
 3.553838 3.660093 3.785161 3.896675 3.929935 3.849288 3.690481 3.727239 4.105143 4.530642 4.831824 4.877009 4.652207 4.269382 4.127001 4.857827 5.635571 6.061327 5.902503 5.326615 4.629576 4.538329 5.419987 6.304043 6.710422 6.304043 5.419987 4.538329 4.629576 5.326615 5.902503 6.061328 5.635571 4.857827 4.127001 4.269382 4.652207 4.877009 4.831824 4.530642 4.105142 3.727238 3.690481 3.849288 3.929935 3.896675 3.785161 3.660093 3.553837,
 11.494884 11.831884 12.526643 13.052051 12.812221 11.897292 10.798415 12.507607 14.056664 16.165859 17.461836 16.763990 14.583776 12.290341 13.606767 16.702446 20.500851 22.553034 21.006804 17.184135 13.610729 14.131367 18.122950 22.750183 24.996098 22.750183 18.122950 14.131367 13.610729 17.184135 21.006804 22.553036 20.500854 16.702446 13.606766 12.290343 14.583779 16.763988 17.461836 16.165859 14.056663 12.507605 10.798415 11.897290 12.812217 13.052052 12.526646 11.831884 11.494882,
 4.120350 4.212687 4.224050 4.129825 3.952583 3.730874 3.514204 4.824092 5.150967 5.333159 5.290143 4.988205 4.505068 4.040452 5.313876 5.986440 6.536577 6.707428 6.300534 5.509583 4.737557 5.280954 6.165759 7.029244 7.423913 7.029244 6.165759 5.280953 4.737557 5.509583 6.300533 6.707429 6.536576 5.986441 5.313875 4.040452 4.505068 4.988205 5.290143 5.333159 5.150967 4.824091 3.514204 3.730873 3.952583 4.129825 4.224050 4.212687 4.120350,

Pairwise cross-correlations of the modulus of all oriented sub-bands at the same scale (size QxQ)
 1.413531 2.557351 3.857055 2.548888 2.557351 24.086432 35.122707 10.926779 3.857055 35.122707 83.125229 35.792698 2.548888 10.926779 35.792698 24.432838,
 1.276122 1.609596 2.088614 1.450485 1.609596 15.408147 21.428249 5.500391 2.088614 21.428249 49.834690 20.278645 1.450485 5.500391 20.278645 14.194421,

Cross-correlations of the modulus of all oriented sub-bands with all oriented sub-bands at the coarser scale (size QxQ)
 1.070109 1.729319 2.430070 1.629889 1.842592 11.829988 17.308220 6.257812 2.904873 17.577774 35.891121 17.292189 1.742662 6.498877 17.362858 11.346068,
 0.840619 1.038065 1.320314 1.006176 1.138910 5.980863 9.024861 3.439236 1.663420 8.566351 18.176346 9.086188 1.091181 2.930754 8.661289 5.971125,

Cross-correlations of the real part of each oriented sub-band with both the real and imaginary part of all phase-doubled oriented sub-bands at the next coarser scale (Q matrices of size 1x2Q, which are computed and stored in a matrix of size Qx2Q)
 0.280916 -0.329357 -0.404781 -0.308026 -0.023955 -0.034060 0.013543 0.043273 -0.156411 -6.263459 -7.236402 -1.588725 -0.023255 -0.298561 -0.070140 0.035914 -0.445165 -8.554004 -17.482824 -9.001802 -0.013863 -0.220179 0.392098 0.500303 -0.125910 -1.573039 -7.561259 -6.579482 -0.008349 0.019624 0.423985 0.496202,
 0.306550 -0.106691 -0.159133 -0.099433 -0.006367 -0.041546 -0.014703 0.003964 0.015552 -2.670201 -2.767375 -0.507176 -0.023878 -0.446533 -0.114820 0.086520 -0.170733 -3.614480 -6.501290 -3.096153 -0.012252 -0.344952 0.665222 0.182738 0.026374 -0.617914 -2.780583 -2.333097 0.001466 0.014956 0.511151 0.019047,
