Low-band skewness and kurtosis
 -1.261068 3.964402,
 -0.991221 3.342370,
 -0.660213 2.535066,
 -0.543745 2.274502,

High-band variance
 103.427765,

Skewness, kurtosis, variance, mean, maximum and minimum of the reconstructed texture
 124.000000 255.000000 240.535568 540.887329 -1.525988 4.443438

Auto-correlations of the low-frequency bands at each scale
 98.535889 93.471420 91.524033 91.305664 92.341293 96.159157 104.296600 131.420670 107.434700 89.035950 82.534836 90.144997 109.305405 133.230164 251.407043 256.864655 261.822388 264.356659 261.807861 254.842072 244.929443 327.856659 368.720428 402.183441 415.595520 402.183441 368.720428 327.856659 244.929428 254.842041 261.807861 264.356628 261.822357 256.864655 251.407043 133.230133 109.305389 90.144997 82.534843 89.035942 107.434723 131.420685 104.296593 96.159164 92.341309 91.305649 91.524033 93.471436 98.535889,
 106.678589 102.826454 100.846367 99.498314 97.751198 97.601799 100.814110 113.704445 98.462105 87.544075 83.958084 87.932571 98.963821 113.627899 178.187500 180.954651 184.230576 186.419449 185.235321 181.795898 177.172882 225.663467 249.602020 269.454926 277.564301 269.454926 249.602051 225.663498 177.172852 181.795883 185.235321 186.419449 184.230576 180.954651 178.187500 113.627892 98.963799 87.932587 83.958084 87.544075 98.462105 113.704460 100.814102 97.601814 97.751213 99.498314 100.846359 102.826454 106.678589,
 107.383904 105.672836 105.697380 106.473244 106.936569 108.011681 110.416954 112.914589 104.583824 98.359146 95.661560 96.430145 100.901978 107.655968 145.022552 145.900208 146.533340 146.223495 143.812622 140.611404 137.624283 167.098328 179.290588 189.611115 193.948761 189.611115 179.290588 167.098328 137.624283 140.611420 143.812622 146.223495 146.533340 145.900223 145.022552 107.655960 100.901970 96.430145 95.661560 98.359146 104.583809 112.914581 110.416954 108.011688 106.936569 106.473221 105.697388 105.672836 107.383904,
 19.327881 24.138742 26.124407 27.708929 32.406590 39.117897 42.460373 23.856716 25.524866 27.074480 32.464832 40.226189 44.094509 41.136295 25.276060 26.953289 32.777500 41.560463 45.744114 41.720085 34.141880 27.551832 33.304642 42.041996 46.619804 42.041996 33.304642 27.551838 34.141880 41.720081 45.744114 41.560467 32.777500 26.953291 25.276066 41.136295 44.094509 40.226200 32.464832 27.074480 25.524860 23.856722 42.460361 39.117897 32.406593 27.708929 26.124407 24.138741 19.327885,

Auto-correlations of the modulus of each oriented sub-band
 0.680589 0.782492 0.859900 0.889538 0.862072 0.788335 0.689442 0.744810 0.864166 0.958436 0.997436 0.967241 0.878146 0.760057 0.845927 1.012373 1.128899 1.165600 1.119455 1.003395 0.843328 0.864361 1.079250 1.294689 1.394188 1.294689 1.079250 0.864361 0.843328 1.003395 1.119455 1.165600 1.128899 1.012373 0.845927 0.760057 0.878146 0.967241 0.997436 0.958436 0.864166 0.744810 0.689442 0.788335 0.862072 0.889538 0.859900 0.782492 0.680589,
 12.624139 13.092953 13.792270 14.522314 15.024663 15.321773 15.511772 14.360250 15.493334 16.927298 18.053391 18.339745 18.050270 17.599266 16.663511 18.507610 20.685364 22.035631 21.640715 20.266804 18.876694 18.512686 20.529037 22.791182 23.934780 22.791178 20.529039 18.512686 18.876694 20.266802 21.640715 22.035629 20.685368 18.507607 16.663509 17.599266 18.050270 18.339745 18.053389 16.927296 15.493332 14.360250 15.511771 15.321773 15.024663 14.522313 13.792270 13.092953 12.624142,
 47.235378 48.689510 50.248840 51.057243 50.390179 48.685017 46.849777 53.854069 57.874172 62.234074 64.350632 62.349724 57.788139 53.359230 60.450813 67.728699 75.784782 79.679832 75.855354 67.646027 60.092155 63.190540 72.147560 82.144943 87.014816 82.144943 72.147575 63.190540 60.092144 67.646019 75.855339 79.679832 75.784775 67.728714 60.450813 53.359222 57.788139 62.349728 64.350624 62.234066 57.874191 53.854061 46.849773 48.685001 50.390179 51.057243 50.248840 48.689529 47.235378,
 14.555268 14.297539 13.953556 13.430502 12.715692 12.017094 11.475854 17.076649 17.352055 17.488438 17.140997 16.094728 14.788694 13.683064 18.737671 19.851944 20.933205 21.198732 20.000963 18.103773 16.425953 18.500851 20.243288 22.150581 23.116116 22.150581 20.243288 18.500851 16.425951 18.103773 20.000959 21.198732 20.933205 19.851944 18.737675 13.683065 14.788692 16.094732 17.140997 17.488438 17.352055 17.076647 11.475852 12.017091 12.715691 13.430502 13.953557 14.297539 14.555268,
 0.579491 0.759849 0.909367 0.966994 0.904421 0.750151 0.567227 0.611720 0.806487 0.965352 1.025070 0.959852 0.797955 0.602173 0.649068 0.877446 1.073308 1.149200 1.066476 0.869258 0.643187 0.664592 0.918109 1.155069 1.257575 1.155069 0.918109 0.664592 0.643187 0.869258 1.066476 1.149200 1.073308 0.877446 0.649068 0.602173 0.797955 0.959852 1.025070 0.965352 0.806487 0.611720 0.567227 0.750151 0.904421 0.966994 0.909367 0.759849 0.579491,
 8.321976 8.631248 8.974862 9.296325 9.508988 9.562782 9.481397 9.169651 9.890305 10.625354 11.110092 11.189741 10.912029 10.418035 10.249644 11.479500 12.717846 13.348975 13.042151 12.139589 11.084027 11.039296 12.445333 13.836457 14.482555 13.836457 12.445333 11.039296 11.084027 12.139587 13.042150 13.348975 12.717849 11.479500 10.249644 10.418035 10.912030 11.189741 11.110091 10.625355 9.890305 9.169651 9.481398 9.562782 9.508987 9.296325 8.974863 8.631249 8.321976,
 27.304934 28.236673 29.209023 29.767281 29.519236 28.613239 27.441828 30.561554 33.183018 35.786442 36.905102 35.638844 32.844173 30.044006 33.752361 38.577911 43.596416 45.766644 43.267227 38.030098 33.133076 34.849728 40.767460 47.167969 50.173206 47.167973 40.767460 34.849728 33.133072 38.030102 43.267227 45.766644 43.596424 38.577911 33.752361 30.044006 32.844170 35.638844 36.905102 35.786442 33.183022 30.561556 27.441828 28.613237 29.519236 29.767279 29.209023 28.236673 27.304934,
 7.457226 7.446738 7.344045 7.116993 6.807869 6.483028 6.190813 8.691085 9.051238 9.237871 9.131721 8.685938 8.003717 7.313260 9.578823 10.483894 11.237825 11.485250 10.919236 9.787311 8.626616 9.558828 10.844775 12.083969 12.657600 12.083969 10.844777 9.558828 8.626616 9.787311 10.919238 11.485250 11.237825 10.483895 9.578825 7.313260 8.003716 8.685938 9.131721 9.237871 9.051238 8.691085 6.190813 6.483028 6.807869 7.116994 7.344045 7.446738 7.457226,
 0.335069 0.481280 0.610615 0.664703 0.616422 0.490428 0.342603 0.351417 0.505903 0.639675 0.693814 0.641491 0.507223 0.349262 0.365422 0.536266 0.689883 0.754093 0.690012 0.532523 0.357385 0.365922 0.552156 0.731637 0.810490 0.731637 0.552156 0.365922 0.357385 0.532523 0.690012 0.754093 0.689883 0.536266 0.365422 0.349262 0.507223 0.641491 0.693814 0.639675 0.505902 0.351417 0.342603 0.490428 0.616422 0.664703 0.610615 0.481280 0.335069,
 3.357645 3.550007 3.728398 3.845916 3.846054 3.751309 3.633965 3.813586 4.235214 4.611121 4.796337 4.752069 4.512491 4.180066 4.312743 5.017496 5.716121 6.004971 5.765445 5.230930 4.621203 4.663611 5.449921 6.255330 6.641908 6.255330 5.449921 4.663611 4.621203 5.230929 5.765445 6.004972 5.716120 5.017497 4.312743 4.180065 4.512491 4.752069 4.796336 4.611121 4.235214 3.813585 3.633965 3.751308 3.846054 3.845915 3.728398 3.550007 3.357645,
 11.914169 12.911104 13.745140 14.060356 13.721267 13.077646 12.611715 13.630696 15.679546 17.656115 18.593393 17.933300 16.289919 14.722734 15.575212 18.784338 22.067873 23.639175 22.359379 19.323109 16.389336 16.744074 20.409973 24.249451 26.028181 24.249451 20.409973 16.744074 16.389336 19.323105 22.359377 23.639177 22.067869 18.784338 15.575212 14.722734 16.289915 17.933300 18.593391 17.656113 15.679544 13.630694 12.611715 13.077646 13.721267 14.060354 13.745139 12.911103 11.914169,
 3.647429 3.764411 3.846459 3.855255 3.789530 3.709417 3.641686 4.279145 4.604537 4.843516 4.899852 4.737443 4.418088 4.062426 4.791138 5.406304 5.946504 6.190149 5.915371 5.247400 4.558743 4.890957 5.684554 6.478662 6.853892 6.478662 5.684554 4.890956 4.558744 5.247400 5.915372 6.190149 5.946504 5.406304 4.791137 4.062426 4.418088 4.737443 4.899851 4.843516 4.604536 4.279144 3.641686 3.709417 3.789530 3.855254 3.846459 3.764411 3.647429,

Pairwise cross-correlations of the modulus of all oriented sub-bands at the same scale (size QxQ)
 1.394188 2.468587 3.560194 2.338143 2.468587 23.934780 36.274906 11.565000 3.560194 36.274906 87.014793 36.412682 2.338143 11.565000 36.412682 23.116117,
 1.257575 1.432492 1.980026 1.258451 1.432492 14.482555 21.270397 6.072743 1.980026 21.270397 50.173206 20.217983 1.258451 6.072743 20.217983 12.657598,

Cross-correlations of the modulus of all oriented sub-bands with all oriented sub-bands at the coarser scale (size QxQ)
 1.076314 1.552385 2.224045 1.420101 1.827577 11.554183 18.050903 6.858585 2.823090 17.851263 36.897945 16.943293 1.671113 6.682576 16.783173 10.044200,
 0.836947 0.794330 1.203367 0.739660 1.070278 5.796721 9.474983 3.733972 1.648753 9.418018 19.497004 9.067395 0.920201 3.550191 8.693538 4.994545,

Cross-correlations of the real part of each oriented sub-band with both the real and imaginary part of all phase-doubled oriented sub-bands at the next coarser scale (Q matrices of size 1x2Q, which are computed and stored in a matrix of size Qx2Q)
 0.322344 -0.289482 -0.312804 -0.202032 -0.008087 -0.026342 -0.017010 -0.010336 -0.118278 -5.908195 -7.248250 -1.579441 -0.004224 0.317523 0.636217 0.044025 -0.356428 -8.501450 -17.509981 -7.756289 0.006626 0.736172 1.309023 -0.137976 -0.040825 -1.721816 -7.023503 -5.192914 0.000133 0.166853 0.224292 -0.226352,
 0.292150 -0.070281 -0.109310 -0.075784 0.012421 -0.021618 0.006094 0.016782 0.033421 -1.820886 -2.176779 -0.569281 -0.003021 0.071407 0.586109 0.081101 -0.132331 -2.891387 -6.820708 -3.489629 -0.006188 0.478269 1.647884 0.412736 0.036573 -0.718699 -3.265493 -2.481911 0.002850 0.181545 0.600535 0.307990,
