Low-band skewness and kurtosis
 -1.308228 4.183259,
 -1.068516 3.565385,
 -0.968735 3.254246,
 -1.123875 4.259107,

High-band variance
 102.447662,

Skewness, kurtosis, variance, mean, maximum and minimum of the reconstructed texture
 117.000000 255.000000 240.662750 540.972717 -1.571420 4.692030

Auto-correlations of the low-frequency bands at each scale
 112.663704 107.461845 105.340248 105.037560 105.413445 107.127754 111.403793 129.152740 109.309166 94.014313 88.171814 93.554146 108.748177 129.099274 249.491440 256.358917 261.782257 264.040802 261.866974 257.279083 252.048004 342.629425 377.108307 405.083069 416.278717 405.083069 377.108307 342.629425 252.048004 257.279022 261.866974 264.040802 261.782257 256.358887 249.491425 129.099274 108.748192 93.554146 88.171799 94.014282 109.309166 129.152756 111.403793 107.127754 105.413445 105.037582 105.340233 107.461845 112.663704,
 106.918510 104.629059 104.306953 104.537758 103.817467 103.489166 105.011292 115.378754 102.428757 92.949593 89.332916 91.673309 100.082291 112.450104 183.570007 186.494095 189.366730 190.876617 189.471115 186.982895 184.722717 236.887405 256.981079 273.625549 280.480194 273.625549 256.981079 236.887375 184.722748 186.982895 189.471115 190.876617 189.366730 186.494095 183.570007 112.450111 100.082291 91.673309 89.332916 92.949593 102.428780 115.378746 105.011299 103.489159 103.817482 104.537766 104.306969 104.629044 106.918526,
 112.265221 110.604042 109.798332 109.093597 107.671570 106.459015 106.208672 108.295242 102.799858 99.193787 98.104889 99.091911 102.471657 107.510727 146.641617 148.346420 150.071976 150.882874 149.695541 147.895111 146.457550 177.662994 187.425934 195.722107 199.259689 195.722107 187.425934 177.662994 146.457550 147.895096 149.695557 150.882858 150.071976 148.346451 146.641617 107.510712 102.471634 99.091904 98.104881 99.193787 102.799858 108.295242 106.208672 106.458992 107.671555 109.093597 109.798332 110.604042 112.265236,
 6.629301 9.679229 12.393261 15.621989 21.405800 28.912357 33.361809 9.272127 11.940948 15.593573 22.549685 31.207487 35.983635 33.743042 12.016110 16.055332 23.739082 33.437199 38.200565 34.520393 26.377611 17.311110 25.008062 34.538792 39.224216 34.538792 25.008062 17.311110 26.377611 34.520397 38.200565 33.437199 23.739082 16.055332 12.016112 33.743042 35.983631 31.207487 22.549690 15.593573 11.940948 9.272126 33.361809 28.912359 21.405800 15.621990 12.393259 9.679227 6.629301,

Auto-correlations of the modulus of each oriented sub-band
 0.650243 0.755485 0.836258 0.870124 0.843785 0.766366 0.662477 0.710899 0.832005 0.930082 0.969806 0.938855 0.850162 0.730089 0.800546 0.961912 1.078505 1.123593 1.085257 0.968227 0.805624 0.832268 1.032307 1.225336 1.312587 1.225335 1.032307 0.832268 0.805624 0.968227 1.085257 1.123593 1.078505 0.961912 0.800546 0.730089 0.850162 0.938855 0.969806 0.930082 0.832005 0.710898 0.662477 0.766366 0.843785 0.870124 0.836258 0.755485 0.650243,
 8.507229 8.960951 9.561685 10.154391 10.571949 10.825158 10.993270 10.690423 11.723199 12.925907 13.813084 14.032099 13.815650 13.480924 13.325431 14.940529 16.741201 17.798120 17.448561 16.340366 15.221585 15.187829 16.890625 18.745787 19.672129 18.745785 16.890627 15.187828 15.221583 16.340366 17.448561 17.798120 16.741199 14.940532 13.325431 13.480923 13.815647 14.032099 13.813082 12.925905 11.723199 10.690423 10.993271 10.825158 10.571949 10.154391 9.561685 8.960951 8.507229,
 35.954235 37.427799 39.047760 39.825642 39.197506 37.724297 36.280052 45.225979 49.225094 53.372116 55.282051 53.582645 49.668396 45.762531 54.463890 61.471535 68.737999 72.086945 68.920532 61.859951 54.944439 58.683250 67.090904 75.839737 79.904938 75.839737 67.090904 58.683250 54.944447 61.859940 68.920532 72.086945 68.737984 61.471535 54.463890 45.762527 49.668388 53.582649 55.282051 53.372112 49.225101 45.225983 36.280048 37.724297 39.197506 39.825645 39.047760 37.427799 35.954239,
 11.986871 11.778273 11.536641 11.144073 10.546991 9.921010 9.424259 14.400742 14.704269 14.940299 14.764255 13.902846 12.717979 11.705516 16.069141 17.144188 18.271345 18.664742 17.627054 15.849896 14.303418 16.066425 17.697285 19.550005 20.493004 19.550005 17.697285 16.066425 14.303418 15.849895 17.627058 18.664742 18.271345 17.144186 16.069141 11.705516 12.717979 13.902844 14.764253 14.940299 14.704269 14.400741 9.424259 9.921011 10.546993 11.144073 11.536641 11.778273 11.986868,
 0.553046 0.732048 0.881176 0.940206 0.881031 0.731006 0.550275 0.587281 0.779346 0.938657 1.001967 0.939908 0.779946 0.585415 0.621546 0.845614 1.038453 1.118160 1.043124 0.851211 0.626063 0.640690 0.890086 1.117685 1.214430 1.117685 0.890086 0.640690 0.626063 0.851211 1.043124 1.118160 1.038453 0.845614 0.621546 0.585415 0.779946 0.939908 1.001967 0.938657 0.779346 0.587281 0.550275 0.731006 0.881031 0.940206 0.881176 0.732048 0.553046,
 4.592605 4.884229 5.191074 5.483620 5.712760 5.832638 5.839155 5.582216 6.274224 6.948767 7.388971 7.511642 7.376249 7.058244 6.863578 7.964576 9.048361 9.599393 9.382142 8.710861 7.900387 7.830463 9.002421 10.146561 10.681976 10.146561 9.002421 7.830463 7.900387 8.710861 9.382141 9.599392 9.048361 7.964576 6.863578 7.058243 7.376250 7.511642 7.388971 6.948767 6.274224 5.582216 5.839155 5.832638 5.712760 5.483620 5.191074 4.884229 4.592605,
 16.243324 17.401094 18.412865 18.904148 18.638294 17.798401 16.818474 19.957964 22.781767 25.482718 26.804272 25.980562 23.560986 20.815413 24.126316 28.986412 33.746437 35.987808 34.207680 29.662945 24.783794 26.277573 32.155239 37.873035 40.412327 37.873043 32.155239 26.277573 24.783792 29.662945 34.207680 35.987804 33.746441 28.986408 24.126316 20.815411 23.560986 25.980562 26.804277 25.482723 22.781767 19.957966 16.818474 17.798403 18.638292 18.904148 18.412865 17.401093 16.243324,
 6.229417 6.227153 6.103352 5.846760 5.492487 5.108835 4.754436 7.387103 7.696502 7.832898 7.685952 7.196405 6.475427 5.763122 8.190723 8.982436 9.646011 9.842749 9.262956 8.160633 7.067324 8.082869 9.236652 10.375515 10.909517 10.375515 9.236652 8.082869 7.067324 8.160633 9.262957 9.842748 9.646011 8.982437 8.190723 5.763122 6.475427 7.196405 7.685952 7.832898 7.696502 7.387102 4.754436 5.108835 5.492486 5.846760 6.103352 6.227153 6.229417,
 0.329422 0.476190 0.601856 0.653140 0.604670 0.480000 0.331319 0.346282 0.499450 0.629199 0.681484 0.631153 0.502116 0.347678 0.364815 0.535228 0.684660 0.746130 0.685903 0.536192 0.364132 0.372403 0.558238 0.728148 0.800297 0.728148 0.558238 0.372403 0.364132 0.536192 0.685903 0.746130 0.684660 0.535228 0.364815 0.347678 0.502116 0.631153 0.681484 0.629199 0.499450 0.346282 0.331319 0.480000 0.604670 0.653140 0.601856 0.476190 0.329422,
 2.169494 2.243778 2.317819 2.395790 2.469420 2.516037 2.512842 2.541428 2.825064 3.096517 3.247383 3.272243 3.194136 3.029970 3.054713 3.601126 4.172678 4.429737 4.261739 3.877121 3.441919 3.453548 4.074513 4.732437 5.058149 4.732437 4.074513 3.453548 3.441919 3.877121 4.261739 4.429737 4.172678 3.601126 3.054713 3.029970 3.194135 3.272244 3.247383 3.096517 2.825063 2.541428 2.512842 2.516037 2.469420 2.395789 2.317819 2.243778 2.169495,
 9.886003 10.417020 10.893612 11.161923 11.134696 10.940455 10.707856 11.330030 12.814057 14.226832 14.930777 14.541645 13.422227 12.199448 13.264403 15.923436 18.494629 19.685331 18.695431 16.291874 13.778334 14.358221 17.542709 20.657660 22.055851 20.657660 17.542709 14.358219 13.778335 16.291872 18.695431 19.685331 18.494633 15.923435 13.264403 12.199448 13.422227 14.541645 14.930777 14.226830 12.814055 11.330028 10.707858 10.940455 11.134695 11.161923 10.893611 10.417021 9.886003,
 2.511998 2.681917 2.732426 2.664756 2.564784 2.482475 2.401362 2.896334 3.263108 3.490588 3.515015 3.341157 3.023746 2.693408 3.231988 3.835881 4.373285 4.606833 4.322223 3.683099 3.059432 3.299087 4.039989 4.806861 5.174655 4.806861 4.039989 3.299087 3.059431 3.683099 4.322222 4.606833 4.373285 3.835881 3.231988 2.693408 3.023746 3.341157 3.515015 3.490588 3.263108 2.896334 2.401363 2.482475 2.564784 2.664755 2.732426 2.681916 2.511998,

Pairwise cross-correlations of the modulus of all oriented sub-bands at the same scale (size QxQ)
 1.312587 1.993466 2.964673 2.067692 1.993466 19.672129 32.116165 9.671374 2.964673 32.116165 79.904961 32.210228 2.067692 9.671374 32.210228 20.492998,
 1.214430 1.086117 1.434826 1.131759 1.086117 10.681976 16.199867 3.967319 1.434826 16.199867 40.412327 15.883320 1.131759 3.967319 15.883320 10.909516,

Cross-correlations of the modulus of all oriented sub-bands with all oriented sub-bands at the coarser scale (size QxQ)
 1.039973 1.186176 1.617815 1.254980 1.479503 7.934401 12.205042 4.296146 2.491610 12.264104 26.854416 12.754146 1.605293 4.035617 12.297958 8.663443,
 0.825965 0.688966 0.922703 0.752165 0.874326 3.673397 6.220665 2.336076 1.362584 5.737989 12.829768 5.853462 0.903440 1.824463 5.577299 3.688341,

Cross-correlations of the real part of each oriented sub-band with both the real and imaginary part of all phase-doubled oriented sub-bands at the next coarser scale (Q matrices of size 1x2Q, which are computed and stored in a matrix of size Qx2Q)
 0.313200 -0.162627 -0.265123 -0.203795 0.004431 0.023562 -0.019739 -0.013185 -0.014360 -5.446538 -8.304678 -2.166426 0.007008 -0.016990 -0.216928 -0.114857 -0.275907 -9.103234 -21.171862 -9.216989 0.007796 -0.137954 -1.089662 -0.566014 -0.055999 -2.121374 -8.402818 -5.606627 0.006862 -0.047620 -0.682585 -0.360655,
 0.284176 -0.030982 -0.053693 -0.026188 -0.034828 0.034128 -0.006133 -0.006824 0.073929 -1.951126 -2.907594 -0.719689 0.003460 0.488272 0.198684 -0.114445 -0.069543 -3.396207 -7.032907 -2.593350 0.020296 0.442695 -0.835348 -0.864275 0.059800 -0.812687 -2.415234 -1.363422 -0.006949 -0.022789 -0.845318 -0.614955,
