Low-band skewness and kurtosis
 -1.239714 3.991259,
 -0.965932 3.326801,
 -0.682617 2.590280,
 -0.539173 2.524929,

High-band variance
 99.413536,

Skewness, kurtosis, variance, mean, maximum and minimum of the reconstructed texture
 126.000000 255.000000 240.761078 515.267578 -1.511121 4.459944

Auto-correlations of the low-frequency bands at each scale
 74.044975 72.796593 73.036896 73.628342 73.741417 74.015038 75.425537 88.454498 72.843399 61.848423 57.739075 61.070934 71.367043 86.494110 230.565979 234.145203 237.201355 238.322632 236.173294 232.574066 229.426819 338.813904 365.069763 385.703705 393.923035 385.703705 365.069763 338.813873 229.426804 232.574066 236.173294 238.322601 237.201294 234.145157 230.565979 86.494102 71.367058 61.070938 57.739075 61.848419 72.843391 88.454491 75.425545 74.015053 73.741425 73.628326 73.036896 72.796570 74.044960,
 81.142342 81.517738 83.154648 84.720345 84.926811 84.923416 85.732903 75.386101 66.522835 61.572979 60.738369 63.286377 69.996765 80.448807 156.742172 158.657516 160.804306 161.904709 160.575363 158.767365 157.896255 222.889709 238.814667 251.182205 256.225281 251.182205 238.814713 222.889709 157.896286 158.767365 160.575363 161.904709 160.804306 158.657532 156.742172 80.448799 69.996765 63.286373 60.738369 61.572968 66.522842 75.386101 85.732903 84.923409 84.926819 84.720345 83.154648 81.517754 81.142349,
 90.488426 90.156715 89.939278 89.300117 87.608200 85.809715 84.662521 91.379082 86.038300 82.526550 81.178116 81.643356 84.570160 89.680595 120.664726 121.888565 123.986809 125.852547 126.182358 126.117554 126.460358 150.881363 159.443008 166.552719 169.591629 166.552719 159.443008 150.881363 126.460365 126.117554 126.182358 125.852531 123.986809 121.888565 120.664726 89.680588 84.570160 81.643349 81.178116 82.526543 86.038315 91.379074 84.662521 85.809700 87.608192 89.300133 89.939270 90.156731 90.488411,
 14.114419 15.791951 15.289488 16.026659 21.521141 29.965286 34.520645 15.491982 14.809763 15.701558 21.904894 30.945391 35.516899 31.866884 14.674629 15.658665 22.167690 31.938728 36.563225 31.999456 23.166328 16.129446 22.505634 32.214855 37.184223 32.214855 22.505634 16.129444 23.166328 31.999453 36.563217 31.938730 22.167692 15.658668 14.674626 31.866884 35.516903 30.945389 21.904892 15.701555 14.809766 15.491985 34.520641 29.965284 21.521143 16.026659 15.289488 15.791952 14.114422,

Auto-correlations of the modulus of each oriented sub-band
 0.520478 0.624754 0.707649 0.746251 0.727662 0.656498 0.553424 0.586062 0.707529 0.805681 0.850353 0.826068 0.741051 0.621896 0.685996 0.842756 0.969539 1.024828 0.986988 0.870222 0.713863 0.750341 0.946052 1.110701 1.177246 1.110701 0.946052 0.750341 0.713863 0.870222 0.986988 1.024828 0.969539 0.842756 0.685996 0.621896 0.741051 0.826067 0.850353 0.805681 0.707529 0.586062 0.553424 0.656498 0.727662 0.746251 0.707649 0.624755 0.520478,
 7.053564 7.427953 7.934549 8.393526 8.660326 8.804370 8.943061 9.197437 9.991867 10.974569 11.659761 11.751951 11.528903 11.329168 11.716136 12.944892 14.430445 15.281208 14.923280 13.984259 13.189911 13.387520 14.660332 16.207449 17.000051 16.207451 14.660332 13.387518 13.189913 13.984259 14.923280 15.281208 14.430445 12.944892 11.716136 11.329166 11.528903 11.751951 11.659761 10.974569 9.991867 9.197439 8.943060 8.804368 8.660327 8.393525 7.934549 7.427954 7.053565,
 38.891693 40.344208 41.709927 42.384308 41.997002 40.908535 39.748920 49.094604 52.858307 56.405697 58.053699 56.790558 53.570473 50.094913 59.647385 66.325676 72.692680 75.568176 72.991798 66.854416 60.352566 64.580070 72.649559 80.401985 83.851105 80.401978 72.649574 64.580070 60.352573 66.854408 72.991791 75.568161 72.692680 66.325684 59.647385 50.094913 53.570457 56.790558 58.053699 56.405689 52.858307 49.094604 39.748924 40.908531 41.996998 42.384304 41.709927 40.344208 38.891697,
 9.331495 9.191932 9.050486 8.801039 8.364406 7.855802 7.449667 11.695271 11.941274 12.182737 12.099667 11.420567 10.402869 9.524766 13.526273 14.419243 15.395711 15.758321 14.905474 13.362528 12.007572 13.688456 15.096163 16.700752 17.497679 16.700752 15.096163 13.688456 12.007572 13.362525 14.905476 15.758324 15.395710 14.419243 13.526273 9.524765 10.402868 11.420568 12.099666 12.182737 11.941277 11.695272 7.449666 7.855801 8.364404 8.801039 9.050486 9.191932 9.331495,
 0.493574 0.677288 0.831925 0.895520 0.837979 0.685347 0.499677 0.522579 0.719603 0.887067 0.956554 0.894847 0.731210 0.533190 0.566132 0.789675 0.983105 1.064336 0.991978 0.802117 0.577174 0.594382 0.835726 1.049734 1.138801 1.049734 0.835726 0.594382 0.577174 0.802117 0.991978 1.064336 0.983105 0.789675 0.566132 0.533190 0.731210 0.894847 0.956554 0.887067 0.719603 0.522579 0.499677 0.685347 0.837979 0.895520 0.831925 0.677288 0.493574,
 3.455399 3.661845 3.910110 4.161102 4.367957 4.520311 4.629271 4.486513 5.013263 5.528553 5.875114 6.015190 6.024216 5.946329 5.977242 6.815331 7.630967 8.040469 7.899155 7.497075 7.038656 7.086041 7.914792 8.743625 9.145024 8.743625 7.914792 7.086040 7.038656 7.497074 7.899154 8.040470 7.630967 6.815331 5.977241 5.946329 6.024215 6.015190 5.875114 5.528553 5.013263 4.486513 4.629271 4.520311 4.367957 4.161103 3.910110 3.661845 3.455399,
 20.536228 21.583242 22.541889 22.972687 22.726786 22.152988 21.678442 25.503986 28.313303 30.721962 31.696295 30.819256 28.741083 26.477726 31.233017 36.202484 40.489315 42.235615 40.534512 36.452160 31.826128 34.090542 40.020363 45.234108 47.419460 45.234116 40.020367 34.090542 31.826128 36.452160 40.534508 42.235619 40.489315 36.202488 31.233017 26.477726 28.741083 30.819254 31.696297 30.721968 28.313303 25.503986 21.678442 22.152990 22.726780 22.972687 22.541891 21.583239 20.536228,
 5.356462 5.300448 5.170509 4.963176 4.713386 4.477816 4.289487 6.637523 6.808253 6.851439 6.722015 6.362370 5.829691 5.296714 7.638854 8.205297 8.681135 8.840833 8.406546 7.544321 6.663919 7.668391 8.578286 9.471322 9.894637 9.471322 8.578286 7.668391 6.663918 7.544320 8.406545 8.840834 8.681135 8.205297 7.638855 5.296714 5.829691 6.362371 6.722015 6.851439 6.808254 6.637523 4.289486 4.477816 4.713386 4.963176 5.170510 5.300448 5.356462,
 0.319205 0.459677 0.579729 0.629354 0.583343 0.463594 0.321014 0.325685 0.473417 0.601497 0.656555 0.611946 0.489589 0.342061 0.350105 0.518111 0.667001 0.730881 0.676363 0.533979 0.367531 0.372761 0.553827 0.716047 0.783830 0.716047 0.553827 0.372761 0.367531 0.533979 0.676363 0.730881 0.667001 0.518111 0.350105 0.342061 0.489589 0.611946 0.656555 0.601497 0.473417 0.325685 0.321014 0.463594 0.583343 0.629354 0.579729 0.459677 0.319205,
 2.090592 2.205730 2.308126 2.393091 2.453694 2.479732 2.487809 2.673626 2.929555 3.141967 3.237104 3.244765 3.196698 3.101857 3.355922 3.774808 4.161800 4.297637 4.159367 3.916316 3.652654 3.771528 4.199806 4.637784 4.851247 4.637784 4.199806 3.771528 3.652654 3.916315 4.159367 4.297637 4.161800 3.774808 3.355922 3.101857 3.196698 3.244764 3.237104 3.141966 2.929555 2.673625 2.487809 2.479732 2.453694 2.393091 2.308126 2.205730 2.090592,
 7.308500 7.799088 8.418798 8.862938 8.757983 8.338812 7.933732 9.274107 10.587981 11.919635 12.580171 12.032784 10.770646 9.514937 11.626089 14.014028 16.331205 17.354954 16.269718 13.922072 11.560008 12.639702 15.563582 18.446011 19.762640 18.446011 15.563581 12.639700 11.560008 13.922072 16.269718 17.354954 16.331203 14.014028 11.626087 9.514937 10.770644 12.032784 12.580171 11.919632 10.587980 9.274106 7.933732 8.338812 8.757983 8.862938 8.418797 7.799089 7.308500,
 1.786456 1.840535 1.850778 1.836073 1.794241 1.714387 1.607684 2.302577 2.439537 2.522982 2.551740 2.464248 2.239528 1.969636 2.736595 3.059510 3.367767 3.540282 3.377420 2.934997 2.466427 2.801262 3.298550 3.814828 4.067296 3.814828 3.298550 2.801262 2.466427 2.934997 3.377420 3.540282 3.367767 3.059510 2.736595 1.969636 2.239528 2.464248 2.551740 2.522982 2.439537 2.302577 1.607684 1.714387 1.794241 1.836073 1.850778 1.840535 1.786456,

Pairwise cross-correlations of the modulus of all oriented sub-bands at the same scale (size QxQ)
 1.177247 1.561640 2.484689 1.631659 1.561640 17.000059 32.317848 10.357470 2.484689 32.317848 83.851089 32.526806 1.631659 10.357470 32.526806 17.497675,
 1.138801 0.922026 1.371902 1.008654 0.922026 9.145023 17.447311 5.151677 1.371902 17.447311 47.419472 18.109335 1.008654 5.151677 18.109335 9.894636,

Cross-correlations of the modulus of all oriented sub-bands with all oriented sub-bands at the coarser scale (size QxQ)
 0.954526 0.991075 1.533629 1.114009 1.208548 6.792147 13.335282 5.035568 2.088401 12.923248 31.409349 13.737613 1.234676 4.728000 13.613742 7.470949,
 0.800690 0.777710 0.817123 0.735948 0.757371 3.481810 5.907506 1.984205 1.310355 6.464398 14.059558 5.640664 0.840791 2.370090 5.694578 3.072426,

Cross-correlations of the real part of each oriented sub-band with both the real and imaginary part of all phase-doubled oriented sub-bands at the next coarser scale (Q matrices of size 1x2Q, which are computed and stored in a matrix of size Qx2Q)
 0.317527 -0.069151 -0.156231 -0.070206 -0.006467 -0.001946 -0.003256 0.002434 0.068662 -4.534711 -8.067595 -2.395455 -0.002726 -0.023064 -0.010150 0.067914 -0.092296 -8.443270 -21.253946 -9.586699 -0.003744 -0.069994 0.063924 0.297258 0.078645 -2.130959 -8.327515 -5.192155 -0.003900 -0.028537 0.046134 0.167579,
 0.313651 -0.030892 -0.076205 0.024305 -0.020612 0.003426 -0.006101 0.016687 0.094873 -2.741657 -4.207179 -0.821710 -0.007063 0.551561 1.146737 0.127081 -0.028634 -4.798719 -9.159842 -2.887132 -0.002021 1.099430 2.296364 0.081485 0.119097 -1.068773 -2.906132 -1.422647 -0.012049 0.261560 0.492562 -0.061196,
