Low-band skewness and kurtosis
 -1.222163 3.910014,
 -0.975354 3.375137,
 -0.692943 2.615779,
 -0.507245 2.457591,

High-band variance
 101.551460,

Skewness, kurtosis, variance, mean, maximum and minimum of the reconstructed texture
 130.000000 255.000000 240.817795 509.539459 -1.489957 4.329828

Auto-correlations of the low-frequency bands at each scale
 79.531914 78.137863 77.954933 77.765701 76.673088 75.502876 75.322906 81.786163 68.970581 60.428864 57.550323 60.360260 68.617004 80.855942 223.840668 226.748047 229.814316 231.592255 230.608521 228.339539 226.467117 340.936768 362.106750 378.829681 385.528320 378.829681 362.106812 340.936768 226.467117 228.339508 230.608521 231.592255 229.814270 226.748062 223.840652 80.855957 68.617004 60.360271 57.550323 60.428867 68.970573 81.786156 75.322906 75.502876 76.673088 77.765709 77.954948 78.137863 79.531898,
 88.639450 88.281876 89.126236 89.938202 89.303024 88.448135 88.448875 80.288681 72.553825 67.814095 66.028313 66.223114 69.401062 75.752647 157.575287 158.004684 159.039368 159.460007 157.621017 155.237503 153.735672 224.741943 236.429565 245.785645 249.737518 245.785645 236.429565 224.741943 153.735672 155.237503 157.621017 159.460007 159.039368 158.004684 157.575287 75.752647 69.401077 66.223099 66.028320 67.814095 72.553818 80.288666 88.448883 88.448143 89.303032 89.938202 89.126244 88.281860 88.639442,
 89.549370 89.816650 90.552040 91.241745 91.190155 91.090202 91.385971 87.596527 82.699059 79.623581 78.363319 78.270119 79.952583 83.480064 125.670868 125.385712 125.595131 125.450165 123.813980 121.855843 120.564781 155.781921 162.564728 168.159500 170.578125 168.159500 162.564728 155.781921 120.564789 121.855858 123.813980 125.450165 125.595146 125.385712 125.670860 83.480064 79.952576 78.270103 78.363312 79.623566 82.699043 87.596527 91.385979 91.090195 91.190147 91.241745 90.552032 89.816643 89.549362,
 11.062399 14.273485 14.439046 14.332772 18.083027 24.639439 27.776340 14.403100 14.403795 14.141413 18.249069 25.244095 28.514891 24.920666 14.742718 14.220126 18.233051 25.862875 29.413576 25.270109 18.534555 14.738090 18.242838 25.777061 29.981478 25.777061 18.242838 14.738088 18.534555 25.270109 29.413576 25.862871 18.233051 14.220126 14.742716 24.920666 28.514887 25.244095 18.249067 14.141409 14.403797 14.403096 27.776340 24.639439 18.083027 14.332771 14.439044 14.273485 11.062399,

Auto-correlations of the modulus of each oriented sub-band
 0.583779 0.698076 0.781044 0.808345 0.771579 0.682136 0.564886 0.635158 0.759087 0.849252 0.878138 0.835880 0.736200 0.608639 0.695700 0.847105 0.961875 1.002203 0.953063 0.832823 0.680177 0.721352 0.904067 1.054625 1.114622 1.054625 0.904067 0.721352 0.680177 0.832823 0.953063 1.002203 0.961875 0.847105 0.695700 0.608639 0.736200 0.835880 0.878138 0.849252 0.759087 0.635158 0.564886 0.682135 0.771579 0.808345 0.781044 0.698076 0.583779,
 6.352747 6.608466 6.967833 7.297894 7.492657 7.606710 7.727071 8.495457 9.117492 9.876813 10.387166 10.430089 10.226634 10.042511 10.924434 11.961932 13.190757 13.864674 13.533010 12.712824 12.005249 12.415910 13.528452 14.855707 15.527244 14.855707 13.528452 12.415910 12.005250 12.712822 13.533010 13.864676 13.190756 11.961932 10.924433 10.042511 10.226633 10.430090 10.387165 9.876813 9.117492 8.495459 7.727071 7.606710 7.492657 7.297894 6.967831 6.608465 6.352746,
 37.415470 38.671154 39.742661 40.197762 39.816204 38.945827 38.102310 49.051891 52.328350 55.184849 56.380310 55.251556 52.596146 49.735577 61.111195 67.028221 72.325897 74.561043 72.343948 67.170677 61.534325 66.605453 73.756859 80.317215 83.160492 80.317200 73.756859 66.605453 61.534325 67.170677 72.343948 74.561043 72.325890 67.028221 61.111195 49.735584 52.596138 55.251556 56.380310 55.184849 52.328346 49.051891 38.102318 38.945827 39.816208 40.197765 39.742649 38.671154 37.415474,
 8.559476 8.509197 8.446148 8.272161 7.923879 7.527129 7.257628 10.701307 10.984976 11.253446 11.231975 10.689855 9.868964 9.200963 12.497695 13.326972 14.218164 14.569507 13.862078 12.561660 11.439301 12.839728 14.070598 15.472052 16.169273 15.472052 14.070599 12.839728 11.439301 12.561660 13.862077 14.569506 14.218162 13.326972 12.497695 9.200963 9.868964 10.689854 11.231975 11.253446 10.984976 10.701307 7.257628 7.527128 7.923879 8.272161 8.446149 8.509197 8.559476,
 0.546307 0.744639 0.906317 0.967485 0.900419 0.735745 0.537952 0.571087 0.778965 0.948629 1.013071 0.942593 0.769271 0.561799 0.600945 0.829334 1.019524 1.093554 1.015428 0.822543 0.594454 0.614380 0.856639 1.065645 1.150912 1.065645 0.856639 0.614380 0.594454 0.822543 1.015428 1.093554 1.019524 0.829334 0.600945 0.561799 0.769271 0.942593 1.013071 0.948629 0.778965 0.571087 0.537952 0.735745 0.900419 0.967485 0.906317 0.744639 0.546307,
 2.716528 2.883061 3.061533 3.213960 3.290480 3.283944 3.222059 3.719516 4.132750 4.516774 4.741071 4.759319 4.626918 4.398382 4.936721 5.638433 6.297545 6.600509 6.418300 5.974760 5.452976 5.696232 6.459939 7.190963 7.534217 7.190963 6.459938 5.696232 5.452976 5.974760 6.418299 6.600508 6.297546 5.638432 4.936722 4.398382 4.626918 4.759319 4.741071 4.516774 4.132750 3.719515 3.222059 3.283944 3.290479 3.213960 3.061533 2.883061 2.716528,
 18.500805 19.322334 19.950207 20.120378 19.660929 18.764570 17.720474 24.312176 26.525162 28.298286 28.963884 28.145634 26.201494 23.806042 30.418684 34.487656 37.839516 39.183853 37.811409 34.394196 30.220911 33.131817 38.180603 42.392376 44.117306 42.392376 38.180603 33.131813 30.220911 34.394192 37.811409 39.183853 37.839516 34.487656 30.418680 23.806046 26.201492 28.145628 28.963884 28.298286 26.525162 24.312176 17.720470 18.764574 19.660929 20.120378 19.950209 19.322334 18.500807,
 4.349696 4.369753 4.346992 4.249157 4.093934 3.917711 3.736007 5.562339 5.757246 5.852484 5.823582 5.623607 5.249323 4.809509 6.618849 7.106426 7.529280 7.732753 7.458064 6.782364 6.055541 6.833237 7.583773 8.331603 8.691651 8.331603 7.583773 6.833237 6.055541 6.782364 7.458063 7.732753 7.529280 7.106426 6.618849 4.809509 5.249323 5.623607 5.823583 5.852484 5.757246 5.562340 3.736007 3.917711 4.093933 4.249157 4.346992 4.369753 4.349697,
 0.300929 0.441346 0.561822 0.609686 0.559783 0.437071 0.295190 0.311808 0.458249 0.583859 0.632724 0.578891 0.449536 0.301870 0.322188 0.481628 0.622871 0.679585 0.619258 0.475375 0.315206 0.325034 0.493286 0.647433 0.712261 0.647433 0.493286 0.325034 0.315206 0.475375 0.619258 0.679585 0.622871 0.481628 0.322188 0.301870 0.449536 0.578891 0.632724 0.583859 0.458249 0.311808 0.295190 0.437071 0.559783 0.609686 0.561822 0.441346 0.300929,
 0.877695 0.994881 1.110121 1.200275 1.241720 1.236176 1.201854 1.366109 1.631459 1.861748 1.981880 1.988197 1.903609 1.755624 1.961254 2.379106 2.757457 2.912206 2.799706 2.543413 2.225340 2.327301 2.772314 3.184907 3.375633 3.184907 2.772314 2.327301 2.225340 2.543414 2.799706 2.912206 2.757457 2.379106 1.961254 1.755624 1.903609 1.988197 1.981880 1.861748 1.631459 1.366109 1.201854 1.236176 1.241719 1.200275 1.110121 0.994881 0.877695,
 5.951135 6.520893 7.174937 7.676539 7.839365 7.668481 7.310440 8.810309 10.297896 11.669188 12.452994 12.348821 11.472226 10.224172 11.960070 14.546510 16.790707 17.858944 17.258537 15.333264 12.890808 13.699929 16.776993 19.368835 20.429789 19.368834 16.776993 13.699929 12.890808 15.333265 17.258537 17.858944 16.790707 14.546507 11.960071 10.224171 11.472226 12.348821 12.452993 11.669187 10.297895 8.810311 7.310438 7.668482 7.839365 7.676539 7.174937 6.520893 5.951136,
 1.970683 1.969283 1.948352 1.906752 1.852619 1.779222 1.692251 2.625490 2.739327 2.797608 2.790781 2.678893 2.445631 2.177978 3.146068 3.453440 3.713894 3.832900 3.656553 3.241259 2.802762 3.223042 3.683318 4.131007 4.343212 4.131008 3.683317 3.223042 2.802762 3.241259 3.656552 3.832900 3.713894 3.453440 3.146068 2.177978 2.445630 2.678892 2.790781 2.797608 2.739328 2.625490 1.692251 1.779222 1.852619 1.906752 1.948353 1.969283 1.970683,

Pairwise cross-correlations of the modulus of all oriented sub-bands at the same scale (size QxQ)
 1.114622 1.325118 2.081222 1.400023 1.325118 15.527241 31.212408 10.129916 2.081222 31.212408 83.160477 31.863613 1.400023 10.129916 31.863613 16.169281,
 1.150912 0.788033 0.962165 0.817499 0.788033 7.534214 15.687537 4.989924 0.962165 15.687537 44.117310 16.936903 0.817499 4.989924 16.936903 8.691651,

Cross-correlations of the modulus of all oriented sub-bands with all oriented sub-bands at the coarser scale (size QxQ)
 0.963792 0.793891 1.011532 0.866824 1.034545 5.416557 11.414284 4.373968 1.767139 11.493931 29.222050 12.297850 1.108105 4.416331 12.398011 6.349035,
 0.785160 0.508045 0.422675 0.554025 0.588324 2.000009 4.488390 2.026231 0.839668 4.150576 11.831299 5.708169 0.620417 1.742216 5.304859 3.037179,

Cross-correlations of the real part of each oriented sub-band with both the real and imaginary part of all phase-doubled oriented sub-bands at the next coarser scale (Q matrices of size 1x2Q, which are computed and stored in a matrix of size Qx2Q)
 0.344666 -0.015515 -0.094532 -0.040782 -0.021266 -0.005994 0.003099 0.013207 0.104389 -4.178159 -8.013741 -2.308954 -0.007760 -0.198189 -0.395264 -0.170475 -0.055900 -8.556865 -20.998493 -8.296084 -0.000875 -0.427194 -1.243204 -0.578840 0.093246 -2.321342 -7.730901 -4.095369 -0.008803 -0.126565 -0.471345 -0.233263,
 0.327288 0.028790 -0.043387 0.006857 -0.028950 -0.020779 -0.014201 -0.019661 0.120620 -1.451051 -2.845341 -0.805057 -0.013617 -0.212283 -0.572194 -0.213355 -0.018676 -3.025491 -7.521237 -3.297761 0.003641 -0.375499 -1.756693 -0.846287 0.109093 -0.795958 -2.901242 -1.790124 -0.004435 -0.103289 -0.791099 -0.454623,
