Low-band skewness and kurtosis
 -1.124985 3.788084,
 -0.774468 3.184248,
 -0.217653 2.029838,
 0.552836 1.895276,

High-band variance
 104.559174,

Skewness, kurtosis, variance, mean, maximum and minimum of the reconstructed texture
 134.000000 255.000000 240.785873 487.641998 -1.449227 4.300272

Auto-correlations of the low-frequency bands at each scale
 51.860085 51.940762 52.664799 53.123234 52.446701 51.496056 51.189545 2.681302 2.127495 2.541157 2.937322 2.349785 1.740246 2.095512 182.268539 182.996399 184.514389 185.467529 184.629929 183.232483 182.633469 354.035187 355.985870 358.407501 359.680176 358.407471 355.985870 354.035156 182.633453 183.232498 184.629913 185.467514 184.514389 182.996429 182.268539 2.095502 1.740252 2.349781 2.937317 2.541173 2.127491 2.681314 51.189533 51.496067 52.446690 53.123230 52.664806 51.940758 51.860088,
 54.747002 54.449066 54.874546 55.279297 54.669228 54.177773 54.507988 33.513870 33.098751 33.591465 34.187008 33.803825 33.643009 34.459694 120.238853 120.487556 121.597176 122.389221 121.471588 120.277916 119.954659 202.506317 203.739380 205.661621 206.833008 205.661621 203.739380 202.506317 119.954643 120.277916 121.471603 122.389221 121.597176 120.487556 120.238853 34.459702 33.643009 33.803829 34.187016 33.591457 33.098751 33.513863 54.507996 54.177773 54.669235 55.279297 54.874546 54.449062 54.747002,
 56.786736 56.574856 56.832241 57.153606 56.843895 56.543667 56.659752 48.930405 47.992374 47.668701 47.668644 47.379189 47.446430 48.141018 89.487480 89.627190 90.260292 90.739670 90.255569 89.722168 89.765099 128.966751 130.004089 131.411179 132.230576 131.411179 130.004089 128.966751 89.765106 89.722168 90.255569 90.739685 90.260292 89.627197 89.487465 48.141018 47.446423 47.379189 47.668644 47.668701 47.992374 48.930401 56.659752 56.543667 56.843895 57.153599 56.832233 56.574852 56.786736,
 12.291443 14.033774 16.581686 21.073715 27.245314 33.419800 36.171253 14.084958 16.379166 20.848948 27.402411 33.657387 36.221088 33.373280 16.421364 20.636026 27.206285 33.890804 36.518990 33.416622 26.984184 20.672878 26.981121 33.699478 36.769539 33.699478 26.981121 20.672878 26.984182 33.416622 36.518990 33.890804 27.206285 20.636026 16.421366 33.373280 36.221092 33.657391 27.402407 20.848951 16.379166 14.084955 36.171253 33.419796 27.245314 21.073713 16.581686 14.033772 12.291443,

Auto-correlations of the modulus of each oriented sub-band
 0.501932 0.611156 0.692718 0.724567 0.697234 0.618919 0.511075 0.546168 0.672726 0.767770 0.803455 0.768243 0.673843 0.548066 0.593659 0.744554 0.860270 0.903855 0.859638 0.743707 0.593124 0.615129 0.778209 0.904736 0.952965 0.904736 0.778209 0.615129 0.593124 0.743707 0.859638 0.903855 0.860270 0.744554 0.593659 0.548066 0.673843 0.768243 0.803455 0.767770 0.672726 0.546168 0.511075 0.618919 0.697234 0.724567 0.692718 0.611156 0.501932,
 7.627458 7.627310 7.625599 7.629223 7.630125 7.621810 7.609041 9.769748 9.817588 9.835842 9.821824 9.798585 9.778660 9.754344 12.135533 12.249550 12.334148 12.331771 12.258157 12.182410 12.121339 13.230449 13.349355 13.478358 13.544251 13.478358 13.349355 13.230449 12.121339 12.182410 12.258159 12.331771 12.334148 12.249550 12.135533 9.754342 9.778660 9.798584 9.821824 9.835841 9.817588 9.769748 7.609043 7.621810 7.630125 7.629223 7.625599 7.627311 7.627459,
 59.518566 59.788689 60.064117 60.155773 59.952099 59.562366 59.174664 76.161636 76.650055 77.081306 77.244682 77.018044 76.525612 75.976730 94.774658 95.539467 96.164833 96.413643 96.147720 95.507835 94.729927 103.561127 104.475113 105.204681 105.497726 105.204681 104.475113 103.561127 94.729912 95.507835 96.147697 96.413643 96.164848 95.539482 94.774658 75.976730 76.525612 77.018044 77.244675 77.081299 76.650055 76.161629 59.174656 59.562366 59.952099 60.155766 60.064121 59.788696 59.518566,
 7.595734 7.597253 7.595330 7.586406 7.572270 7.558167 7.542115 9.743113 9.759894 9.775625 9.796186 9.802390 9.773272 9.713070 12.109877 12.171961 12.251898 12.326414 12.324594 12.232494 12.107080 13.217170 13.345463 13.482738 13.550855 13.482738 13.345463 13.217170 12.107080 12.232494 12.324594 12.326414 12.251893 12.171963 12.109877 9.713072 9.773271 9.802390 9.796186 9.775623 9.759894 9.743113 7.542115 7.558167 7.572272 7.586407 7.595331 7.597252 7.595735,
 0.497618 0.679951 0.831819 0.895039 0.841017 0.694552 0.512754 0.513279 0.706543 0.868790 0.936748 0.879088 0.722753 0.529817 0.539780 0.750780 0.928333 1.001131 0.934607 0.760632 0.549819 0.556947 0.777387 0.962020 1.035396 0.962020 0.777387 0.556947 0.549819 0.760632 0.934607 1.001131 0.928333 0.750780 0.539780 0.529817 0.722753 0.879088 0.936748 0.868790 0.706543 0.513279 0.512754 0.694552 0.841017 0.895039 0.831819 0.679951 0.497618,
 3.268970 3.260458 3.238589 3.220594 3.202848 3.183577 3.168245 4.429601 4.467159 4.468612 4.426837 4.386136 4.356835 4.323399 5.787565 5.885714 5.970506 5.950737 5.852685 5.776284 5.720067 6.420513 6.520565 6.653902 6.734648 6.653902 6.520564 6.420513 5.720067 5.776286 5.852684 5.950737 5.970506 5.885714 5.787565 4.323398 4.356835 4.386136 4.426837 4.468612 4.467160 4.429601 3.168245 3.183578 3.202847 3.220594 3.238590 3.260458 3.268970,
 24.537537 24.571260 24.635084 24.614864 24.430534 24.165478 23.935047 33.848434 34.036926 34.207664 34.220432 33.979588 33.586998 33.185169 44.742855 45.178864 45.537399 45.647160 45.390171 44.889462 44.318752 49.905033 50.524708 51.036949 51.252369 51.036949 50.524708 49.905033 44.318752 44.889462 45.390171 45.647156 45.537392 45.178864 44.742855 33.185173 33.586998 33.979591 34.220432 34.207661 34.036926 33.848434 23.935047 24.165482 24.430542 24.614866 24.635080 24.571259 24.537539,
 3.217007 3.207103 3.195953 3.184788 3.183684 3.185844 3.171298 4.419080 4.428531 4.433363 4.458563 4.488992 4.470344 4.405291 5.800253 5.844733 5.915511 6.014582 6.030781 5.928067 5.803376 6.460735 6.568974 6.715026 6.802588 6.715026 6.568975 6.460735 5.803376 5.928065 6.030780 6.014582 5.915512 5.844734 5.800253 4.405290 4.470343 4.488992 4.458563 4.433364 4.428531 4.419080 3.171298 3.185843 3.183684 3.184787 3.195954 3.207103 3.217007,
 0.277029 0.401931 0.507242 0.549440 0.507706 0.402542 0.277447 0.283551 0.411892 0.520602 0.564940 0.523222 0.416023 0.287576 0.290723 0.426029 0.542037 0.589680 0.544827 0.430465 0.295106 0.296280 0.436066 0.556151 0.604633 0.556151 0.436066 0.296280 0.295106 0.430465 0.544827 0.589680 0.542036 0.426029 0.290723 0.287576 0.416022 0.523222 0.564940 0.520602 0.411892 0.283551 0.277447 0.402542 0.507706 0.549440 0.507242 0.401931 0.277029,
 1.395689 1.413913 1.433615 1.465861 1.483895 1.467249 1.432583 1.930154 1.985936 2.004363 1.996746 1.990986 1.979956 1.949162 2.509320 2.608324 2.689902 2.683731 2.618210 2.565046 2.526209 2.790387 2.870758 2.981612 3.044286 2.981612 2.870758 2.790387 2.526209 2.565047 2.618210 2.683731 2.689902 2.608324 2.509320 1.949162 1.979956 1.990986 1.996746 2.004363 1.985936 1.930154 1.432583 1.467249 1.483895 1.465861 1.433615 1.413913 1.395689,
 9.470003 9.634474 9.835676 9.944053 9.842706 9.656048 9.512742 13.189299 13.429732 13.699473 13.836750 13.705574 13.463374 13.262801 17.691814 18.051292 18.424816 18.611135 18.437830 18.099920 17.785633 19.981180 20.387854 20.802120 21.009592 20.802120 20.387856 19.981178 17.785631 18.099920 18.437832 18.611135 18.424814 18.051292 17.691814 13.262803 13.463374 13.705574 13.836750 13.699472 13.429732 13.189296 9.512742 9.656048 9.842704 9.944053 9.835676 9.634474 9.470003,
 1.357331 1.385817 1.400721 1.395117 1.381320 1.375479 1.366990 1.806650 1.833924 1.854298 1.879286 1.900946 1.894664 1.860888 2.348514 2.394742 2.459786 2.535646 2.549352 2.486902 2.409631 2.643225 2.722452 2.825198 2.884634 2.825198 2.722452 2.643225 2.409631 2.486902 2.549352 2.535646 2.459786 2.394742 2.348514 1.860888 1.894664 1.900946 1.879286 1.854298 1.833923 1.806650 1.366990 1.375479 1.381320 1.395117 1.400721 1.385817 1.357331,

Pairwise cross-correlations of the modulus of all oriented sub-bands at the same scale (size QxQ)
 0.952965 0.523789 0.304278 0.527131 0.523789 13.544249 37.269386 13.279373 0.304278 37.269386 105.497711 37.289612 0.527131 13.279373 37.289612 13.550854,
 1.035396 0.486741 0.374311 0.528252 0.486741 6.734649 18.181187 6.559992 0.374311 18.181187 51.252365 18.204922 0.528252 6.559992 18.204922 6.802588,

Cross-correlations of the modulus of all oriented sub-bands with all oriented sub-bands at the coarser scale (size QxQ)
 0.914382 0.408065 0.221523 0.446035 0.520943 4.247180 11.432346 4.174771 0.440323 11.511922 32.278282 11.444855 0.524757 4.212112 11.492782 4.246554,
 0.711924 0.479607 0.132006 0.405895 0.431793 2.273135 5.730994 2.157869 0.597892 5.854601 15.881033 5.663508 0.459107 2.190643 5.541307 2.139941,

Cross-correlations of the real part of each oriented sub-band with both the real and imaginary part of all phase-doubled oriented sub-bands at the next coarser scale (Q matrices of size 1x2Q, which are computed and stored in a matrix of size Qx2Q)
 0.345917 0.037819 -0.006293 0.035898 0.025707 0.001590 -0.000956 -0.010697 0.125281 -2.155570 -6.119967 -2.113655 0.009848 0.361647 1.079241 0.387353 0.001364 -5.987854 -17.252983 -6.190210 -0.000258 1.087948 3.097731 1.120225 0.129419 -2.071448 -6.146051 -2.276907 0.009667 0.400072 1.105409 0.398383,
 0.320207 0.031724 -0.005323 0.046516 0.028770 0.020027 0.004810 -0.002994 0.116094 -1.311545 -3.612969 -1.179648 0.012806 -0.040347 -0.406516 -0.184881 0.003041 -3.590415 -9.938499 -3.360339 0.001224 -0.265786 -1.268570 -0.562386 0.128004 -1.209984 -3.457792 -1.161806 0.012230 -0.113646 -0.483049 -0.214695,
