Low-band skewness and kurtosis
 -1.127408 3.396374,
 -0.736960 2.857366,
 -0.403261 2.137907,
 -0.080784 1.530342,

High-band variance
 144.199112,

Skewness, kurtosis, variance, mean, maximum and minimum of the reconstructed texture
 155.000000 255.000000 241.030197 599.920959 -1.467816 3.929645

Auto-correlations of the low-frequency bands at each scale
 35.741489 35.928440 36.684254 37.195591 36.680138 35.924629 35.740536 -39.998363 -39.934635 -39.213444 -38.686790 -39.218967 -39.939705 -39.999577 194.254379 194.647980 196.043808 196.952774 196.041138 194.645935 194.254471 420.599060 421.305023 423.228668 424.420349 423.228668 421.305023 420.599060 194.254471 194.645920 196.041138 196.952728 196.043808 194.647964 194.254379 -39.999577 -39.939705 -39.218971 -38.686790 -39.213444 -39.934643 -39.998371 35.740547 35.924629 36.680138 37.195591 36.684250 35.928432 35.741493,
 56.443016 56.353394 57.027084 57.630707 57.027634 56.353947 56.443138 25.786989 25.653687 26.322981 26.942270 26.322481 25.653490 25.787134 121.930832 121.847298 122.722237 123.478760 122.720901 121.846298 121.930733 217.725494 217.701263 218.733917 219.588135 218.733917 217.701263 217.725494 121.930725 121.846298 122.720909 123.478767 122.722237 121.847290 121.930824 25.787136 25.653486 26.322483 26.942272 26.322981 25.653688 25.786995 56.443146 56.353954 57.027634 57.630707 57.027077 56.353390 56.443016,
 57.573727 57.486652 57.868801 58.236862 57.868835 57.486679 57.573723 53.422211 53.323284 53.717873 54.101627 53.717777 53.323235 53.422211 93.784920 93.691093 94.135254 94.555878 94.135178 93.691055 93.784958 131.555725 131.471405 131.950180 132.393906 131.950180 131.471405 131.555725 93.784943 93.691055 94.135170 94.555878 94.135246 93.691109 93.784920 53.422207 53.323235 53.717777 54.101635 53.717869 53.323284 53.422211 57.573711 57.486683 57.868828 58.236855 57.868801 57.486656 57.573738,
 13.105582 17.515558 17.752819 16.779808 19.984568 27.365873 31.537916 17.557367 17.586216 16.618879 20.150267 27.532507 31.495274 27.407675 17.629570 16.451801 19.992069 27.708162 31.669754 27.365412 19.861258 16.494757 19.819685 27.543972 31.846384 27.543972 19.819685 16.494759 19.861256 27.365412 31.669754 27.708162 19.992069 16.451801 17.629572 27.407673 31.495275 27.532507 20.150267 16.618879 17.586214 17.557375 31.537916 27.365868 19.984568 16.779812 17.752819 17.515558 13.105583,

Auto-correlations of the modulus of each oriented sub-band
 0.516921 0.622929 0.701559 0.730908 0.701804 0.623303 0.517277 0.573139 0.697854 0.791103 0.826044 0.791396 0.698292 0.573539 0.662463 0.821595 0.941842 0.987049 0.942031 0.821874 0.662709 0.710011 0.887963 1.022943 1.073701 1.022942 0.887963 0.710010 0.662709 0.821874 0.942031 0.987049 0.941842 0.821595 0.662463 0.573539 0.698292 0.791396 0.826044 0.791103 0.697854 0.573139 0.517277 0.623303 0.701804 0.730908 0.701559 0.622929 0.516921,
 7.677217 7.672799 7.689072 7.702979 7.687386 7.668583 7.676429 10.952594 10.961162 10.984710 10.983931 10.957675 10.937506 10.942546 14.366186 14.387932 14.450994 14.458468 14.393625 14.352241 14.357125 15.929751 15.936930 16.016777 16.081354 16.016777 15.936930 15.929751 14.357125 14.352242 14.393625 14.458468 14.450994 14.387929 14.366188 10.942546 10.937506 10.957676 10.983931 10.984708 10.961162 10.952592 7.676429 7.668583 7.687386 7.702979 7.689071 7.672798 7.677218,
 60.682861 60.979694 61.307941 61.456352 61.308277 60.980103 60.683113 86.590858 86.916977 87.278267 87.441727 87.278648 86.917465 86.591171 113.561867 113.919991 114.317268 114.497025 114.317558 113.920380 113.562126 125.946770 126.320168 126.734657 126.922180 126.734657 126.320168 125.946770 113.562126 113.920380 114.317558 114.497047 114.317268 113.919991 113.561859 86.591171 86.917465 87.278641 87.441719 87.278267 86.916985 86.590843 60.683117 60.980103 61.308285 61.456352 61.307949 60.979694 60.682858,
 7.674935 7.668017 7.687755 7.703125 7.688183 7.671308 7.676407 10.942591 10.938789 10.959103 10.984634 10.984351 10.961279 10.953515 14.358167 14.353963 14.395195 14.459190 14.451392 14.389314 14.367799 15.931100 15.938736 16.017956 16.081629 16.017956 15.938736 15.931100 14.367799 14.389316 14.451390 14.459189 14.395195 14.353961 14.358169 10.953515 10.961279 10.984351 10.984634 10.959103 10.938787 10.942588 7.676407 7.671308 7.688183 7.703126 7.687756 7.668017 7.674934,
 0.495847 0.669699 0.812467 0.868734 0.812459 0.669687 0.495838 0.520690 0.705800 0.858131 0.918211 0.858110 0.705766 0.520655 0.558414 0.762657 0.931065 0.997526 0.931041 0.762619 0.558375 0.578222 0.792668 0.969617 1.039474 0.969617 0.792668 0.578222 0.558375 0.762619 0.931041 0.997526 0.931065 0.762657 0.558414 0.520655 0.705766 0.858110 0.918211 0.858131 0.705800 0.520690 0.495838 0.669687 0.812459 0.868734 0.812467 0.669699 0.495847,
 1.560468 1.555626 1.557981 1.576119 1.571856 1.550056 1.554793 2.927624 2.938000 2.947790 2.937518 2.938629 2.930403 2.924721 4.692917 4.701328 4.765131 4.751778 4.693182 4.701077 4.711018 5.600842 5.572682 5.628051 5.705195 5.628051 5.572682 5.600842 4.711018 4.701076 4.693182 4.751778 4.765133 4.701328 4.692916 2.924721 2.930402 2.938629 2.937518 2.947791 2.938000 2.927624 1.554793 1.550056 1.571856 1.576118 1.557981 1.555626 1.560468,
 12.273188 12.344263 12.434700 12.478449 12.434705 12.344253 12.273179 23.201517 23.279682 23.379740 23.428278 23.379786 23.279726 23.201544 37.366020 37.453766 37.566353 37.620995 37.566406 37.453827 37.366058 44.526161 44.619007 44.738155 44.795963 44.738155 44.619007 44.526161 37.366058 37.453827 37.566406 37.620991 37.566353 37.453766 37.366020 23.201546 23.279732 23.379786 23.428276 23.379740 23.279680 23.201513 12.273181 12.344254 12.434705 12.478449 12.434700 12.344261 12.273188,
 1.555233 1.550189 1.572809 1.575783 1.558086 1.556893 1.560884 2.925153 2.930877 2.938191 2.938081 2.948647 2.938051 2.927763 4.711632 4.700889 4.693400 4.752941 4.765561 4.701577 4.693491 5.601295 5.573001 5.628611 5.706357 5.628611 5.573002 5.601295 4.693491 4.701577 4.765560 4.752942 4.693400 4.700889 4.711632 2.927763 2.938050 2.948646 2.938081 2.938190 2.930877 2.925153 1.560884 1.556893 1.558086 1.575783 1.572809 1.550189 1.555233,
 0.261512 0.374383 0.469338 0.507322 0.469332 0.374375 0.261505 0.273421 0.392175 0.492209 0.532243 0.492205 0.392169 0.273415 0.286425 0.412011 0.517900 0.560291 0.517897 0.412006 0.286420 0.292483 0.421296 0.529938 0.573438 0.529938 0.421296 0.292483 0.286420 0.412006 0.517897 0.560291 0.517900 0.412011 0.286425 0.273415 0.392169 0.492205 0.532243 0.492209 0.392175 0.273421 0.261505 0.374375 0.469332 0.507322 0.469338 0.374383 0.261512,
 0.735634 0.735123 0.729659 0.737957 0.739822 0.728911 0.729337 1.172470 1.185534 1.180652 1.167871 1.180246 1.179801 1.169021 1.811475 1.822312 1.857870 1.835784 1.807685 1.826461 1.829868 2.181519 2.161472 2.188597 2.232469 2.188597 2.161472 2.181519 1.829868 1.826461 1.807685 1.835784 1.857870 1.822312 1.811475 1.169021 1.179801 1.180246 1.167871 1.180652 1.185534 1.172470 0.729337 0.728911 0.739822 0.737957 0.729659 0.735123 0.735634,
 5.818432 5.831713 5.849411 5.858163 5.849410 5.831710 5.818429 9.392965 9.407248 9.426380 9.435859 9.426378 9.407243 9.392959 14.644770 14.660779 14.682289 14.692948 14.682285 14.660771 14.644764 17.543386 17.560534 17.583662 17.595140 17.583666 17.560534 17.543386 14.644764 14.660772 14.682285 14.692950 14.682290 14.660779 14.644770 9.392958 9.407241 9.426378 9.435859 9.426380 9.407248 9.392965 5.818429 5.831710 5.849411 5.858163 5.849411 5.831713 5.818432,
 0.728346 0.727862 0.739384 0.737237 0.728762 0.734431 0.734824 1.168541 1.179688 1.179746 1.167441 1.180628 1.185068 1.172056 1.830118 1.826571 1.808186 1.836237 1.857801 1.822738 1.811816 2.181908 2.162234 2.189392 2.232523 2.189392 2.162234 2.181908 1.811816 1.822738 1.857801 1.836237 1.808186 1.826571 1.830118 1.172056 1.185068 1.180628 1.167441 1.179746 1.179688 1.168541 0.734824 0.734431 0.728762 0.737237 0.739384 0.727862 0.728346,

Pairwise cross-correlations of the modulus of all oriented sub-bands at the same scale (size QxQ)
 1.073701 0.477336 0.146566 0.478878 0.477336 16.081352 44.825432 16.032761 0.146566 44.825432 126.922134 44.824245 0.478878 16.032761 44.824245 16.081633,
 1.039473 0.214771 0.083803 0.215231 0.214771 5.705195 15.844769 5.654915 0.083803 15.844769 44.795959 15.845460 0.215231 5.654915 15.845460 5.706357,

Cross-correlations of the modulus of all oriented sub-bands with all oriented sub-bands at the coarser scale (size QxQ)
 0.957917 0.144101 -0.026912 0.144156 0.518253 2.847715 7.833199 2.842347 0.472055 7.948242 22.208681 7.948462 0.519583 2.842364 7.834624 2.848749,
 0.693001 0.072478 0.019620 0.072423 0.197341 0.671486 1.803087 0.663834 0.230795 1.848058 5.065667 1.847875 0.197705 0.663810 1.802313 0.671509,

Cross-correlations of the real part of each oriented sub-band with both the real and imaginary part of all phase-doubled oriented sub-bands at the next coarser scale (Q matrices of size 1x2Q, which are computed and stored in a matrix of size Qx2Q)
 0.414207 0.073534 -0.002082 0.073685 -0.042456 -0.008744 0.000874 0.011603 0.155623 -4.444575 -12.502091 -4.356184 -0.015721 1.593626 4.518773 1.586457 0.004465 -12.465639 -35.345943 -12.465208 -0.000266 4.494793 12.774481 4.494194 0.155938 -4.356080 -12.502122 -4.443861 -0.015571 1.581704 4.519130 1.604596,
 0.336122 0.045939 -0.000694 0.045317 -0.004005 0.002268 0.000272 0.003274 0.122025 -2.446397 -6.931258 -2.402778 -0.001446 0.120247 0.313403 0.118134 0.001518 -6.877678 -19.599619 -6.877756 -0.000009 0.333224 0.885135 0.333509 0.122056 -2.402647 -6.931282 -2.446977 -0.001440 0.117939 0.313370 0.120756,
