Low-band skewness and kurtosis
 -1.262968 4.082317,
 -1.046281 3.594018,
 -0.816397 2.935437,
 -0.632576 2.773926,

High-band variance
 102.337723,

Skewness, kurtosis, variance, mean, maximum and minimum of the reconstructed texture
 117.000000 255.000000 240.687241 527.247314 -1.532327 4.523239

Auto-correlations of the low-frequency bands at each scale
 88.294350 85.628189 85.206230 85.693207 85.996254 86.697083 88.972694 103.936157 86.109840 73.268188 68.791130 73.659393 86.956223 105.561920 237.229431 242.594131 246.852402 248.598953 246.692688 243.237427 240.169022 338.220001 368.945496 393.337036 403.052277 393.337036 368.945496 338.220001 240.169022 243.237427 246.692719 248.598999 246.852432 242.594162 237.229431 105.561913 86.956223 73.659370 68.791130 73.268188 86.109833 103.936142 88.972687 86.697090 85.996231 85.693207 85.206238 85.628189 88.294342,
 90.279289 89.260498 89.919403 90.781364 90.374725 90.015694 91.071045 92.199760 81.770653 75.305809 73.816666 76.771515 84.694542 96.593513 165.712219 168.796997 171.933319 173.960098 173.490097 172.434357 172.064468 226.812363 244.622208 258.723358 264.477753 258.723389 244.622223 226.812363 172.064484 172.434341 173.490097 173.960098 171.933319 168.797012 165.712204 96.593513 84.694542 76.771500 73.816666 75.305817 81.770668 92.199760 91.071045 90.015671 90.374725 90.781364 89.919403 89.260498 90.279282,
 96.296478 95.289200 95.081924 95.011147 94.272224 93.739937 94.057892 96.213890 90.589676 87.317543 86.825684 88.644081 93.235023 100.028877 128.820786 130.833252 133.380875 135.561707 136.243927 136.535675 137.104553 161.200989 170.799774 178.518692 181.735168 178.518692 170.799774 161.200989 137.104553 136.535675 136.243912 135.561707 133.380859 130.833252 128.820786 100.028870 93.235023 88.644081 86.825699 87.317543 90.589676 96.213890 94.057892 93.739937 94.272224 95.011131 95.081924 95.289200 96.296478,
 12.266489 14.672771 14.302277 14.993320 20.123503 27.136255 29.504383 14.912237 14.152768 14.266732 19.573582 27.466009 30.535345 26.022947 14.287201 13.904928 19.007885 27.780092 31.605017 26.681133 18.771660 14.153139 18.660582 27.434471 32.199646 27.434471 18.660582 14.153139 18.771660 26.681133 31.605019 27.780092 19.007887 13.904928 14.287201 26.022947 30.535345 27.466011 19.573582 14.266735 14.152768 14.912241 29.504383 27.136255 20.123503 14.993320 14.302276 14.672773 12.266489,

Auto-correlations of the modulus of each oriented sub-band
 0.586665 0.692545 0.771870 0.803445 0.778563 0.704612 0.601244 0.653969 0.774332 0.867547 0.904153 0.871465 0.782055 0.664583 0.746761 0.905947 1.025280 1.073711 1.036253 0.921437 0.761038 0.792708 0.993867 1.173965 1.251035 1.173965 0.993867 0.792708 0.761038 0.921437 1.036253 1.073711 1.025280 0.905947 0.746761 0.664583 0.782055 0.871465 0.904153 0.867547 0.774332 0.653969 0.601244 0.704612 0.778564 0.803445 0.771870 0.692545 0.586665,
 7.416761 7.909866 8.517220 9.084362 9.466453 9.713914 9.918421 9.607372 10.580235 11.724088 12.564669 12.778653 12.620158 12.404371 12.221395 13.667357 15.342103 16.341347 16.036188 15.064977 14.149846 14.096325 15.568832 17.258741 18.119982 17.258741 15.568833 14.096325 14.149844 15.064975 16.036188 16.341343 15.342103 13.667357 12.221394 12.404371 12.620158 12.778653 12.564669 11.724088 10.580235 9.607372 9.918421 9.713915 9.466453 9.084363 8.517220 7.909865 7.416761,
 39.374832 40.973213 42.459888 43.165462 42.731567 41.580482 40.377838 47.968643 52.017834 55.927849 57.714401 56.229805 52.661263 49.008457 56.660122 63.791378 70.867981 74.087128 71.094048 64.242065 57.361595 60.716728 69.280708 77.917488 81.856934 77.917488 69.280708 60.716724 57.361599 64.242065 71.094048 74.087120 70.867981 63.791378 56.660122 49.008469 52.661255 56.229805 57.714401 55.927849 52.017841 47.968643 40.377838 41.580482 42.731567 43.165462 42.459888 40.973213 39.374832,
 10.800226 10.728287 10.614205 10.333363 9.825730 9.270399 8.872780 13.016824 13.371942 13.673485 13.555938 12.742796 11.607081 10.691877 14.637971 15.695188 16.815329 17.202578 16.189159 14.454729 12.983732 14.641236 16.223055 18.038622 18.954712 18.038622 16.223059 14.641237 12.983730 14.454728 16.189159 17.202579 16.815329 15.695188 14.637971 10.691879 11.607080 12.742795 13.555936 13.673485 13.371942 13.016824 8.872779 9.270398 9.825730 10.333364 10.614205 10.728289 10.800226,
 0.521731 0.709283 0.865404 0.928214 0.869226 0.715674 0.529449 0.548470 0.744731 0.907918 0.973786 0.912097 0.750703 0.554632 0.585831 0.804851 0.992369 1.069707 0.997454 0.811515 0.591753 0.608268 0.845972 1.059260 1.149127 1.059261 0.845972 0.608268 0.591753 0.811515 0.997454 1.069707 0.992369 0.804851 0.585831 0.554632 0.750703 0.912097 0.973786 0.907918 0.744731 0.548470 0.529449 0.715674 0.869226 0.928214 0.865404 0.709283 0.521731,
 3.705659 3.995560 4.314253 4.612353 4.848703 5.013779 5.121582 4.764544 5.353088 5.931953 6.322076 6.485277 6.486619 6.361183 6.193086 7.093814 7.982830 8.429651 8.282278 7.837756 7.301802 7.266369 8.169759 9.069652 9.502709 9.069652 8.169759 7.266369 7.301802 7.837756 8.282278 8.429651 7.982830 7.093814 6.193086 6.361183 6.486619 6.485276 6.322076 5.931953 5.353088 4.764544 5.121583 5.013779 4.848703 4.612352 4.314253 3.995562 3.705659,
 18.936354 20.320734 21.577265 22.259272 22.137697 21.482103 20.761440 22.973503 26.062309 28.840475 30.091684 29.217484 26.928015 24.487728 27.729147 32.931995 37.748436 39.835743 37.919594 33.375721 28.587942 30.204386 36.314201 42.126766 44.675755 42.126766 36.314201 30.204386 28.587938 33.375721 37.919594 39.835743 37.748436 32.931995 27.729145 24.487728 26.928017 29.217484 30.091684 28.840473 26.062305 22.973501 20.761444 21.482103 22.137695 22.259272 21.577271 20.320734 18.936350,
 5.510872 5.574076 5.525944 5.360817 5.100123 4.823634 4.612301 6.658926 6.987366 7.154286 7.071277 6.674540 6.073499 5.502735 7.564626 8.321842 8.969128 9.196917 8.696439 7.696826 6.711642 7.596338 8.678654 9.759955 10.271779 9.759955 8.678654 7.596338 6.711642 7.696827 8.696439 9.196917 8.969129 8.321843 7.564627 5.502736 6.073499 6.674539 7.071277 7.154286 6.987367 6.658926 4.612300 4.823635 5.100123 5.360817 5.525945 5.574077 5.510873,
 0.293867 0.429463 0.545486 0.593204 0.551434 0.441769 0.310078 0.306516 0.447511 0.566084 0.614126 0.571036 0.457454 0.319659 0.319149 0.473850 0.609121 0.666276 0.614982 0.481995 0.326988 0.326816 0.492619 0.643425 0.707124 0.643425 0.492619 0.326816 0.326988 0.481995 0.614982 0.666276 0.609121 0.473850 0.319149 0.319659 0.457454 0.571036 0.614126 0.566084 0.447511 0.306516 0.310078 0.441769 0.551434 0.593203 0.545485 0.429463 0.293867,
 1.758649 1.866480 2.010382 2.156124 2.278088 2.366452 2.422037 2.301800 2.617219 2.917875 3.117143 3.204151 3.193690 3.104282 3.083900 3.612278 4.109312 4.339384 4.251837 4.004296 3.685441 3.693249 4.219750 4.731410 4.975315 4.731410 4.219750 3.693249 3.685441 4.004296 4.251837 4.339384 4.109311 3.612278 3.083900 3.104282 3.193690 3.204151 3.117143 2.917875 2.617219 2.301800 2.422037 2.366452 2.278088 2.156123 2.010382 1.866480 1.758648,
 6.820513 7.391793 8.011770 8.358748 8.307865 8.057714 7.826748 8.728357 10.517566 12.193240 12.929582 12.433069 11.223912 10.010138 11.205657 14.312056 17.222080 18.468956 17.358004 14.791421 12.144337 12.735375 16.278360 19.679668 21.175568 19.679668 16.278360 12.735375 12.144337 14.791423 17.358004 18.468952 17.222082 14.312055 11.205657 10.010137 11.223912 12.433069 12.929582 12.193240 10.517566 8.728357 7.826748 8.057714 8.307864 8.358749 8.011769 7.391793 6.820513,
 2.028818 2.071138 2.087151 2.078525 2.040947 1.976998 1.893954 2.586476 2.819848 2.976977 3.017776 2.907528 2.657492 2.361768 3.064696 3.554779 3.979309 4.175634 3.970020 3.444530 2.877094 3.177186 3.833591 4.468483 4.763999 4.468483 3.833591 3.177186 2.877094 3.444530 3.970020 4.175634 3.979310 3.554778 3.064697 2.361768 2.657492 2.907527 3.017776 2.976977 2.819848 2.586476 1.893954 1.976998 2.040947 2.078525 2.087151 2.071138 2.028818,

Pairwise cross-correlations of the modulus of all oriented sub-bands at the same scale (size QxQ)
 1.251035 1.722048 2.658498 1.785893 1.722048 18.119982 32.118664 10.079645 2.658498 32.118664 81.856934 32.478741 1.785893 10.079645 32.478741 18.954710,
 1.149127 0.920700 1.445038 1.015496 0.920700 9.502710 16.943636 5.065537 1.445038 16.943636 44.675747 17.550690 1.015496 5.065537 17.550690 10.271780,

Cross-correlations of the modulus of all oriented sub-bands with all oriented sub-bands at the coarser scale (size QxQ)
 0.982016 1.048609 1.650008 1.145043 1.273255 7.079597 12.900079 5.182482 2.179758 12.988147 30.252832 14.062796 1.370972 5.148534 13.997441 8.041617,
 0.759866 0.596813 0.708812 0.624901 0.708312 3.065072 5.607706 2.237354 1.181520 5.689007 13.400422 6.256247 0.720257 2.376039 6.302044 3.635967,

Cross-correlations of the real part of each oriented sub-band with both the real and imaginary part of all phase-doubled oriented sub-bands at the next coarser scale (Q matrices of size 1x2Q, which are computed and stored in a matrix of size Qx2Q)
 0.360433 -0.108423 -0.190152 -0.113053 0.014706 0.009785 0.014283 0.018524 0.053595 -5.099423 -7.426626 -1.816617 0.008843 0.337757 0.633189 0.227349 -0.162234 -8.527029 -17.416111 -7.574247 0.003215 0.572915 1.954174 0.894764 0.045360 -1.853552 -6.276291 -4.461275 0.002504 0.145682 0.885798 0.498026,
 0.327855 -0.041967 -0.079076 -0.013034 -0.007665 0.012390 0.000946 0.008159 0.083326 -2.041324 -2.894902 -0.755830 -0.001313 0.146919 0.310627 0.137577 -0.066116 -3.308981 -7.024493 -3.409636 0.002487 0.291441 1.007471 0.452444 0.093363 -0.703586 -2.687007 -2.022420 -0.004068 0.082214 0.407791 0.214036,
