Low-band skewness and kurtosis
 -1.216078 3.935232,
 -0.968163 3.427985,
 -0.647317 2.636348,
 -0.158276 2.081429,

High-band variance
 102.258438,

Skewness, kurtosis, variance, mean, maximum and minimum of the reconstructed texture
 133.000000 255.000000 240.825958 510.327972 -1.512440 4.444801

Auto-correlations of the low-frequency bands at each scale
 49.459812 49.553905 50.375362 50.964256 50.468544 49.703274 49.523323 39.474419 32.640060 28.733419 27.641548 28.758127 32.645916 39.398170 213.962296 215.209244 216.994232 217.894485 216.593384 214.442245 213.036118 359.438019 371.667816 381.315430 385.229828 381.315430 371.667816 359.438019 213.036087 214.442230 216.593384 217.894485 216.994202 215.209244 213.962296 39.398151 32.645912 28.758127 27.641554 28.733412 32.640053 39.474445 49.523315 49.703274 50.468544 50.964256 50.375374 49.553925 49.459816,
 60.470245 60.079468 60.379116 60.583767 59.548962 58.327335 57.762840 47.403046 43.252636 41.231789 40.842651 40.992657 42.672802 46.378521 138.406250 138.969528 140.423706 141.452530 140.498566 139.207657 138.976227 221.536469 228.057297 233.750763 236.347351 233.750763 228.057297 221.536469 138.976227 139.207657 140.498550 141.452530 140.423706 138.969543 138.406250 46.378517 42.672810 40.992661 40.842651 41.231789 43.252640 47.403061 57.762840 58.327347 59.548962 60.583775 60.379116 60.079468 60.470249,
 69.171608 69.298775 69.875465 70.478699 70.430656 70.403397 70.725929 57.516155 55.182102 54.063499 53.876499 53.908516 54.806267 56.806583 102.531525 102.406960 102.853310 103.079292 102.041046 100.812012 100.260292 144.506653 147.993881 151.174225 152.687515 151.174210 147.993881 144.506653 100.260292 100.812012 102.041069 103.079269 102.853287 102.406960 102.531525 56.806583 54.806255 53.908516 53.876488 54.063488 55.182091 57.516144 70.725929 70.403404 70.430656 70.478683 69.875458 69.298775 69.171616,
 9.221002 11.035381 11.759254 13.530738 18.205408 24.336655 27.237749 11.146527 11.589295 13.236103 18.292070 24.685377 27.543184 24.429644 11.687289 13.048873 18.125450 25.084267 28.078043 24.551975 18.039961 13.183470 17.933725 24.932661 28.477827 24.932661 17.933725 13.183470 18.039963 24.551975 28.078041 25.084267 18.125450 13.048874 11.687289 24.429646 27.543186 24.685377 18.292070 13.236102 11.589295 11.146527 27.237749 24.336651 18.205408 13.530738 11.759254 11.035381 9.221003,

Auto-correlations of the modulus of each oriented sub-band
 0.514896 0.622817 0.702221 0.731047 0.700108 0.618046 0.507042 0.562856 0.686970 0.779210 0.811721 0.773410 0.676441 0.549243 0.622742 0.774299 0.890641 0.932745 0.884207 0.762969 0.608830 0.649864 0.821716 0.958170 1.011129 0.958170 0.821716 0.649864 0.608830 0.762968 0.884207 0.932745 0.890641 0.774299 0.622742 0.549243 0.676441 0.773410 0.811721 0.779210 0.686970 0.562856 0.507042 0.618046 0.700108 0.731047 0.702221 0.622817 0.514895,
 6.472560 6.633993 6.829193 6.974086 7.013458 6.982742 6.949487 8.456688 8.903173 9.353036 9.600387 9.562315 9.350350 9.110253 10.772083 11.551746 12.321891 12.676782 12.434421 11.860456 11.272909 12.040715 12.902746 13.773626 14.175670 13.773626 12.902746 12.040715 11.272909 11.860456 12.434418 12.676782 12.321891 11.551746 10.772083 9.110253 9.350350 9.562315 9.600387 9.353036 8.903173 8.456688 6.949487 6.982743 7.013456 6.974086 6.829193 6.633994 6.472560,
 40.953476 41.381744 41.730385 41.741096 41.255424 40.436180 39.590324 55.055763 56.949802 58.422813 58.863262 57.942802 55.987190 53.667469 70.498680 74.525635 77.700409 78.849022 77.369492 73.865845 69.550545 77.282722 82.541374 86.778168 88.467628 86.778160 82.541382 77.282715 69.550545 73.865837 77.369476 78.849014 77.700409 74.525635 70.498665 53.667461 55.987183 57.942810 58.863262 58.422794 56.949806 55.055744 39.590324 40.436176 41.255432 41.741096 41.730385 41.381744 40.953472,
 6.386144 6.328192 6.248947 6.117287 5.916360 5.679826 5.463409 8.652744 8.807770 8.903862 8.847109 8.553836 8.066939 7.548309 10.831441 11.382339 11.865574 12.030891 11.661729 10.882097 10.033503 11.484364 12.375216 13.205773 13.573128 13.205773 12.375216 11.484364 10.033503 10.882097 11.661729 12.030891 11.865574 11.382339 10.831441 7.548309 8.066940 8.553836 8.847109 8.903862 8.807770 8.652742 5.463409 5.679826 5.916359 6.117286 6.248947 6.328191 6.386142,
 0.503648 0.687439 0.835805 0.891328 0.828765 0.675846 0.490904 0.528411 0.723916 0.883521 0.944609 0.879081 0.716553 0.519918 0.563171 0.782455 0.965478 1.037908 0.964739 0.780678 0.560479 0.581819 0.816855 1.016546 1.096822 1.016546 0.816855 0.581819 0.560479 0.780678 0.964739 1.037908 0.965478 0.782456 0.563171 0.519918 0.716553 0.879081 0.944609 0.883521 0.723916 0.528411 0.490904 0.675846 0.828765 0.891328 0.835805 0.687439 0.503648,
 3.046335 3.133618 3.194080 3.230803 3.243132 3.234243 3.222902 4.115138 4.362529 4.559070 4.620293 4.575415 4.493576 4.395459 5.458431 5.887662 6.287693 6.420365 6.234731 5.951786 5.675620 6.184619 6.636280 7.110193 7.352191 7.110193 6.636281 6.184619 5.675619 5.951786 6.234731 6.420365 6.287693 5.887663 5.458431 4.395459 4.493576 4.575415 4.620294 4.559070 4.362530 4.115138 3.222902 3.234242 3.243132 3.230803 3.194080 3.133618 3.046335,
 16.623426 17.096941 17.485086 17.587688 17.303791 16.816305 16.355816 24.029762 25.401062 26.437876 26.780636 26.248947 25.102701 23.729948 32.860813 35.506821 37.510788 38.247410 37.394096 35.329529 32.691433 37.044987 40.375050 42.951469 43.966579 42.951469 40.375050 37.044987 32.691433 35.329521 37.394089 38.247410 37.510788 35.506821 32.860813 23.729950 25.102701 26.248947 26.780634 26.437876 25.401062 24.029762 16.355818 16.816305 17.303791 17.587690 17.485083 17.096941 16.623426,
 2.484610 2.492744 2.495340 2.470214 2.401620 2.306132 2.208049 3.648430 3.765773 3.851247 3.870739 3.770984 3.541758 3.266712 4.866578 5.181066 5.481584 5.660229 5.503796 5.055377 4.571472 5.299066 5.801667 6.322530 6.582585 6.322530 5.801667 5.299066 4.571473 5.055377 5.503796 5.660229 5.481584 5.181065 4.866578 3.266712 3.541758 3.770985 3.870739 3.851247 3.765773 3.648430 2.208048 2.306132 2.401620 2.470214 2.495340 2.492744 2.484610,
 0.256424 0.389422 0.504299 0.552400 0.510551 0.399498 0.266764 0.267020 0.404660 0.523179 0.571411 0.525555 0.409032 0.272374 0.282489 0.430449 0.559686 0.611736 0.558876 0.429903 0.283102 0.290959 0.445626 0.583238 0.639859 0.583238 0.445626 0.290959 0.283102 0.429903 0.558876 0.611736 0.559686 0.430449 0.282489 0.272374 0.409032 0.525555 0.571411 0.523179 0.404660 0.267020 0.266764 0.399498 0.510551 0.552400 0.504299 0.389422 0.256423,
 1.440914 1.414184 1.388909 1.377488 1.373170 1.367965 1.362174 1.973996 2.063007 2.106946 2.075876 2.017476 1.960621 1.903262 2.625481 2.850520 3.058529 3.081651 2.928027 2.754971 2.599797 2.938934 3.183643 3.466136 3.618625 3.466136 3.183643 2.938934 2.599797 2.754972 2.928027 3.081651 3.058529 2.850520 2.625481 1.903261 1.960621 2.017476 2.075876 2.106946 2.063006 1.973996 1.362174 1.367965 1.373169 1.377489 1.388910 1.414184 1.440914,
 7.839471 7.826635 7.830639 7.764172 7.534080 7.213821 6.909472 11.444934 11.949743 12.313089 12.360007 11.954847 11.214816 10.337352 15.899428 17.207430 18.167854 18.466290 17.894266 16.649267 15.070953 17.751173 19.600248 21.019604 21.584757 21.019604 19.600248 17.751173 15.070951 16.649267 17.894266 18.466290 18.167852 17.207430 15.899430 10.337352 11.214815 11.954848 12.360007 12.313087 11.949744 11.444934 6.909472 7.213821 7.534080 7.764170 7.830639 7.826634 7.839472,
 1.327619 1.323367 1.288239 1.225194 1.159361 1.095593 1.008041 1.793598 1.841080 1.852383 1.849404 1.802427 1.642845 1.424095 2.310168 2.468394 2.623785 2.745438 2.657564 2.352077 2.037631 2.451886 2.734223 3.052353 3.224966 3.052353 2.734223 2.451886 2.037631 2.352077 2.657564 2.745438 2.623786 2.468394 2.310168 1.424095 1.642845 1.802427 1.849404 1.852383 1.841080 1.793598 1.008041 1.095593 1.159361 1.225194 1.288239 1.323367 1.327619,

Pairwise cross-correlations of the modulus of all oriented sub-bands at the same scale (size QxQ)
 1.011129 0.873943 1.095903 0.876995 0.873943 14.175662 32.737732 10.618877 1.095903 32.737732 88.467621 31.626602 0.876995 10.618877 31.626602 13.573125,
 1.096822 0.741845 0.813661 0.675880 0.741845 7.352190 16.391781 5.185567 0.813661 16.391781 43.966579 15.343177 0.675880 5.185567 15.343177 6.582584,

Cross-correlations of the modulus of all oriented sub-bands with all oriented sub-bands at the coarser scale (size QxQ)
 0.935648 0.563977 0.513027 0.578637 0.919807 4.970119 10.757349 3.662959 1.268171 11.147802 27.282242 9.698469 0.804755 3.875048 10.068168 4.220881,
 0.727314 0.524590 0.520266 0.462313 0.634435 2.412146 5.058272 1.674570 0.926596 5.348901 12.843066 4.309221 0.553640 1.917427 4.703378 1.847869,

Cross-correlations of the real part of each oriented sub-band with both the real and imaginary part of all phase-doubled oriented sub-bands at the next coarser scale (Q matrices of size 1x2Q, which are computed and stored in a matrix of size Qx2Q)
 0.350705 0.016199 -0.045167 0.021832 0.001295 0.000076 -0.001828 -0.009769 0.127004 -3.684523 -8.272608 -2.638965 -0.000301 -0.242686 -0.853662 -0.342524 -0.005940 -8.809392 -23.086708 -8.813527 0.002051 -0.763644 -2.725197 -1.083550 0.125287 -2.765663 -8.581197 -3.842494 0.003186 -0.300709 -1.092575 -0.457179,
 0.318573 0.013515 -0.013233 0.011034 0.023148 0.007368 0.004833 0.005265 0.124359 -1.790098 -4.522934 -1.496972 0.008324 -0.273120 -0.509448 -0.138221 0.000757 -4.568522 -12.955545 -4.900615 0.000318 -0.598485 -1.229777 -0.271719 0.115729 -1.525440 -4.843228 -2.082942 0.008640 -0.165703 -0.349080 -0.025624,
