Low-band skewness and kurtosis
 -1.172890 3.744209,
 -0.883518 3.161751,
 -0.519839 2.345215,
 -0.280227 2.123859,

High-band variance
 102.406242,

Skewness, kurtosis, variance, mean, maximum and minimum of the reconstructed texture
 128.000000 255.000000 240.719711 505.699707 -1.468716 4.252905

Auto-correlations of the low-frequency bands at each scale
 60.558071 59.961250 60.468040 61.002594 60.672516 60.221741 60.526474 61.875221 50.561207 43.071674 40.260616 41.988369 48.418488 58.694485 217.059937 218.721832 220.606186 221.184265 219.065689 215.880020 213.442627 341.680450 360.173462 374.793732 380.672272 374.793732 360.173462 341.680450 213.442596 215.879974 219.065674 221.184265 220.606201 218.721832 217.059891 58.694489 48.418484 41.988361 40.260612 43.071667 50.561211 61.875221 60.526466 60.221729 60.672512 61.002594 60.468040 59.961239 60.558071,
 61.917908 62.335510 63.827991 65.306252 65.461800 65.400970 66.018738 56.531078 50.258606 46.896790 46.110264 46.829166 50.091717 56.228516 145.309219 145.534790 146.393799 146.609528 144.621017 142.293198 141.141907 218.367981 228.512466 236.752182 240.297699 236.752197 228.512466 218.367981 141.141891 142.293198 144.621048 146.609528 146.393829 145.534775 145.309204 56.228512 50.091728 46.829166 46.110271 46.896793 50.258606 56.531078 66.018738 65.400978 65.461807 65.306259 63.827995 62.335499 61.917908,
 70.487755 70.813675 71.458771 71.895813 71.424080 70.758942 70.360886 62.453934 59.796650 58.551685 58.503674 59.058628 60.985233 64.423592 104.780045 105.556343 106.848244 107.792046 107.370857 106.845825 107.112091 145.124100 150.434555 154.972168 157.007797 154.972168 150.434555 145.124130 107.112076 106.845856 107.370857 107.792038 106.848244 105.556320 104.780060 64.423592 60.985229 59.058636 58.503662 58.551678 59.796638 62.453934 70.360870 70.758942 71.424088 71.895798 71.458771 70.813675 70.487770,
 16.845654 21.375721 21.853121 21.495062 25.521584 33.321980 37.727333 21.260897 21.478197 21.111473 25.708567 34.086926 38.534542 34.705894 21.378767 20.980330 25.818567 34.909527 39.454594 34.819588 26.505527 21.327841 25.991894 35.074677 40.015343 35.074677 25.991898 21.327841 26.505527 34.819588 39.454594 34.909531 25.818569 20.980333 21.378767 34.705898 38.534534 34.086926 25.708570 21.111473 21.478195 21.260891 37.727337 33.321976 25.521582 21.495060 21.853121 21.375719 16.845646,

Auto-correlations of the modulus of each oriented sub-band
 0.565265 0.681464 0.768271 0.801014 0.769312 0.682707 0.565618 0.618676 0.747687 0.846066 0.884388 0.849626 0.752879 0.622856 0.693974 0.851508 0.974581 1.022909 0.977941 0.856184 0.697443 0.738226 0.924178 1.073271 1.131584 1.073271 0.924178 0.738226 0.697443 0.856184 0.977941 1.022909 0.974581 0.851508 0.693974 0.622856 0.752879 0.849626 0.884388 0.846066 0.747687 0.618676 0.565618 0.682707 0.769312 0.801014 0.768271 0.681464 0.565264,
 7.522003 7.733903 8.028795 8.264519 8.335392 8.296238 8.254028 9.264224 9.848772 10.528613 10.936786 10.891425 10.586343 10.276281 11.328018 12.349873 13.500976 14.081890 13.723392 12.887609 12.121014 12.590261 13.715855 14.994890 15.621347 14.994890 13.715855 12.590261 12.121014 12.887609 13.723393 14.081892 13.500974 12.349875 11.328017 10.276282 10.586341 10.891426 10.936784 10.528610 9.848772 9.264223 8.254029 8.296235 8.335394 8.264519 8.028794 7.733904 7.522003,
 43.118690 44.070251 44.835693 45.020855 44.401524 43.226379 41.964657 54.487095 57.481689 60.050121 61.043961 59.826756 57.000595 53.752872 66.482971 72.209526 77.226082 79.303314 77.184631 72.074509 66.213776 71.868164 79.024803 85.357414 88.034882 85.357407 79.024803 71.868164 66.213776 72.074509 77.184631 79.303314 77.226082 72.209518 66.482964 53.752872 57.000595 59.826756 61.043957 60.050117 57.481701 54.487091 41.964661 43.226379 44.401524 45.020859 44.835693 44.070251 43.118683,
 7.843010 7.808765 7.744743 7.585834 7.292287 6.936337 6.638613 10.031387 10.312478 10.552933 10.536994 10.092574 9.362805 8.679684 11.924085 12.723413 13.538821 13.860537 13.273935 12.101310 10.986906 12.367518 13.567132 14.849380 15.457680 14.849380 13.567132 12.367518 10.986906 12.101307 13.273935 13.860537 13.538819 12.723413 11.924085 8.679684 9.362805 10.092574 10.536992 10.552933 10.312480 10.031386 6.638613 6.936336 7.292288 7.585833 7.744743 7.808766 7.843009,
 0.516914 0.710791 0.872112 0.938092 0.878324 0.720341 0.527649 0.555024 0.763366 0.935471 1.002932 0.934448 0.762013 0.554863 0.596627 0.828796 1.023527 1.100232 1.021138 0.824740 0.592745 0.615680 0.863449 1.076859 1.163749 1.076859 0.863449 0.615680 0.592745 0.824740 1.021138 1.100232 1.023527 0.828796 0.596626 0.554863 0.762013 0.934448 1.002932 0.935471 0.763366 0.555024 0.527649 0.720341 0.878324 0.938092 0.872112 0.710791 0.516914,
 3.592545 3.701443 3.806045 3.910115 4.003138 4.060799 4.064602 4.641696 5.005605 5.323218 5.476470 5.476963 5.393235 5.233638 5.862876 6.511049 7.128819 7.378857 7.169417 6.765121 6.318010 6.598007 7.290000 7.990162 8.333433 7.990163 7.289999 6.598007 6.318010 6.765121 7.169417 7.378858 7.128820 6.511049 5.862877 5.233639 5.393235 5.476963 5.476470 5.323218 5.005605 4.641696 4.064602 4.060799 4.003138 3.910115 3.806045 3.701442 3.592546,
 20.992727 21.727264 22.347324 22.680424 22.586506 22.131031 21.453436 27.047695 29.188173 30.950865 31.783707 31.348930 29.848553 27.768347 33.907730 37.902973 41.170914 42.592728 41.530163 38.470833 34.499977 37.314583 42.254807 46.252762 47.856129 46.252762 42.254807 37.314583 34.499973 38.470833 41.530159 42.592728 41.170910 37.902973 33.907726 27.768351 29.848553 31.348930 31.783707 30.950865 29.188175 27.047697 21.453436 22.131033 22.586506 22.680424 22.347324 21.727266 20.992727,
 3.939132 3.940148 3.902831 3.835001 3.738014 3.620433 3.497124 5.126745 5.290157 5.378529 5.369062 5.200959 4.877563 4.517576 6.257044 6.708180 7.101583 7.287925 7.028967 6.421402 5.787108 6.566399 7.251506 7.931127 8.261944 7.931127 7.251507 6.566399 5.787107 6.421402 7.028967 7.287924 7.101583 6.708180 6.257044 4.517576 4.877563 5.200959 5.369062 5.378530 5.290157 5.126745 3.497124 3.620433 3.738014 3.835001 3.902831 3.940148 3.939132,
 0.279814 0.415463 0.531848 0.579415 0.534572 0.419766 0.283759 0.290576 0.433958 0.560593 0.615556 0.570272 0.447882 0.302565 0.309949 0.468462 0.611695 0.673916 0.619922 0.479887 0.319438 0.323967 0.492891 0.645989 0.709867 0.645989 0.492891 0.323967 0.319438 0.479887 0.619922 0.673916 0.611695 0.468462 0.309949 0.302565 0.447882 0.570272 0.615556 0.560593 0.433957 0.290576 0.283759 0.419766 0.534572 0.579415 0.531848 0.415462 0.279814,
 1.605593 1.694987 1.780640 1.860485 1.922413 1.967671 1.999102 2.088280 2.299894 2.479499 2.579293 2.608599 2.583545 2.516460 2.648780 3.011555 3.341601 3.472360 3.378325 3.181925 2.945224 3.010823 3.392319 3.762252 3.940101 3.762252 3.392318 3.010823 2.945224 3.181926 3.378325 3.472360 3.341601 3.011554 2.648780 2.516460 2.583545 2.608599 2.579292 2.479499 2.299894 2.088279 1.999102 1.967671 1.922413 1.860485 1.780640 1.694987 1.605593,
 9.922017 10.219431 10.398609 10.409101 10.226118 9.960840 9.708103 13.058124 14.172175 14.923274 15.066648 14.510193 13.499008 12.354390 16.092701 18.332747 20.017366 20.539827 19.628500 17.703226 15.431577 17.135447 19.946783 22.246914 23.186861 22.246914 19.946783 17.135447 15.431580 17.703226 19.628500 20.539827 20.017366 18.332747 16.092699 12.354390 13.499008 14.510193 15.066646 14.923274 14.172175 13.058123 9.708103 9.960839 10.226120 10.409101 10.398608 10.219431 9.922016,
 1.608617 1.601365 1.580776 1.538635 1.476113 1.405609 1.328602 2.164432 2.279142 2.331570 2.311150 2.204376 1.994630 1.735483 2.639724 2.951409 3.201437 3.317089 3.157884 2.742425 2.287370 2.686670 3.160934 3.621214 3.840445 3.621214 3.160934 2.686670 2.287370 2.742424 3.157884 3.317089 3.201437 2.951409 2.639724 1.735483 1.994630 2.204376 2.311149 2.331570 2.279142 2.164432 1.328602 1.405609 1.476113 1.538634 1.580776 1.601365 1.608617,

Pairwise cross-correlations of the modulus of all oriented sub-bands at the same scale (size QxQ)
 1.131584 1.260674 1.940856 1.299550 1.260674 15.621350 33.027210 10.798827 1.940856 33.027210 88.034874 32.722698 1.299550 10.798827 32.722698 15.457676,
 1.163749 0.808657 1.062611 0.777918 0.808657 8.333434 17.753313 5.647253 1.062611 17.753313 47.856133 17.560495 0.777918 5.647253 17.560495 8.261945,

Cross-correlations of the modulus of all oriented sub-bands with all oriented sub-bands at the coarser scale (size QxQ)
 0.991665 0.802501 1.078378 0.817214 1.093289 5.910559 12.946180 4.927114 1.832279 12.272878 30.838480 12.444494 1.107084 4.503534 12.145223 5.753428,
 0.787044 0.399543 0.352871 0.564654 0.672029 2.735022 5.645470 1.999468 1.051279 5.937728 14.172274 5.242354 0.629159 2.186430 5.390693 2.417793,

Cross-correlations of the real part of each oriented sub-band with both the real and imaginary part of all phase-doubled oriented sub-bands at the next coarser scale (Q matrices of size 1x2Q, which are computed and stored in a matrix of size Qx2Q)
 0.364712 0.003329 -0.075269 -0.011144 0.042796 0.020694 0.001051 -0.013200 0.119692 -3.323479 -6.874551 -2.326187 0.015754 0.153066 0.378640 0.071798 -0.029381 -7.247168 -19.791931 -8.884507 -0.003768 0.216866 0.729236 0.083501 0.118770 -2.144941 -7.909826 -4.442081 0.014939 0.028145 0.141556 -0.035960,
 0.322687 0.046773 -0.025632 0.026976 0.011096 0.020245 0.000225 -0.004142 0.115031 -1.397561 -3.078324 -0.893561 0.005560 -0.120188 -0.503808 -0.153005 -0.006079 -3.234978 -8.482613 -3.292432 -0.003788 -0.425712 -1.531819 -0.454705 0.124278 -0.966343 -3.195690 -1.567374 0.001145 -0.155656 -0.559704 -0.175330,
