Low-band skewness and kurtosis
 -1.261157 4.060971,
 -0.983913 3.441580,
 -0.674827 2.606965,
 -0.312938 2.383911,

High-band variance
 103.473465,

Skewness, kurtosis, variance, mean, maximum and minimum of the reconstructed texture
 120.000000 255.000000 240.648041 530.656006 -1.534667 4.532723

Auto-correlations of the low-frequency bands at each scale
 88.896904 85.170166 83.821220 83.638664 83.943481 85.750473 90.163788 98.662109 80.019188 66.171722 61.208511 66.351936 80.162338 98.417313 234.242050 239.132339 243.309845 245.243668 243.152542 238.370499 232.707825 337.820648 369.191833 394.636444 404.822449 394.636444 369.191864 337.820648 232.707825 238.370499 243.152512 245.243668 243.309875 239.132339 234.242020 98.417313 80.162338 66.351921 61.208511 66.171738 80.019157 98.662102 90.163773 85.750481 83.943459 83.638664 83.821220 85.170158 88.896904,
 96.000748 93.985527 94.074432 94.724998 94.431732 94.499420 96.204155 96.446548 85.595070 77.887581 75.203461 77.445229 84.713867 95.108742 165.061661 167.513809 169.934982 171.227234 169.798096 167.290863 165.092422 222.319733 239.665497 254.203445 260.255737 254.203476 239.665497 222.319733 165.092422 167.290863 169.798096 171.227234 169.934982 167.513794 165.061646 95.108742 84.713875 77.445236 75.203453 77.887573 85.595070 96.446548 96.204170 94.499420 94.431732 94.724998 94.074455 93.985527 96.000755,
 95.866066 96.062134 96.826187 97.499733 97.463448 97.844437 99.432526 100.199265 94.327904 90.067604 88.576309 89.749237 93.839378 99.845276 133.090607 133.476822 134.482147 135.362061 134.686935 133.168747 131.548920 159.044785 168.268341 176.194366 179.571472 176.194366 168.268341 159.044785 131.548920 133.168732 134.686935 135.362061 134.482162 133.476822 133.090607 99.845268 93.839378 89.749237 88.576309 90.067604 94.327904 100.199265 99.432526 97.844437 97.463432 97.499733 96.826187 96.062134 95.866066,
 11.898202 15.834724 18.751698 22.191685 28.090422 34.455029 36.168800 16.410397 18.869429 21.634905 27.769518 35.092125 37.539627 33.258705 19.392324 21.417637 27.207214 35.541004 38.886955 34.174038 26.923500 21.902514 26.818010 35.105488 39.582359 35.105488 26.818010 21.902514 26.923496 34.174038 38.886959 35.541004 27.207212 21.417637 19.392324 33.258713 37.539627 35.092133 27.769518 21.634903 18.869431 16.410395 36.168800 34.455029 28.090422 22.191685 18.751698 15.834724 11.898200,

Auto-correlations of the modulus of each oriented sub-band
 0.599209 0.694312 0.767868 0.800148 0.780683 0.714961 0.620434 0.661271 0.777161 0.870080 0.909607 0.881919 0.797916 0.684298 0.755187 0.915495 1.033684 1.079916 1.043145 0.930144 0.770367 0.792102 0.993552 1.183770 1.268424 1.183770 0.993552 0.792102 0.770367 0.930144 1.043145 1.079916 1.033684 0.915495 0.755187 0.684298 0.797916 0.881919 0.909607 0.870079 0.777161 0.661271 0.620434 0.714961 0.780684 0.800148 0.767868 0.694312 0.599209,
 10.169362 10.541778 11.081300 11.609252 11.926322 12.053658 12.103209 12.053047 12.953091 14.065979 14.885525 15.018747 14.692519 14.269378 14.346367 15.822227 17.553633 18.570665 18.168905 17.002073 15.878484 15.943878 17.557701 19.401459 20.333675 19.401459 17.557703 15.943878 15.878484 17.002073 18.168907 18.570665 17.553629 15.822226 14.346364 14.269377 14.692519 15.018747 14.885524 14.065979 12.953091 12.053046 12.103209 12.053656 11.926325 11.609253 11.081300 10.541778 10.169362,
 48.898880 50.297707 51.481117 51.863838 51.127541 49.680702 48.207085 57.564747 61.426933 65.044426 66.504707 64.747719 60.966583 57.136578 66.672150 73.578026 80.403786 83.385178 80.239868 73.345825 66.482018 70.699593 79.075386 87.573647 91.472565 87.573647 79.075386 70.699593 66.482025 73.345810 80.239876 83.385178 80.403770 73.578026 66.672150 57.136585 60.966572 64.747719 66.504707 65.044426 61.426933 57.564739 48.207096 49.680695 51.127544 51.863850 51.481113 50.297718 48.898880,
 12.848749 12.790352 12.618530 12.278757 11.776250 11.258494 10.845648 14.936312 15.390348 15.677085 15.508099 14.709945 13.617956 12.662521 16.529858 17.724638 18.850771 19.197973 18.209846 16.511051 14.961540 16.588778 18.289642 20.093071 20.976559 20.093071 18.289642 16.588778 14.961539 16.511049 18.209846 19.197973 18.850775 17.724638 16.529856 12.662521 13.617956 14.709945 15.508099 15.677085 15.390348 14.936313 10.845648 11.258495 11.776249 12.278760 12.618530 12.790352 12.848750,
 0.535881 0.716093 0.863639 0.918955 0.857208 0.707535 0.529083 0.554545 0.747836 0.906201 0.967163 0.904827 0.748027 0.558471 0.591149 0.812658 1.000955 1.077536 1.004582 0.819052 0.599838 0.616848 0.860347 1.079626 1.172406 1.079626 0.860347 0.616848 0.599838 0.819052 1.004582 1.077536 1.000955 0.812658 0.591149 0.558471 0.748027 0.904827 0.967163 0.906201 0.747836 0.554545 0.529083 0.707535 0.857208 0.918955 0.863639 0.716093 0.535881,
 5.094822 5.275887 5.513161 5.746624 5.885201 5.903191 5.833763 5.949987 6.478893 7.038168 7.374177 7.378676 7.127160 6.755678 7.001131 7.938790 8.936037 9.405729 9.086890 8.344065 7.551822 7.689580 8.754690 9.888486 10.438992 9.888486 8.754690 7.689580 7.551821 8.344065 9.086890 9.405730 8.936037 7.938790 7.001130 6.755678 7.127161 7.378675 7.374177 7.038168 6.478892 5.949987 5.833763 5.903190 5.885201 5.746624 5.513162 5.275888 5.094822,
 24.616589 25.551086 26.445845 26.820791 26.459564 25.664942 24.843597 28.451578 30.994972 33.403343 34.431683 33.446114 31.134390 28.677084 32.794994 37.381622 41.815521 43.744511 41.842644 37.472267 32.947575 34.870193 40.437267 45.913654 48.364227 45.913654 40.437271 34.870193 32.947571 37.472267 41.842644 43.744511 41.815517 37.381622 32.794994 28.677084 31.134392 33.446110 34.431683 33.403339 30.994970 28.451578 24.843597 25.664942 26.459566 26.820791 26.445845 25.551092 24.616589,
 6.935476 6.941458 6.876081 6.721367 6.496654 6.277144 6.104798 7.904072 8.216847 8.389341 8.321951 7.969080 7.421801 6.876910 8.647884 9.429303 10.103260 10.350254 9.869187 8.881204 7.901314 8.660005 9.763855 10.872736 11.396504 10.872737 9.763856 8.660005 7.901314 8.881202 9.869187 10.350254 10.103260 9.429303 8.647884 6.876910 7.421801 7.969080 8.321951 8.389341 8.216847 7.904072 6.104797 6.277144 6.496655 6.721367 6.876081 6.941458 6.935476,
 0.292928 0.424145 0.537106 0.582107 0.537699 0.426050 0.295463 0.306366 0.439171 0.550133 0.592469 0.547038 0.433985 0.301454 0.319866 0.463958 0.588562 0.636826 0.582401 0.454844 0.312988 0.321536 0.475824 0.621752 0.685019 0.621752 0.475824 0.321536 0.312988 0.454844 0.582401 0.636826 0.588562 0.463958 0.319866 0.301454 0.433985 0.547038 0.592469 0.550133 0.439171 0.306366 0.295463 0.426050 0.537699 0.582107 0.537106 0.424146 0.292928,
 2.242413 2.402612 2.616613 2.826934 2.920690 2.821777 2.613813 2.676752 3.070310 3.463912 3.674559 3.621691 3.339480 2.964037 3.116045 3.760931 4.429199 4.697605 4.408979 3.838256 3.268499 3.347217 4.054008 4.834448 5.218394 4.834448 4.054008 3.347217 3.268499 3.838256 4.408978 4.697605 4.429199 3.760932 3.116045 2.964037 3.339480 3.621691 3.674559 3.463911 3.070310 2.676751 2.613813 2.821777 2.920690 2.826933 2.616613 2.402612 2.242413,
 9.829847 10.311007 11.064847 11.653158 11.658828 11.127599 10.435025 11.455179 12.899928 14.631653 15.690981 15.337228 13.877074 12.221495 13.329333 15.949883 18.799637 20.286839 19.314661 16.658310 13.895674 14.403539 17.636820 20.966280 22.483809 20.966278 17.636818 14.403539 13.895674 16.658308 19.314663 20.286839 18.799635 15.949883 13.329330 12.221495 13.877074 15.337228 15.690981 14.631652 12.899925 11.455178 10.435027 11.127597 11.658830 11.653158 11.064847 10.311007 9.829848,
 3.083919 3.105826 3.113082 3.070760 2.995663 2.911833 2.812172 3.432512 3.642586 3.817640 3.886121 3.799347 3.549315 3.252312 3.768891 4.224983 4.666919 4.909719 4.724974 4.205232 3.672675 3.880423 4.487928 5.120164 5.428046 5.120164 4.487928 3.880423 3.672675 4.205232 4.724974 4.909718 4.666919 4.224982 3.768891 3.252312 3.549315 3.799347 3.886120 3.817640 3.642586 3.432512 2.812171 2.911833 2.995664 3.070760 3.113082 3.105826 3.083919,

Pairwise cross-correlations of the modulus of all oriented sub-bands at the same scale (size QxQ)
 1.268424 1.890122 2.801512 1.929298 1.890122 20.333673 35.549267 11.313954 2.801512 35.549267 91.472534 36.471012 1.929298 11.313954 36.471012 20.976555,
 1.172406 1.207517 1.803418 1.194003 1.207517 10.438993 18.528587 5.886763 1.803418 18.528587 48.364223 19.322931 1.194003 5.886763 19.322931 11.396506,

Cross-correlations of the modulus of all oriented sub-bands with all oriented sub-bands at the coarser scale (size QxQ)
 1.008089 1.248418 1.875758 1.255727 1.460919 8.469507 15.432514 5.986351 2.357212 15.256495 35.479706 15.828287 1.484263 6.069963 15.899232 8.941540,
 0.752854 0.761783 1.065034 0.721133 0.946291 4.057555 7.436218 3.399577 1.632904 7.771396 17.351126 8.192655 0.948826 3.372388 8.522943 4.589054,

Cross-correlations of the real part of each oriented sub-band with both the real and imaginary part of all phase-doubled oriented sub-bands at the next coarser scale (Q matrices of size 1x2Q, which are computed and stored in a matrix of size Qx2Q)
 0.319891 -0.181369 -0.181503 -0.130185 -0.018005 -0.013853 -0.001432 0.023916 -0.035893 -4.690230 -7.463918 -2.023761 -0.004991 -0.235091 0.038193 0.125339 -0.221708 -8.087758 -19.460903 -8.197875 -0.005619 -0.192781 0.671592 0.636321 0.020750 -2.006909 -7.436866 -4.705818 -0.016227 0.024584 0.418716 0.409736,
 0.304374 -0.070311 -0.067102 -0.046658 -0.003876 -0.001656 -0.008278 0.009166 0.039616 -1.711628 -2.292275 -0.587918 -0.003338 0.158871 0.002952 -0.032624 -0.101899 -2.679799 -6.302763 -2.771223 -0.000960 0.300073 -0.266196 -0.139325 0.071475 -0.609424 -2.579912 -1.757444 -0.000757 0.058990 -0.238135 -0.043023,
