Low-band skewness and kurtosis
 -1.358387 4.294140,
 -1.125478 3.727076,
 -0.909126 3.222307,
 -0.687327 2.597093,

High-band variance
 103.693474,

Skewness, kurtosis, variance, mean, maximum and minimum of the reconstructed texture
 118.000000 255.000000 240.558350 563.194214 -1.606790 4.792816

Auto-correlations of the low-frequency bands at each scale
 125.851883 117.143311 112.249069 110.613960 112.113922 118.025604 128.620529 161.058899 134.299240 112.438301 104.222137 112.746643 134.025772 158.775375 271.744537 279.456238 285.843109 288.486389 284.394073 274.479980 261.177277 337.564148 383.823975 422.935547 438.782104 422.935547 383.823975 337.564209 261.177277 274.479950 284.394043 288.486389 285.843170 279.456238 271.744537 158.775345 134.025742 112.746643 104.222099 112.438324 134.299240 161.058884 128.620529 118.025589 112.113922 110.613960 112.249077 117.143333 125.851883,
 123.236069 118.486580 116.592613 116.239746 116.340149 118.694115 124.260742 139.354004 121.951225 107.962326 102.560699 107.028511 120.041992 136.350357 200.982254 204.450043 207.454514 208.476913 205.271729 199.356964 192.608353 238.286224 266.211273 290.381744 300.391754 290.381744 266.211273 238.286240 192.608383 199.356934 205.271713 208.476898 207.454559 204.450073 200.982269 136.350372 120.041992 107.028511 102.560722 107.962334 121.951210 139.354004 124.260727 118.694099 116.340149 116.239746 116.592644 118.486588 123.236069,
 125.247368 123.964813 123.571701 123.075134 121.699883 120.614166 120.574043 136.298096 126.543938 118.388222 114.612366 115.830994 121.546257 128.827438 164.746033 165.517059 166.457687 166.583496 164.553879 161.596909 158.638260 181.504150 195.767151 208.625778 214.111267 208.625778 195.767151 181.504150 158.638260 161.596909 164.553879 166.583496 166.457703 165.517044 164.746048 128.827423 121.546249 115.830978 114.612358 118.388214 126.543938 136.298096 120.574059 120.614143 121.699890 123.075134 123.571678 123.964813 125.247368,
 14.046894 17.925625 18.718063 19.057938 23.096390 30.002005 34.434750 17.493292 18.114555 18.558191 23.652084 32.037552 36.852695 34.752270 18.095024 18.978750 24.705374 34.241989 39.126938 35.236332 27.665276 20.372791 26.022289 35.308456 40.279060 35.308456 26.022289 20.372791 27.665279 35.236332 39.126938 34.241993 24.705374 18.978754 18.095020 34.752270 36.852684 32.037548 23.652081 18.558189 18.114555 17.493292 34.434750 30.002005 23.096392 19.057938 18.718063 17.925625 14.046893,

Auto-correlations of the modulus of each oriented sub-band
 0.766089 0.876358 0.959603 0.992735 0.967034 0.892146 0.787756 0.845522 0.976603 1.077662 1.118397 1.083004 0.983962 0.854736 0.955685 1.140285 1.268028 1.307615 1.254489 1.123141 0.944783 0.982630 1.222731 1.460638 1.570259 1.460638 1.222731 0.982630 0.944783 1.123141 1.254489 1.307615 1.268028 1.140285 0.955685 0.854736 0.983962 1.083004 1.118397 1.077662 0.976603 0.845522 0.787756 0.892146 0.967034 0.992735 0.959603 0.876358 0.766089,
 13.032950 13.582273 14.372589 15.219730 15.843903 16.230034 16.493704 15.014079 16.299246 17.879665 19.134106 19.488089 19.176653 18.658075 17.489904 19.553764 21.920408 23.387880 22.989435 21.485113 19.903679 19.458479 21.718479 24.168686 25.385811 24.168686 21.718479 19.458479 19.903679 21.485113 22.989437 23.387880 21.920406 19.553766 17.489904 18.658073 19.176651 19.488091 19.134106 17.879663 16.299244 15.014078 16.493704 16.230036 15.843903 15.219729 14.372589 13.582275 13.032950,
 49.651646 50.654167 51.611561 51.676983 50.432823 48.572411 47.024460 55.837902 59.397045 63.188423 64.592392 62.030151 57.350872 53.242756 61.399624 68.191414 75.796364 79.218483 75.071487 66.916626 59.765808 63.163147 71.641632 81.367836 86.159256 81.367836 71.641632 63.163147 59.765808 66.916626 75.071487 79.218483 75.796356 68.191422 61.399612 53.242764 57.350872 62.030155 64.592384 63.188416 59.397045 55.837902 47.024460 48.572407 50.432823 51.676983 51.611549 50.654167 49.651638,
 17.678020 17.292608 16.752613 15.957575 14.939676 13.977406 13.251658 20.248064 20.539934 20.587009 20.028790 18.671886 17.027933 15.639191 21.717102 23.025324 24.214306 24.426033 22.972734 20.713020 18.694191 21.138962 23.198586 25.393223 26.488081 25.393223 23.198587 21.138962 18.694191 20.713017 22.972734 24.426033 24.214306 23.025324 21.717100 15.639191 17.027931 18.671885 20.028790 20.587009 20.539934 20.248062 13.251658 13.977406 14.939673 15.957577 16.752613 17.292610 17.678019,
 0.614462 0.808541 0.972472 1.044032 0.993815 0.846674 0.661931 0.670825 0.878931 1.049421 1.117926 1.056323 0.890950 0.684997 0.724365 0.968462 1.177563 1.262814 1.180427 0.971141 0.724236 0.749255 1.027634 1.284515 1.395058 1.284516 1.027634 0.749255 0.724237 0.971141 1.180427 1.262814 1.177563 0.968462 0.724365 0.684997 0.890950 1.056323 1.117926 1.049421 0.878931 0.670825 0.661931 0.846674 0.993815 1.044032 0.972472 0.808541 0.614462,
 7.844306 8.152565 8.586533 9.025309 9.311381 9.369609 9.256115 8.590719 9.415966 10.359591 11.028746 11.142275 10.772858 10.176231 9.693234 11.119034 12.651739 13.488109 13.133488 12.019179 10.780067 10.602879 12.235847 13.925752 14.721705 13.925752 12.235848 10.602879 10.780066 12.019177 13.133488 13.488109 12.651739 11.119034 9.693234 10.176231 10.772858 11.142273 11.028746 10.359591 9.415968 8.590719 9.256114 9.369609 9.311379 9.025309 8.586533 8.152567 7.844306,
 28.677423 29.424381 30.351673 30.796450 30.243790 29.068159 27.949562 31.468519 34.023224 36.808102 37.970013 36.364399 33.177151 30.291147 34.137833 39.013988 44.380730 46.745346 43.919250 38.248356 33.203270 34.937069 40.980247 47.786823 51.069130 47.786823 40.980247 34.937069 33.203270 38.248352 43.919250 46.745346 44.380730 39.013988 34.137833 30.291151 33.177151 36.364395 37.970013 36.808105 34.023216 31.468519 27.949564 29.068155 30.243790 30.796450 30.351675 29.424377 28.677423,
 10.350316 10.307117 10.133861 9.830615 9.457329 9.071859 8.712381 11.825614 12.178721 12.307773 12.100361 11.501413 10.631616 9.771169 12.758917 13.754861 14.571018 14.783092 14.034788 12.636593 11.249063 12.513963 13.992670 15.441064 16.111292 15.441064 13.992670 12.513963 11.249063 12.636592 14.034789 14.783093 14.571018 13.754861 12.758917 9.771168 10.631618 11.501413 12.100361 12.307771 12.178722 11.825614 8.712381 9.071859 9.457331 9.830615 10.133861 10.307117 10.350318,
 0.364037 0.509356 0.637032 0.694954 0.655732 0.536220 0.387006 0.377897 0.532525 0.666049 0.723269 0.679930 0.555100 0.398744 0.396488 0.574177 0.732092 0.796794 0.734144 0.579955 0.404190 0.412328 0.610497 0.797847 0.879012 0.797847 0.610497 0.412328 0.404190 0.579955 0.734144 0.796794 0.732092 0.574177 0.396488 0.398744 0.555100 0.679930 0.723269 0.666049 0.532525 0.377897 0.387006 0.536220 0.655732 0.694954 0.637032 0.509356 0.364037,
 3.975367 4.138705 4.338230 4.489019 4.492762 4.327537 4.059256 4.387116 4.810130 5.248243 5.472321 5.351783 4.954159 4.452057 4.791427 5.548926 6.339817 6.675459 6.316185 5.576575 4.829203 4.968608 5.860481 6.829152 7.298302 6.829152 5.860481 4.968608 4.829202 5.576574 6.316186 6.675458 6.339816 5.548926 4.791427 4.452057 4.954159 5.351782 5.472321 5.248243 4.810130 4.387116 4.059256 4.327537 4.492762 4.489019 4.338230 4.138705 3.975367,
 15.203813 15.534834 15.893476 15.771365 14.965594 14.004622 13.364969 16.499456 17.840994 19.412807 19.983274 18.809559 16.806709 15.144999 17.712963 20.275848 23.294598 24.689928 23.026247 19.799891 17.036905 18.051264 21.258867 25.041830 26.930147 25.041830 21.258867 18.051268 17.036903 19.799891 23.026247 24.689926 23.294598 20.275850 17.712965 15.144998 16.806709 18.809557 19.983274 19.412807 17.840990 16.499456 13.364968 14.004625 14.965596 15.771362 15.893476 15.534832 15.203812,
 5.125286 5.199306 5.126448 4.903867 4.607993 4.336257 4.131504 5.686386 6.062351 6.266593 6.181717 5.814353 5.295444 4.821213 6.019574 6.755901 7.397810 7.616145 7.180120 6.322441 5.507263 5.958899 6.901797 7.867764 8.323066 7.867764 6.901796 5.958898 5.507263 6.322442 7.180120 7.616146 7.397810 6.755901 6.019574 4.821213 5.295445 5.814353 6.181717 6.266592 6.062351 5.686385 4.131504 4.336257 4.607993 4.903867 5.126448 5.199306 5.125286,

Pairwise cross-correlations of the modulus of all oriented sub-bands at the same scale (size QxQ)
 1.570259 2.891015 4.154820 2.715980 2.891015 25.385811 35.638779 10.598197 4.154820 35.638779 86.159264 37.783218 2.715980 10.598197 37.783218 26.488081,
 1.395058 1.727853 2.381649 1.674708 1.727853 14.721707 20.697819 5.954709 2.381649 20.697819 51.069134 22.474924 1.674708 5.954709 22.474924 16.111290,

Cross-correlations of the modulus of all oriented sub-bands with all oriented sub-bands at the coarser scale (size QxQ)
 1.182811 1.880116 2.686641 1.807271 2.033565 12.165706 17.758589 6.463036 3.137415 17.288761 36.918743 18.731071 1.916547 6.277158 18.348343 13.096471,
 0.905659 1.076761 1.478316 1.017698 1.183616 5.846649 8.652291 3.208233 1.937723 9.344251 19.703857 9.539963 1.227187 3.803009 10.329416 6.532683,

Cross-correlations of the real part of each oriented sub-band with both the real and imaginary part of all phase-doubled oriented sub-bands at the next coarser scale (Q matrices of size 1x2Q, which are computed and stored in a matrix of size Qx2Q)
 0.250233 -0.424830 -0.441102 -0.397755 -0.001438 0.021681 0.050437 0.036936 -0.305144 -5.844467 -6.360991 -1.570986 0.000995 0.098873 0.284593 0.133259 -0.571585 -7.436599 -16.335863 -9.151975 -0.016227 0.082873 0.986794 0.724400 -0.207564 -1.373809 -7.560791 -6.922385 -0.022559 0.022383 0.634391 0.543229,
 0.280259 -0.129285 -0.143453 -0.143194 0.015546 -0.010357 0.005217 0.002927 -0.030031 -1.969345 -2.414533 -0.460673 0.011626 0.048087 0.235487 0.014738 -0.221263 -2.674274 -6.455672 -2.957765 0.014986 0.051178 0.272071 0.042887 -0.030839 -0.546325 -2.895951 -2.416001 0.011197 -0.010867 0.036190 0.015885,
