Low-band skewness and kurtosis
 -1.313547 4.303731,
 -1.096197 3.794981,
 -1.029411 3.660446,
 -0.682286 3.345557,

High-band variance
 102.002411,

Skewness, kurtosis, variance, mean, maximum and minimum of the reconstructed texture
 125.000000 255.000000 240.770294 527.090942 -1.557106 4.633833

Auto-correlations of the low-frequency bands at each scale
 86.342331 85.442993 85.808342 86.353188 86.405563 87.138092 89.937096 98.840057 82.866997 71.890213 67.944298 71.381393 81.745651 96.747002 245.399017 246.232285 247.721893 247.872803 244.679031 239.307159 233.155045 348.393158 374.556946 395.152039 403.342224 395.152008 374.556946 348.393127 233.155045 239.307159 244.679001 247.872818 247.721863 246.232254 245.398987 96.746986 81.745659 71.381409 67.944298 71.890182 82.867004 98.840042 89.937111 87.138084 86.405571 86.353195 85.808350 85.442993 86.342339,
 87.967392 88.461792 90.108887 91.788673 92.263519 92.909790 94.982567 90.194511 81.137817 75.827377 74.718620 76.970558 83.232864 92.957710 173.394775 172.921799 173.497330 173.676315 171.416000 168.171021 165.242386 232.731155 247.490204 259.373260 264.325897 259.373260 247.490204 232.731155 165.242386 168.170990 171.415985 173.676315 173.497330 172.921799 173.394775 92.957710 83.232872 76.970566 74.718620 75.827385 81.137817 90.194511 94.982567 92.909790 92.263519 91.788696 90.108887 88.461777 87.967407,
 93.237503 93.669731 94.435555 94.944023 94.546509 94.190437 94.663177 92.245049 87.254936 83.964066 82.813728 83.389709 86.164497 90.833466 133.129974 133.178009 134.089798 135.059799 134.749756 133.888031 133.098602 167.347061 174.852661 181.064926 183.716919 181.064926 174.852661 167.347061 133.098587 133.888031 134.749756 135.059784 134.089783 133.178024 133.129974 90.833458 86.164497 83.389709 82.813728 83.964050 87.254936 92.245049 94.663177 94.190422 94.546509 94.944031 94.435547 93.669746 93.237488,
 5.879889 7.750520 9.617135 11.642694 15.188699 19.723301 21.274727 7.813350 8.999255 10.627218 14.699710 20.084719 22.136341 18.586199 8.696855 9.794641 13.958008 20.365612 23.058878 19.208242 13.031945 9.450762 13.294415 19.962536 23.595535 19.962536 13.294415 9.450761 13.031947 19.208242 23.058882 20.365612 13.958009 9.794641 8.696852 18.586205 22.136341 20.084723 14.699709 10.627218 8.999255 7.813348 21.274729 19.723301 15.188699 11.642694 9.617134 7.750519 5.879888,

Auto-correlations of the modulus of each oriented sub-band
 0.612474 0.727446 0.810408 0.838241 0.802706 0.714687 0.598046 0.671026 0.800770 0.898467 0.934057 0.894614 0.792919 0.660752 0.753556 0.915980 1.034191 1.072911 1.021959 0.898219 0.735643 0.775943 0.971500 1.141248 1.212127 1.141248 0.971500 0.775943 0.735643 0.898219 1.021959 1.072911 1.034191 0.915980 0.753555 0.660752 0.792919 0.894614 0.934057 0.898467 0.800770 0.671026 0.598046 0.714687 0.802706 0.838240 0.810408 0.727446 0.612474,
 7.662488 8.033451 8.544424 9.016776 9.287321 9.398046 9.443814 9.625773 10.462547 11.456549 12.153012 12.238782 11.944088 11.589825 11.932435 13.289303 14.812205 15.666563 15.299020 14.270638 13.275233 13.453909 14.925469 16.551229 17.351812 16.551229 14.925469 13.453909 13.275233 14.270637 15.299021 15.666563 14.812205 13.289303 11.932435 11.589825 11.944086 12.238782 12.153011 11.456549 10.462548 9.625773 9.443814 9.398046 9.287321 9.016776 8.544424 8.033451 7.662488,
 36.249077 37.477806 38.654480 39.148563 38.539280 37.084126 35.373932 47.184433 50.643917 53.881485 55.198841 53.575584 49.882889 45.804485 57.808838 64.285988 70.408714 73.006920 70.155746 63.678997 56.748867 62.024811 70.188484 77.966110 81.404221 77.966110 70.188484 62.024811 56.748867 63.678989 70.155739 73.006920 70.408707 64.285988 57.808838 45.804485 49.882885 53.575577 55.198833 53.881474 50.643921 47.184433 35.373932 37.084122 38.539280 39.148560 38.654480 37.477806 36.249077,
 7.962032 7.810258 7.638217 7.346385 6.882864 6.376019 5.966917 10.577807 10.771196 10.932543 10.772923 10.080069 9.119699 8.281723 12.628506 13.411039 14.255792 14.536663 13.714725 12.291631 11.029490 12.857700 14.135042 15.590188 16.323656 15.590188 14.135042 12.857698 11.029490 12.291631 13.714725 14.536661 14.255792 13.411040 12.628506 8.281723 9.119698 10.080069 10.772923 10.932544 10.771196 10.577807 5.966917 6.376020 6.882866 7.346385 7.638217 7.810258 7.962031,
 0.558555 0.743861 0.895180 0.951865 0.886828 0.730025 0.543715 0.594346 0.794386 0.958981 1.021583 0.952560 0.784042 0.583138 0.635171 0.863952 1.057421 1.132524 1.051794 0.856283 0.627639 0.651480 0.899819 1.119648 1.211134 1.119648 0.899819 0.651480 0.627639 0.856283 1.051794 1.132524 1.057422 0.863952 0.635171 0.583138 0.784042 0.952560 1.021583 0.958981 0.794386 0.594346 0.543715 0.730025 0.886828 0.951865 0.895180 0.743861 0.558555,
 3.498433 3.696649 3.955140 4.224522 4.444304 4.579543 4.620296 4.530547 5.040820 5.573781 5.927364 6.039773 5.964896 5.745721 5.770778 6.625763 7.505309 7.936069 7.727543 7.190820 6.574151 6.606894 7.528131 8.475538 8.937356 8.475538 7.528131 6.606894 6.574151 7.190820 7.727542 7.936068 7.505309 6.625764 5.770778 5.745721 5.964896 6.039773 5.927364 5.573781 5.040820 4.530547 4.620295 4.579543 4.444304 4.224523 3.955141 3.696648 3.498432,
 15.092621 15.861261 16.712887 17.241701 17.144440 16.545822 15.779591 20.221720 22.522209 24.666311 25.642384 24.849272 22.742928 20.285120 25.615620 29.986633 33.935841 35.587624 33.883900 29.835344 25.296692 27.820456 33.308102 38.293869 40.430622 38.293869 33.308102 27.820454 25.296694 29.835344 33.883896 35.587624 33.935844 29.986633 25.615618 20.285120 22.742928 24.849272 25.642384 24.666311 22.522207 20.221718 15.779592 16.545822 17.144440 17.241701 16.712887 15.861261 15.092621,
 3.559015 3.517209 3.435736 3.302031 3.124297 2.950416 2.805526 4.860776 5.007285 5.060630 4.975985 4.705361 4.284267 3.843516 5.958108 6.447940 6.870719 7.033585 6.680217 5.938879 5.175248 6.102717 6.897885 7.690177 8.071004 7.690177 6.897885 6.102716 5.175248 5.938879 6.680217 7.033586 6.870720 6.447940 5.958108 3.843517 4.284267 4.705361 4.975985 5.060631 5.007285 4.860776 2.805526 2.950417 3.124297 3.302031 3.435736 3.517208 3.559015,
 0.270800 0.390996 0.497596 0.540387 0.496196 0.390646 0.273322 0.282484 0.407457 0.517059 0.560710 0.515209 0.405810 0.283083 0.297850 0.436437 0.560840 0.610586 0.556856 0.432341 0.296603 0.303966 0.450722 0.589294 0.649025 0.589294 0.450722 0.303966 0.296603 0.432341 0.556856 0.610586 0.560840 0.436437 0.297850 0.283083 0.405810 0.515209 0.560710 0.517059 0.407457 0.282483 0.273322 0.390646 0.496196 0.540387 0.497596 0.390996 0.270800,
 2.162261 2.311534 2.447740 2.551393 2.605512 2.596840 2.525776 2.633915 2.980612 3.288451 3.442959 3.445539 3.332330 3.127896 3.184398 3.744453 4.283953 4.507688 4.337029 3.971841 3.549711 3.563468 4.158221 4.752537 5.039678 4.752537 4.158221 3.563468 3.549711 3.971841 4.337029 4.507687 4.283953 3.744453 3.184398 3.127895 3.332331 3.445539 3.442959 3.288451 2.980612 2.633915 2.525776 2.596840 2.605512 2.551393 2.447740 2.311534 2.162261,
 7.426119 7.999892 8.610753 9.125472 9.363159 9.283398 8.938835 10.286757 11.755339 13.105732 13.900582 13.803102 12.917278 11.617055 13.476510 16.127682 18.465824 19.564011 18.843359 16.734858 14.148526 15.081449 18.315212 21.138134 22.328568 21.138134 18.315212 15.081448 14.148526 16.734858 18.843359 19.564011 18.465822 16.127682 13.476508 11.617054 12.917278 13.803102 13.900583 13.105732 11.755339 10.286757 8.938835 9.283398 9.363159 9.125472 8.610752 7.999892 7.426119,
 1.224418 1.283828 1.310127 1.293438 1.261361 1.226137 1.167630 1.804999 1.983723 2.085832 2.108825 2.033969 1.833800 1.585810 2.354702 2.737053 3.051652 3.212057 3.041560 2.599751 2.132531 2.492397 3.025116 3.540706 3.792071 3.540705 3.025116 2.492397 2.132531 2.599751 3.041559 3.212057 3.051652 2.737053 2.354702 1.585810 1.833800 2.033969 2.108825 2.085832 1.983723 1.804999 1.167630 1.226137 1.261361 1.293438 1.310126 1.283828 1.224418,

Pairwise cross-correlations of the modulus of all oriented sub-bands at the same scale (size QxQ)
 1.212127 1.538582 2.126524 1.382269 1.538582 17.351816 31.544378 9.874922 2.126524 31.544378 81.404213 31.050934 1.382269 9.874922 31.050934 16.323656,
 1.211133 0.950094 1.106028 0.778499 0.950094 8.937356 15.337115 4.334966 1.106028 15.337115 40.430626 15.025830 0.778499 4.334966 15.025830 8.071004,

Cross-correlations of the modulus of all oriented sub-bands with all oriented sub-bands at the coarser scale (size QxQ)
 1.031854 0.978063 1.138390 0.824294 1.253837 6.969525 11.936275 4.106594 1.832007 11.742053 26.828934 11.096048 1.043812 4.109143 11.007275 5.836661,
 0.760387 0.579802 0.655193 0.452120 0.767192 3.244656 5.330567 1.723218 1.018822 4.897402 10.250546 3.956910 0.563716 1.470916 3.712249 1.906633,

Cross-correlations of the real part of each oriented sub-band with both the real and imaginary part of all phase-doubled oriented sub-bands at the next coarser scale (Q matrices of size 1x2Q, which are computed and stored in a matrix of size Qx2Q)
 0.378781 -0.063753 -0.164470 -0.059308 -0.010766 -0.000010 0.000031 0.008583 0.075865 -4.171592 -7.159638 -2.298812 -0.001428 -0.103162 -0.107849 0.024113 -0.115907 -7.850688 -20.947651 -10.032887 -0.002259 -0.134561 -0.060002 0.152868 0.083575 -2.140344 -9.014554 -5.609489 -0.005763 -0.016490 0.051772 0.115485,
 0.343142 -0.005612 -0.053264 -0.023915 -0.004188 -0.013318 -0.002114 0.006672 0.107554 -1.762861 -2.773283 -0.731188 0.001553 -0.183251 -0.324680 0.015725 -0.045919 -3.232002 -7.647789 -3.259919 -0.000385 -0.300208 -0.184213 0.259761 0.101330 -0.797428 -3.067897 -1.873742 -0.005163 -0.067071 0.171511 0.179496,
