Low-band skewness and kurtosis
 -1.140126 3.670297,
 -0.808174 3.007769,
 -0.447866 2.258347,
 -0.096695 2.024460,

High-band variance
 104.717133,

Skewness, kurtosis, variance, mean, maximum and minimum of the reconstructed texture
 125.000000 255.000000 240.708755 503.150024 -1.461107 4.246414

Auto-correlations of the low-frequency bands at each scale
 51.042995 50.156525 50.340561 50.594883 50.077145 49.362396 49.187435 50.478523 38.725418 30.946205 28.301800 30.766451 38.308895 49.887432 207.647751 210.160751 212.526550 213.444000 211.727844 209.075516 207.370041 333.988068 353.909271 369.481567 375.687195 369.481567 353.909271 333.988007 207.370071 209.075516 211.727829 213.443939 212.526550 210.160751 207.647751 49.887451 38.308910 30.766453 28.301798 30.946203 38.725407 50.478500 49.187447 49.362400 50.077152 50.594879 50.340561 50.156517 51.042984,
 66.481438 66.461205 67.380577 68.183769 67.643661 66.836723 66.639526 54.099869 47.021740 42.959099 41.708488 42.368275 45.896446 52.480827 135.177917 135.906921 137.247864 137.928299 136.495071 134.729340 134.075592 207.695618 218.769073 227.616333 231.350388 227.616379 218.769119 207.695618 134.075577 134.729340 136.495087 137.928299 137.247849 135.906921 135.177917 52.480812 45.896446 42.368282 41.708488 42.959091 47.021740 54.099880 66.639503 66.836723 67.643677 68.183769 67.380569 66.461197 66.481453,
 74.096336 74.917480 76.126450 77.162209 77.220505 77.018875 77.086403 69.026512 65.805244 64.232925 64.113205 64.671440 66.580322 70.025597 103.062492 103.087036 103.779221 104.239349 103.315926 102.286736 102.161987 134.972702 140.296265 144.964600 147.083954 144.964600 140.296265 134.972702 102.161987 102.286736 103.315926 104.239349 103.779221 103.087036 103.062492 70.025597 66.580330 64.671440 64.113205 64.232918 65.805252 69.026497 77.086403 77.018875 77.220505 77.162209 76.126457 74.917473 74.096344,
 14.252774 17.186792 18.573130 20.286074 24.678455 30.783176 33.844337 17.275623 18.476698 20.128212 24.898264 31.328106 34.374599 31.464134 18.688057 20.159103 24.985207 31.969969 35.126652 31.634144 25.346704 20.540678 25.038033 32.005939 35.647427 32.005932 25.038033 20.540682 25.346699 31.634146 35.126659 31.969969 24.985201 20.159107 18.688063 31.464132 34.374599 31.328106 24.898264 20.128208 18.476698 17.275627 33.844337 30.783180 24.678461 20.286072 18.573122 17.186792 14.252775,

Auto-correlations of the modulus of each oriented sub-band
 0.503546 0.605567 0.683012 0.714103 0.688626 0.613591 0.509884 0.555009 0.671765 0.761894 0.798048 0.767682 0.680553 0.562936 0.628662 0.776675 0.895321 0.944704 0.905408 0.792558 0.644626 0.683983 0.861685 1.005491 1.062028 1.005491 0.861685 0.683983 0.644626 0.792558 0.905408 0.944704 0.895321 0.776675 0.628662 0.562936 0.680553 0.767682 0.798047 0.761894 0.671764 0.555009 0.509884 0.613591 0.688626 0.714103 0.683012 0.605567 0.503546,
 7.297960 7.553185 7.888695 8.154307 8.253641 8.254210 8.263179 9.105082 9.754526 10.490338 10.936705 10.915564 10.644071 10.381982 11.285858 12.374990 13.578292 14.193617 13.847198 13.013177 12.248538 12.658286 13.830149 15.139708 15.778710 15.139708 13.830149 12.658286 12.248536 13.013177 13.847198 14.193617 13.578293 12.374990 11.285856 10.381982 10.644071 10.915564 10.936704 10.490338 9.754525 9.105082 8.263179 8.254210 8.253642 8.154307 7.888696 7.553185 7.297960,
 43.585991 44.852032 45.861511 46.152458 45.467186 44.105728 42.619202 54.380669 57.806099 60.688755 61.778385 60.409203 57.290539 53.736511 65.780693 72.112053 77.593765 79.810707 77.437035 71.838142 65.450699 70.827682 78.655449 85.556969 88.472343 85.556953 78.655464 70.827675 65.450699 71.838142 77.437042 79.810707 77.593765 72.112061 65.780685 53.736519 57.290527 60.409203 61.778397 60.688751 57.806095 54.380657 42.619205 44.105732 45.467194 46.152454 45.861511 44.852024 43.585991,
 8.151243 8.139002 8.074445 7.878953 7.520420 7.093136 6.743659 10.291640 10.620841 10.887102 10.851853 10.338385 9.504535 8.718554 12.117696 13.022511 13.916044 14.247696 13.592615 12.285535 11.022965 12.471572 13.822586 15.229410 15.882809 15.229410 13.822586 12.471571 11.022965 12.285534 13.592615 14.247696 13.916043 13.022512 12.117695 8.718554 9.504535 10.338385 10.851853 10.887104 10.620843 10.291640 6.743659 7.093135 7.520420 7.878954 8.074445 8.139002 8.151242,
 0.501027 0.684996 0.836690 0.896018 0.835391 0.682017 0.496721 0.519136 0.712046 0.872188 0.934980 0.870712 0.708823 0.514441 0.545718 0.761362 0.944581 1.017370 0.943253 0.758984 0.542561 0.560654 0.792294 0.995094 1.078364 0.995094 0.792294 0.560653 0.542561 0.758984 0.943253 1.017370 0.944581 0.761362 0.545718 0.514441 0.708823 0.870712 0.934980 0.872188 0.712046 0.519136 0.496721 0.682017 0.835391 0.896018 0.836690 0.684996 0.501027,
 3.661617 3.762654 3.866042 3.963503 4.025906 4.043839 4.035379 4.579823 4.944690 5.272907 5.438836 5.435388 5.326832 5.157910 5.760549 6.412430 7.042179 7.302890 7.091144 6.674546 6.226087 6.499277 7.192572 7.904877 8.255554 7.904877 7.192573 6.499277 6.226087 6.674546 7.091144 7.302889 7.042179 6.412431 5.760549 5.157910 5.326832 5.435388 5.438836 5.272907 4.944690 4.579823 4.035379 4.043839 4.025906 3.963503 3.866042 3.762653 3.661616,
 20.475182 21.001955 21.484018 21.648569 21.324863 20.661810 19.925226 26.094898 28.233236 29.990236 30.656189 29.867922 27.990545 25.737656 32.425377 36.654957 40.148018 41.531731 40.102081 36.571491 32.310207 35.333950 40.614201 45.036823 46.846035 45.036823 40.614204 35.333950 32.310211 36.571491 40.102081 41.531727 40.148018 36.654957 32.425377 25.737656 27.990545 29.867922 30.656189 29.990236 28.233240 26.094894 19.925224 20.661808 21.324863 21.648569 21.484020 21.001955 20.475182,
 3.737790 3.721439 3.673628 3.600372 3.497297 3.375718 3.253001 4.876483 5.052177 5.159452 5.164109 4.986959 4.632891 4.233618 5.948094 6.448986 6.896183 7.115540 6.839129 6.170258 5.464540 6.222167 6.984110 7.740290 8.105734 7.740290 6.984111 6.222167 5.464539 6.170257 6.839128 7.115540 6.896183 6.448986 5.948094 4.233618 4.632890 4.986959 5.164109 5.159452 5.052178 4.876482 3.253001 3.375717 3.497298 3.600372 3.673628 3.721439 3.737790,
 0.315218 0.452649 0.567656 0.612667 0.565034 0.446164 0.305125 0.325376 0.469373 0.591682 0.640176 0.589680 0.463640 0.315404 0.343446 0.503308 0.643217 0.700462 0.643196 0.501037 0.337605 0.352560 0.524897 0.678324 0.741724 0.678324 0.524897 0.352560 0.337605 0.501037 0.643196 0.700462 0.643217 0.503308 0.343446 0.315404 0.463640 0.589680 0.640176 0.591682 0.469373 0.325376 0.305125 0.446164 0.565034 0.612667 0.567656 0.452649 0.315218,
 1.381870 1.436354 1.451481 1.409711 1.328998 1.240690 1.157688 1.816383 2.002437 2.113207 2.086847 1.971787 1.833912 1.678596 2.268383 2.621251 2.925704 2.971882 2.761817 2.488489 2.226715 2.463028 2.839199 3.242123 3.444693 3.242124 2.839199 2.463028 2.226716 2.488489 2.761817 2.971882 2.925704 2.621251 2.268383 1.678596 1.833912 1.971787 2.086847 2.113207 2.002437 1.816383 1.157688 1.240690 1.328998 1.409711 1.451481 1.436354 1.381870,
 6.814456 7.025569 7.243869 7.294011 7.047288 6.692630 6.424457 9.718026 10.722116 11.563575 11.857578 11.353498 10.352856 9.280319 12.639851 14.693599 16.415960 17.090565 16.270546 14.436304 12.344677 13.822600 16.414091 18.650686 19.601110 18.650686 16.414091 13.822600 12.344675 14.436304 16.270546 17.090565 16.415960 14.693599 12.639851 9.280317 10.352856 11.353498 11.857578 11.563574 10.722114 9.718025 6.424458 6.692629 7.047288 7.294010 7.243869 7.025571 6.814454,
 1.307769 1.345472 1.368869 1.384323 1.399248 1.396185 1.363133 1.918364 2.039274 2.117538 2.164062 2.137106 1.996363 1.806442 2.448084 2.718210 2.975832 3.142359 3.042258 2.697324 2.321739 2.602039 3.016447 3.444722 3.655559 3.444722 3.016447 2.602039 2.321739 2.697324 3.042258 3.142359 2.975832 2.718210 2.448084 1.806442 1.996363 2.137106 2.164062 2.117538 2.039274 1.918364 1.363133 1.396185 1.399248 1.384323 1.368869 1.345472 1.307770,

Pairwise cross-correlations of the modulus of all oriented sub-bands at the same scale (size QxQ)
 1.062028 1.247251 1.966584 1.342044 1.247251 15.778712 33.252724 10.906910 1.966584 33.252724 88.472298 32.976368 1.342044 10.906910 32.976368 15.882807,
 1.078363 0.820152 1.147289 0.848144 0.820152 8.255554 17.369909 5.490840 1.147289 17.369909 46.846035 17.011673 0.848144 5.490840 17.011673 8.105733,

Cross-correlations of the modulus of all oriented sub-bands with all oriented sub-bands at the coarser scale (size QxQ)
 0.910371 0.801375 1.126741 0.864840 1.074139 6.013405 12.989979 4.928325 1.828302 13.064611 31.674809 12.538914 1.124936 4.979042 12.629325 5.888891,
 0.768939 0.556198 0.410106 0.505021 0.707401 2.485197 5.048686 1.872934 1.185165 5.293080 12.638690 4.876581 0.729347 2.086279 4.910196 2.283792,

Cross-correlations of the real part of each oriented sub-band with both the real and imaginary part of all phase-doubled oriented sub-bands at the next coarser scale (Q matrices of size 1x2Q, which are computed and stored in a matrix of size Qx2Q)
 0.321815 -0.029414 -0.090379 -0.032622 0.002895 -0.005920 -0.007164 0.005775 0.107092 -4.235500 -8.046391 -2.376215 -0.001945 -0.031481 0.611087 0.278268 -0.025693 -8.818941 -21.350039 -8.794535 -0.003415 0.329871 2.371130 0.971800 0.103661 -2.425564 -7.950827 -4.408963 -0.000135 0.210203 1.019441 0.427869,
 0.297814 0.012682 -0.028285 0.012929 0.015656 -0.017409 -0.001715 -0.008263 0.110549 -1.261939 -2.646166 -0.896514 0.006082 -0.310844 -0.268292 0.054398 -0.003491 -2.850322 -7.933907 -3.611359 0.000815 -0.575928 -0.444309 0.225235 0.111794 -0.863523 -3.263900 -1.849862 0.006366 -0.141311 -0.071392 0.107474,
