Low-band skewness and kurtosis
 -1.269222 4.087325,
 -1.050768 3.654785,
 -0.794140 2.897001,
 -0.747710 3.264715,

High-band variance
 103.105217,

Skewness, kurtosis, variance, mean, maximum and minimum of the reconstructed texture
 123.000000 255.000000 240.688095 527.633667 -1.533862 4.538873

Auto-correlations of the low-frequency bands at each scale
 85.510002 84.279755 84.794113 85.732788 86.319702 87.598640 90.874382 105.209183 87.571236 75.249741 71.319794 76.499268 89.771629 107.917259 242.141586 245.615921 248.853561 250.224960 247.963318 243.564560 238.805008 339.111389 369.295258 393.312775 402.885437 393.312775 369.295258 339.111359 238.804977 243.564560 247.963333 250.224960 248.853577 245.615921 242.141541 107.917244 89.771629 76.499260 71.319786 75.249733 87.571228 105.209190 90.874390 87.598640 86.319717 85.732780 84.794121 84.279755 85.509987,
 91.213470 90.456749 91.111580 91.873909 91.431557 91.152779 92.288078 91.979942 82.088120 75.841827 74.230965 76.783264 84.083710 95.082947 167.885620 170.117462 172.788925 174.585724 173.772308 172.039871 170.642868 229.910049 247.032333 260.730225 266.369659 260.730225 247.032333 229.910049 170.642868 172.039886 173.772308 174.585724 172.788925 170.117447 167.885635 95.082932 84.083710 76.783264 74.230965 75.841827 82.088104 91.979958 92.288078 91.152794 91.431557 91.873917 91.111580 90.456749 91.213478,
 90.205322 89.757538 89.848564 89.816963 89.029411 88.389259 88.528320 92.836723 86.664642 82.433357 80.784279 81.533043 85.184311 91.110497 130.924194 132.176346 134.008392 135.450424 135.306152 134.646118 134.260208 164.292511 173.787262 181.662399 184.976730 181.662399 173.787231 164.292526 134.260208 134.646133 135.306152 135.450439 134.008377 132.176331 130.924210 91.110481 85.184311 81.533035 80.784271 82.433350 86.664619 92.836739 88.528305 88.389259 89.029411 89.816963 89.848572 89.757538 90.205338,
 10.339602 13.889701 14.499757 15.783705 21.967905 30.154408 32.581318 14.028398 14.582383 15.376002 21.600887 30.605099 33.833733 28.502045 15.057236 15.365060 21.175209 31.051867 35.208515 29.464432 20.881889 15.971101 20.816010 30.585413 36.007252 30.585407 20.816010 15.971096 20.881891 29.464432 35.208515 31.051870 21.175203 15.365060 15.057230 28.502050 33.833729 30.605104 21.600887 15.376002 14.582378 14.028396 32.581322 30.154406 21.967913 15.783706 14.499752 13.889703 10.339595,

Auto-correlations of the modulus of each oriented sub-band
 0.599509 0.709589 0.794967 0.831375 0.806590 0.727246 0.615688 0.667132 0.795934 0.897840 0.940823 0.909968 0.815913 0.688188 0.761532 0.926299 1.052276 1.101854 1.059484 0.938398 0.774503 0.804903 1.008402 1.188752 1.265065 1.188752 1.008402 0.804903 0.774503 0.938398 1.059484 1.101854 1.052276 0.926299 0.761532 0.688188 0.815913 0.909968 0.940823 0.897840 0.795934 0.667132 0.615688 0.727246 0.806590 0.831375 0.794967 0.709589 0.599509,
 8.281467 8.701481 9.280416 9.847714 10.230526 10.475711 10.670076 10.439472 11.315691 12.414330 13.247794 13.455861 13.287686 13.057893 12.953880 14.326478 15.972179 16.962543 16.636385 15.645214 14.729414 14.707570 16.150770 17.849638 18.723824 17.849638 16.150770 14.707570 14.729414 15.645213 16.636385 16.962543 15.972178 14.326478 12.953880 13.057893 13.287684 13.455861 13.247794 12.414330 11.315692 10.439472 10.670076 10.475711 10.230526 9.847713 9.280415 8.701480 8.281468,
 39.496685 40.534134 41.569946 41.992615 41.422329 40.233685 39.056351 48.837688 52.298717 55.729134 57.199368 55.579941 52.022724 48.437897 57.892139 64.480820 71.120720 74.071815 71.019135 64.297783 57.612213 61.681091 69.859909 78.200317 82.031250 78.200317 69.859909 61.681080 57.612217 64.297783 71.019142 74.071815 71.120720 64.480812 57.892128 48.437901 52.022713 55.579941 57.199368 55.729122 52.298717 48.837688 39.056355 40.233685 41.422333 41.992615 41.569942 40.534134 39.496685,
 10.212522 10.027033 9.806362 9.474720 8.993249 8.477527 8.068827 12.634797 12.875390 13.055535 12.880707 12.134091 11.092277 10.187757 14.386038 15.323268 16.304129 16.625908 15.712386 14.116253 12.692369 14.428516 15.914186 17.577900 18.404209 17.577900 15.914186 14.428516 12.692369 14.116253 15.712386 16.625908 16.304129 15.323267 14.386039 10.187757 11.092276 12.134090 12.880706 13.055533 12.875390 12.634794 8.068826 8.477527 8.993249 9.474720 9.806362 10.027033 10.212522,
 0.503388 0.695885 0.855425 0.919159 0.858760 0.702357 0.512479 0.531256 0.738877 0.912182 0.982879 0.919276 0.750982 0.546137 0.573055 0.809785 1.013065 1.096920 1.019735 0.821326 0.586476 0.600400 0.855956 1.084956 1.181199 1.084956 0.855956 0.600400 0.586476 0.821326 1.019735 1.096920 1.013065 0.809786 0.573055 0.546137 0.750982 0.919276 0.982879 0.912182 0.738877 0.531256 0.512479 0.702357 0.858760 0.919159 0.855425 0.695885 0.503388,
 4.426540 4.592955 4.800604 5.017680 5.186623 5.281431 5.326265 5.397827 5.952368 6.496892 6.843885 6.936528 6.836499 6.614064 6.752251 7.689857 8.620140 9.071607 8.864222 8.312304 7.670648 7.746164 8.729933 9.713696 10.185373 9.713696 8.729934 7.746163 7.670649 8.312305 8.864222 9.071606 8.620140 7.689857 6.752249 6.614064 6.836499 6.936528 6.843885 6.496891 5.952368 5.397827 5.326265 5.281432 5.186623 5.017680 4.800605 4.592956 4.426539,
 20.402718 21.068842 21.707001 21.931337 21.499372 20.592258 19.580048 24.712618 27.373186 29.768608 30.707426 29.581831 26.995584 24.116867 29.160955 34.211903 38.825462 40.725414 38.689949 33.967777 28.824631 31.010628 37.224522 43.006889 45.505634 43.006893 37.224522 31.010628 28.824631 33.967777 38.689949 40.725414 38.825462 34.211903 29.160954 24.116867 26.995581 29.581833 30.707422 29.768608 27.373186 24.712618 19.580046 20.592258 21.499371 21.931337 21.707001 21.068842 20.402718,
 5.127364 5.150010 5.085072 4.916578 4.650375 4.356763 4.105438 6.186004 6.470246 6.634556 6.582126 6.232815 5.669510 5.103443 7.014894 7.705558 8.306027 8.538286 8.101254 7.193483 6.276808 7.074306 8.066767 9.046291 9.512071 9.046292 8.066767 7.074306 6.276808 7.193483 8.101254 8.538286 8.306027 7.705557 7.014894 5.103443 5.669510 6.232815 6.582126 6.634557 6.470247 6.186003 4.105439 4.356763 4.650375 4.916578 5.085072 5.150010 5.127364,
 0.299760 0.436722 0.553419 0.600022 0.554530 0.440461 0.306668 0.303940 0.447762 0.572578 0.624931 0.579900 0.460634 0.319545 0.322476 0.482893 0.626140 0.686387 0.631396 0.492604 0.334571 0.338546 0.509367 0.667454 0.734697 0.667454 0.509367 0.338546 0.334571 0.492604 0.631396 0.686387 0.626140 0.482893 0.322476 0.319545 0.460634 0.579900 0.624931 0.572578 0.447762 0.303940 0.306668 0.440461 0.554530 0.600022 0.553419 0.436722 0.299760,
 2.358865 2.578846 2.815441 3.023355 3.153524 3.166794 3.061744 2.836250 3.292665 3.734153 4.012359 4.074856 3.931481 3.624106 3.429454 4.122822 4.785783 5.109423 4.974877 4.536114 3.962056 3.887210 4.635634 5.330722 5.645473 5.330722 4.635635 3.887210 3.962055 4.536114 4.974877 5.109422 4.785783 4.122822 3.429455 3.624106 3.931481 4.074855 4.012359 3.734152 3.292665 2.836250 3.061744 3.166794 3.153524 3.023355 2.815441 2.578846 2.358865,
 8.556182 9.190084 9.982373 10.560229 10.606551 10.089999 9.204207 10.820562 12.635828 14.382760 15.303823 14.898339 13.356189 11.330643 13.104129 16.347614 19.308775 20.651190 19.589098 16.729975 13.384318 14.184221 18.138401 21.703772 23.216906 21.703773 18.138401 14.184221 13.384318 16.729977 19.589094 20.651186 19.308777 16.347610 13.104129 11.330642 13.356189 14.898336 15.303823 14.382760 12.635828 10.820560 9.204207 10.090001 10.606551 10.560229 9.982373 9.190084 8.556182,
 1.942137 2.019473 2.041021 1.984176 1.856359 1.681629 1.482062 2.516483 2.787413 2.960118 2.968494 2.771860 2.395152 1.968141 2.940412 3.479054 3.943290 4.140935 3.866563 3.227723 2.552340 2.958312 3.686514 4.400350 4.735319 4.400350 3.686514 2.958311 2.552340 3.227723 3.866563 4.140935 3.943290 3.479054 2.940412 1.968141 2.395152 2.771860 2.968494 2.960117 2.787412 2.516483 1.482062 1.681629 1.856359 1.984176 2.041020 2.019473 1.942137,

Pairwise cross-correlations of the modulus of all oriented sub-bands at the same scale (size QxQ)
 1.265066 1.738271 2.608295 1.715952 1.738271 18.723822 32.312958 10.118400 2.608295 32.312958 82.031258 32.398335 1.715952 10.118400 32.398335 18.404217,
 1.181198 1.020543 1.370987 0.929130 1.020543 10.185373 17.852457 5.240140 1.370987 17.852457 45.505634 17.196831 0.929130 5.240140 17.196831 9.512073,

Cross-correlations of the modulus of all oriented sub-bands with all oriented sub-bands at the coarser scale (size QxQ)
 1.022765 1.136029 1.578739 1.072590 1.328107 8.101114 14.147847 5.040721 2.023681 13.857598 31.120184 13.155468 1.170215 5.001465 13.158614 7.195392,
 0.790039 0.676701 0.729161 0.541311 0.817572 3.493549 5.732648 2.021971 1.300482 6.156478 12.575843 5.038478 0.767106 2.337626 5.406057 2.748713,

Cross-correlations of the real part of each oriented sub-band with both the real and imaginary part of all phase-doubled oriented sub-bands at the next coarser scale (Q matrices of size 1x2Q, which are computed and stored in a matrix of size Qx2Q)
 0.331509 -0.125098 -0.185631 -0.096404 -0.003133 0.008399 0.003182 -0.000013 0.019190 -4.969416 -7.320929 -1.827079 0.000083 0.138590 0.037195 -0.006452 -0.161791 -8.557378 -18.581953 -7.770732 0.009153 0.104712 -0.099302 -0.038904 0.057061 -2.033913 -7.188174 -4.535839 0.006281 -0.013653 -0.075857 -0.039856,
 0.309131 -0.023775 -0.044376 -0.009498 0.006397 0.001692 -0.013681 -0.015285 0.073823 -1.912900 -2.628465 -0.520478 -0.000012 0.002354 0.239546 0.004911 -0.057990 -3.353344 -6.534333 -2.283772 -0.000970 0.112322 0.506539 -0.278775 0.095459 -0.770098 -2.367387 -1.375866 0.004349 0.066751 0.010167 -0.286057,
