Low-band skewness and kurtosis
 -1.230860 3.942866,
 -0.995986 3.466070,
 -0.745099 2.846463,
 -0.507405 2.558210,

High-band variance
 100.948746,

Skewness, kurtosis, variance, mean, maximum and minimum of the reconstructed texture
 122.000000 255.000000 240.754807 513.563477 -1.492098 4.343050

Auto-correlations of the low-frequency bands at each scale
 79.217064 77.717743 77.215698 76.549438 75.069725 73.695869 73.404037 89.558601 75.137215 65.125153 61.265121 63.722027 72.097054 84.685287 231.922943 234.327850 236.922119 238.309921 236.772339 233.745712 231.216110 342.551117 365.358246 383.490265 390.772369 383.490265 365.358246 342.551117 231.216095 233.745697 236.772308 238.309921 236.922089 234.327850 231.922913 84.685272 72.097054 63.722008 61.265129 65.125153 75.137207 89.558601 73.404015 73.695877 75.069717 76.549438 77.215691 77.717735 79.217064,
 76.406990 77.193611 79.452225 81.937515 83.266693 84.580826 86.750191 79.275711 71.186981 66.352158 64.855598 65.866570 70.395729 78.398468 164.739868 164.735321 165.035278 164.485062 161.598175 158.366959 156.369354 228.406265 240.900024 250.908005 255.128937 250.908005 240.900024 228.406265 156.369370 158.366959 161.598160 164.485062 165.035278 164.735321 164.739868 78.398468 70.395744 65.866570 64.855598 66.352165 71.186981 79.275711 86.750191 84.580818 83.266693 81.937515 79.452225 77.193611 76.406998,
 81.477081 81.255058 81.322281 81.044510 79.723839 78.183609 77.064758 78.995056 75.431358 73.747391 73.778877 74.841698 77.515152 81.752388 121.392014 122.658104 124.388954 125.828461 126.008354 126.114311 126.957321 160.148239 166.553619 171.820557 174.101974 171.820557 166.553619 160.148239 126.957321 126.114311 126.008354 125.828461 124.388947 122.658104 121.391998 81.752388 77.515137 74.841705 73.778870 73.747375 75.431343 78.995056 77.064758 78.183609 79.723831 81.044495 81.322273 81.255043 81.477074,
 13.557400 16.876991 15.936097 14.249004 18.239674 27.378017 32.345909 17.335943 15.809911 13.602465 18.011620 27.967453 33.269043 27.862225 15.929734 13.230523 17.727345 28.587942 34.230755 28.152630 17.825842 13.345469 17.572062 28.559683 34.792446 28.559679 17.572062 13.345469 17.825840 28.152634 34.230755 28.587936 17.727343 13.230523 15.929735 27.862225 33.269043 27.967453 18.011621 13.602464 15.809908 17.335943 32.345905 27.378017 18.239674 14.249004 15.936094 16.876989 13.557400,

Auto-correlations of the modulus of each oriented sub-band
 0.600229 0.711025 0.792325 0.820231 0.785929 0.699925 0.585854 0.661442 0.785285 0.877678 0.910403 0.871186 0.772238 0.644017 0.740046 0.898699 1.019197 1.062595 1.013368 0.889765 0.731147 0.780688 0.975686 1.137190 1.201956 1.137190 0.975686 0.780688 0.731147 0.889765 1.013368 1.062595 1.019197 0.898699 0.740046 0.644017 0.772238 0.871186 0.910403 0.877678 0.785285 0.661442 0.585854 0.699925 0.785929 0.820231 0.792325 0.711025 0.600229,
 7.404929 7.691319 8.100466 8.439997 8.606489 8.674018 8.733088 9.323184 10.012394 10.878411 11.435358 11.441868 11.160597 10.896372 11.558938 12.689857 14.059643 14.802009 14.412002 13.474904 12.671195 12.981615 14.197142 15.668235 16.413528 15.668234 14.197142 12.981615 12.671196 13.474904 14.412002 14.802009 14.059643 12.689858 11.558938 10.896372 11.160597 11.441867 11.435356 10.878409 10.012394 9.323184 8.733086 8.674018 8.606489 8.439997 8.100465 7.691320 7.404930,
 38.101166 39.278687 40.243397 40.550377 39.997414 38.928185 37.848896 48.621357 52.111050 55.156834 56.302902 54.809139 51.590202 48.194328 59.145550 65.627785 71.537437 73.960983 71.252716 65.197891 58.776108 63.627247 71.576027 79.055626 82.342239 79.055618 71.576027 63.627239 58.776112 65.197891 71.252716 73.960983 71.537437 65.627785 59.145546 48.194340 51.590206 54.809139 56.302910 55.156830 52.111050 48.621349 37.848896 38.928188 39.997414 40.550377 40.243397 39.278687 38.101162,
 8.461387 8.389337 8.260480 8.012345 7.622816 7.190530 6.836616 10.601099 10.895759 11.110336 11.011762 10.415178 9.516654 8.699395 12.285327 13.183941 14.077146 14.388296 13.637773 12.243250 10.949448 12.465943 13.832526 15.297957 16.002573 15.297957 13.832526 12.465943 10.949448 12.243247 13.637774 14.388296 14.077145 13.183942 12.285324 8.699395 9.516655 10.415179 11.011761 11.110336 10.895760 10.601099 6.836616 7.190529 7.622817 8.012344 8.260479 8.389337 8.461387,
 0.519623 0.713449 0.874164 0.939210 0.879362 0.721757 0.528303 0.550127 0.754339 0.923916 0.992817 0.929725 0.762817 0.557813 0.592370 0.821666 1.015322 1.094259 1.019906 0.827814 0.597308 0.616568 0.864355 1.078757 1.166434 1.078757 0.864355 0.616568 0.597308 0.827814 1.019906 1.094259 1.015322 0.821666 0.592370 0.557813 0.762817 0.929725 0.992817 0.923916 0.754339 0.550127 0.528303 0.721757 0.879362 0.939210 0.874164 0.713449 0.519623,
 2.853264 2.992039 3.149938 3.291801 3.376688 3.406965 3.401590 3.782285 4.179605 4.563197 4.776758 4.794790 4.688896 4.508559 4.973293 5.656660 6.347907 6.658003 6.455726 6.021396 5.544975 5.762015 6.490232 7.249925 7.624936 7.249927 6.490232 5.762015 5.544974 6.021396 6.455725 6.658003 6.347907 5.656660 4.973294 4.508559 4.688896 4.794790 4.776758 4.563197 4.179605 3.782285 3.401590 3.406965 3.376688 3.291801 3.149938 2.992039 2.853264,
 17.629965 18.406996 19.035517 19.252907 18.907845 18.151491 17.279020 22.796719 25.169779 27.182343 28.067873 27.400387 25.524328 23.201036 28.798256 33.208836 36.998688 38.669762 37.373196 33.828590 29.512726 31.976904 37.360668 41.958057 43.860592 41.958057 37.360668 31.976904 29.512726 33.828587 37.373196 38.669765 36.998688 33.208836 28.798254 23.201038 25.524328 27.400387 28.067869 27.182343 25.169775 22.796719 17.279022 18.151491 18.907843 19.252911 19.035519 18.406998 17.629965,
 4.650811 4.605615 4.508204 4.352565 4.182094 4.021057 3.852256 5.852734 6.014087 6.090661 6.067488 5.866066 5.469228 5.014854 6.950457 7.461304 7.935158 8.178969 7.879011 7.154343 6.401980 7.229584 8.023577 8.835545 9.234296 8.835545 8.023578 7.229583 6.401980 7.154342 7.879012 8.178971 7.935158 7.461304 6.950457 5.014853 5.469227 5.866066 6.067488 6.090661 6.014087 5.852734 3.852255 4.021057 4.182094 4.352566 4.508204 4.605615 4.650812,
 0.272602 0.402670 0.515259 0.561233 0.517055 0.404895 0.273795 0.289845 0.427063 0.546201 0.594187 0.546049 0.426650 0.288772 0.311632 0.461399 0.594523 0.649404 0.594810 0.461448 0.311324 0.322809 0.480794 0.624503 0.684927 0.624503 0.480794 0.322809 0.311324 0.461448 0.594810 0.649404 0.594523 0.461399 0.311632 0.288772 0.426650 0.546049 0.594187 0.546201 0.427063 0.289845 0.273795 0.404895 0.517055 0.561233 0.515259 0.402670 0.272602,
 1.335932 1.400333 1.455515 1.523772 1.603848 1.666937 1.706171 1.884975 2.117722 2.301654 2.387124 2.410607 2.390998 2.309706 2.515620 2.912550 3.279240 3.417062 3.298833 3.078836 2.814894 2.905540 3.316442 3.726851 3.930463 3.726851 3.316442 2.905540 2.814894 3.078835 3.298833 3.417062 3.279240 2.912550 2.515620 2.309706 2.390998 2.410607 2.387124 2.301654 2.117722 1.884975 1.706171 1.666937 1.603848 1.523772 1.455515 1.400334 1.335932,
 6.415805 6.776843 6.993466 7.004719 6.853515 6.714454 6.743611 9.354114 10.658527 11.535370 11.682018 11.087899 10.117630 9.231983 12.301853 14.739082 16.625206 17.184195 16.158657 14.127339 11.965853 13.384973 16.274181 18.781355 19.820024 18.781355 16.274179 13.384973 11.965853 14.127339 16.158657 17.184195 16.625204 14.739080 12.301853 9.231983 10.117631 11.087897 11.682018 11.535371 10.658527 9.354113 6.743611 6.714455 6.853515 7.004718 6.993467 6.776843 6.415805,
 1.552815 1.535680 1.489411 1.423968 1.356345 1.291546 1.232242 2.085205 2.191657 2.232227 2.202812 2.080161 1.862933 1.647567 2.535688 2.843153 3.098690 3.209044 3.015847 2.591208 2.181444 2.568844 3.028283 3.500079 3.734389 3.500079 3.028283 2.568844 2.181444 2.591208 3.015847 3.209044 3.098689 2.843153 2.535688 1.647567 1.862933 2.080161 2.202812 2.232227 2.191657 2.085205 1.232242 1.291545 1.356345 1.423968 1.489411 1.535680 1.552815,

Pairwise cross-correlations of the modulus of all oriented sub-bands at the same scale (size QxQ)
 1.201956 1.466438 2.171914 1.499694 1.466438 16.413528 31.777964 10.402967 2.171914 31.777964 82.342216 31.273165 1.499694 10.402967 31.273165 16.002571,
 1.166434 0.903360 1.336928 0.945166 0.903360 7.624935 15.529215 5.110725 1.336928 15.529215 43.860588 17.409153 0.945166 5.110725 17.409153 9.234295,

Cross-correlations of the modulus of all oriented sub-bands with all oriented sub-bands at the coarser scale (size QxQ)
 1.001057 0.894039 1.326572 1.016998 1.183384 5.861385 11.968397 4.912202 1.872616 11.918997 29.134045 12.574095 1.166792 4.671085 12.565586 6.465985,
 0.765125 0.508548 0.571739 0.459816 0.685060 2.334858 4.601489 1.741629 1.183536 5.161274 12.010722 5.024192 0.735757 2.242729 5.516556 2.700389,

Cross-correlations of the real part of each oriented sub-band with both the real and imaginary part of all phase-doubled oriented sub-bands at the next coarser scale (Q matrices of size 1x2Q, which are computed and stored in a matrix of size Qx2Q)
 0.369306 -0.040195 -0.096414 -0.039496 -0.012621 0.004847 -0.003222 -0.007222 0.104494 -3.473907 -6.165365 -1.962638 -0.004414 0.293805 0.357178 0.047177 -0.055665 -6.881194 -17.199053 -7.829234 0.000263 0.460425 0.552729 -0.028303 0.111516 -1.877046 -6.847230 -4.156998 -0.003551 0.081167 0.044165 -0.099716,
 0.343532 0.004766 -0.033254 0.016267 -0.023004 0.006709 -0.002303 -0.009382 0.115550 -1.419572 -2.986646 -0.859211 -0.008506 0.032176 0.004252 0.046668 -0.015223 -3.028381 -8.316852 -3.297270 -0.001493 -0.069643 -0.299910 0.063939 0.125923 -0.867050 -3.239976 -1.668510 -0.010328 -0.068919 -0.235432 0.002720,
