Low-band skewness and kurtosis
 -1.266897 4.022134,
 -1.026492 3.511452,
 -0.807620 2.980844,
 -0.155123 2.193146,

High-band variance
 103.962524,

Skewness, kurtosis, variance, mean, maximum and minimum of the reconstructed texture
 125.000000 255.000000 240.610748 533.195679 -1.535823 4.526615

Auto-correlations of the low-frequency bands at each scale
 96.327469 92.041603 90.723427 90.651215 90.574791 91.197021 93.966743 120.467056 98.317322 81.395164 74.555801 79.617599 95.184715 116.733658 239.626602 246.452805 251.626541 253.745041 251.655533 247.455246 242.935730 328.414886 365.559082 395.167023 406.940125 395.167023 365.559082 328.414856 242.935760 247.455231 251.655563 253.745041 251.626511 246.452805 239.626556 116.733643 95.184700 79.617607 74.555794 81.395157 98.317314 120.467049 93.966759 91.197029 90.574783 90.651215 90.723434 92.041603 96.327446,
 103.343002 101.252777 101.013893 101.055344 99.961792 99.233025 100.380775 108.040192 94.161880 84.424477 80.707336 82.972481 91.617897 104.859543 171.160995 174.442963 177.402390 178.702774 176.899124 174.064133 171.670471 222.048599 244.159088 261.841705 269.003113 261.841705 244.159088 222.048599 171.670486 174.064133 176.899139 178.702774 177.402420 174.442963 171.160995 104.859558 91.617882 82.972466 80.707344 84.424492 94.161888 108.040192 100.380775 99.233009 99.961800 101.055344 101.013893 101.252792 103.343010,
 95.960999 94.362526 94.505234 95.556976 96.451035 97.651459 99.481964 103.844833 96.976921 92.597870 91.481079 93.275299 98.313644 105.640358 137.790375 140.340668 142.170334 142.486862 140.577072 138.398926 137.249039 161.054153 173.119675 183.033890 187.172165 183.033890 173.119659 161.054153 137.249039 138.398926 140.577072 142.486862 142.170364 140.340668 137.790375 105.640358 98.313660 93.275291 91.481071 92.597855 96.976898 103.844826 99.481964 97.651459 96.451035 95.556976 94.505234 94.362526 95.960991,
 10.241018 15.324811 17.870701 18.066240 19.875618 24.205402 26.798887 15.406004 17.421940 17.203360 19.512146 25.021832 28.285004 26.049709 17.128420 16.813648 19.533718 26.174110 29.807457 26.450350 20.789295 17.159470 19.942738 26.663416 30.636671 26.663416 19.942741 17.159466 20.789297 26.450350 29.807457 26.174112 19.533718 16.813648 17.128416 26.049715 28.285004 25.021832 19.512146 17.203358 17.421942 15.405999 26.798887 24.205400 19.875616 18.066240 17.870701 15.324814 10.241014,

Auto-correlations of the modulus of each oriented sub-band
 0.625404 0.732076 0.813362 0.848122 0.824445 0.748481 0.642171 0.679114 0.799442 0.897839 0.937923 0.904548 0.813557 0.695828 0.770529 0.927524 1.042529 1.088346 1.052292 0.939614 0.779555 0.804322 1.006619 1.199854 1.286165 1.199854 1.006619 0.804322 0.779555 0.939614 1.052292 1.088346 1.042529 0.927524 0.770529 0.695828 0.813557 0.904548 0.937923 0.897839 0.799442 0.679114 0.642171 0.748481 0.824445 0.848122 0.813362 0.732076 0.625404,
 10.308029 10.699618 11.273596 11.878764 12.301792 12.551031 12.726212 12.214668 13.162686 14.357974 15.313629 15.598299 15.433437 15.161478 14.733406 16.263077 18.079130 19.222591 18.930021 17.872747 16.843143 16.675304 18.292274 20.147577 21.104256 20.147577 18.292276 16.675301 16.843145 17.872747 18.930023 19.222591 18.079128 16.263079 14.733404 15.161478 15.433437 15.598297 15.313629 14.357974 13.162686 12.214668 12.726212 12.551028 12.301792 11.878764 11.273594 10.699618 10.308029,
 44.429066 46.191914 47.958927 48.920555 48.523544 47.134335 45.472233 51.190567 55.657013 60.202641 62.418861 60.769852 56.605717 52.293579 58.305511 66.092590 74.174721 77.993912 74.549767 66.708557 59.042938 61.719833 71.072365 80.875320 85.462669 80.875320 71.072365 61.719830 59.042938 66.708565 74.549767 77.993904 74.174713 66.092575 58.305500 52.293579 56.605717 60.769855 62.418858 60.202633 55.657005 51.190556 45.472244 47.134338 48.523544 48.920555 47.958927 46.191910 44.429066,
 12.948130 12.761175 12.527808 12.133047 11.504660 10.816001 10.261155 15.219499 15.558098 15.803810 15.584935 14.613206 13.295587 12.184958 16.734341 17.898767 19.087887 19.458912 18.285440 16.332607 14.640615 16.522474 18.299656 20.298754 21.311426 20.298754 18.299658 16.522474 14.640615 16.332605 18.285439 19.458912 19.087887 17.898767 16.734341 12.184959 13.295585 14.613204 15.584933 15.803810 15.558099 15.219499 10.261156 10.816000 11.504659 12.133049 12.527808 12.761175 12.948128,
 0.565342 0.754688 0.916648 0.986213 0.930849 0.776479 0.586064 0.602833 0.804078 0.974032 1.045159 0.984455 0.818711 0.614717 0.643666 0.872993 1.071773 1.155061 1.078730 0.880306 0.646790 0.662364 0.915763 1.147223 1.245764 1.147223 0.915763 0.662364 0.646790 0.880306 1.078730 1.155061 1.071774 0.872993 0.643666 0.614717 0.818711 0.984455 1.045159 0.974032 0.804078 0.602833 0.586065 0.776479 0.930849 0.986213 0.916649 0.754687 0.565342,
 5.569633 5.894538 6.234559 6.543361 6.765827 6.888274 6.921175 6.813036 7.440779 8.042359 8.430700 8.539321 8.425328 8.161237 8.211139 9.166753 10.095441 10.546841 10.342881 9.773916 9.093971 9.142151 10.140260 11.118530 11.580707 11.118530 10.140259 9.142151 9.093971 9.773914 10.342881 10.546841 10.095441 9.166753 8.211139 8.161237 8.425328 8.539321 8.430701 8.042359 7.440778 6.813036 6.921175 6.888274 6.765827 6.543361 6.234559 5.894538 5.569633,
 23.213409 24.486822 25.783360 26.478466 26.137640 25.029528 23.776104 26.523273 29.548841 32.627529 34.125301 33.018356 30.125072 27.111084 30.105370 35.277599 40.584957 43.050980 40.827988 35.623833 30.460289 31.831625 38.027721 44.431210 47.362919 44.431210 38.027725 31.831625 30.460293 35.623833 40.827988 43.050980 40.584953 35.277599 30.105373 27.111084 30.125071 33.018356 34.125301 32.627525 29.548845 26.523273 23.776104 25.029528 26.137640 26.478466 25.783360 24.486826 23.213411,
 6.919046 6.925868 6.857235 6.674147 6.399454 6.113410 5.864204 8.111624 8.402122 8.552363 8.454733 8.051362 7.425787 6.792297 8.985285 9.737312 10.390770 10.619825 10.102751 9.057540 8.017429 8.955242 10.063162 11.176914 11.705066 11.176914 10.063162 8.955242 8.017429 9.057538 10.102750 10.619825 10.390770 9.737312 8.985284 6.792297 7.425786 8.051360 8.454734 8.552363 8.402123 8.111623 5.864204 6.113410 6.399453 6.674147 6.857235 6.925868 6.919045,
 0.344894 0.509605 0.649808 0.705979 0.651687 0.513606 0.350774 0.348089 0.518982 0.664982 0.724562 0.670654 0.529450 0.361136 0.366682 0.553614 0.719321 0.790194 0.727551 0.564918 0.377429 0.383090 0.584391 0.770065 0.849109 0.770065 0.584391 0.383090 0.377429 0.564918 0.727551 0.790194 0.719321 0.553614 0.366682 0.361136 0.529450 0.670654 0.724562 0.664982 0.518982 0.348089 0.350774 0.513606 0.651687 0.705979 0.649808 0.509605 0.344894,
 2.025777 2.145355 2.238121 2.299434 2.335307 2.333260 2.314716 2.557271 2.870295 3.144461 3.264346 3.240753 3.127876 2.960856 3.165780 3.691085 4.217115 4.427529 4.243407 3.879252 3.492931 3.568139 4.129744 4.725451 5.016798 4.725451 4.129744 3.568139 3.492931 3.879253 4.243407 4.427529 4.217115 3.691085 3.165780 2.960856 3.127876 3.240753 3.264346 3.144461 2.870295 2.557271 2.314716 2.333260 2.335307 2.299434 2.238121 2.145355 2.025777,
 9.147811 9.632782 10.008516 10.051151 9.643806 8.981304 8.359934 10.200624 11.595913 13.040030 13.659564 12.948775 11.351926 9.751085 11.419225 14.020996 16.837326 18.136723 16.880516 14.015770 11.260830 11.972524 15.222055 18.738073 20.368803 18.738073 15.222058 11.972524 11.260829 14.015770 16.880516 18.136719 16.837324 14.020997 11.419225 9.751085 11.351925 12.948773 13.659563 13.040030 11.595914 10.200623 8.359934 8.981303 9.643806 10.051152 10.008515 9.632783 9.147811,
 3.124155 3.122937 3.076514 2.993658 2.870974 2.702856 2.511836 3.681582 3.863086 3.975831 3.946162 3.713400 3.307236 2.879483 4.084150 4.573404 5.011302 5.167693 4.843706 4.167358 3.485165 4.007212 4.736242 5.467032 5.803510 5.467032 4.736242 4.007212 3.485164 4.167357 4.843705 5.167693 5.011302 4.573404 4.084150 2.879483 3.307236 3.713400 3.946162 3.975831 3.863086 3.681582 2.511836 2.702856 2.870974 2.993658 3.076514 3.122937 3.124156,

Pairwise cross-correlations of the modulus of all oriented sub-bands at the same scale (size QxQ)
 1.286166 2.050806 3.295465 2.120005 2.050806 21.104252 34.900616 10.725727 3.295465 34.900616 85.462669 34.483921 2.120005 10.725727 34.483921 21.311426,
 1.245764 1.124542 1.617948 1.206015 1.124542 11.580708 18.877245 5.466940 1.617948 18.877245 47.362915 18.679670 1.206015 5.466940 18.679670 11.705067,

Cross-correlations of the modulus of all oriented sub-bands with all oriented sub-bands at the coarser scale (size QxQ)
 1.023113 1.320985 2.002080 1.365949 1.519153 9.015132 14.867358 5.442510 2.626376 15.002825 32.084354 14.566850 1.548833 5.653448 14.815041 9.075751,
 0.870961 0.802218 0.910324 0.829285 0.871158 3.964895 6.859443 2.934089 1.336609 7.302113 16.071878 7.719120 0.862321 2.958227 7.734989 4.739505,

Cross-correlations of the real part of each oriented sub-band with both the real and imaginary part of all phase-doubled oriented sub-bands at the next coarser scale (Q matrices of size 1x2Q, which are computed and stored in a matrix of size Qx2Q)
 0.304028 -0.136940 -0.233317 -0.194461 0.009294 0.008756 -0.000076 -0.009917 0.003863 -4.924148 -6.570631 -1.505127 0.006034 0.180683 0.264036 -0.025926 -0.225032 -7.955575 -16.170483 -7.344893 0.007379 0.219373 0.269033 -0.355290 -0.016368 -1.731765 -6.427686 -4.903226 0.009142 0.022607 -0.073109 -0.294804,
 0.301383 -0.024073 -0.104009 -0.066062 -0.000149 0.012312 -0.014430 -0.020879 0.069548 -1.416712 -2.067991 -0.582943 -0.000930 0.030413 0.418063 0.131171 -0.095028 -2.306496 -5.731798 -3.608238 -0.000472 0.158526 1.441086 0.364185 0.062416 -0.522763 -2.682128 -2.614671 0.008146 0.077948 0.586090 0.076607,
