Low-band skewness and kurtosis
 -1.258640 4.025790,
 -0.992932 3.442685,
 -0.754536 2.997633,
 -0.608417 2.592854,

High-band variance
 102.797745,

Skewness, kurtosis, variance, mean, maximum and minimum of the reconstructed texture
 123.000000 255.000000 240.688599 529.616455 -1.535870 4.508346

Auto-correlations of the low-frequency bands at each scale
 84.456192 80.600357 79.243874 79.137924 79.049004 79.533417 81.811615 98.380569 80.163803 66.727264 61.723183 66.362839 79.844521 98.879944 231.583206 238.660110 244.336182 247.054764 245.942535 243.285675 240.829010 338.556213 370.145844 395.150177 405.071381 395.150177 370.145874 338.556213 240.829010 243.285675 245.942535 247.054764 244.336182 238.660065 231.583221 98.879921 79.844521 66.362831 61.723179 66.727264 80.163788 98.380569 81.811623 79.533424 79.048988 79.137939 79.243874 80.600349 84.456207,
 93.346077 91.462845 91.397621 91.772102 90.984375 90.109070 90.401443 88.577881 78.277214 71.821625 70.445930 73.656303 81.813881 93.781609 159.298309 163.716705 167.807343 170.344452 170.099899 169.220840 169.253433 223.371246 241.805542 256.574127 262.603943 256.574158 241.805496 223.371246 169.253433 169.220871 170.099884 170.344452 167.807343 163.716705 159.298294 93.781624 81.813904 73.656319 70.445930 71.821617 78.277214 88.577866 90.401451 90.109093 90.984375 91.772102 91.397621 91.462845 93.346077,
 84.760963 83.722092 83.612968 83.720917 83.186043 82.758904 83.117775 92.483299 88.063683 85.408768 85.119347 86.679062 90.426926 95.857834 126.116402 128.948608 132.073135 134.450073 134.816071 134.515488 134.563751 156.828278 166.192917 174.183685 177.619171 174.183685 166.192917 156.828278 134.563751 134.515503 134.816055 134.450073 132.073135 128.948593 126.116402 95.857849 90.426926 86.679054 85.119339 85.408768 88.063683 92.483292 83.117767 82.758904 83.186028 83.720917 83.612984 83.722092 84.760963,
 13.613729 20.182735 21.518288 20.036129 23.537802 32.059093 36.156231 20.156103 21.482117 19.799145 23.525120 32.806824 37.537434 32.628986 21.771961 20.005848 23.657202 33.736320 38.982155 33.235676 24.668282 20.864618 23.953548 33.825493 39.798267 33.825493 23.953548 20.864618 24.668278 33.235676 38.982155 33.736320 23.657202 20.005842 21.771959 32.628975 37.537434 32.806824 23.525120 19.799145 21.482117 20.156105 36.156223 32.059090 23.537806 20.036129 21.518286 20.182734 13.613734,

Auto-correlations of the modulus of each oriented sub-band
 0.615880 0.726964 0.808212 0.836780 0.803079 0.717673 0.605700 0.680986 0.802400 0.892490 0.921829 0.880340 0.783269 0.659829 0.746338 0.900432 1.016359 1.060222 1.016988 0.897806 0.739688 0.773653 0.967715 1.143469 1.219184 1.143469 0.967715 0.773653 0.739688 0.897806 1.016988 1.060222 1.016359 0.900432 0.746338 0.659829 0.783268 0.880340 0.921829 0.892490 0.802400 0.680986 0.605700 0.717673 0.803079 0.836780 0.808212 0.726964 0.615880,
 8.489135 8.933539 9.506040 10.055389 10.438379 10.679170 10.862225 10.719170 11.649549 12.730562 13.528115 13.756927 13.621244 13.402126 13.384632 14.792312 16.379408 17.311628 17.044941 16.137621 15.247021 15.265342 16.700163 18.299120 19.095741 18.299120 16.700165 15.265342 15.247021 16.137621 17.044939 17.311628 16.379408 14.792312 13.384632 13.402126 13.621242 13.756926 13.528114 12.730562 11.649549 10.719168 10.862225 10.679168 10.438380 10.055389 9.506042 8.933539 8.489136,
 42.596611 44.174667 45.736633 46.551819 46.231796 45.189182 44.079708 51.899273 55.990711 59.988701 61.862484 60.456135 56.944473 53.286934 61.371784 68.564972 75.702881 78.969353 76.013748 69.179092 62.234089 65.819298 74.453514 83.106270 87.051208 83.106262 74.453514 65.819298 62.234089 69.179085 76.013763 78.969345 75.702881 68.564972 61.371777 53.286934 56.944473 60.456139 61.862484 59.988701 55.990719 51.899273 44.079708 45.189182 46.231808 46.551823 45.736629 44.174667 42.596607,
 11.979214 11.895448 11.747717 11.437678 10.932056 10.420441 10.087552 14.207417 14.600327 14.890082 14.736557 13.901157 12.770294 11.876862 15.834107 16.961191 18.103968 18.473995 17.422487 15.645223 14.142031 15.813866 17.461742 19.330694 20.269068 19.330694 17.461740 15.813866 14.142031 15.645224 17.422487 18.473995 18.103968 16.961189 15.834110 11.876862 12.770296 13.901157 14.736557 14.890083 14.600327 14.207417 10.087551 10.420443 10.932056 11.437678 11.747714 11.895448 11.979216,
 0.555089 0.741263 0.893632 0.948859 0.879643 0.718585 0.530979 0.587018 0.785526 0.948290 1.007678 0.934735 0.762714 0.561282 0.617129 0.842090 1.034742 1.110926 1.029581 0.831294 0.602759 0.626230 0.872718 1.096500 1.191212 1.096500 0.872718 0.626230 0.602759 0.831294 1.029581 1.110926 1.034742 0.842090 0.617129 0.561282 0.762714 0.934735 1.007678 0.948290 0.785526 0.587018 0.530979 0.718585 0.879643 0.948859 0.893632 0.741263 0.555089,
 4.323882 4.552365 4.787002 4.997247 5.156002 5.243155 5.264462 5.497036 6.037766 6.553613 6.884273 6.969078 6.866481 6.652173 6.946969 7.840765 8.700276 9.122905 8.940243 8.418290 7.803597 7.939586 8.886008 9.806160 10.237933 9.806160 8.886008 7.939586 7.803597 8.418290 8.940241 9.122905 8.700276 7.840765 6.946968 6.652173 6.866481 6.969078 6.884273 6.553613 6.037767 5.497036 5.264462 5.243155 5.156002 4.997248 4.787001 4.552366 4.323882,
 22.180367 23.289581 24.175806 24.474520 24.043875 23.167345 22.274200 26.859348 29.683020 32.144806 33.075947 31.944937 29.495569 26.960835 31.706844 36.705704 41.337517 43.264332 41.225689 36.647408 31.874950 33.937885 39.923809 45.669353 48.214622 45.669353 39.923809 33.937885 31.874950 36.647408 41.225685 43.264332 41.337521 36.705708 31.706844 26.960835 29.495567 31.944937 33.075947 32.144806 29.683020 26.859350 22.274200 23.167343 24.043875 24.474520 24.175806 23.289585 22.180367,
 6.746975 6.750113 6.656645 6.470136 6.223160 5.974162 5.773273 7.787946 8.104040 8.261748 8.165725 7.769723 7.190417 6.644207 8.588478 9.373948 10.029435 10.241831 9.735098 8.749179 7.776875 8.604211 9.703516 10.786922 11.292404 10.786922 9.703516 8.604211 7.776875 8.749181 9.735097 10.241831 10.029436 9.373947 8.588476 6.644207 7.190417 7.769723 8.165725 8.261748 8.104040 7.787945 5.773273 5.974163 6.223159 6.470136 6.656646 6.750113 6.746974,
 0.336166 0.500586 0.641827 0.699215 0.644100 0.503812 0.338993 0.352694 0.523411 0.669003 0.725898 0.666204 0.520122 0.350283 0.366895 0.554773 0.721315 0.789423 0.721487 0.554861 0.366158 0.374966 0.577414 0.763750 0.842508 0.763750 0.577414 0.374966 0.366158 0.554861 0.721487 0.789423 0.721315 0.554773 0.366895 0.350283 0.520122 0.666204 0.725898 0.669003 0.523411 0.352694 0.338993 0.503812 0.644100 0.699215 0.641827 0.500586 0.336166,
 1.468850 1.567734 1.673280 1.755386 1.800186 1.810720 1.794971 1.939109 2.230767 2.502022 2.650889 2.671782 2.610142 2.489782 2.590974 3.112907 3.616903 3.832833 3.696734 3.394171 3.049358 3.086631 3.637785 4.193431 4.459207 4.193431 3.637785 3.086631 3.049358 3.394171 3.696734 3.832833 3.616903 3.112907 2.590974 2.489781 2.610142 2.671782 2.650889 2.502022 2.230767 1.939109 1.794970 1.810720 1.800186 1.755386 1.673279 1.567734 1.468850,
 5.918479 6.131051 6.380198 6.423204 6.156990 5.772544 5.505294 7.507320 8.577605 9.672975 10.163295 9.715529 8.703346 7.740824 9.421629 11.682920 13.987611 15.050604 14.141459 12.008682 9.899527 10.568587 13.365275 16.245127 17.563393 16.245127 13.365275 10.568587 9.899527 12.008682 14.141459 15.050603 13.987611 11.682920 9.421629 7.740824 8.703346 9.715528 10.163296 9.672975 8.577605 7.507320 5.505294 5.772543 6.156989 6.423204 6.380199 6.131051 5.918478,
 2.153327 2.166050 2.132005 2.066949 1.979234 1.869254 1.755746 2.451766 2.619231 2.725185 2.726601 2.588553 2.337978 2.082802 2.731343 3.123527 3.498556 3.672793 3.459100 2.975941 2.513762 2.782728 3.322214 3.908102 4.196483 3.908102 3.322213 2.782729 2.513762 2.975941 3.459100 3.672792 3.498555 3.123527 2.731343 2.082802 2.337978 2.588553 2.726601 2.725185 2.619231 2.451766 1.755746 1.869255 1.979233 2.066949 2.132005 2.166050 2.153327,

Pairwise cross-correlations of the modulus of all oriented sub-bands at the same scale (size QxQ)
 1.219184 1.713016 2.751032 1.865923 1.713016 19.095745 34.251850 10.810271 2.751032 34.251850 87.051216 34.593925 1.865923 10.810271 34.593925 20.269070,
 1.191212 0.898802 1.241218 1.121058 0.898802 10.237932 18.478588 5.561945 1.241218 18.478588 48.214622 18.814157 1.121058 5.561945 18.814157 11.292402,

Cross-correlations of the modulus of all oriented sub-bands with all oriented sub-bands at the coarser scale (size QxQ)
 0.991525 1.070509 1.531036 1.232383 1.238264 7.729035 14.134977 5.324558 2.268166 14.707750 33.584118 14.893785 1.473003 5.822818 15.380775 8.959178,
 0.857017 0.642975 0.636181 0.720150 0.711963 2.972322 5.315190 2.264591 1.109198 5.054825 12.398592 6.210059 0.892493 1.978206 5.566814 3.822340,

Cross-correlations of the real part of each oriented sub-band with both the real and imaginary part of all phase-doubled oriented sub-bands at the next coarser scale (Q matrices of size 1x2Q, which are computed and stored in a matrix of size Qx2Q)
 0.296322 -0.096584 -0.194662 -0.157275 -0.013461 -0.017355 0.020787 0.030604 0.049925 -5.423475 -8.545795 -2.039689 -0.004778 -0.193614 -0.128334 0.080850 -0.177731 -9.529922 -19.966314 -8.080286 -0.004999 -0.267406 0.109795 0.547687 -0.022090 -2.191199 -7.013843 -4.727449 -0.011593 -0.041355 0.340454 0.451029,
 0.268040 -0.013636 -0.083500 -0.031438 -0.025609 -0.005650 0.004191 0.023785 0.082374 -1.673563 -2.512624 -0.454848 -0.006177 0.070035 -0.186105 -0.021852 -0.062165 -2.712227 -5.350176 -2.020664 0.008911 0.036678 -0.317118 0.249311 0.059513 -0.539014 -1.814209 -1.330360 -0.009105 -0.024313 0.019953 0.280596,
