Low-band skewness and kurtosis
 -1.265698 4.018405,
 -1.065102 3.597517,
 -0.815438 2.867849,
 -0.917586 3.178260,

High-band variance
 105.733948,

Skewness, kurtosis, variance, mean, maximum and minimum of the reconstructed texture
 117.000000 255.000000 240.623993 538.122131 -1.543736 4.537570

Auto-correlations of the low-frequency bands at each scale
 98.150925 93.695312 92.448204 92.739792 93.459755 95.369171 99.762268 128.965302 106.797722 90.266861 84.036346 89.558472 105.125458 126.090904 249.462051 255.573807 259.837402 261.023926 257.777405 252.023270 245.799088 331.774048 368.921417 398.550720 410.332550 398.550720 368.921448 331.774048 245.799088 252.023254 257.777435 261.023926 259.837372 255.573822 249.462006 126.090889 105.125458 89.558472 84.036354 90.266838 106.797722 128.965286 99.762276 95.369171 93.459778 92.739784 92.448174 93.695312 98.150909,
 92.799927 91.494476 92.555855 94.435646 95.600677 97.357109 100.980392 104.426033 90.546776 81.458618 79.128632 83.297989 94.014122 109.234787 177.572052 180.507584 183.115753 184.246262 182.310486 179.207291 176.528152 228.221542 251.094040 269.338928 276.707428 269.338959 251.094086 228.221512 176.528152 179.207291 182.310455 184.246262 183.115784 180.507568 177.572021 109.234810 94.014137 83.297989 79.128639 81.458626 90.546791 104.426033 100.980392 97.357101 95.600677 94.435646 92.555870 91.494492 92.799919,
 107.052689 106.228523 106.187920 106.151009 105.060379 103.686531 102.987320 103.343369 97.283577 93.647133 93.180511 95.290520 100.164482 107.096634 134.549744 137.155899 140.238861 142.840424 143.569382 143.599762 143.913818 167.361832 178.304962 187.476974 191.348953 187.476974 178.304932 167.361832 143.913834 143.599762 143.569382 142.840424 140.238861 137.155884 134.549744 107.096626 100.164467 95.290535 93.180504 93.647125 97.283569 103.343369 102.987312 103.686531 105.060371 106.151009 106.187912 106.228516 107.052689,
 11.096305 14.764891 16.876848 20.681084 29.017942 38.277954 41.334141 15.355989 17.658321 21.097687 29.474792 39.421196 43.087105 38.428623 18.863480 21.892843 29.739632 40.394459 44.779011 39.396980 30.687054 23.329214 30.047924 40.285824 45.661640 40.285828 30.047920 23.329210 30.687054 39.396988 44.779003 40.394459 29.739637 21.892843 18.863478 38.428623 43.087105 39.421192 29.474794 21.097691 17.658321 15.355985 41.334141 38.277954 29.017941 20.681080 16.876852 14.764888 11.096303,

Auto-correlations of the modulus of each oriented sub-band
 0.620595 0.720858 0.793734 0.820590 0.791653 0.713767 0.608386 0.676992 0.793817 0.885825 0.918391 0.878848 0.785205 0.668076 0.764207 0.923235 1.038608 1.079973 1.036385 0.917598 0.754946 0.786882 0.993700 1.191925 1.280412 1.191925 0.993700 0.786882 0.754946 0.917598 1.036385 1.079973 1.038608 0.923235 0.764207 0.668076 0.785205 0.878848 0.918391 0.885825 0.793817 0.676992 0.608386 0.713767 0.791652 0.820590 0.793734 0.720858 0.620595,
 9.980473 10.361430 10.931687 11.527420 11.920876 12.152318 12.333114 11.975354 12.859410 14.010724 14.919325 15.123393 14.898456 14.617090 14.442180 15.869744 17.626381 18.723766 18.354422 17.254423 16.251659 16.214809 17.746342 19.578873 20.543459 19.578873 17.746346 16.214809 16.251656 17.254423 18.354424 18.723766 17.626379 15.869744 14.442178 14.617090 14.898455 15.123393 14.919325 14.010719 12.859410 11.975353 12.333116 12.152318 11.920877 11.527422 10.931684 10.361430 9.980473,
 40.609951 42.106606 43.680374 44.369511 43.593422 41.847488 39.970749 47.814236 51.813995 56.030083 57.911835 55.875401 51.425095 47.016941 54.883644 62.080723 69.796242 73.360847 69.697136 61.820866 54.351322 57.768196 66.630318 76.197792 80.742363 76.197800 66.630325 57.768196 54.351330 61.820862 69.697136 73.360847 69.796227 62.080723 54.883633 47.016945 51.425102 55.875389 57.911827 56.030083 51.813995 47.814228 39.970749 41.847488 43.593418 44.369511 43.680386 42.106602 40.609955,
 11.760395 11.462853 11.131122 10.650360 9.965022 9.261715 8.733909 14.292830 14.501071 14.618341 14.297784 13.269599 11.919574 10.788322 15.894018 16.964113 18.038465 18.319990 17.125923 15.170362 13.456817 15.559697 17.311359 19.250925 20.224232 19.250923 17.311359 15.559694 13.456816 15.170360 17.125925 18.319990 18.038465 16.964113 15.894014 10.788322 11.919574 13.269599 14.297784 14.618341 14.501071 14.292832 8.733910 9.261717 9.965021 10.650360 11.131121 11.462853 11.760393,
 0.581526 0.771155 0.927254 0.986517 0.920796 0.760241 0.568619 0.603056 0.803006 0.967278 1.030388 0.963903 0.796979 0.594616 0.636115 0.867457 1.064050 1.141271 1.059666 0.860195 0.628159 0.648773 0.903336 1.135537 1.234537 1.135537 0.903336 0.648773 0.628159 0.860195 1.059665 1.141271 1.064050 0.867457 0.636115 0.594616 0.796979 0.963903 1.030388 0.967278 0.803006 0.603056 0.568619 0.760241 0.920796 0.986517 0.927254 0.771155 0.581526,
 5.798604 6.072537 6.386404 6.679648 6.895284 7.008094 7.036156 6.762055 7.410623 8.073105 8.526109 8.690721 8.606736 8.336884 8.116832 9.191695 10.261046 10.819131 10.655511 10.053927 9.281871 9.197396 10.353004 11.460279 11.974643 11.460279 10.353004 9.197396 9.281871 10.053927 10.655510 10.819131 10.261047 9.191694 8.116832 8.336884 8.606737 8.690719 8.526109 8.073104 7.410622 6.762055 7.036156 7.008094 6.895284 6.679649 6.386402 6.072537 5.798604,
 22.262281 23.417683 24.566023 25.075016 24.618809 23.592009 22.607334 25.536270 28.670942 31.714579 32.981613 31.612772 28.615654 25.684675 28.997162 34.588398 40.158092 42.547817 40.006588 34.436668 28.988939 30.503859 37.228733 44.108963 47.232418 44.108963 37.228733 30.503859 28.988939 34.436668 40.006588 42.547817 40.158085 34.588390 28.997162 25.684675 28.615654 31.612770 32.981609 31.714584 28.670942 25.536270 22.607338 23.592009 24.618809 25.075016 24.566023 23.417686 22.262281,
 7.042295 6.928567 6.775940 6.576473 6.330640 6.076352 5.861139 8.290266 8.494241 8.550719 8.393273 7.956244 7.316712 6.702839 9.142220 9.896528 10.511372 10.686984 10.110986 9.014336 7.929812 8.976781 10.157938 11.314335 11.855825 11.314335 10.157938 8.976781 7.929812 9.014334 10.110984 10.686984 10.511373 9.896530 9.142220 6.702840 7.316711 7.956244 8.393272 8.550719 8.494242 8.290265 5.861140 6.076352 6.330640 6.576472 6.775940 6.928568 7.042295,
 0.372119 0.529853 0.659857 0.707081 0.647566 0.510688 0.353646 0.386408 0.550787 0.685046 0.732079 0.668285 0.524803 0.361465 0.395379 0.577175 0.732919 0.791637 0.720388 0.558261 0.378336 0.394311 0.588678 0.767971 0.844549 0.767971 0.588678 0.394311 0.378336 0.558261 0.720388 0.791637 0.732919 0.577175 0.395379 0.361465 0.524803 0.668285 0.732079 0.685046 0.550787 0.386408 0.353646 0.510688 0.647566 0.707081 0.659857 0.529853 0.372119,
 2.862314 3.028265 3.199700 3.347229 3.423443 3.395185 3.281093 3.425173 3.805202 4.160674 4.364459 4.368998 4.196304 3.911231 4.055593 4.680609 5.291320 5.569567 5.384463 4.926838 4.400683 4.466442 5.161273 5.854169 6.177606 5.854169 5.161273 4.466442 4.400682 4.926838 5.384463 5.569567 5.291319 4.680609 4.055593 3.911231 4.196304 4.368998 4.364459 4.160674 3.805202 3.425173 3.281093 3.395185 3.423443 3.347228 3.199699 3.028265 2.862314,
 10.960263 11.623726 12.238745 12.529758 12.385633 11.931809 11.336734 12.771078 14.457976 16.020292 16.609751 15.904001 14.449125 12.971089 14.494761 17.396713 20.246357 21.402723 20.042435 17.243858 14.543104 15.227725 18.619837 22.128155 23.744162 22.128151 18.619837 15.227725 14.543106 17.243862 20.042435 21.402723 20.246355 17.396711 14.494761 12.971087 14.449125 15.904000 16.609751 16.020292 14.457975 12.771078 11.336733 11.931812 12.385633 12.529757 12.238746 11.623725 10.960262,
 2.162108 2.263538 2.340286 2.366796 2.340364 2.275736 2.192386 2.714965 2.963671 3.166316 3.248852 3.139416 2.875653 2.587950 3.203660 3.683017 4.144173 4.367529 4.134442 3.589113 3.046243 3.329189 3.965189 4.625988 4.941886 4.625988 3.965190 3.329189 3.046243 3.589113 4.134442 4.367529 4.144173 3.683017 3.203661 2.587950 2.875653 3.139416 3.248852 3.166316 2.963671 2.714965 2.192386 2.275736 2.340364 2.366796 2.340286 2.263538 2.162108,

Pairwise cross-correlations of the modulus of all oriented sub-bands at the same scale (size QxQ)
 1.280411 2.026253 3.095408 2.028527 2.026253 20.543455 33.143135 10.110175 3.095408 33.143135 80.742355 32.559635 2.028527 10.110175 32.559635 20.224232,
 1.234537 1.262146 1.817335 1.145913 1.262146 11.974643 18.965145 5.454967 1.817335 18.965145 47.232418 18.929087 1.145913 5.454967 18.929087 11.855824,

Cross-correlations of the modulus of all oriented sub-bands with all oriented sub-bands at the coarser scale (size QxQ)
 1.014567 1.354849 2.054923 1.310323 1.532458 9.476708 14.688190 5.180707 2.534513 15.231525 31.513153 14.320553 1.533330 5.538884 14.728642 9.144798,
 0.858558 0.819493 0.719647 0.684010 0.959981 4.850391 8.244548 2.922558 1.478914 7.990428 16.525925 6.926284 0.837174 2.791759 6.524856 3.656571,

Cross-correlations of the real part of each oriented sub-band with both the real and imaginary part of all phase-doubled oriented sub-bands at the next coarser scale (Q matrices of size 1x2Q, which are computed and stored in a matrix of size Qx2Q)
 0.304143 -0.189237 -0.294373 -0.237986 -0.005849 0.003336 -0.009106 -0.009289 -0.028093 -4.975947 -6.284064 -1.666194 -0.006345 0.031397 -0.104153 -0.000961 -0.303143 -7.580151 -16.679832 -9.043803 0.002209 0.024473 -0.322133 -0.239885 -0.059531 -1.609218 -7.443718 -6.282769 0.008561 -0.006062 -0.185382 -0.223770,
 0.318327 -0.011519 -0.078804 -0.049803 -0.022420 -0.000936 -0.002299 -0.015691 0.101381 -1.860093 -2.684043 -0.585808 -0.007418 0.367089 0.408923 0.025507 -0.062788 -3.133908 -6.477590 -2.673257 0.003322 0.552526 0.362375 -0.160191 0.072607 -0.685061 -2.439968 -1.700362 -0.001336 0.057400 -0.157752 -0.189727,
