Low-band skewness and kurtosis
 -1.213736 3.926107,
 -1.004003 3.558404,
 -0.691550 2.750154,
 -0.250893 2.281396,

High-band variance
 99.485802,

Skewness, kurtosis, variance, mean, maximum and minimum of the reconstructed texture
 130.000000 255.000000 240.778549 506.954254 -1.469785 4.267985

Auto-correlations of the low-frequency bands at each scale
 64.292999 64.942413 66.106178 67.035164 66.998497 66.848618 67.545181 62.837536 55.617947 51.320286 49.992149 51.159657 55.353977 62.486595 223.849930 224.927597 226.787552 227.732651 226.328598 223.838562 221.610336 357.010925 370.292847 380.749695 384.976227 380.749634 370.292877 357.010925 221.610336 223.838531 226.328598 227.732651 226.787537 224.927597 223.849930 62.486591 55.353996 51.159660 49.992149 51.320278 55.617916 62.837517 67.545174 66.848648 66.998489 67.035172 66.106178 64.942398 64.293015,
 52.051762 52.230785 53.280067 54.382195 54.527393 54.841866 56.059818 48.553745 44.693268 43.103096 43.369366 44.590851 47.792435 53.287945 149.482742 150.474976 152.291458 153.538101 152.617355 151.109528 150.350052 231.977829 239.799286 246.383743 249.297897 246.383759 239.799286 231.977829 150.350052 151.109512 152.617355 153.538086 152.291473 150.474976 149.482742 53.287941 47.792450 44.590851 43.369366 43.103092 44.693264 48.553749 56.059811 54.841873 54.527405 54.382202 53.280067 52.230789 52.051785,
 64.309814 63.632214 63.159393 62.584991 61.319386 59.971550 58.931156 53.202572 50.930523 49.996845 50.094891 50.576767 52.150333 55.071896 101.991623 103.351212 105.536331 107.505005 108.099068 108.413445 109.293144 153.638306 158.107681 162.044510 163.851639 162.044510 158.107651 153.638306 109.293121 108.413445 108.099068 107.505005 105.536354 103.351204 101.991615 55.071896 52.150333 50.576763 50.094883 49.996845 50.930508 53.202560 58.931160 59.971558 61.319389 62.584984 63.159389 63.632202 64.309814,
 12.948602 17.473188 17.405371 16.293104 20.542416 28.842510 32.244541 17.483751 17.471897 16.040026 20.292067 28.979160 32.793449 27.457703 17.789373 16.053944 19.927071 29.139324 33.530174 27.969822 19.660185 16.460524 19.632875 28.710316 34.011082 28.710316 19.632872 16.460524 19.660185 27.969822 33.530174 29.139324 19.927069 16.053942 17.789373 27.457708 32.793449 28.979162 20.292068 16.040026 17.471897 17.483757 32.244541 28.842510 20.542419 16.293104 17.405369 17.473194 12.948605,

Auto-correlations of the modulus of each oriented sub-band
 0.500143 0.606670 0.687920 0.722623 0.700743 0.628632 0.525855 0.548358 0.673667 0.769768 0.808039 0.775913 0.684577 0.562097 0.610382 0.764844 0.885489 0.931006 0.883860 0.763119 0.610070 0.641617 0.816853 0.957928 1.013142 0.957928 0.816853 0.641617 0.610070 0.763119 0.883860 0.931006 0.885489 0.764844 0.610382 0.562097 0.684577 0.775913 0.808039 0.769768 0.673667 0.548358 0.525855 0.628632 0.700743 0.722623 0.687920 0.606670 0.500143,
 5.744495 5.941493 6.159209 6.319611 6.382104 6.380093 6.367170 7.658434 8.173145 8.658839 8.907615 8.858901 8.631631 8.380150 9.819273 10.690955 11.514942 11.874080 11.607190 10.981070 10.330974 10.994200 11.948638 12.882332 13.301781 12.882331 11.948639 10.994200 10.330976 10.981069 11.607190 11.874080 11.514942 10.690955 9.819273 8.380150 8.631631 8.858901 8.907614 8.658839 8.173144 7.658435 6.367170 6.380094 6.382103 6.319609 6.159208 5.941493 5.744497,
 38.978985 39.758247 40.537121 40.943813 40.739632 40.045235 39.156891 52.030418 54.263733 56.182728 56.990501 56.249393 54.304707 51.891399 66.128456 70.403191 73.963867 75.399895 73.952415 70.324738 65.899452 72.440025 77.842987 82.342758 84.177490 82.342751 77.842987 72.440025 65.899460 70.324738 73.952415 75.399887 73.963867 70.403198 66.128448 51.891388 54.304699 56.249390 56.990494 56.182724 54.263741 52.030407 39.156895 40.045231 40.739632 40.943806 40.537121 39.758247 38.978985,
 6.777268 6.792840 6.797877 6.744730 6.599472 6.390537 6.182213 8.881792 9.087616 9.276603 9.318074 9.073533 8.594614 8.090512 10.909595 11.468064 12.037918 12.295197 11.932657 11.124705 10.305170 11.560673 12.422520 13.315205 13.734329 13.315203 12.422520 11.560673 10.305170 11.124705 11.932657 12.295198 12.037915 11.468064 10.909595 8.090512 8.594615 9.073533 9.318073 9.276603 9.087616 8.881791 6.182213 6.390538 6.599473 6.744729 6.797877 6.792840 6.777268,
 0.481545 0.668266 0.824971 0.891730 0.838579 0.689415 0.502867 0.502917 0.700006 0.866165 0.937189 0.880948 0.723219 0.526670 0.536326 0.756250 0.943362 1.021241 0.952968 0.771956 0.552911 0.561669 0.796756 0.997599 1.078535 0.997599 0.796756 0.561669 0.552911 0.771956 0.952968 1.021241 0.943362 0.756250 0.536326 0.526670 0.723219 0.880948 0.937189 0.866165 0.700006 0.502917 0.502867 0.689415 0.838579 0.891730 0.824971 0.668266 0.481545,
 3.211582 3.323464 3.441487 3.555716 3.631673 3.653705 3.643107 4.225757 4.533152 4.809840 4.956309 4.958656 4.888002 4.777845 5.467904 5.985924 6.495451 6.709799 6.528211 6.195482 5.876790 6.205931 6.734669 7.309729 7.598088 7.309729 6.734669 6.205931 5.876790 6.195482 6.528211 6.709799 6.495451 5.985924 5.467904 4.777845 4.888001 4.958656 4.956309 4.809840 4.533152 4.225757 3.643107 3.653705 3.631673 3.555716 3.441488 3.323464 3.211582,
 22.440979 23.033579 23.543873 23.727440 23.406986 22.780872 22.103853 28.779673 30.332788 31.558123 32.017673 31.423695 30.089251 28.484915 36.449375 39.340714 41.593502 42.458294 41.475025 39.132545 36.210541 40.045647 43.670677 46.544666 47.706261 46.544666 43.670677 40.045647 36.210541 39.132542 41.475021 42.458294 41.593502 39.340710 36.449383 28.484915 30.089251 31.423695 32.017673 31.558123 30.332788 28.779675 22.103851 22.780876 23.406986 23.727436 23.543873 23.033579 22.440981,
 4.033217 4.051339 4.056368 4.043217 3.986762 3.889030 3.772407 5.125041 5.229349 5.316370 5.363813 5.273435 5.032032 4.733874 6.263939 6.577656 6.899851 7.092060 6.918120 6.445808 5.928907 6.638995 7.173298 7.720953 7.988923 7.720953 7.173299 6.638996 5.928906 6.445808 6.918119 7.092059 6.899851 6.577656 6.263939 4.733874 5.032032 5.273434 5.363814 5.316370 5.229350 5.125041 3.772407 3.889030 3.986762 4.043217 4.056368 4.051339 4.033218,
 0.301180 0.440853 0.558896 0.605271 0.557125 0.438331 0.298640 0.308079 0.454974 0.581008 0.632555 0.584137 0.460126 0.313299 0.322837 0.484149 0.625081 0.683223 0.628140 0.489291 0.328291 0.333595 0.503935 0.654120 0.715704 0.654120 0.503935 0.333595 0.328291 0.489291 0.628140 0.683223 0.625081 0.484149 0.322838 0.313299 0.460126 0.584137 0.632555 0.581008 0.454974 0.308079 0.298640 0.438331 0.557125 0.605271 0.558897 0.440853 0.301180,
 2.007152 2.101261 2.177975 2.226101 2.234440 2.204512 2.151806 2.529011 2.743747 2.909064 2.971306 2.955550 2.885377 2.761765 3.120460 3.467327 3.773460 3.862796 3.732518 3.528291 3.295554 3.448887 3.800262 4.153802 4.330320 4.153802 3.800262 3.448887 3.295554 3.528291 3.732518 3.862796 3.773460 3.467327 3.120460 2.761765 2.885377 2.955550 2.971306 2.909064 2.743747 2.529011 2.151806 2.204512 2.234440 2.226101 2.177975 2.101261 2.007152,
 12.671434 12.938601 13.147583 13.182308 12.965689 12.634700 12.333892 16.037260 17.010075 17.712795 17.896818 17.436161 16.562721 15.565729 19.361462 21.240320 22.658718 23.143980 22.442806 20.912155 19.041422 20.731272 23.044523 24.880236 25.627052 24.880236 23.044519 20.731272 19.041422 20.912157 22.442806 23.143980 22.658716 21.240316 19.361458 15.565729 16.562721 17.436159 17.896820 17.712795 17.010075 16.037262 12.333892 12.634702 12.965689 13.182308 13.147583 12.938599 12.671434,
 1.832681 1.831757 1.824041 1.796127 1.747443 1.702272 1.675413 2.362200 2.449077 2.501046 2.511168 2.465581 2.360467 2.223241 2.878522 3.094285 3.283616 3.401775 3.337123 3.094296 2.801179 3.074875 3.402014 3.717834 3.869191 3.717834 3.402014 3.074875 2.801179 3.094296 3.337123 3.401775 3.283616 3.094285 2.878522 2.223240 2.360467 2.465581 2.511168 2.501046 2.449077 2.362200 1.675413 1.702272 1.747443 1.796127 1.824041 1.831757 1.832681,

Pairwise cross-correlations of the modulus of all oriented sub-bands at the same scale (size QxQ)
 1.013142 0.900162 1.141531 0.900907 0.900162 13.301779 30.424564 10.200765 1.141531 30.424564 84.177498 31.068775 0.900907 10.200765 31.068775 13.734330,
 1.078535 0.890963 1.090576 0.970309 0.890963 7.598086 17.067432 5.793301 1.090576 17.067432 47.706261 17.624027 0.970309 5.793301 17.624027 7.988923,

Cross-correlations of the modulus of all oriented sub-bands with all oriented sub-bands at the coarser scale (size QxQ)
 0.923226 0.792039 0.819758 0.835849 0.806151 4.719941 10.875695 4.117313 1.163896 10.464226 28.196346 11.071995 0.828726 4.059127 11.210641 5.022711,
 0.760912 0.503892 0.318045 0.529454 0.748049 2.536592 5.334247 1.962782 1.195135 5.910633 14.974515 5.664424 0.798976 2.239071 5.784891 2.635724,

Cross-correlations of the real part of each oriented sub-band with both the real and imaginary part of all phase-doubled oriented sub-bands at the next coarser scale (Q matrices of size 1x2Q, which are computed and stored in a matrix of size Qx2Q)
 0.311870 -0.004213 -0.047542 -0.003748 0.020521 0.017591 -0.001596 -0.002346 0.102696 -3.073141 -6.678286 -2.181372 0.007271 0.300295 0.370567 0.023674 -0.010562 -6.871678 -18.389582 -7.438646 0.000264 0.572023 0.564669 -0.129082 0.115211 -2.053982 -6.850820 -3.329527 0.007414 0.138200 0.021281 -0.126946,
 0.303719 0.015667 -0.028074 0.046338 0.025492 0.011064 0.007051 0.007497 0.106416 -2.021997 -4.191018 -1.269780 0.008404 0.461798 1.184532 0.355391 -0.000522 -4.413516 -11.030478 -4.109375 0.000588 1.155050 3.154216 1.006508 0.128158 -1.253746 -3.937927 -1.687042 0.013632 0.391953 1.093041 0.378800,
