Low-band skewness and kurtosis
 -1.282945 4.109126,
 -1.046605 3.543042,
 -0.784171 2.929724,
 -0.151796 2.054950,

High-band variance
 102.817673,

Skewness, kurtosis, variance, mean, maximum and minimum of the reconstructed texture
 125.000000 255.000000 240.765259 531.776917 -1.553240 4.588850

Auto-correlations of the low-frequency bands at each scale
 76.647110 76.381660 77.208740 78.091621 78.440071 79.233932 81.685158 96.809525 81.298409 70.760201 67.270218 71.332130 82.418472 98.139565 246.064697 247.597961 249.985153 251.178055 249.141312 245.041962 240.201935 351.868835 378.206757 398.973114 407.256836 398.973114 378.206757 351.868835 240.201920 245.041962 249.141357 251.178055 249.985153 247.597961 246.064667 98.139549 82.418472 71.332161 67.270226 70.760170 81.298393 96.809525 81.685150 79.233917 78.440079 78.091614 77.208725 76.381668 76.647110,
 82.685654 83.990959 85.853294 87.011314 86.302872 85.290901 85.386383 81.016174 72.301659 67.394890 66.543159 68.927277 75.405792 85.709473 168.048981 168.170517 169.567978 170.822998 169.883423 168.065628 166.519196 236.448196 251.860031 263.870575 268.795593 263.870605 251.860031 236.448181 166.519196 168.065628 169.883423 170.822998 169.567978 168.170517 168.048965 85.709480 75.405807 68.927292 66.543159 67.394882 72.301659 81.016174 85.386375 85.290909 86.302879 87.011314 85.853294 83.990959 82.685661,
 76.815231 77.828499 79.253510 80.377159 80.584648 80.876335 81.829948 81.276962 77.020844 74.680748 74.183304 74.931007 77.661568 82.381142 127.478554 128.128342 129.540451 130.692184 130.199234 129.090469 128.213013 165.228973 173.182724 179.599426 182.332687 179.599426 173.182724 165.228973 128.213013 129.090469 130.199234 130.692184 129.540436 128.128357 127.478546 82.381142 77.661560 74.931023 74.183304 74.680740 77.020844 81.276962 81.829948 80.876328 80.584648 80.377144 79.253494 77.828499 76.815231,
 11.913752 15.783864 18.141577 19.086729 22.744598 28.786007 30.528303 15.812982 18.154337 18.876911 22.532465 29.142067 31.535442 27.148722 18.470274 18.903017 22.114426 29.393568 32.640003 27.846634 21.913771 19.392683 21.774656 28.819115 33.292873 28.819115 21.774656 19.392683 21.913771 27.846634 32.639999 29.393568 22.114424 18.903023 18.470274 27.148724 31.535446 29.142065 22.532465 18.876911 18.154339 15.812982 30.528303 28.786011 22.744596 19.086727 18.141577 15.783866 11.913754,

Auto-correlations of the modulus of each oriented sub-band
 0.584174 0.692640 0.769306 0.792357 0.756700 0.674940 0.569589 0.647720 0.767573 0.854223 0.881818 0.840267 0.743378 0.621725 0.734864 0.892702 1.008834 1.044995 0.989567 0.863781 0.706437 0.766671 0.963163 1.127926 1.194535 1.127926 0.963163 0.766671 0.706437 0.863781 0.989567 1.044995 1.008834 0.892702 0.734864 0.621725 0.743378 0.840267 0.881818 0.854223 0.767573 0.647720 0.569589 0.674940 0.756700 0.792357 0.769306 0.692640 0.584174,
 7.871648 8.176907 8.602842 8.985386 9.220203 9.368866 9.521247 9.672610 10.475167 11.443797 12.093987 12.178239 11.942513 11.695945 11.893114 13.222639 14.770065 15.627565 15.268942 14.273946 13.361270 13.457221 14.879185 16.516649 17.324274 16.516649 14.879187 13.457219 13.361271 14.273946 15.268943 15.627563 14.770065 13.222639 11.893114 11.695945 11.942512 12.178239 12.093989 11.443797 10.475167 9.672610 9.521247 9.368866 9.220204 8.985386 8.602841 8.176907 7.871649,
 43.835373 44.654892 45.579182 46.037060 45.590599 44.491299 43.272530 53.192284 56.317421 59.423279 60.843788 59.506577 56.249210 52.678036 62.847511 69.121887 75.234123 77.965126 75.302177 69.086273 62.495510 66.997002 74.979881 82.720436 86.178368 82.720428 74.979881 66.997002 62.495502 69.086266 75.302185 77.965126 75.234116 69.121887 62.847519 52.678024 56.249210 59.506577 60.843788 59.423279 56.317421 53.192284 43.272522 44.491295 45.590599 46.037056 45.579174 44.654900 43.835381,
 10.477757 10.339548 10.225323 10.024460 9.643205 9.206737 8.893174 12.735300 12.915235 13.129273 13.054605 12.408685 11.484825 10.755677 14.575171 15.343169 16.242540 16.576220 15.730528 14.283407 13.099886 14.750267 15.996934 17.509403 18.289074 17.509401 15.996935 14.750265 13.099883 14.283407 15.730530 16.576218 16.242540 15.343169 14.575169 10.755677 11.484824 12.408685 13.054605 13.129273 12.915235 12.735299 8.893176 9.206737 9.643205 10.024460 10.225323 10.339548 10.477756,
 0.532753 0.724916 0.881944 0.942057 0.877710 0.717751 0.524743 0.564576 0.767199 0.932921 0.995610 0.925768 0.754726 0.550261 0.597651 0.824087 1.014399 1.087813 1.007448 0.813185 0.586257 0.609893 0.852560 1.066125 1.154673 1.066125 0.852560 0.609893 0.586257 0.813185 1.007448 1.087813 1.014399 0.824087 0.597651 0.550261 0.754726 0.925768 0.995610 0.932922 0.767199 0.564576 0.524743 0.717751 0.877710 0.942057 0.881944 0.724916 0.532753,
 4.039656 4.223463 4.471278 4.721262 4.913022 5.031590 5.093701 5.105528 5.617998 6.143131 6.498854 6.622298 6.569678 6.388687 6.447800 7.334682 8.213037 8.647806 8.469172 7.972176 7.385559 7.415691 8.346309 9.279303 9.729725 9.279303 8.346309 7.415691 7.385559 7.972175 8.469172 8.647806 8.213037 7.334682 6.447800 6.388687 6.569678 6.622298 6.498854 6.143131 5.617999 5.105528 5.093701 5.031590 4.913022 4.721262 4.471277 4.223464 4.039657,
 23.810564 24.724728 25.622679 26.001453 25.560942 24.539228 23.402973 29.516155 32.255550 34.633766 35.506283 34.304028 31.644814 28.681751 35.211571 40.302246 44.729691 46.427315 44.341969 39.651337 34.433418 37.377346 43.669514 49.292805 51.673779 49.292816 43.669514 37.377342 34.433418 39.651340 44.341957 46.427315 44.729698 40.302250 35.211571 28.681751 31.644812 34.304020 35.506283 34.633766 32.255554 29.516155 23.402975 24.539225 25.560940 26.001450 25.622681 24.724731 23.810562,
 5.658702 5.667469 5.623895 5.499235 5.306152 5.088835 4.856590 7.085330 7.269000 7.338192 7.261263 6.991261 6.533236 5.999623 8.255155 8.782234 9.216555 9.388326 9.036149 8.253592 7.415883 8.395887 9.242698 10.063649 10.456237 10.063649 9.242698 8.395887 7.415882 8.253592 9.036149 9.388326 9.216555 8.782235 8.255155 5.999624 6.533236 6.991261 7.261263 7.338192 7.269000 7.085330 4.856590 5.088835 5.306153 5.499235 5.623895 5.667469 5.658702,
 0.290954 0.432479 0.553792 0.604706 0.560945 0.443961 0.302649 0.312167 0.460984 0.587823 0.639012 0.589740 0.464417 0.315892 0.335383 0.499780 0.642895 0.699856 0.640349 0.496694 0.332773 0.343491 0.517849 0.674695 0.740113 0.674695 0.517849 0.343491 0.332773 0.496694 0.640349 0.699856 0.642895 0.499780 0.335383 0.315892 0.464417 0.589740 0.639012 0.587823 0.460984 0.312167 0.302649 0.443961 0.560945 0.604706 0.553792 0.432479 0.290954,
 1.631978 1.736836 1.856510 1.963356 2.025891 2.047780 2.045280 2.215025 2.468333 2.713172 2.862626 2.879866 2.790410 2.640311 2.858325 3.321120 3.767674 3.969477 3.837278 3.519631 3.152663 3.253720 3.777296 4.293880 4.539059 4.293880 3.777296 3.253720 3.152663 3.519631 3.837278 3.969477 3.767674 3.321120 2.858325 2.640311 2.790409 2.879865 2.862626 2.713172 2.468333 2.215025 2.045280 2.047780 2.025891 1.963356 1.856510 1.736836 1.631978,
 10.061399 10.647462 11.109325 11.263298 11.038819 10.598098 10.185215 12.798662 14.125180 15.230062 15.610654 15.010362 13.730153 12.341103 15.583610 18.066319 20.219486 21.053629 20.036659 17.707451 15.101785 16.629166 19.784887 22.595041 23.778425 22.595041 19.784887 16.629166 15.101788 17.707449 20.036659 21.053629 20.219486 18.066319 15.583611 12.341103 13.730153 15.010362 15.610656 15.230062 14.125180 12.798661 10.185216 10.598098 11.038819 11.263297 11.109325 10.647462 10.061399,
 2.418086 2.441397 2.433658 2.382344 2.328287 2.285934 2.248663 3.048535 3.139636 3.159413 3.122987 3.006037 2.785668 2.559078 3.541429 3.806210 4.035698 4.147110 3.952180 3.510103 3.083342 3.537242 3.982945 4.455929 4.693370 4.455929 3.982945 3.537242 3.083342 3.510103 3.952178 4.147110 4.035698 3.806210 3.541429 2.559078 2.785668 3.006037 3.122987 3.159413 3.139635 3.048535 2.248663 2.285934 2.328287 2.382344 2.433658 2.441397 2.418086,

Pairwise cross-correlations of the modulus of all oriented sub-bands at the same scale (size QxQ)
 1.194535 1.685944 2.586316 1.638869 1.685944 17.324272 32.519756 10.760451 2.586316 32.519756 86.178368 34.427120 1.638869 10.760451 34.427120 18.289072,
 1.154673 1.012760 1.617211 1.042495 1.012760 9.729724 18.916145 6.106480 1.617211 18.916145 51.673790 20.244276 1.042495 6.106480 20.244276 10.456235,

Cross-correlations of the modulus of all oriented sub-bands with all oriented sub-bands at the coarser scale (size QxQ)
 0.966757 1.140364 1.766359 1.117214 1.245284 7.318195 14.347795 5.586694 2.129196 14.101833 34.725822 15.017846 1.291512 5.570467 15.386806 7.751628,
 0.788879 0.502439 0.627969 0.586634 0.809189 3.215242 6.797874 2.709810 1.469326 7.060705 17.293709 7.368592 0.859985 2.942254 7.669123 3.773198,

Cross-correlations of the real part of each oriented sub-band with both the real and imaginary part of all phase-doubled oriented sub-bands at the next coarser scale (Q matrices of size 1x2Q, which are computed and stored in a matrix of size Qx2Q)
 0.351668 -0.063642 -0.119225 -0.034700 0.001812 -0.006118 0.008223 -0.002396 0.081793 -4.198081 -6.709067 -2.028740 0.004053 0.121362 0.216331 0.090387 -0.080936 -7.620504 -17.794256 -7.951725 0.005175 0.185827 0.404100 0.210012 0.098845 -1.908430 -6.928765 -4.129409 0.002364 0.029103 0.109069 0.054506,
 0.317732 0.000825 -0.038805 -0.001143 0.012878 0.012713 0.002598 -0.008710 0.102317 -1.731682 -2.649374 -0.720499 0.008560 0.152153 -0.200518 -0.159927 -0.028990 -3.100813 -6.648294 -2.901083 -0.000306 0.027900 -1.058284 -0.462717 0.107727 -0.710128 -2.433679 -1.533084 0.001512 -0.083371 -0.543730 -0.183748,
