Low-band skewness and kurtosis
 -1.314468 4.162103,
 -1.045473 3.450896,
 -0.742560 2.752267,
 -0.684994 2.438224,

High-band variance
 105.987381,

Skewness, kurtosis, variance, mean, maximum and minimum of the reconstructed texture
 115.000000 255.000000 240.548172 556.273926 -1.585306 4.725001

Auto-correlations of the low-frequency bands at each scale
 118.479668 109.432755 104.259476 102.867943 104.274460 108.917892 117.629303 147.910660 123.782135 102.835922 94.343597 102.525581 124.557480 151.803329 254.042068 265.415558 274.244324 277.894501 275.245392 268.996155 261.255188 329.388123 374.690613 413.154053 428.758240 413.154053 374.690613 329.388123 261.255127 268.996124 275.245392 277.894470 274.244324 265.415558 254.042053 151.803329 124.557480 102.525589 94.343590 102.835922 123.782135 147.910660 117.629280 108.917870 104.274467 102.867958 104.259460 109.432747 118.479691,
 124.785492 120.019279 117.678154 116.892258 115.994370 116.270370 119.411156 129.513275 114.395012 102.522148 98.819611 104.378433 117.740982 133.972961 184.767548 190.222885 195.692932 199.063202 198.737396 196.639542 193.691772 231.823853 257.489136 279.889313 289.225861 279.889313 257.489166 231.823853 193.691772 196.639511 198.737427 199.063202 195.692932 190.222870 184.767548 133.972977 117.740990 104.378456 98.819611 102.522148 114.395012 129.513275 119.411148 116.270348 115.994392 116.892265 117.678131 120.019302 124.785500,
 132.252213 130.326904 129.098557 128.142395 126.723572 126.098900 127.354332 131.605850 123.125977 115.900490 112.108543 112.410736 117.355331 125.385246 155.108429 156.984543 159.149139 160.422287 159.435684 157.540985 155.743988 177.707764 190.681030 202.059631 206.895889 202.059631 190.681030 177.707764 155.743973 157.540985 159.435715 160.422287 159.149170 156.984528 155.108429 125.385246 117.355324 112.410713 112.108559 115.900490 123.125977 131.605835 127.354332 126.098923 126.723557 128.142395 129.098557 130.326904 132.252213,
 14.137436 18.854935 22.817427 26.703571 31.842918 37.335293 39.736397 18.626518 22.091879 25.851480 31.818497 38.428875 41.380798 38.757160 21.964870 25.655621 32.121914 39.948792 43.325424 39.818775 33.048615 26.314850 32.563873 40.471260 44.416859 40.471264 32.563869 26.314844 33.048615 39.818775 43.325420 39.948792 32.121914 25.655621 21.964872 38.757164 41.380802 38.428871 31.818493 25.851484 22.091869 18.626513 39.736401 37.335293 31.842915 26.703573 22.817429 18.854931 14.137431,

Auto-correlations of the modulus of each oriented sub-band
 0.813276 0.908951 0.976646 0.994560 0.954779 0.869748 0.763119 0.877849 0.993577 1.078038 1.105317 1.063296 0.962552 0.834201 0.954153 1.124805 1.246556 1.285888 1.233945 1.105234 0.933913 0.976988 1.207225 1.433168 1.535900 1.433167 1.207225 0.976988 0.933913 1.105234 1.233945 1.285888 1.246556 1.124805 0.954153 0.834201 0.962552 1.063296 1.105317 1.078038 0.993577 0.877849 0.763119 0.869748 0.954779 0.994560 0.976646 0.908951 0.813276,
 14.554668 15.004769 15.706053 16.453844 16.995548 17.330591 17.555449 16.434610 17.598837 19.072809 20.244986 20.606289 20.367405 19.925583 18.936886 20.858223 23.096437 24.480581 24.145214 22.792446 21.369226 20.966721 23.060801 25.362917 26.500729 25.362917 23.060802 20.966721 21.369223 22.792444 24.145212 24.480583 23.096437 20.858223 18.936886 19.925583 20.367401 20.606287 20.244986 19.072809 17.598837 16.434610 17.555449 17.330589 16.995548 16.453844 15.706053 15.004771 14.554669,
 49.978424 51.309544 52.931366 53.784157 53.104897 51.507084 50.106556 55.970806 59.858768 64.383972 66.578232 64.469475 59.899349 55.886101 61.802578 68.909798 77.230568 81.286667 77.293694 68.915215 61.677216 64.240059 72.970589 83.252571 88.328491 83.252548 72.970589 64.240059 61.677212 68.915215 77.293694 81.286667 77.230560 68.909798 61.802578 55.886105 59.899345 64.469475 66.578217 64.383965 59.858761 55.970806 50.106552 51.507084 53.104908 53.784157 52.931355 51.309540 49.978428,
 16.698866 16.494551 16.149612 15.534081 14.660717 13.833037 13.276217 18.882408 19.369249 19.662313 19.290945 18.013220 16.421524 15.189219 20.166735 21.652803 23.118908 23.509459 22.032261 19.670622 17.689255 19.715111 21.875929 24.310307 25.533854 24.310312 21.875929 19.715111 17.689255 19.670618 22.032259 23.509460 23.118908 21.652803 20.166735 15.189219 16.421524 18.013216 19.290943 19.662313 19.369249 18.882412 13.276216 13.833037 14.660715 15.534081 16.149612 16.494551 16.698868,
 0.647231 0.821635 0.964971 1.018570 0.955728 0.802269 0.617691 0.680679 0.876456 1.035925 1.094792 1.028253 0.864369 0.664724 0.714806 0.945830 1.146701 1.225785 1.141548 0.940040 0.709037 0.730757 0.992255 1.241679 1.351477 1.241679 0.992255 0.730757 0.709037 0.940040 1.141548 1.225785 1.146701 0.945830 0.714806 0.664724 0.864369 1.028253 1.094792 1.035925 0.876456 0.680679 0.617691 0.802269 0.955728 1.018570 0.964971 0.821635 0.647231,
 8.929011 9.266016 9.677567 10.092204 10.423259 10.616958 10.662083 10.028811 10.793164 11.600099 12.184868 12.396046 12.258743 11.868271 11.425159 12.708883 13.995193 14.692387 14.480923 13.662358 12.633935 12.476608 13.921947 15.306141 15.939357 15.306141 13.921947 12.476607 12.633935 13.662358 14.480923 14.692387 13.995193 12.708883 11.425159 11.868271 12.258743 12.396046 12.184868 11.600099 10.793167 10.028810 10.662083 10.616958 10.423259 10.092206 9.677567 9.266016 8.929012,
 26.516129 27.729303 29.021973 29.576317 28.982553 27.738253 26.621725 29.495300 32.523621 35.732029 37.098186 35.509090 32.250713 29.318701 32.590954 37.845165 43.564735 46.143932 43.337532 37.545940 32.354774 33.845512 40.160816 47.200230 50.578785 47.200230 40.160816 33.845509 32.354767 37.545937 43.337532 46.143932 43.564735 37.845165 32.590958 29.318701 32.250710 35.509090 37.098183 35.732033 32.523624 29.495300 26.621723 27.738253 28.982550 29.576317 29.021978 27.729300 26.516134,
 8.077043 8.189009 8.121976 7.809517 7.331462 6.845014 6.465680 9.097499 9.619945 9.944829 9.828279 9.179051 8.232801 7.398729 9.758915 10.835037 11.844600 12.184643 11.395207 9.936299 8.626253 9.590381 11.029911 12.586244 13.337654 12.586244 11.029911 9.590381 8.626254 9.936299 11.395205 12.184642 11.844602 10.835037 9.758913 7.398731 8.232802 9.179050 9.828279 9.944831 9.619945 9.097497 6.465681 6.845014 7.331462 7.809517 8.121977 8.189009 8.077043,
 0.384331 0.528109 0.647512 0.693839 0.645798 0.526015 0.384687 0.397654 0.548915 0.676502 0.730354 0.684865 0.558622 0.403896 0.416838 0.591225 0.747414 0.814590 0.754084 0.597272 0.417190 0.429339 0.625565 0.810595 0.890489 0.810596 0.625565 0.429339 0.417190 0.597272 0.754084 0.814590 0.747414 0.591225 0.416838 0.403896 0.558622 0.684865 0.730354 0.676502 0.548915 0.397654 0.384687 0.526015 0.645798 0.693839 0.647512 0.528109 0.384331,
 3.983651 4.276228 4.568257 4.811055 4.943275 4.943266 4.844556 4.475072 5.027152 5.546861 5.871647 5.940889 5.767979 5.430019 5.139939 5.958950 6.754297 7.137837 6.966758 6.444594 5.794131 5.690471 6.557432 7.395160 7.782110 7.395160 6.557433 5.690471 5.794131 6.444594 6.966759 7.137837 6.754297 5.958950 5.139939 5.430019 5.767979 5.940888 5.871647 5.546861 5.027152 4.475072 4.844556 4.943266 4.943275 4.811054 4.568257 4.276229 3.983651,
 12.668013 13.584723 14.426085 14.826758 14.657305 14.172339 13.686505 13.923221 15.757797 17.652693 18.599365 18.007217 16.473503 14.998346 15.352888 18.273941 21.419733 22.954145 21.704165 18.792006 16.055727 16.239985 19.636444 23.331764 25.069893 23.331764 19.636444 16.239985 16.055727 18.792007 21.704165 22.954145 21.419733 18.273941 15.352885 14.998344 16.473503 18.007217 18.599363 17.652691 15.757797 13.923220 13.686505 14.172338 14.657305 14.826757 14.426084 13.584726 12.668013,
 3.404291 3.513339 3.537582 3.471519 3.352895 3.244576 3.157757 3.806344 4.171436 4.429646 4.479498 4.290514 3.944099 3.600373 4.161109 4.835927 5.461000 5.743675 5.434519 4.726923 4.036184 4.263288 5.103530 5.979463 6.399372 5.979463 5.103530 4.263288 4.036184 4.726923 5.434519 5.743674 5.461001 4.835927 4.161109 3.600373 3.944099 4.290513 4.479498 4.429646 4.171436 3.806344 3.157757 3.244576 3.352895 3.471519 3.537582 3.513338 3.404291,

Pairwise cross-correlations of the modulus of all oriented sub-bands at the same scale (size QxQ)
 1.535900 2.705374 4.277094 2.953704 2.705374 26.500723 38.856274 11.399464 4.277094 38.856274 88.328484 36.596741 2.953704 11.399464 36.596741 25.533859,
 1.351477 1.717894 2.299394 1.612449 1.717894 15.939359 22.445475 6.134437 2.299394 22.445475 50.578785 19.724461 1.612449 6.134437 19.724461 13.337651,

Cross-correlations of the modulus of all oriented sub-bands with all oriented sub-bands at the coarser scale (size QxQ)
 1.153691 1.790741 2.617789 1.802329 2.032347 13.046593 19.305807 6.960953 3.338896 19.821873 38.937904 18.164864 2.055859 7.005815 17.703186 11.587418,
 0.889537 1.067264 1.551715 1.004150 1.221040 6.727994 10.726297 3.726827 1.824209 9.791814 19.649057 8.418893 1.108982 3.575593 8.550946 5.097572,

Cross-correlations of the real part of each oriented sub-band with both the real and imaginary part of all phase-doubled oriented sub-bands at the next coarser scale (Q matrices of size 1x2Q, which are computed and stored in a matrix of size Qx2Q)
 0.277424 -0.271388 -0.308670 -0.359029 -0.009761 -0.002443 0.006441 0.005746 -0.131520 -5.534770 -6.959605 -1.578497 -0.011562 -0.062502 -0.252858 -0.042576 -0.457843 -8.039518 -16.210693 -7.661669 -0.008816 -0.197298 -0.527298 0.193023 -0.231448 -1.635892 -6.318399 -5.510121 -0.003964 -0.093556 -0.021110 0.234476,
 0.312955 -0.064476 -0.121972 -0.081718 -0.017332 0.004086 0.012232 -0.006837 0.066310 -2.406206 -3.296141 -0.671007 -0.005618 0.205524 0.590034 0.162044 -0.107800 -3.734755 -7.782364 -3.194008 -0.001863 0.433744 1.587151 0.400751 0.049303 -0.787074 -2.999878 -2.127370 -0.014306 0.145834 0.586347 0.090514,
