Low-band skewness and kurtosis
 -1.127539 3.580631,
 -0.803307 2.870903,
 -0.571145 2.644819,
 -0.132190 2.597673,

High-band variance
 99.938972,

Skewness, kurtosis, variance, mean, maximum and minimum of the reconstructed texture
 124.000000 255.000000 240.757568 495.950043 -1.447625 4.215173

Auto-correlations of the low-frequency bands at each scale
 54.500786 55.026768 56.195072 57.075771 56.812218 56.176113 55.967579 43.454941 37.282364 33.919472 33.126873 34.248680 37.862183 44.119141 208.673752 209.624863 211.136734 211.780136 210.284515 207.969788 206.353973 348.686523 360.260529 369.350433 373.035126 369.350433 360.260529 348.686523 206.354004 207.969788 210.284515 211.780136 211.136719 209.624863 208.673752 44.119129 37.862190 34.248688 33.126865 33.919456 37.282364 43.454941 55.967579 56.176105 56.812229 57.075783 56.195068 55.026760 54.500790,
 54.884518 55.561890 56.847401 57.916130 57.655190 57.172607 57.296371 41.212040 37.566696 36.050102 36.131565 36.694515 38.731754 42.791588 136.406464 136.772263 138.065491 138.965546 137.835403 136.197433 135.458359 219.213409 225.821716 231.525909 234.108093 231.525940 225.821732 219.213409 135.458344 136.197418 137.835373 138.965546 138.065506 136.772263 136.406433 42.791576 38.731766 36.694508 36.131565 36.050110 37.566700 41.212048 57.296368 57.172611 57.655186 57.916130 56.847404 55.561893 54.884533,
 60.933247 60.856949 61.208221 61.575844 61.225689 60.835785 60.902340 48.747040 47.219276 46.733418 46.951389 47.131634 48.027573 50.054596 97.304832 98.077232 99.518600 100.606758 100.136879 99.249405 98.940514 142.263763 145.781494 149.134506 150.751373 149.134506 145.781494 142.263763 98.940498 99.249405 100.136879 100.606743 99.518616 98.077232 97.304832 50.054596 48.027584 47.131634 46.951385 46.733421 47.219257 48.747032 60.902332 60.835789 61.225689 61.575844 61.208229 60.856941 60.933250,
 8.818023 13.012981 15.525678 16.058205 17.459681 21.131397 23.672812 13.041837 15.141319 15.589454 17.621599 21.757605 24.186420 22.150568 15.031563 15.309718 17.611498 22.515997 24.997684 22.278755 17.855644 15.428115 17.596016 22.604866 25.554445 22.604864 17.596016 15.428116 17.855640 22.278755 24.997686 22.515997 17.611494 15.309717 15.031565 22.150568 24.186422 21.757608 17.621599 15.589451 15.141319 13.041838 23.672808 21.131397 17.459682 16.058205 15.525677 13.012981 8.818022,

Auto-correlations of the modulus of each oriented sub-band
 0.518656 0.625431 0.701327 0.725116 0.689839 0.606604 0.498383 0.555453 0.677036 0.765751 0.794693 0.754354 0.658418 0.535429 0.604314 0.752241 0.865538 0.906072 0.858235 0.740380 0.591663 0.628183 0.794298 0.926441 0.977789 0.926441 0.794298 0.628183 0.591663 0.740380 0.858235 0.906072 0.865538 0.752241 0.604314 0.535429 0.658418 0.754354 0.794693 0.765751 0.677036 0.555453 0.498383 0.606604 0.689839 0.725117 0.701327 0.625431 0.518656,
 5.893602 6.086052 6.270110 6.396902 6.449442 6.455584 6.456377 7.956503 8.434753 8.858376 9.067094 9.033598 8.856131 8.644781 10.239408 11.028110 11.743544 12.044872 11.820273 11.297573 10.736607 11.459281 12.304626 13.109155 13.467084 13.109155 12.304626 11.459279 10.736607 11.297573 11.820272 12.044872 11.743544 11.028110 10.239407 8.644780 8.856131 9.033598 9.067093 8.858376 8.434753 7.956501 6.456377 6.455585 6.449442 6.396902 6.270110 6.086052 5.893601,
 38.952099 39.557178 40.011330 40.073112 39.633652 38.871483 38.061749 53.725750 55.858810 57.481506 58.009651 57.172455 55.298763 53.002907 68.923309 73.076965 76.294777 77.486855 76.121490 72.766289 68.524757 75.609360 80.828438 84.948654 86.574738 84.948669 80.828438 75.609360 68.524757 72.766281 76.121490 77.486847 76.294777 73.076965 68.923309 53.002899 55.298763 57.172451 58.009640 57.481510 55.858799 53.725750 38.061752 38.871479 39.633652 40.073112 40.011330 39.557178 38.952099,
 6.334302 6.304092 6.262692 6.169386 5.998138 5.775712 5.556485 8.598956 8.788747 8.932711 8.923286 8.668191 8.206918 7.692602 10.693840 11.254647 11.756160 11.949606 11.620365 10.883545 10.056280 11.354233 12.224858 13.028551 13.381814 13.028551 12.224860 11.354233 10.056279 10.883545 11.620365 11.949606 11.756160 11.254647 10.693839 7.692602 8.206919 8.668192 8.923286 8.932711 8.788748 8.598956 5.556484 5.775712 5.998138 6.169387 6.262691 6.304092 6.334302,
 0.506602 0.693736 0.847609 0.907233 0.845427 0.690422 0.502752 0.523956 0.720672 0.882972 0.945639 0.879809 0.716191 0.519638 0.551545 0.768511 0.950217 1.021246 0.947097 0.763832 0.547057 0.565710 0.796423 0.993291 1.072530 0.993291 0.796423 0.565710 0.547057 0.763832 0.947097 1.021246 0.950217 0.768511 0.551545 0.519638 0.716191 0.879809 0.945639 0.882972 0.720672 0.523956 0.502752 0.690422 0.845426 0.907233 0.847609 0.693736 0.506602,
 3.037328 3.165618 3.280787 3.355795 3.378655 3.380395 3.377474 4.052279 4.321886 4.545198 4.633852 4.594071 4.508216 4.412851 5.246313 5.691546 6.102094 6.241021 6.061142 5.774845 5.498991 5.895116 6.352066 6.829754 7.068242 6.829754 6.352066 5.895116 5.498991 5.774845 6.061142 6.241021 6.102093 5.691545 5.246313 4.412850 4.508216 4.594071 4.633852 4.545198 4.321886 4.052279 3.377474 3.380395 3.378655 3.355795 3.280788 3.165617 3.037328,
 17.995718 18.717379 19.295692 19.557274 19.408394 18.986029 18.487629 24.582800 26.218895 27.483551 28.021521 27.649128 26.588251 25.207287 32.285816 35.135395 37.323177 38.216881 37.482460 35.467644 32.805145 36.152622 39.567451 42.196701 43.229179 42.196701 39.567459 36.152622 32.805141 35.467640 37.482452 38.216881 37.323181 35.135395 32.285816 25.207289 26.588251 27.649128 28.021521 27.483545 26.218901 24.582800 18.487629 18.986029 19.408392 19.557276 19.295694 18.717379 17.995718,
 2.931201 2.985677 3.022089 2.984787 2.899684 2.820562 2.743219 3.921216 4.076337 4.175516 4.193211 4.109649 3.915337 3.672949 4.965795 5.273327 5.566902 5.746445 5.610558 5.201057 4.767368 5.355380 5.812207 6.300482 6.546042 6.300483 5.812207 5.355380 4.767368 5.201057 5.610557 5.746445 5.566903 5.273327 4.965795 3.672949 3.915337 4.109648 4.193211 4.175516 4.076337 3.921216 2.743219 2.820562 2.899684 2.984787 3.022089 2.985677 2.931201,
 0.309814 0.455865 0.581172 0.630760 0.579427 0.453466 0.307405 0.318371 0.468421 0.597936 0.649513 0.596318 0.466134 0.316229 0.330741 0.491412 0.632517 0.689595 0.631150 0.489265 0.328659 0.337503 0.505755 0.655820 0.717715 0.655820 0.505755 0.337503 0.328659 0.489265 0.631150 0.689595 0.632517 0.491412 0.330741 0.316229 0.466134 0.596318 0.649513 0.597936 0.468421 0.318371 0.307405 0.453466 0.579427 0.630760 0.581172 0.455865 0.309814,
 1.193340 1.260170 1.313213 1.351923 1.383577 1.405136 1.413406 1.715775 1.880621 2.013703 2.058313 2.049069 2.028750 1.987486 2.373363 2.644251 2.906173 2.994067 2.891031 2.743035 2.594448 2.778347 3.045158 3.333755 3.485407 3.333755 3.045158 2.778347 2.594448 2.743035 2.891031 2.994067 2.906173 2.644251 2.373363 1.987485 2.028750 2.049069 2.058313 2.013703 1.880621 1.715775 1.413406 1.405136 1.383577 1.351923 1.313213 1.260170 1.193340,
 7.133014 7.439170 7.710222 7.873610 7.857575 7.725918 7.552142 10.707061 11.407016 11.946028 12.172934 11.970024 11.446011 10.759896 14.911095 16.268265 17.292294 17.690990 17.274693 16.229166 14.848084 16.879587 18.624235 19.953966 20.481436 19.953966 18.624235 16.879587 14.848084 16.229168 17.274689 17.690990 17.292295 16.268265 14.911093 10.759896 11.446011 11.970022 12.172934 11.946028 11.407016 10.707060 7.552142 7.725919 7.857575 7.873610 7.710222 7.439170 7.133015,
 1.092614 1.091937 1.093259 1.095264 1.100459 1.093832 1.062554 1.613878 1.646977 1.681337 1.725677 1.722957 1.621487 1.482083 2.148777 2.279118 2.439593 2.575051 2.512378 2.264793 2.016235 2.327799 2.572659 2.864541 3.023002 2.864541 2.572659 2.327799 2.016235 2.264794 2.512378 2.575051 2.439593 2.279118 2.148776 1.482083 1.621487 1.722957 1.725677 1.681337 1.646977 1.613877 1.062554 1.093833 1.100459 1.095264 1.093259 1.091936 1.092614,

Pairwise cross-correlations of the modulus of all oriented sub-bands at the same scale (size QxQ)
 0.977789 0.829032 1.001181 0.800594 0.829032 13.467082 31.499947 10.507510 1.001181 31.499947 86.574738 31.487621 0.800594 10.507510 31.487621 13.381811,
 1.072530 0.689271 0.747015 0.634217 0.689271 7.068241 15.921595 5.127730 0.747015 15.921595 43.229176 15.242345 0.634217 5.127730 15.242345 6.546041,

Cross-correlations of the modulus of all oriented sub-bands with all oriented sub-bands at the coarser scale (size QxQ)
 0.914194 0.616433 0.597672 0.539325 0.834075 4.542404 10.334806 3.842313 1.185123 10.238338 26.561953 10.279673 0.804509 3.824365 10.261147 4.425472,
 0.762413 0.436383 0.148172 0.378069 0.591184 1.722520 3.227563 1.125073 0.825225 3.644328 8.146898 2.747869 0.532560 1.344163 2.893897 1.193021,

Cross-correlations of the real part of each oriented sub-band with both the real and imaginary part of all phase-doubled oriented sub-bands at the next coarser scale (Q matrices of size 1x2Q, which are computed and stored in a matrix of size Qx2Q)
 0.317262 0.013030 -0.037909 0.006823 -0.004537 -0.007269 -0.002371 0.010015 0.117876 -2.999907 -6.488776 -2.197433 -0.004280 0.005494 0.177985 0.092450 -0.003816 -6.965305 -18.180923 -7.457443 -0.000792 0.162874 0.750760 0.362995 0.110913 -2.135918 -6.821008 -3.300841 -0.001379 0.087761 0.345456 0.191348,
 0.306468 0.029048 -0.012675 0.031824 0.016031 0.003169 0.000413 -0.015214 0.118928 -1.227256 -2.595473 -0.818625 0.003186 0.130394 0.460441 0.244948 -0.001709 -2.862043 -7.049450 -2.606625 0.000415 0.418228 1.495137 0.797881 0.114141 -0.877049 -2.540688 -1.045389 0.009648 0.167380 0.601829 0.308916,
