Low-band skewness and kurtosis
 -1.279137 3.986358,
 -1.022979 3.354559,
 -0.757610 2.792846,
 -0.644744 2.625558,

High-band variance
 103.286789,

Skewness, kurtosis, variance, mean, maximum and minimum of the reconstructed texture
 126.000000 255.000000 240.538834 549.584839 -1.545688 4.518134

Auto-correlations of the low-frequency bands at each scale
 119.486832 110.087723 105.693726 104.792770 105.704758 108.763214 115.471855 150.310913 124.771591 103.953323 95.162178 101.410294 120.473915 145.556168 258.006805 268.073883 274.487305 275.609985 271.102692 263.971405 256.016235 330.520020 374.717865 410.707062 425.073547 410.707062 374.717926 330.520020 256.016266 263.971344 271.102661 275.609985 274.487305 268.073914 258.006775 145.556152 120.473900 101.410294 95.162155 103.953323 124.771599 150.310913 115.471855 108.763199 105.704758 104.792755 105.693756 110.087715 119.486832,
 121.969360 116.963135 115.222458 114.879303 113.893700 113.714348 116.376610 134.279617 117.213127 104.427788 99.703705 103.505020 115.304703 131.559128 189.682129 194.567352 197.969284 198.755219 196.047195 192.321320 188.886795 228.749405 255.781387 278.097168 287.151245 278.097168 255.781387 228.749374 188.886795 192.321320 196.047226 198.755219 197.969315 194.567383 189.682129 131.559128 115.304703 103.505020 99.703705 104.427788 117.213127 134.279617 116.376633 113.714348 113.893700 114.879326 115.222443 116.963135 121.969360,
 111.129944 109.965965 110.985458 112.532257 112.847511 112.702858 113.252716 126.003548 117.281113 110.602798 107.861053 109.017303 114.057037 121.338470 157.629440 159.785629 160.949341 160.476929 157.850616 155.122940 153.462570 175.931442 189.273865 200.903931 205.820053 200.903931 189.273849 175.931442 153.462570 155.122940 157.850647 160.476929 160.949341 159.785629 157.629440 121.338448 114.057022 109.017288 107.861038 110.602791 117.281113 126.003532 113.252716 112.702858 112.847504 112.532257 110.985466 109.965965 111.129944,
 17.837126 20.658485 22.042913 25.702208 33.742172 41.954540 43.127651 21.580271 22.009918 24.671614 33.250076 43.168392 45.694893 38.945404 22.687637 24.039307 32.218697 43.883129 48.109936 41.040009 30.618202 24.396107 31.149982 43.004604 49.310192 43.004604 31.149984 24.396107 30.618202 41.040005 48.109936 43.883129 32.218700 24.039312 22.687632 38.945415 45.694893 43.168392 33.250076 24.671614 22.009924 21.580271 43.127651 41.954536 33.742176 25.702208 22.042912 20.658487 17.837126,

Auto-correlations of the modulus of each oriented sub-band
 0.714663 0.810353 0.883719 0.912285 0.884243 0.809836 0.711309 0.771018 0.881426 0.972675 1.011281 0.979979 0.888934 0.770448 0.864471 1.023396 1.136376 1.178781 1.142622 1.030820 0.868904 0.886854 1.098593 1.319646 1.424681 1.319646 1.098593 0.886854 0.868904 1.030820 1.142622 1.178781 1.136376 1.023396 0.864471 0.770448 0.888934 0.979979 1.011281 0.972675 0.881427 0.771018 0.711309 0.809836 0.884243 0.912285 0.883719 0.810353 0.714663,
 13.496167 13.928141 14.595366 15.303275 15.801480 16.117329 16.358704 15.389803 16.406624 17.712152 18.782158 19.130795 18.993963 18.713581 17.878450 19.519045 21.447069 22.690853 22.432537 21.345774 20.211840 19.875616 21.631104 23.568375 24.557333 23.568375 21.631102 19.875616 20.211843 21.345772 22.432537 22.690853 21.447069 19.519041 17.878447 18.713577 18.993963 19.130793 18.782154 17.712152 16.406622 15.389802 16.358706 16.117329 15.801479 15.303274 14.595366 13.928139 13.496167,
 48.353500 49.687775 51.275063 52.093472 51.424786 49.759296 48.054596 54.871029 58.653610 63.032684 65.201851 63.246357 58.761528 54.497368 61.247784 68.124336 76.120087 80.069733 76.306282 68.229065 60.987171 63.895367 72.414192 82.274376 87.136681 82.274376 72.414192 63.895378 60.987167 68.229065 76.306282 80.069733 76.120071 68.124336 61.247791 54.497360 58.761528 63.246346 65.201851 63.032688 58.653606 54.871033 48.054588 49.759296 51.424778 52.093472 51.275063 49.687775 48.353512,
 16.867460 16.508627 16.045923 15.352203 14.425219 13.539038 12.872446 19.465122 19.755682 19.856047 19.355467 18.017979 16.408091 15.091433 20.965706 22.235851 23.448633 23.691103 22.208744 19.958750 18.026342 20.412304 22.399107 24.598364 25.728664 24.598364 22.399107 20.412304 18.026340 19.958750 22.208740 23.691103 23.448631 22.235853 20.965706 15.091431 16.408091 18.017979 19.355467 19.856047 19.755684 19.465120 12.872446 13.539038 14.425219 15.352201 16.045923 16.508627 16.867460,
 0.628052 0.819690 0.975942 1.033696 0.965845 0.801693 0.605139 0.655773 0.860608 1.025685 1.087312 1.018736 0.847802 0.639465 0.685256 0.916230 1.113543 1.194428 1.115937 0.915318 0.677846 0.696971 0.954306 1.194587 1.299168 1.194587 0.954306 0.696971 0.677846 0.915318 1.115937 1.194428 1.113543 0.916230 0.685256 0.639465 0.847802 1.018736 1.087312 1.025685 0.860608 0.655773 0.605139 0.801693 0.965845 1.033696 0.975942 0.819690 0.628052,
 8.482898 8.744816 9.030704 9.291642 9.492275 9.619909 9.679600 9.371045 10.033238 10.715144 11.189021 11.366105 11.300356 11.057784 10.696526 11.812132 12.927755 13.534072 13.391968 12.772295 11.978358 11.815680 13.027655 14.186623 14.716881 14.186623 13.027655 11.815678 11.978357 12.772296 13.391968 13.534071 12.927754 11.812131 10.696525 11.057784 11.300356 11.366103 11.189021 10.715145 10.033237 9.371045 9.679600 9.619910 9.492273 9.291642 9.030704 8.744815 8.482898,
 26.385954 27.640459 28.858253 29.167231 28.275412 26.847345 25.691128 28.858669 31.821575 34.932579 36.153656 34.452736 31.195290 28.417995 31.702919 36.787838 42.396397 44.909500 42.137802 36.472919 31.543333 33.008068 39.065094 45.961086 49.266674 45.961086 39.065094 33.008064 31.543337 36.472916 42.137802 44.909492 42.396397 36.787842 31.702919 28.417997 31.195286 34.452744 36.153656 34.932579 31.821573 28.858664 25.691132 26.847340 28.275412 29.167231 28.858253 27.640465 26.385950,
 9.733726 9.597528 9.323664 8.932054 8.486530 8.077692 7.780358 11.028607 11.321568 11.359394 11.045249 10.364713 9.488638 8.705479 11.789069 12.758302 13.494461 13.610090 12.826670 11.471521 10.157606 11.449973 12.886415 14.262998 14.889265 14.262998 12.886415 11.449973 10.157605 11.471521 12.826670 13.610090 13.494464 12.758302 11.789068 8.705478 9.488637 10.364712 11.045249 11.359395 11.321568 11.028608 7.780358 8.077693 8.486530 8.932055 9.323664 9.597526 9.733726,
 0.422727 0.582648 0.718732 0.773858 0.720403 0.582892 0.419356 0.445080 0.612353 0.750188 0.803565 0.746705 0.603173 0.431798 0.456956 0.645039 0.809095 0.876806 0.809680 0.641366 0.448210 0.457535 0.665697 0.859425 0.942621 0.859425 0.665697 0.457535 0.448210 0.641366 0.809680 0.876806 0.809095 0.645039 0.456956 0.431798 0.603173 0.746705 0.803565 0.750188 0.612353 0.445080 0.419356 0.582892 0.720403 0.773858 0.718732 0.582648 0.422727,
 3.169981 3.371527 3.592781 3.800752 3.970180 4.087745 4.131979 3.782318 4.244163 4.689991 4.999121 5.118518 5.060655 4.864721 4.572494 5.300192 5.985889 6.346611 6.259414 5.860157 5.325179 5.202197 5.979834 6.691353 7.007777 6.691353 5.979834 5.202197 5.325179 5.860158 6.259414 6.346612 5.985889 5.300192 4.572494 4.864721 5.060655 5.118518 4.999120 4.689991 4.244163 3.782318 4.131979 4.087744 3.970180 3.800752 3.592781 3.371527 3.169981,
 11.798820 12.351521 12.945339 13.234064 12.953961 12.300034 11.625048 13.047386 14.491739 16.217625 17.199261 16.611116 14.976330 13.307110 14.517091 17.136484 20.247444 21.932369 20.683668 17.681341 14.862081 15.358209 18.642519 22.409937 24.262835 22.409937 18.642517 15.358206 14.862081 17.681341 20.683668 21.932371 20.247444 17.136484 14.517088 13.307110 14.976330 16.611116 17.199261 16.217627 14.491737 13.047388 11.625051 12.300034 12.953959 13.234062 12.945339 12.351521 11.798820,
 5.016551 5.021385 4.889493 4.619687 4.291598 3.985260 3.734915 5.612360 5.843223 5.900933 5.730761 5.337208 4.792376 4.282825 5.897279 6.441615 6.883299 6.995870 6.567993 5.771038 5.018482 5.667913 6.446585 7.240769 7.616758 7.240769 6.446585 5.667914 5.018482 5.771038 6.567994 6.995870 6.883299 6.441613 5.897279 4.282824 4.792376 5.337208 5.730760 5.900933 5.843222 5.612360 3.734915 3.985261 4.291598 4.619687 4.889493 5.021385 5.016551,

Pairwise cross-correlations of the modulus of all oriented sub-bands at the same scale (size QxQ)
 1.424681 2.473258 3.872551 2.691289 2.473258 24.557333 37.257988 11.669657 3.872551 37.257988 87.136681 37.214024 2.691289 11.669657 37.214024 25.728670,
 1.299168 1.463142 2.054639 1.546469 1.463142 14.716881 21.172178 6.119740 2.054639 21.172178 49.266666 20.931658 1.546469 6.119740 20.931658 14.889262,

Cross-correlations of the modulus of all oriented sub-bands with all oriented sub-bands at the coarser scale (size QxQ)
 1.092860 1.671994 2.540103 1.791757 1.818719 11.917093 18.105442 6.911057 2.947637 18.242584 37.157135 18.112120 1.883372 6.701119 18.082214 12.467922,
 0.924790 1.039358 1.196663 1.057484 1.014442 5.500991 8.342909 3.619075 1.559270 8.652948 17.697596 9.327811 1.068652 3.280977 8.469909 6.249822,

Cross-correlations of the real part of each oriented sub-band with both the real and imaginary part of all phase-doubled oriented sub-bands at the next coarser scale (Q matrices of size 1x2Q, which are computed and stored in a matrix of size Qx2Q)
 0.274976 -0.204927 -0.361441 -0.365652 -0.007636 0.019721 0.019303 0.010461 -0.057477 -4.711608 -5.717176 -1.400932 0.005375 -0.013731 0.124641 0.050683 -0.420653 -6.828244 -14.666525 -8.273263 0.004996 -0.064495 0.645803 0.282941 -0.201654 -1.376321 -6.728815 -6.384401 -0.005850 -0.001004 0.413858 0.195966,
 0.290459 -0.048015 -0.111024 -0.099659 -0.030535 -0.002860 0.016591 0.042425 0.076988 -1.991088 -2.463134 -0.562218 -0.012805 -0.289671 -0.537153 -0.128815 -0.124002 -3.014955 -5.889241 -3.155594 -0.026539 -0.533725 -0.787133 -0.051386 0.004456 -0.593342 -2.425930 -2.324245 -0.037812 -0.141167 0.052229 0.257918,
