Low-band skewness and kurtosis
 -1.228672 3.903508,
 -0.964750 3.327686,
 -0.734145 2.848348,
 -0.273702 2.080309,

High-band variance
 104.570007,

Skewness, kurtosis, variance, mean, maximum and minimum of the reconstructed texture
 121.000000 255.000000 240.614853 526.009583 -1.502837 4.385815

Auto-correlations of the low-frequency bands at each scale
 92.154999 89.898064 89.468193 89.673126 89.585884 90.182854 93.146530 107.662209 89.929970 76.966988 72.814682 78.970039 94.177643 114.227104 234.996780 239.949448 244.803986 247.445831 246.217499 242.586029 237.648422 329.091949 361.886749 388.291351 398.848267 388.291351 361.886749 329.091888 237.648422 242.585983 246.217468 247.445831 244.803986 239.949448 234.996765 114.227104 94.177643 78.970039 72.814690 76.966965 89.929955 107.662201 93.146538 90.182861 89.585869 89.673111 89.468193 89.898056 92.154999,
 94.219780 90.936874 88.717834 86.661186 83.768005 81.851532 82.573524 99.152924 86.794464 77.664810 73.532555 74.486053 81.205498 92.183632 166.925995 169.105774 172.416611 174.896454 174.294632 171.976730 168.898346 222.956955 242.074402 257.712311 264.163544 257.712311 242.074402 222.956955 168.898346 171.976730 174.294617 174.896423 172.416611 169.105774 166.925995 92.183632 81.205482 74.486053 73.532547 77.664810 86.794472 99.152924 82.573532 81.851524 83.768005 86.661201 88.717834 90.936882 94.219765,
 91.080620 90.910492 91.471909 92.150795 91.989182 91.596901 91.654762 94.589958 87.182678 81.712074 79.373985 79.988899 83.723206 89.581314 135.394394 134.625931 134.156982 133.044632 130.150040 126.858994 124.183311 160.857407 171.414429 180.434875 184.273651 180.434875 171.414429 160.857407 124.183311 126.858978 130.150040 133.044632 134.156952 134.625931 135.394409 89.581314 83.723190 79.988899 79.373978 81.712074 87.182671 94.589958 91.654770 91.596893 91.989204 92.150795 91.471893 90.910507 91.080620,
 13.974631 18.703255 21.717697 22.907631 25.786991 31.317047 34.829380 18.782780 21.509630 22.548313 26.044622 32.467354 36.232254 33.738590 21.554914 22.525442 26.339806 33.707451 37.620312 34.012737 27.662739 23.097385 26.831570 34.176281 38.379440 34.176281 26.831573 23.097383 27.662739 34.012733 37.620312 33.707451 26.339806 22.525448 21.554916 33.738594 36.232246 32.467354 26.044622 22.548313 21.509632 18.782780 34.829380 31.317041 25.786989 22.907627 21.717691 18.703257 13.974628,

Auto-correlations of the modulus of each oriented sub-band
 0.605135 0.713061 0.796631 0.831159 0.804989 0.726432 0.618707 0.660794 0.783954 0.881152 0.922056 0.891785 0.800477 0.678521 0.741752 0.901198 1.022072 1.068025 1.025109 0.907947 0.752099 0.774924 0.977027 1.162555 1.242742 1.162554 0.977027 0.774924 0.752099 0.907947 1.025109 1.068025 1.022072 0.901198 0.741752 0.678521 0.800477 0.891785 0.922056 0.881152 0.783954 0.660794 0.618707 0.726432 0.804989 0.831158 0.796631 0.713061 0.605135,
 10.170092 10.560034 11.130727 11.690275 12.047901 12.235626 12.349874 11.954895 12.938543 14.122042 14.994563 15.183096 14.921151 14.540934 14.304750 15.904762 17.715879 18.778440 18.423130 17.285885 16.129652 16.062414 17.785248 19.670137 20.606379 19.670137 17.785248 16.062412 16.129652 17.285883 18.423130 18.778439 17.715879 15.904761 14.304749 14.540934 14.921150 15.183095 14.994561 14.122041 12.938543 11.954893 12.349875 12.235626 12.047901 11.690275 11.130726 10.560034 10.170092,
 45.470261 46.583191 47.759438 48.300224 47.684921 46.200409 44.438248 53.104424 56.828445 60.627655 62.317310 60.524654 56.452812 52.160957 60.875145 67.886368 75.111115 78.386246 75.028404 67.641907 60.300072 64.121658 72.831665 81.851311 86.055260 81.851311 72.831665 64.121658 60.300072 67.641907 75.028419 78.386253 75.111115 67.886368 60.875141 52.160950 56.452816 60.524662 62.317310 60.627655 56.828449 53.104427 44.438244 46.200413 47.684921 48.300217 47.759438 46.583183 45.470261,
 11.728360 11.514145 11.253855 10.855021 10.258093 9.630219 9.140645 13.875693 14.128055 14.349784 14.176710 13.316909 12.149728 11.199119 15.390001 16.345743 17.431715 17.821144 16.789183 15.055329 13.626685 15.335976 16.817541 18.613630 19.548170 18.613630 16.817541 15.335976 13.626685 15.055329 16.789181 17.821144 17.431719 16.345745 15.390003 11.199119 12.149727 13.316909 14.176707 14.349784 14.128055 13.875691 9.140646 9.630219 10.258093 10.855022 11.253855 11.514145 11.728360,
 0.578430 0.775622 0.939915 1.005437 0.942072 0.777903 0.577691 0.601079 0.812512 0.990181 1.064534 1.002050 0.829814 0.616799 0.637040 0.877618 1.085118 1.171203 1.093390 0.891074 0.650783 0.661080 0.923642 1.159934 1.259168 1.159934 0.923642 0.661080 0.650783 0.891074 1.093390 1.171203 1.085118 0.877618 0.637040 0.616799 0.829814 1.002050 1.064534 0.990181 0.812512 0.601078 0.577691 0.777903 0.942072 1.005437 0.939915 0.775622 0.578429,
 6.770852 7.047606 7.316164 7.535007 7.647807 7.631484 7.530594 7.502008 8.139187 8.744631 9.092101 9.120162 8.903416 8.535277 8.508484 9.531171 10.544322 11.028642 10.765583 10.082047 9.287868 9.284591 10.393253 11.489606 12.005287 11.489606 10.393253 9.284590 9.287869 10.082046 10.765582 11.028641 10.544321 9.531171 8.508484 8.535278 8.903416 9.120161 9.092101 8.744631 8.139187 7.502007 7.530595 7.631484 7.647806 7.535007 7.316164 7.047606 6.770852,
 23.249941 24.332186 25.387674 25.923571 25.649693 24.830839 23.908215 27.269373 29.905390 32.382362 33.437260 32.387882 29.930988 27.308220 31.425564 36.078499 40.532681 42.426552 40.415623 35.871922 31.149323 33.087475 38.788887 44.352100 46.826962 44.352100 38.788887 33.087475 31.149324 35.871922 40.415627 42.426556 40.532673 36.078499 31.425568 27.308222 29.930992 32.387882 33.437260 32.382362 29.905390 27.269375 23.908215 24.830839 25.649694 25.923574 25.387674 24.332190 23.249943,
 5.233059 5.232535 5.196870 5.108108 4.964170 4.785067 4.607337 6.432094 6.678463 6.845813 6.852658 6.595413 6.115317 5.608512 7.450237 8.093276 8.694920 8.959479 8.564601 7.693552 6.817108 7.618693 8.570569 9.545889 10.013096 9.545890 8.570569 7.618693 6.817107 7.693552 8.564601 8.959479 8.694921 8.093276 7.450238 5.608513 6.115317 6.595412 6.852658 6.845813 6.678463 6.432095 4.607337 4.785067 4.964170 5.108107 5.196871 5.232535 5.233059,
 0.352446 0.499156 0.620494 0.663740 0.607533 0.479678 0.333311 0.366067 0.523465 0.652175 0.696971 0.637223 0.501909 0.347889 0.372909 0.550759 0.705366 0.764694 0.695951 0.537941 0.364061 0.374188 0.565707 0.744586 0.821167 0.744586 0.565706 0.374188 0.364061 0.537941 0.695951 0.764694 0.705366 0.550759 0.372909 0.347889 0.501909 0.637223 0.696971 0.652175 0.523465 0.366067 0.333311 0.479678 0.607534 0.663740 0.620493 0.499156 0.352446,
 2.907328 3.123386 3.285378 3.368252 3.355231 3.225143 3.011248 3.219095 3.651254 4.019644 4.176507 4.091063 3.816796 3.447660 3.585813 4.255005 4.893831 5.154703 4.908955 4.368340 3.781223 3.829538 4.567202 5.311579 5.655166 5.311579 4.567201 3.829538 3.781223 4.368340 4.908955 5.154703 4.893831 4.255004 3.585813 3.447660 3.816796 4.091062 4.176507 4.019643 3.651254 3.219095 3.011248 3.225143 3.355231 3.368252 3.285378 3.123386 2.907327,
 11.521150 12.211384 12.894485 13.199187 12.888585 12.169107 11.389595 13.836999 15.516815 17.232498 18.071035 17.453987 15.826732 14.057856 16.219860 19.077639 22.020407 23.438545 22.283995 19.421673 16.464128 17.352869 20.823429 24.357225 25.970486 24.357225 20.823431 17.352869 16.464128 19.421673 22.283995 23.438541 22.020405 19.077642 16.219862 14.057853 15.826731 17.453985 18.071035 17.232498 15.516814 13.836999 11.389596 12.169107 12.888583 13.199186 12.894486 12.211384 11.521148,
 2.807624 2.922489 2.957565 2.894188 2.747882 2.548229 2.345610 3.546840 3.853123 4.070613 4.109230 3.902106 3.494834 3.064510 4.132830 4.704082 5.216271 5.434428 5.139585 4.480693 3.807046 4.246520 4.989974 5.721725 6.061864 5.721725 4.989974 4.246520 3.807045 4.480693 5.139585 5.434429 5.216271 4.704082 4.132830 3.064509 3.494834 3.902106 4.109230 4.070613 3.853124 3.546839 2.345610 2.548228 2.747882 2.894188 2.957565 2.922489 2.807624,

Pairwise cross-correlations of the modulus of all oriented sub-bands at the same scale (size QxQ)
 1.242742 1.909994 2.881713 1.903080 1.909994 20.606375 35.013638 10.933326 2.881713 35.013638 86.055252 33.766598 1.903080 10.933326 33.766598 19.548164,
 1.259168 1.160922 1.506448 1.129951 1.160922 12.005289 19.490597 5.397493 1.506448 19.490597 46.826954 17.328350 1.129951 5.397493 17.328350 10.013095,

Cross-correlations of the modulus of all oriented sub-bands with all oriented sub-bands at the coarser scale (size QxQ)
 1.026181 1.260354 1.723541 1.207356 1.416173 9.367777 15.213902 5.241058 2.241643 16.115997 33.864552 13.982969 1.389069 5.908035 14.707556 8.029928,
 0.860367 0.891391 0.778297 0.732591 0.890591 4.459675 7.796265 3.044513 1.328125 7.687131 17.856443 8.015603 0.856987 2.966784 7.796328 4.337826,

Cross-correlations of the real part of each oriented sub-band with both the real and imaginary part of all phase-doubled oriented sub-bands at the next coarser scale (Q matrices of size 1x2Q, which are computed and stored in a matrix of size Qx2Q)
 0.298010 -0.176484 -0.213476 -0.138492 0.013996 0.008117 -0.005783 -0.027013 -0.009760 -5.397046 -7.423401 -1.813933 0.005396 -0.045750 -0.188411 -0.150269 -0.209839 -8.548498 -18.034267 -7.370312 0.003658 -0.261625 -1.163093 -0.822660 -0.006596 -1.872630 -6.796309 -4.274632 0.010618 -0.130989 -0.693003 -0.531230,
 0.314129 -0.008663 -0.057696 -0.060973 0.006550 0.005369 -0.006946 -0.003165 0.090159 -1.106802 -1.381092 -0.588371 -0.000296 -0.443693 -0.955094 -0.220488 -0.076594 -1.738380 -4.388838 -2.936373 0.000012 -1.012294 -2.623915 -0.839904 0.064613 -0.391219 -2.116522 -1.928254 0.007397 -0.292009 -0.978592 -0.425259,
