Low-band skewness and kurtosis
 -1.225693 3.918792,
 -0.932334 3.228405,
 -0.648294 2.521110,
 -0.520498 2.457098,

High-band variance
 105.466255,

Skewness, kurtosis, variance, mean, maximum and minimum of the reconstructed texture
 135.000000 255.000000 240.622650 523.177429 -1.501056 4.366077

Auto-correlations of the low-frequency bands at each scale
 77.818863 74.833344 74.428772 75.171303 76.037888 77.712357 81.214592 96.206299 78.012764 64.952835 60.582035 65.915474 79.799110 98.696915 227.692535 234.013153 239.092499 241.550827 240.086929 236.594711 233.089264 328.361145 360.283203 385.638275 395.715393 385.638214 360.283234 328.361145 233.089294 236.594742 240.086929 241.550827 239.092499 234.013153 227.692551 98.696899 79.799103 65.915482 60.582027 64.952843 78.012749 96.206291 81.214607 77.712357 76.037888 75.171303 74.428772 74.833328 77.818848,
 86.661987 85.693382 86.386482 87.153122 86.449371 85.662086 86.203438 85.324394 74.186302 67.286049 65.824471 69.254799 77.951469 90.617355 155.237350 158.750198 162.502960 165.225616 165.222244 164.308899 163.936386 216.609741 235.742432 251.022964 257.267456 251.022964 235.742447 216.609711 163.936386 164.308899 165.222244 165.225616 162.502960 158.750198 155.237320 90.617355 77.951477 69.254799 65.824471 67.286057 74.186302 85.324387 86.203445 85.662086 86.449371 87.153122 86.386482 85.693382 86.662003,
 95.504822 94.924545 95.362190 95.847404 95.285255 94.558220 94.405678 89.291458 83.009148 79.147758 78.252464 79.788620 84.256203 91.031464 119.861198 122.420799 125.325157 127.604424 127.977104 127.766853 127.994537 153.085892 163.487427 172.035706 175.629837 172.035706 163.487396 153.085892 127.994537 127.766823 127.977104 127.604424 125.325157 122.420822 119.861198 91.031456 84.256187 79.788620 78.252464 79.147758 83.009148 89.291451 94.405693 94.558212 95.285255 95.847404 95.362183 94.924553 95.504814,
 12.520091 16.042454 17.641699 19.465284 23.857542 28.933764 30.156513 15.934786 17.347528 18.904736 23.648252 29.594034 31.458530 27.915453 17.415930 18.632931 23.243431 30.153698 32.796581 28.784868 22.904089 18.957319 22.865263 29.749302 33.541344 29.749306 22.865261 18.957319 22.904089 28.784872 32.796581 30.153694 23.243435 18.632931 17.415932 27.915453 31.458534 29.594030 23.648252 18.904736 17.347528 15.934789 30.156517 28.933769 23.857538 19.465284 17.641701 16.042454 12.520089,

Auto-correlations of the modulus of each oriented sub-band
 0.600270 0.709161 0.789868 0.820453 0.790505 0.708940 0.600443 0.660560 0.782750 0.876999 0.910928 0.872355 0.776900 0.655788 0.738008 0.892183 1.007989 1.055483 1.018665 0.905130 0.746903 0.773013 0.969800 1.149355 1.226892 1.149355 0.969800 0.773013 0.746903 0.905130 1.018665 1.055483 1.007989 0.892183 0.738008 0.655788 0.776900 0.872355 0.910928 0.876999 0.782750 0.660560 0.600443 0.708940 0.790505 0.820453 0.789868 0.709161 0.600270,
 7.843661 8.312112 8.959005 9.595448 10.038210 10.329115 10.569300 10.052246 11.005314 12.183808 13.077500 13.329932 13.203444 13.027329 12.744072 14.171001 15.881014 16.919130 16.616194 15.646881 14.772368 14.696167 16.140001 17.856604 18.743681 17.856604 16.140001 14.696167 14.772367 15.646881 16.616192 16.919130 15.881011 14.171003 12.744072 13.027328 13.203442 13.329932 13.077500 12.183808 11.005313 10.052244 10.569303 10.329115 10.038211 9.595448 8.959005 8.312111 7.843660,
 40.390049 42.030922 43.571552 44.296207 43.889374 42.782784 41.613831 48.798138 53.023224 57.116322 58.969662 57.489216 53.913094 50.256561 57.499916 64.882904 72.239326 75.564529 72.509697 65.521500 58.539738 61.715866 70.498314 79.399803 83.455025 79.399803 70.498314 61.715866 58.539738 65.521492 72.509697 75.564529 72.239326 64.882904 57.499912 50.256561 53.913082 57.489216 58.969658 57.116322 53.023228 48.798138 41.613838 42.782772 43.889378 44.296204 43.571552 42.030930 40.390049,
 10.965119 10.855282 10.691873 10.373696 9.861548 9.315200 8.902000 13.184656 13.551669 13.833585 13.694111 12.890941 11.751476 10.772006 14.765664 15.913383 17.070789 17.460257 16.452761 14.672417 13.075827 14.738054 16.460377 18.344454 19.269304 18.344454 16.460379 14.738054 13.075827 14.672417 16.452759 17.460257 17.070787 15.913386 14.765664 10.772007 11.751475 12.890942 13.694111 13.833582 13.551668 13.184656 8.902002 9.315200 9.861548 10.373696 10.691872 10.855284 10.965119,
 0.553774 0.750584 0.912775 0.977280 0.915752 0.757002 0.563763 0.585893 0.794715 0.966265 1.034146 0.969401 0.801795 0.596917 0.627347 0.861696 1.060594 1.141063 1.063606 0.866689 0.633028 0.648733 0.902825 1.129441 1.224539 1.129441 0.902825 0.648733 0.633028 0.866689 1.063605 1.141063 1.060594 0.861696 0.627347 0.596917 0.801795 0.969401 1.034146 0.966265 0.794715 0.585893 0.563763 0.757002 0.915752 0.977280 0.912775 0.750584 0.553774,
 4.046972 4.370193 4.724503 5.059793 5.323790 5.508740 5.631239 5.252904 5.889884 6.521576 6.963333 7.148579 7.144435 7.016065 6.817957 7.773360 8.713202 9.202180 9.064434 8.596427 8.038007 7.983288 8.928432 9.868938 10.317826 9.868938 8.928432 7.983289 8.038007 8.596427 9.064434 9.202180 8.713202 7.773360 6.817958 7.016065 7.144435 7.148579 6.963333 6.521576 5.889884 5.252905 5.631239 5.508740 5.323789 5.059793 4.724503 4.370193 4.046972,
 19.817297 20.972595 21.992477 22.432985 22.064676 21.154072 20.169565 23.688200 26.606670 29.250427 30.335936 29.242468 26.707220 24.017601 27.926411 32.998768 37.764599 39.783707 37.755482 33.091320 28.212481 29.986305 36.026192 41.845020 44.404171 41.845020 36.026192 29.986305 28.212481 33.091320 37.755474 39.783707 37.764599 32.998764 27.926411 24.017607 26.707220 29.242472 30.335934 29.250427 26.606672 23.688200 20.169565 21.154072 22.064680 22.432985 21.992474 20.972595 19.817297,
 5.565215 5.617491 5.587281 5.438418 5.181378 4.876678 4.596860 6.640313 6.980371 7.165361 7.100220 6.715749 6.096927 5.464214 7.431969 8.205664 8.868150 9.112526 8.628204 7.630915 6.609158 7.434248 8.535372 9.618533 10.128036 9.618533 8.535372 7.434248 6.609158 7.630915 8.628205 9.112526 8.868151 8.205664 7.431969 5.464214 6.096927 6.715749 7.100220 7.165362 6.980371 6.640313 4.596860 4.876678 5.181378 5.438418 5.587281 5.617491 5.565215,
 0.342547 0.504765 0.641188 0.693458 0.635661 0.496881 0.336069 0.354878 0.523508 0.666459 0.722591 0.664461 0.521855 0.355573 0.369558 0.549970 0.709343 0.775639 0.711984 0.553442 0.372429 0.378083 0.568832 0.743542 0.817543 0.743542 0.568832 0.378083 0.372429 0.553442 0.711984 0.775639 0.709343 0.549970 0.369558 0.355573 0.521855 0.664461 0.722591 0.666459 0.523508 0.354879 0.336069 0.496881 0.635661 0.693458 0.641188 0.504765 0.342547,
 1.676228 1.820153 1.970366 2.088991 2.135606 2.132545 2.101659 2.195949 2.541023 2.852586 3.035084 3.055423 2.930975 2.733222 2.829031 3.392444 3.927680 4.159163 4.015143 3.662882 3.238532 3.278371 3.872882 4.455503 4.733094 4.455503 3.872882 3.278371 3.238532 3.662881 4.015143 4.159163 3.927680 3.392444 2.829031 2.733222 2.930975 3.055422 3.035084 2.852586 2.541023 2.195949 2.101659 2.132545 2.135605 2.088991 1.970366 1.820153 1.676228,
 8.585626 9.278569 9.880883 10.123423 9.887348 9.337995 8.733349 10.311965 11.918645 13.439198 14.157373 13.672058 12.324235 10.796405 12.171278 14.866493 17.488104 18.726355 17.776644 15.311426 12.644572 13.210207 16.420595 19.531734 20.914597 19.531734 16.420595 13.210206 12.644574 15.311429 17.776646 18.726355 17.488104 14.866490 12.171278 10.796405 12.324236 13.672058 14.157373 13.439198 11.918642 10.311963 8.733350 9.337995 9.887346 10.123423 9.880884 9.278569 8.585625,
 2.546536 2.629985 2.668746 2.604640 2.445527 2.268700 2.091369 2.983014 3.263850 3.436022 3.428637 3.252891 2.927635 2.544440 3.295656 3.798507 4.214857 4.401834 4.175856 3.604283 3.001318 3.303617 3.949550 4.586979 4.896997 4.586979 3.949550 3.303617 3.001318 3.604283 4.175856 4.401834 4.214857 3.798506 3.295656 2.544440 2.927635 3.252891 3.428637 3.436021 3.263850 2.983014 2.091369 2.268700 2.445527 2.604640 2.668746 2.629985 2.546536,

Pairwise cross-correlations of the modulus of all oriented sub-bands at the same scale (size QxQ)
 1.226891 1.789172 2.715299 1.769804 1.789172 18.743683 32.630844 10.244565 2.715299 32.630844 83.454994 33.284317 1.769804 10.244565 33.284317 19.269299,
 1.224539 0.957878 1.274935 0.970085 0.957878 10.317827 17.277613 4.639352 1.274935 17.277613 44.404171 16.967035 0.970085 4.639352 16.967035 10.128035,

Cross-correlations of the modulus of all oriented sub-bands with all oriented sub-bands at the coarser scale (size QxQ)
 1.011212 1.125461 1.542712 1.039853 1.318031 7.898435 13.425368 4.864457 2.183346 13.537117 30.741259 13.742283 1.350851 5.032506 13.641848 7.812462,
 0.848623 0.499452 0.586990 0.500814 0.760952 3.412690 5.491951 1.789297 1.156090 5.837031 13.088490 5.545760 0.757986 1.924514 5.735148 3.327550,

Cross-correlations of the real part of each oriented sub-band with both the real and imaginary part of all phase-doubled oriented sub-bands at the next coarser scale (Q matrices of size 1x2Q, which are computed and stored in a matrix of size Qx2Q)
 0.317805 -0.162958 -0.234680 -0.119427 -0.009562 0.009583 0.004426 -0.010199 -0.012045 -5.830429 -8.588690 -2.001354 -0.005475 -0.149176 -0.323181 -0.108663 -0.200191 -9.590008 -20.505827 -8.266945 -0.002350 -0.375116 -1.061043 -0.451459 0.030614 -2.125062 -7.582215 -4.809648 -0.002353 -0.105509 -0.459395 -0.262847,
 0.287491 -0.056349 -0.112299 -0.037545 -0.020009 0.016158 -0.004017 0.002122 0.048476 -2.861463 -4.189501 -0.828014 0.000426 0.111816 -0.081192 0.007709 -0.085342 -4.521448 -9.441693 -3.466416 0.003868 0.149056 -0.346047 -0.065741 0.075437 -0.903327 -3.313488 -2.073865 -0.011392 0.018082 -0.175277 -0.083820,
