Low-band skewness and kurtosis
 -1.301952 4.188901,
 -1.080340 3.824013,
 -0.915777 3.541740,
 -0.672537 2.584327,

High-band variance
 102.806396,

Skewness, kurtosis, variance, mean, maximum and minimum of the reconstructed texture
 111.000000 255.000000 240.588211 541.141235 -1.552724 4.585452

Auto-correlations of the low-frequency bands at each scale
 107.314232 102.718567 100.484970 99.471321 99.139534 100.849815 106.333237 134.477951 110.737503 92.861992 86.524895 93.770981 112.532776 136.871826 250.469818 256.641388 262.432404 265.608521 263.854706 258.296997 250.210846 328.883606 370.223083 403.450104 416.673950 403.450104 370.223145 328.883575 250.210846 258.296967 263.854706 265.608521 262.432373 256.641388 250.469818 136.871826 112.532768 93.770981 86.524879 92.861992 110.737511 134.477905 106.333260 100.849815 99.139557 99.471321 100.484970 102.718567 107.314224,
 96.863724 95.673576 96.817955 98.715965 100.018158 102.409401 107.386604 114.103745 99.833214 89.879440 86.806206 90.800682 101.947411 117.654335 182.337219 185.397263 188.511673 190.096115 188.067642 183.966095 179.055252 226.471909 251.617630 271.823456 279.989471 271.823456 251.617630 226.471909 179.055283 183.966095 188.067642 190.096115 188.511642 185.397263 182.337219 117.654335 101.947426 90.800659 86.806213 89.879425 99.833214 114.103760 107.386589 102.409409 100.018143 98.715965 96.817955 95.673569 96.863731,
 112.541359 109.853813 107.742981 105.739632 103.430794 102.180626 103.063690 109.440948 100.446609 94.506310 93.113281 96.099815 103.293503 112.837875 137.627518 140.366013 144.144165 147.562897 148.786331 148.545563 147.365891 165.851349 180.734604 193.044708 198.124847 193.044708 180.734604 165.851349 147.365891 148.545563 148.786331 147.562897 144.144196 140.365997 137.627518 112.837868 103.293510 96.099815 93.113274 94.506310 100.446602 109.440956 103.063683 102.180634 103.430794 105.739632 107.742981 109.853798 112.541344,
 15.127075 18.060061 19.449062 21.469973 26.557791 33.144966 36.514603 17.592085 18.653425 20.710152 26.731100 34.624763 38.538994 36.063202 18.307587 20.673325 27.230810 36.254852 40.468468 36.679771 29.212965 21.542202 28.049059 36.944698 41.478569 36.944702 28.049059 21.542196 29.212973 36.679771 40.468456 36.254852 27.230816 20.673326 18.307583 36.063210 38.538994 34.624763 26.731100 20.710163 18.653425 17.592083 36.514603 33.144966 26.557781 21.469973 19.449066 18.060064 15.127072,

Auto-correlations of the modulus of each oriented sub-band
 0.677987 0.788063 0.870964 0.901694 0.870210 0.788918 0.682657 0.739910 0.862288 0.957676 0.995217 0.961165 0.867470 0.744989 0.832454 0.997311 1.117343 1.158038 1.111070 0.991033 0.830592 0.863627 1.075464 1.281263 1.374223 1.281263 1.075464 0.863627 0.830593 0.991033 1.111070 1.158038 1.117343 0.997311 0.832454 0.744989 0.867470 0.961166 0.995217 0.957676 0.862288 0.739910 0.682657 0.788918 0.870210 0.901694 0.870964 0.788063 0.677987,
 12.228703 12.823490 13.624621 14.410498 14.948906 15.287660 15.542727 14.482744 15.641992 17.065104 18.172319 18.504101 18.329428 18.024382 17.185984 18.921177 20.959427 22.223913 21.905945 20.735849 19.573658 19.249710 21.051012 23.089401 24.128262 23.089399 21.051012 19.249710 19.573662 20.735849 21.905947 22.223911 20.959427 18.921179 17.185984 18.024382 18.329426 18.504105 18.172316 17.065102 15.641991 14.482743 15.542728 15.287659 14.948909 14.410496 13.624621 12.823490 12.228702,
 43.068943 44.607113 46.259289 47.084038 46.386063 44.693638 42.993904 50.460239 54.413151 58.711590 60.718155 58.611546 54.024502 49.683811 57.372562 64.476501 72.330597 76.033463 72.151825 64.012558 56.582596 59.950947 68.728325 78.525848 83.283676 78.525848 68.728325 59.950947 56.582600 64.012566 72.151825 76.033463 72.330589 64.476494 57.372555 49.683823 54.024502 58.611546 60.718151 58.711578 54.413143 50.460236 42.993912 44.693642 46.386055 47.084038 46.259289 44.607101 43.068928,
 13.194719 12.949555 12.619007 12.144418 11.481901 10.803442 10.300841 15.683041 15.918463 16.033604 15.709933 14.688517 13.379158 12.334917 17.333616 18.374094 19.423738 19.690248 18.486448 16.577442 14.982289 17.062105 18.719259 20.616735 21.587837 20.616735 18.719259 17.062105 14.982289 16.577442 18.486446 19.690247 19.423738 18.374094 17.333616 12.334917 13.379158 14.688516 15.709936 16.033604 15.918461 15.683041 10.300842 10.803442 11.481900 12.144418 12.619007 12.949557 13.194719,
 0.558069 0.753989 0.919609 0.989788 0.932376 0.773772 0.577940 0.597123 0.811229 0.990464 1.064747 1.001727 0.829527 0.616226 0.644196 0.893091 1.106007 1.192251 1.109852 0.901367 0.654965 0.669432 0.942662 1.189870 1.294593 1.189870 0.942662 0.669432 0.654964 0.901367 1.109852 1.192251 1.106007 0.893091 0.644196 0.616226 0.829527 1.001727 1.064747 0.990464 0.811229 0.597123 0.577940 0.773772 0.932376 0.989788 0.919609 0.753989 0.558069,
 6.192266 6.490166 6.832058 7.163936 7.431448 7.613296 7.717881 7.269857 7.997653 8.743904 9.271805 9.480224 9.425030 9.203328 8.762843 9.924273 11.088956 11.718908 11.570601 10.940873 10.160701 9.971869 11.184714 12.368768 12.918867 12.368768 11.184714 9.971869 10.160701 10.940874 11.570601 11.718908 11.088957 9.924272 8.762842 9.203328 9.425029 9.480223 9.271804 8.743904 7.997653 7.269856 7.717884 7.613296 7.431448 7.163936 6.832058 6.490166 6.192265,
 22.156326 22.869745 23.922476 24.649170 24.475122 23.613094 22.614164 24.818104 27.272783 30.169853 31.802286 30.908154 28.217020 25.372076 27.838383 32.599129 37.860867 40.516632 38.412514 33.254482 28.179270 29.311819 35.333076 41.783997 44.794510 41.783997 35.333076 29.311819 28.179276 33.254482 38.412510 40.516632 37.860867 32.599133 27.838379 25.372072 28.217022 30.908154 31.802290 30.169853 27.272787 24.818104 22.614164 23.613094 24.475122 24.649172 23.922472 22.869745 22.156326,
 7.473738 7.356853 7.158291 6.904904 6.628297 6.366982 6.161897 8.787636 8.967976 8.984657 8.783303 8.326725 7.702767 7.118910 9.719963 10.410144 10.959439 11.086970 10.528194 9.501717 8.489510 9.606685 10.695435 11.759249 12.253098 11.759250 10.695435 9.606686 8.489509 9.501717 10.528194 11.086968 10.959441 10.410143 9.719964 7.118909 7.702767 8.326724 8.783303 8.984658 8.967976 8.787638 6.161897 6.366981 6.628297 6.904904 7.158292 7.356852 7.473738,
 0.345062 0.490364 0.612915 0.659720 0.608103 0.484345 0.342064 0.353876 0.509921 0.641528 0.692920 0.641674 0.514089 0.364412 0.372687 0.554985 0.717630 0.783206 0.717139 0.559988 0.384162 0.387117 0.585555 0.774669 0.857198 0.774669 0.585555 0.387117 0.384162 0.559988 0.717139 0.783206 0.717630 0.554985 0.372687 0.364412 0.514089 0.641674 0.692920 0.641528 0.509921 0.353876 0.342064 0.484345 0.608103 0.659720 0.612915 0.490364 0.345062,
 4.391979 4.577777 4.736610 4.850703 4.925293 4.950977 4.939069 5.011623 5.497983 5.939082 6.183072 6.218141 6.113623 5.926805 5.864753 6.647364 7.390220 7.743876 7.587059 7.133392 6.598592 6.550971 7.370859 8.151191 8.503782 8.151191 7.370859 6.550971 6.598592 7.133394 7.587060 7.743876 7.390220 6.647363 5.864753 5.926805 6.113624 6.218141 6.183072 5.939082 5.497983 5.011623 4.939069 4.950977 4.925292 4.850703 4.736610 4.577777 4.391979,
 10.905704 11.766793 12.547288 12.813042 12.341427 11.437800 10.587191 12.957626 15.222763 17.213310 17.765738 16.428366 14.153867 12.231916 14.593527 18.390884 22.056963 23.376593 21.265848 17.361292 13.938336 14.960030 19.288254 23.899336 26.037973 23.899336 19.288254 14.960030 13.938337 17.361292 21.265846 23.376595 22.056963 18.390881 14.593525 12.231918 14.153866 16.428364 17.765738 17.213310 15.222763 12.957625 10.587191 11.437800 12.341427 12.813041 12.547288 11.766793 10.905704,
 2.764277 2.782847 2.727518 2.597328 2.399997 2.153977 1.906198 3.539775 3.799567 3.920854 3.834741 3.504548 3.004229 2.503312 4.075436 4.675755 5.158801 5.296340 4.900422 4.133889 3.350198 3.999991 4.847113 5.658148 6.025522 5.658148 4.847113 3.999991 3.350198 4.133889 4.900422 5.296340 5.158801 4.675755 4.075437 2.503312 3.004229 3.504548 3.834741 3.920854 3.799567 3.539775 1.906198 2.153977 2.399997 2.597328 2.727518 2.782847 2.764277,

Pairwise cross-correlations of the modulus of all oriented sub-bands at the same scale (size QxQ)
 1.374223 2.390164 3.513816 2.214200 2.390164 24.128262 35.906563 10.728338 3.513816 35.906563 83.283653 33.803089 2.214200 10.728338 33.803089 21.587835,
 1.294594 1.307714 1.700389 1.262225 1.307714 12.918868 18.446106 5.186324 1.700389 18.446106 44.794514 18.486017 1.262225 5.186324 18.486017 12.253100,

Cross-correlations of the modulus of all oriented sub-bands with all oriented sub-bands at the coarser scale (size QxQ)
 1.072283 1.472835 2.052158 1.394803 1.711297 10.687977 15.614384 5.698267 2.661313 15.540916 31.197042 14.713614 1.591148 5.426178 14.317945 9.308213,
 0.886057 1.030899 1.081249 0.841883 1.041118 6.367884 8.539784 2.850462 1.479288 9.603199 16.797457 7.079109 0.943506 3.659057 7.794221 4.568882,

Cross-correlations of the real part of each oriented sub-band with both the real and imaginary part of all phase-doubled oriented sub-bands at the next coarser scale (Q matrices of size 1x2Q, which are computed and stored in a matrix of size Qx2Q)
 0.303827 -0.209395 -0.286272 -0.210017 -0.001478 -0.007879 -0.020148 -0.025198 -0.049669 -5.362396 -6.812382 -1.737662 0.004613 -0.070156 -0.134018 -0.073519 -0.291189 -8.179498 -17.667692 -8.714247 0.017507 -0.156758 -0.709140 -0.509609 -0.046032 -1.751484 -7.573428 -5.758761 0.012972 -0.071107 -0.471168 -0.395670,
 0.307637 -0.135068 -0.154696 -0.064230 -0.005569 0.044329 -0.010563 -0.029907 0.012726 -2.900956 -3.172687 -0.444587 0.012868 0.209647 0.410627 0.117853 -0.146735 -3.801255 -6.191860 -2.643604 0.019444 0.221822 1.078269 0.273863 0.064912 -0.585748 -2.166968 -1.988637 0.009388 0.061769 0.287540 -0.023341,
