Low-band skewness and kurtosis
 -1.255560 3.939176,
 -0.997168 3.337548,
 -0.673207 2.628226,
 -0.370966 2.157714,

High-band variance
 99.502892,

Skewness, kurtosis, variance, mean, maximum and minimum of the reconstructed texture
 126.000000 255.000000 240.642441 530.242676 -1.513951 4.397125

Auto-correlations of the low-frequency bands at each scale
 88.149307 84.060448 82.300102 81.719887 81.222084 81.626740 84.482712 107.794701 88.555649 74.010002 68.236320 72.643471 86.256821 105.368034 238.552383 244.790268 250.234314 252.916183 251.555420 248.126740 244.072296 339.864075 372.606323 398.808105 409.251038 398.808105 372.606323 339.864075 244.072296 248.126740 251.555405 252.916183 250.234314 244.790268 238.552338 105.368034 86.256828 72.643478 68.236313 74.009987 88.555626 107.794678 84.482704 81.626740 81.222092 81.719887 82.300095 84.060448 88.149292,
 95.965431 93.773087 93.571815 93.928879 93.327415 93.095810 94.558723 94.830414 82.749153 74.452522 71.484642 73.698944 81.669685 93.985687 167.763550 170.308258 172.848511 174.032806 172.454926 170.151978 168.458786 227.654022 247.031982 262.623840 268.996613 262.623840 247.031982 227.654022 168.458755 170.151978 172.454895 174.032806 172.848541 170.308273 167.763535 93.985680 81.669678 73.698944 71.484657 74.452515 82.749161 94.830414 94.558723 93.095818 93.327400 93.928879 93.571815 93.773087 95.965454,
 95.460960 95.555290 96.610489 97.650757 97.551582 97.063980 96.941513 101.587067 95.763847 91.585342 89.854759 90.411591 93.789276 99.246811 135.290085 135.897507 136.663147 136.828384 135.565430 134.362564 133.990372 161.325302 170.401337 178.189407 181.535294 178.189423 170.401321 161.325302 133.990372 134.362564 135.565414 136.828384 136.663147 135.897507 135.290085 99.246811 93.789253 90.411575 89.854759 91.585342 95.763855 101.587044 96.941513 97.063980 97.551582 97.650757 96.610512 95.555290 95.460945,
 13.336691 17.448261 20.665133 24.064484 30.379076 38.538055 42.499321 17.354361 20.235355 23.637995 30.629208 39.650326 43.982868 40.296818 20.225489 23.707792 30.987663 40.818115 45.411652 40.844009 32.202751 24.416046 31.480438 41.187534 46.165859 41.187534 31.480438 24.416046 32.202751 40.844009 45.411659 40.818115 30.987661 23.707792 20.225487 40.296822 43.982872 39.650322 30.629204 23.637997 20.235361 17.354364 42.499321 38.538063 30.379076 24.064487 20.665133 17.448263 13.336687,

Auto-correlations of the modulus of each oriented sub-band
 0.633851 0.746990 0.833355 0.869037 0.842654 0.762396 0.651266 0.696484 0.822446 0.918594 0.954875 0.919791 0.826083 0.702450 0.779139 0.940600 1.060915 1.107743 1.067572 0.950292 0.788682 0.814583 1.019366 1.206097 1.286988 1.206097 1.019366 0.814583 0.788683 0.950291 1.067572 1.107743 1.060915 0.940600 0.779138 0.702450 0.826083 0.919791 0.954874 0.918594 0.822446 0.696484 0.651266 0.762396 0.842654 0.869037 0.833355 0.746990 0.633851,
 9.933693 10.419710 11.031844 11.602203 11.976858 12.203980 12.377215 11.969978 12.985068 14.144906 14.998089 15.227221 15.056471 14.798755 14.562482 16.103689 17.805096 18.807777 18.523808 17.532722 16.541939 16.476290 18.057957 19.780605 20.630589 19.780605 18.057957 16.476294 16.541937 17.532721 18.523808 18.807775 17.805096 16.103691 14.562479 14.798753 15.056470 15.227220 14.998091 14.144906 12.985068 11.969975 12.377215 12.203980 11.976858 11.602204 11.031843 10.419711 9.933693,
 48.015095 49.312088 50.711056 51.410732 50.925728 49.642162 48.260227 55.496651 59.248512 63.174080 65.030960 63.498295 59.808918 56.047234 63.446590 70.269493 77.414169 80.757896 77.702744 70.767319 63.959225 67.243393 75.562469 84.263100 88.304909 84.263100 75.562469 67.243393 63.959225 70.767311 77.702744 80.757896 77.414169 70.269493 63.446583 56.047241 59.808910 63.498291 65.030960 63.174080 59.248505 55.496647 48.260227 49.642162 50.925724 51.410728 50.711067 49.312084 48.015095,
 12.073656 11.915413 11.697258 11.317452 10.742043 10.172105 9.801899 14.150754 14.450796 14.694901 14.509631 13.642838 12.509446 11.656554 15.629200 16.637257 17.755251 18.128378 17.071587 15.330738 13.937615 15.580608 17.092451 18.923460 19.866575 18.923458 17.092453 15.580608 13.937614 15.330736 17.071589 18.128376 17.755251 16.637255 15.629200 11.656554 12.509444 13.642840 14.509632 14.694898 14.450796 14.150753 9.801899 10.172105 10.742044 11.317451 11.697258 11.915413 12.073656,
 0.555478 0.748924 0.914708 0.985263 0.927514 0.768898 0.574277 0.587577 0.795709 0.973471 1.048924 0.987533 0.817839 0.608760 0.626504 0.860243 1.064536 1.152133 1.077103 0.877146 0.640323 0.650637 0.904799 1.135967 1.234166 1.135967 0.904799 0.650637 0.640323 0.877146 1.077102 1.152133 1.064536 0.860244 0.626504 0.608760 0.817839 0.987533 1.048924 0.973471 0.795709 0.587577 0.574277 0.768898 0.927514 0.985263 0.914708 0.748924 0.555478,
 6.304637 6.445658 6.624691 6.812789 6.960586 7.050122 7.078784 7.158111 7.688483 8.219285 8.576249 8.689815 8.605970 8.395400 8.394564 9.362148 10.330610 10.819633 10.636451 10.074822 9.406643 9.384289 10.426626 11.468165 11.965490 11.468165 10.426625 9.384289 9.406643 10.074823 10.636451 10.819633 10.330610 9.362147 8.394565 8.395399 8.605970 8.689814 8.576251 8.219284 7.688483 7.158112 7.078784 7.050122 6.960587 6.812789 6.624688 6.445659 6.304637,
 28.859793 29.879442 30.808025 31.149931 30.584948 29.361242 28.011408 32.574074 35.399879 38.033718 39.105713 37.818039 34.901360 31.804733 36.599682 41.802906 46.780285 48.915573 46.651875 41.499313 36.148621 38.261871 44.685043 50.951473 53.741638 50.951473 44.685043 38.261871 36.148621 41.499313 46.651875 48.915573 46.780289 41.802914 36.599674 31.804737 34.901360 37.818043 39.105721 38.033718 35.399879 32.574070 28.011408 29.361242 30.584949 31.149933 30.808025 29.879442 28.859787,
 7.176154 7.179526 7.069686 6.863017 6.580061 6.266661 5.978445 8.305216 8.602648 8.739250 8.616710 8.174660 7.506321 6.842126 9.134604 9.908160 10.560477 10.764765 10.218117 9.146110 8.076819 9.056716 10.192479 11.320004 11.847807 11.320005 10.192479 9.056715 8.076821 9.146109 10.218118 10.764763 10.560477 9.908161 9.134603 6.842129 7.506323 8.174659 8.616710 8.739250 8.602647 8.305215 5.978446 6.266661 6.580060 6.863018 7.069687 7.179526 7.176153,
 0.315836 0.458614 0.583920 0.638854 0.596477 0.477792 0.334148 0.329191 0.479923 0.612245 0.670970 0.628342 0.505526 0.354950 0.349632 0.515691 0.664636 0.730717 0.678222 0.536073 0.369215 0.367612 0.546314 0.709773 0.779118 0.709773 0.546314 0.367612 0.369215 0.536073 0.678222 0.730717 0.664636 0.515691 0.349632 0.354950 0.505526 0.628342 0.670970 0.612245 0.479923 0.329191 0.334148 0.477792 0.596477 0.638854 0.583920 0.458614 0.315836,
 2.328417 2.475972 2.654727 2.805392 2.871608 2.860769 2.801100 2.818234 3.153602 3.487258 3.701059 3.737574 3.618702 3.404394 3.422009 3.993389 4.546134 4.805490 4.669494 4.295815 3.845614 3.848309 4.480102 5.094175 5.380623 5.094175 4.480102 3.848309 3.845613 4.295815 4.669494 4.805491 4.546134 3.993389 3.422009 3.404394 3.618702 3.737574 3.701058 3.487258 3.153602 2.818234 2.801100 2.860768 2.871607 2.805392 2.654727 2.475973 2.328417,
 10.122639 10.842622 11.696447 12.259109 12.231349 11.718451 11.094572 12.285623 13.963052 15.736197 16.673733 16.209259 14.731985 13.118021 14.687567 17.620523 20.592520 22.002268 20.895309 18.097137 15.184633 15.918278 19.477936 23.032265 24.618816 23.032265 19.477936 15.918278 15.184635 18.097137 20.895309 22.002268 20.592518 17.620522 14.687566 13.118022 14.731982 16.209259 16.673731 15.736196 13.963049 12.285621 11.094572 11.718451 12.231349 12.259109 11.696446 10.842622 10.122639,
 2.871762 2.950368 3.004807 2.979602 2.859174 2.700612 2.564680 3.495543 3.735089 3.918497 3.930593 3.723973 3.370483 3.028616 4.013691 4.482393 4.917099 5.094553 4.809854 4.205574 3.635014 4.066639 4.695585 5.363287 5.689492 5.363287 4.695585 4.066639 3.635014 4.205574 4.809854 5.094553 4.917099 4.482393 4.013691 3.028616 3.370483 3.723973 3.930593 3.918497 3.735088 3.495543 2.564680 2.700612 2.859174 2.979602 3.004806 2.950368 2.871762,

Pairwise cross-correlations of the modulus of all oriented sub-bands at the same scale (size QxQ)
 1.286988 1.962768 2.947751 1.926966 1.962768 20.630587 35.741726 11.083750 2.947751 35.741726 88.304893 34.321507 1.926966 11.083750 34.321507 19.866571,
 1.234166 1.086936 1.720860 1.195045 1.086936 11.965487 21.231619 6.454895 1.720860 21.231619 53.741646 20.693596 1.195045 6.454895 20.693596 11.847807,

Cross-correlations of the modulus of all oriented sub-bands with all oriented sub-bands at the coarser scale (size QxQ)
 1.046328 1.256491 1.962508 1.300743 1.452989 9.088554 16.485527 6.223226 2.418538 16.582991 37.294960 16.061670 1.477358 6.503457 16.574081 9.146402,
 0.830531 0.651896 0.873082 0.726231 0.906175 4.249631 7.884430 3.122683 1.591592 7.976903 17.786148 7.803655 0.920699 3.176245 7.863446 4.264334,

Cross-correlations of the real part of each oriented sub-band with both the real and imaginary part of all phase-doubled oriented sub-bands at the next coarser scale (Q matrices of size 1x2Q, which are computed and stored in a matrix of size Qx2Q)
 0.343059 -0.128707 -0.222355 -0.153350 0.005094 0.004596 0.005238 0.002024 0.023174 -5.403880 -7.812433 -1.912649 0.005084 0.132400 0.189981 0.099896 -0.204396 -8.788249 -19.150137 -8.360021 0.001986 0.211117 0.511490 0.313118 0.008242 -1.893196 -7.346959 -5.063424 0.001237 0.048909 0.216971 0.145116,
 0.334870 -0.024420 -0.079545 -0.030141 -0.004853 0.006764 -0.005481 -0.004453 0.086540 -1.666242 -2.458619 -0.649761 -0.002449 0.024580 -0.021407 0.045017 -0.068591 -2.724030 -6.582019 -3.202317 -0.002454 0.063478 0.057601 0.065765 0.089456 -0.589402 -2.782537 -2.024576 -0.004416 0.023258 0.036011 -0.019516,
