Low-band skewness and kurtosis
 -1.294261 4.043616,
 -1.067640 3.503752,
 -0.828192 2.835457,
 -0.886089 3.293123,

High-band variance
 103.489220,

Skewness, kurtosis, variance, mean, maximum and minimum of the reconstructed texture
 123.000000 255.000000 240.584518 550.845459 -1.564225 4.585062

Auto-correlations of the low-frequency bands at each scale
 127.672592 120.194778 116.583801 115.540581 115.592621 117.135956 121.095802 147.856995 126.004509 108.104935 101.064598 107.477699 125.070145 147.257141 255.754868 265.786377 273.393524 276.803680 275.051575 270.626862 265.643372 342.177032 380.665100 412.875946 425.886322 412.875946 380.665100 342.176971 265.643372 270.626831 275.051544 276.803650 273.393524 265.786377 255.754868 147.257141 125.070145 107.477699 101.064598 108.104935 126.004509 147.856964 121.095787 117.135971 115.592613 115.540581 116.583801 120.194778 127.672577,
 121.218376 116.045357 113.049881 111.028427 108.787224 107.999512 109.846100 133.372406 120.234589 109.665070 104.766182 106.033134 113.416664 124.191154 192.264984 197.404907 201.715469 203.779266 201.920959 198.017151 193.692932 240.775711 263.265930 282.086243 289.836243 282.086273 263.265930 240.775711 193.692963 198.017136 201.920959 203.779266 201.715454 197.404907 192.264984 124.191154 113.416687 106.033112 104.766182 109.665077 120.234589 133.372406 109.846100 107.999512 108.787231 111.028435 113.049881 116.045349 121.218376,
 114.066101 109.502922 107.510521 107.469391 108.130447 109.732201 112.343254 122.403122 113.061203 105.245583 101.302071 101.779091 106.728134 114.148705 157.325760 160.667160 162.178574 161.010437 156.817322 151.974548 148.204987 179.538742 194.630920 207.536713 212.904892 207.536713 194.630920 179.538742 148.205002 151.974548 156.817291 161.010437 162.178558 160.667160 157.325745 114.148705 106.728127 101.779076 101.302048 105.245583 113.061203 122.403122 112.343246 109.732201 108.130432 107.469391 107.510536 109.502922 114.066101,
 14.631166 17.084793 17.038744 17.492832 22.706665 30.799824 35.348663 15.555606 15.860346 16.909130 23.445864 33.435184 38.993156 37.076981 15.701772 17.916323 25.289106 36.508350 42.321049 38.369980 30.343620 20.523392 27.788624 38.343708 43.878345 38.343704 27.788624 20.523392 30.343622 38.369972 42.321049 36.508350 25.289103 17.916321 15.701775 37.076981 38.993156 33.435184 23.445862 16.909130 15.860346 15.555606 35.348663 30.799824 22.706665 17.492832 17.038740 17.084793 14.631166,

Auto-correlations of the modulus of each oriented sub-band
 0.739143 0.840183 0.914817 0.943586 0.915650 0.838704 0.734022 0.801762 0.922458 1.017302 1.054181 1.020541 0.929730 0.809678 0.890338 1.059644 1.182788 1.231490 1.194711 1.075721 0.905814 0.933079 1.149819 1.359430 1.454586 1.359430 1.149819 0.933079 0.905814 1.075721 1.194711 1.231490 1.182788 1.059644 0.890338 0.809678 0.929730 1.020541 1.054181 1.017302 0.922458 0.801762 0.734022 0.838704 0.915650 0.943586 0.914817 0.840183 0.739143,
 11.625439 12.206880 12.946980 13.680040 14.202130 14.512465 14.690117 13.769970 14.937466 16.265511 17.281851 17.591383 17.403234 17.030233 16.396646 18.155161 20.065556 21.217127 20.910309 19.780836 18.569199 18.350391 20.182791 22.114054 23.071745 22.114054 20.182793 18.350391 18.569199 19.780840 20.910313 21.217129 20.065554 18.155161 16.396646 17.030233 17.403233 17.591383 17.281851 16.265509 14.937463 13.769971 14.690120 14.512465 14.202130 13.680040 12.946978 12.206878 11.625440,
 45.305531 47.040260 48.833061 49.754585 49.364361 48.282360 47.258400 52.891747 57.092152 61.456650 63.494766 61.868183 58.207508 54.815594 60.662899 67.720795 75.308975 78.843842 75.487778 68.335938 61.833523 64.451981 72.672951 81.754669 86.115547 81.754669 72.672958 64.451981 61.833527 68.335938 75.487770 78.843842 75.308960 67.720795 60.662895 54.815605 58.207497 61.868183 63.494774 61.456646 57.092152 52.891735 47.258408 48.282372 49.364361 49.754585 48.833061 47.040260 45.305523,
 15.314033 15.125114 14.809922 14.280251 13.534485 12.784412 12.209844 17.452265 17.878387 18.123650 17.823473 16.762022 15.386191 14.248694 18.744255 20.035938 21.301350 21.662056 20.419691 18.378874 16.626783 18.429871 20.308796 22.414112 23.472548 22.414112 20.308796 18.429871 16.626781 18.378872 20.419691 21.662058 21.301350 20.035934 18.744255 14.248694 15.386191 16.762020 17.823473 18.123650 17.878387 17.452265 12.209844 12.784412 13.534484 14.280251 14.809924 15.125114 15.314033,
 0.565056 0.750436 0.910657 0.981188 0.928636 0.777523 0.590283 0.600572 0.800384 0.967791 1.037309 0.977853 0.815473 0.615016 0.642502 0.870786 1.068474 1.150560 1.073353 0.877292 0.648614 0.665613 0.918626 1.152848 1.254019 1.152848 0.918626 0.665613 0.648613 0.877292 1.073353 1.150560 1.068474 0.870786 0.642502 0.615016 0.815473 0.977853 1.037309 0.967791 0.800384 0.600572 0.590283 0.777523 0.928636 0.981188 0.910657 0.750436 0.565056,
 6.048112 6.328045 6.684237 7.050215 7.319051 7.448218 7.456069 7.021253 7.710063 8.402581 8.891663 9.051186 8.894725 8.531779 8.328990 9.464523 10.586609 11.159141 10.948544 10.241841 9.367552 9.318476 10.550314 11.747496 12.303391 11.747496 10.550314 9.318478 9.367550 10.241841 10.948544 11.159141 10.586607 9.464523 8.328992 8.531777 8.894725 9.051186 8.891663 8.402581 7.710063 7.021255 7.456068 7.448217 7.319051 7.050215 6.684237 6.328045 6.048113,
 22.330465 23.102613 23.781284 24.038622 23.765915 23.227442 22.735703 25.221842 27.829105 30.350103 31.465342 30.549877 28.374269 26.184223 28.855837 33.534721 38.320858 40.522141 38.599262 34.140572 29.755459 30.959436 36.511303 42.294857 44.961246 42.294857 36.511303 30.959436 29.755461 34.140572 38.599262 40.522141 38.320858 33.534721 28.855839 26.184217 28.374269 30.549881 31.465342 30.350103 27.829105 25.221846 22.735706 23.227440 23.765915 24.038626 23.781281 23.102615 22.330465,
 7.072831 6.931425 6.739127 6.472867 6.163979 5.888742 5.676753 8.076430 8.341649 8.479096 8.361243 7.933628 7.290737 6.656024 8.784702 9.605664 10.342067 10.616235 10.070292 8.955343 7.865860 8.738676 9.930296 11.154879 11.739618 11.154880 9.930296 8.738676 7.865860 8.955341 10.070292 10.616234 10.342067 9.605665 8.784702 6.656024 7.290737 7.933628 8.361243 8.479096 8.341650 8.076430 5.676753 5.888742 6.163978 6.472867 6.739128 6.931425 7.072831,
 0.379686 0.514770 0.632162 0.680404 0.634249 0.515783 0.375924 0.391597 0.538763 0.668437 0.724690 0.679934 0.555822 0.405202 0.407225 0.575840 0.732328 0.803126 0.747875 0.598503 0.425458 0.425840 0.615556 0.796477 0.875405 0.796477 0.615556 0.425840 0.425458 0.598503 0.747875 0.803126 0.732328 0.575840 0.407225 0.405202 0.555822 0.679934 0.724690 0.668437 0.538763 0.391597 0.375924 0.515783 0.634249 0.680404 0.632162 0.514770 0.379686,
 3.024033 3.142976 3.293535 3.430758 3.491994 3.458983 3.374231 3.484246 3.835601 4.206045 4.433007 4.411873 4.184457 3.868608 4.033561 4.704136 5.395789 5.720790 5.485701 4.912183 4.279927 4.364594 5.171644 5.997011 6.388978 5.997011 5.171644 4.364594 4.279927 4.912183 5.485701 5.720790 5.395789 4.704136 4.033560 3.868608 4.184457 4.411872 4.433007 4.206045 3.835601 3.484246 3.374231 3.458983 3.491994 3.430758 3.293536 3.142976 3.024033,
 11.355150 12.122072 12.917946 13.335335 13.068556 12.258928 11.364806 12.604864 14.602757 16.754459 17.933262 17.347473 15.454606 13.395172 14.283043 17.703333 21.376303 23.261894 21.949520 18.536114 15.069755 15.407565 19.512506 23.821842 25.836111 23.821842 19.512506 15.407564 15.069756 18.536112 21.949522 23.261894 21.376303 17.703335 14.283040 13.395172 15.454604 17.347471 17.933262 16.754459 14.602756 12.604861 11.364808 12.258928 13.068554 13.335335 12.917945 12.122072 11.355148,
 4.702278 4.772028 4.786049 4.689997 4.482616 4.192254 3.867388 5.288143 5.665922 5.948893 5.982269 5.697028 5.155348 4.539667 5.684295 6.439078 7.111396 7.389403 7.014876 6.149199 5.222403 5.670967 6.663396 7.629551 8.074064 7.629551 6.663396 5.670967 5.222403 6.149199 7.014876 7.389403 7.111397 6.439078 5.684294 4.539667 5.155348 5.697028 5.982269 5.948893 5.665922 5.288142 3.867388 4.192254 4.482616 4.689997 4.786049 4.772028 4.702278,

Pairwise cross-correlations of the modulus of all oriented sub-bands at the same scale (size QxQ)
 1.454586 2.377543 3.590287 2.478844 2.377543 23.071739 35.936932 10.800468 3.590287 35.936932 86.115509 35.379269 2.478844 10.800468 35.379269 23.472548,
 1.254020 1.233630 1.807872 1.244071 1.233630 12.303391 18.622871 5.068534 1.807872 18.622871 44.961250 17.838125 1.244071 5.068534 17.838125 11.739619,

Cross-correlations of the modulus of all oriented sub-bands with all oriented sub-bands at the coarser scale (size QxQ)
 1.098793 1.416996 2.097088 1.367235 1.646334 10.031504 15.402412 5.417693 2.758510 16.004726 33.544712 15.465254 1.821027 5.847292 15.637289 10.134484,
 0.870660 0.755629 0.994576 0.815557 0.991633 4.779788 7.864903 3.074403 1.594860 7.873851 17.131809 8.599557 0.977439 2.911208 8.163995 5.703091,

Cross-correlations of the real part of each oriented sub-band with both the real and imaginary part of all phase-doubled oriented sub-bands at the next coarser scale (Q matrices of size 1x2Q, which are computed and stored in a matrix of size Qx2Q)
 0.304344 -0.226561 -0.258905 -0.214610 -0.004609 -0.017358 -0.020325 -0.022817 -0.103939 -5.439285 -6.981476 -1.406939 -0.014528 -0.280090 -0.174282 0.013223 -0.324742 -8.318209 -16.081596 -6.474661 0.005286 -0.378033 -0.055744 -0.081172 -0.055304 -1.733398 -5.915613 -4.384740 0.017439 -0.067490 0.054264 -0.188560,
 0.285369 -0.087455 -0.146613 -0.148195 -0.031543 -0.020846 0.018840 0.051930 0.008008 -2.020442 -2.888896 -0.770615 -0.015378 0.011690 0.264958 0.102416 -0.194267 -3.029378 -7.825985 -4.105331 -0.027023 0.221255 0.987576 0.611663 -0.019321 -0.659372 -3.432325 -3.008100 -0.044363 0.104342 0.562019 0.516568,
