Low-band skewness and kurtosis
 -1.218293 3.918902,
 -0.959020 3.376225,
 -0.774508 3.080420,
 -0.427916 2.656645,

High-band variance
 103.401543,

Skewness, kurtosis, variance, mean, maximum and minimum of the reconstructed texture
 129.000000 255.000000 240.633240 519.370972 -1.503494 4.414706

Auto-correlations of the low-frequency bands at each scale
 85.026085 82.335976 81.423439 81.087273 80.237129 79.598862 80.641487 98.481209 80.863091 67.804764 62.600685 66.379631 78.500618 96.069069 228.173401 233.057114 237.411697 239.451981 237.991440 235.009735 231.962006 330.501648 360.314392 383.962799 393.386536 383.962799 360.314392 330.501648 231.961975 235.009720 237.991425 239.451996 237.411697 233.057114 228.173431 96.069046 78.500603 66.379631 62.600677 67.804764 80.863083 98.481209 80.641472 79.598862 80.237129 81.087273 81.423431 82.335999 85.026093,
 92.574638 89.748886 88.811958 88.581245 87.440193 86.393814 86.709572 88.544403 78.336853 71.857109 70.060959 72.268684 78.935699 89.295906 160.208786 162.909805 165.482971 166.671005 165.094833 162.808472 161.307007 219.515152 236.439331 249.949432 255.503098 249.949432 236.439362 219.515152 161.306976 162.808472 165.094833 166.670975 165.482971 162.909805 160.208786 89.295921 78.935692 72.268677 70.060959 71.857109 78.336876 88.544403 86.709564 86.393806 87.440170 88.581245 88.811958 89.748886 92.574654,
 89.115982 87.461960 87.084450 87.169090 86.510185 85.696571 85.449265 95.617813 89.419853 84.989944 82.836266 82.415482 84.352570 88.565857 129.334290 130.261810 131.052719 130.937302 128.944550 126.639191 125.229126 154.477097 163.527573 171.069580 174.282242 171.069580 163.527573 154.477097 125.229126 126.639191 128.944550 130.937317 131.052719 130.261810 129.334290 88.565842 84.352577 82.415482 82.836266 84.989952 89.419853 95.617790 85.449265 85.696571 86.510170 87.169075 87.084442 87.461952 89.115982,
 10.861273 14.879348 17.672659 19.179443 21.799852 26.419447 29.646118 14.738436 17.026417 18.418108 21.950953 27.620949 31.090904 29.326357 16.695230 18.097204 22.230228 29.034870 32.606636 29.632734 23.722588 18.519022 22.797661 29.685911 33.406033 29.685911 22.797661 18.519022 23.722588 29.632734 32.606632 29.034872 22.230227 18.097204 16.695227 29.326357 31.090900 27.620949 21.950953 18.418112 17.026417 14.738435 29.646116 26.419445 21.799849 19.179443 17.672657 14.879346 10.861272,

Auto-correlations of the modulus of each oriented sub-band
 0.624620 0.732925 0.811267 0.836953 0.801002 0.713637 0.599588 0.678065 0.801438 0.893947 0.925217 0.884554 0.786514 0.660981 0.746489 0.904700 1.024366 1.069928 1.025351 0.904352 0.744527 0.777283 0.975992 1.151643 1.225570 1.151643 0.975992 0.777283 0.744527 0.904352 1.025351 1.069928 1.024366 0.904700 0.746489 0.660981 0.786514 0.884554 0.925217 0.893947 0.801438 0.678065 0.599588 0.713637 0.801002 0.836953 0.811267 0.732926 0.624620,
 8.342048 8.777309 9.309241 9.811700 10.160781 10.378435 10.530061 10.466419 11.404133 12.459263 13.211634 13.389806 13.211741 12.946649 13.015561 14.452521 16.044840 16.956961 16.634554 15.670429 14.727241 14.784420 16.267748 17.910505 18.732716 17.910505 16.267748 14.784417 14.727241 15.670428 16.634556 16.956961 16.044840 14.452521 13.015560 12.946651 13.211741 13.389807 13.211634 12.459261 11.404133 10.466418 10.530061 10.378434 10.160781 9.811702 9.309239 8.777310 8.342045,
 40.214874 41.407410 42.547211 43.083843 42.641136 41.536678 40.329609 49.013062 52.755112 56.377163 57.993229 56.502483 52.968369 49.221294 58.046234 65.029434 71.924095 75.009628 72.030045 65.211464 58.213547 62.108040 70.694054 79.249481 83.126205 79.249481 70.694069 62.108040 58.213547 65.211449 72.030037 75.009628 71.924103 65.029442 58.046219 49.221294 52.968369 56.502491 57.993233 56.377151 52.755112 49.013065 40.329609 41.536678 42.641144 43.083843 42.547215 41.407417 40.214874,
 10.217616 10.091249 9.901855 9.567884 9.051370 8.499380 8.080339 12.296917 12.623965 12.886108 12.748771 11.956628 10.845987 9.941536 13.831939 14.861032 15.976549 16.374796 15.379632 13.657110 12.216440 13.837694 15.382207 17.200792 18.123524 17.200792 15.382207 13.837694 12.216439 13.657108 15.379634 16.374794 15.976547 14.861032 13.831936 9.941536 10.845987 11.956628 12.748773 12.886107 12.623965 12.296915 8.080339 8.499380 9.051371 9.567884 9.901855 10.091248 10.217615,
 0.537026 0.720298 0.867999 0.918483 0.846708 0.685504 0.497561 0.570039 0.767554 0.927675 0.984736 0.911688 0.741325 0.539859 0.603114 0.826182 1.015036 1.089437 1.010165 0.815500 0.587294 0.612856 0.857736 1.076624 1.168555 1.076624 0.857736 0.612856 0.587294 0.815500 1.010165 1.089437 1.015036 0.826182 0.603114 0.539859 0.741325 0.911688 0.984736 0.927675 0.767554 0.570039 0.497561 0.685504 0.846708 0.918483 0.867999 0.720298 0.537026,
 4.507470 4.703931 4.889535 5.027775 5.101082 5.111071 5.086888 5.323647 5.822595 6.306846 6.583533 6.622657 6.506321 6.295769 6.574150 7.422235 8.267826 8.675037 8.479597 7.975479 7.390250 7.518238 8.426555 9.330083 9.763052 9.330084 8.426556 7.518238 7.390250 7.975478 8.479596 8.675037 8.267826 7.422236 6.574150 6.295769 6.506320 6.622657 6.583534 6.306847 5.822596 5.323647 5.086888 5.111070 5.101082 5.027775 4.889534 4.703932 4.507470,
 19.069221 20.377533 21.457956 21.837948 21.303473 20.144945 18.831976 23.485025 26.380716 28.891834 29.836033 28.626642 25.954742 23.022224 28.252275 33.275120 37.823357 39.676968 37.613247 32.947578 27.911476 30.317205 36.410919 42.084534 44.554279 42.084534 36.410919 30.317205 27.911476 32.947575 37.613243 39.676968 37.823357 33.275120 28.252270 23.022223 25.954742 28.626642 29.836033 28.891830 26.380716 23.485022 18.831976 20.144945 21.303473 21.837948 21.457956 20.377533 19.069221,
 4.823947 4.785635 4.690311 4.505834 4.245493 3.961251 3.708499 6.020695 6.259781 6.386167 6.305600 5.940824 5.357934 4.767051 6.952769 7.635169 8.235382 8.467078 8.008760 7.055727 6.088669 7.008995 8.036249 9.062852 9.552948 9.062852 8.036250 7.008995 6.088669 7.055727 8.008760 8.467078 8.235382 7.635169 6.952769 4.767051 5.357933 5.940824 6.305600 6.386167 6.259781 6.020695 3.708499 3.961252 4.245493 4.505834 4.690311 4.785635 4.823947,
 0.338882 0.492132 0.621471 0.671115 0.615953 0.482680 0.327379 0.355658 0.514769 0.648117 0.698114 0.639049 0.498864 0.336948 0.375258 0.549974 0.701536 0.761544 0.696119 0.539449 0.362175 0.379442 0.566361 0.736124 0.807662 0.736124 0.566361 0.379442 0.362175 0.539449 0.696119 0.761544 0.701536 0.549974 0.375258 0.336948 0.498864 0.639049 0.698114 0.648117 0.514769 0.355658 0.327379 0.482680 0.615953 0.671115 0.621471 0.492132 0.338882,
 1.661869 1.707370 1.765239 1.837364 1.916320 1.985757 2.026006 2.078244 2.318944 2.564595 2.730356 2.808545 2.804832 2.712803 2.690416 3.175497 3.670987 3.923431 3.846134 3.582745 3.242082 3.212414 3.754610 4.295975 4.554580 4.295975 3.754610 3.212414 3.242082 3.582745 3.846134 3.923432 3.670987 3.175497 2.690416 2.712803 2.804832 2.808545 2.730356 2.564595 2.318944 2.078244 2.026006 1.985757 1.916320 1.837364 1.765239 1.707370 1.661869,
 6.641947 6.728768 6.978575 7.287751 7.507444 7.582138 7.525544 8.693515 9.658378 10.794144 11.569618 11.556265 10.841028 9.867098 11.125715 13.345938 15.667851 16.930201 16.335382 14.362767 12.142612 12.686604 15.534345 18.337135 19.586922 18.337133 15.534345 12.686604 12.142612 14.362765 16.335382 16.930199 15.667850 13.345936 11.125715 9.867098 10.841025 11.556265 11.569618 10.794143 9.658377 8.693515 7.525545 7.582138 7.507445 7.287750 6.978575 6.728767 6.641948,
 1.957330 1.900812 1.818642 1.737645 1.686255 1.637085 1.565398 2.508955 2.631833 2.685426 2.669573 2.543484 2.280973 1.980402 2.939659 3.330386 3.673296 3.836124 3.614318 3.082264 2.548656 2.960896 3.538960 4.134507 4.425207 4.134507 3.538960 2.960896 2.548656 3.082265 3.614318 3.836124 3.673297 3.330386 2.939659 1.980402 2.280973 2.543483 2.669572 2.685426 2.631833 2.508954 1.565398 1.637084 1.686255 1.737645 1.818642 1.900812 1.957330,

Pairwise cross-correlations of the modulus of all oriented sub-bands at the same scale (size QxQ)
 1.225570 1.754400 2.675719 1.746664 1.754400 18.732721 33.189144 10.147790 2.675719 33.189144 83.126175 31.984861 1.746664 10.147790 31.984861 18.123518,
 1.168555 0.861847 1.154845 0.857165 0.861847 9.763053 17.384211 5.054857 1.154845 17.384211 44.554279 16.796789 0.857165 5.054857 16.796789 9.552948,

Cross-correlations of the modulus of all oriented sub-bands with all oriented sub-bands at the coarser scale (size QxQ)
 0.992691 1.033545 1.431977 1.020675 1.271831 7.419094 13.064265 4.767890 2.064646 13.435397 29.515657 12.584505 1.295816 4.962284 12.702949 7.179633,
 0.823028 0.558924 0.661282 0.551554 0.642190 3.273114 5.750216 1.994423 0.944606 5.690331 12.480022 5.309417 0.623506 1.973546 5.214143 3.099054,

Cross-correlations of the real part of each oriented sub-band with both the real and imaginary part of all phase-doubled oriented sub-bands at the next coarser scale (Q matrices of size 1x2Q, which are computed and stored in a matrix of size Qx2Q)
 0.337349 -0.088344 -0.183035 -0.127713 0.030244 0.008450 0.008744 -0.004849 0.065211 -5.419044 -8.111553 -1.994020 0.016475 0.214865 0.436297 0.003742 -0.161304 -9.290362 -19.621546 -8.010188 0.007841 0.389483 0.606261 -0.187971 0.012675 -2.078779 -7.143616 -4.601196 0.010803 0.093720 0.066789 -0.169934,
 0.297490 0.002907 -0.088253 -0.084391 0.016977 -0.015015 -0.016013 0.001626 0.103202 -1.793162 -3.154677 -0.796308 0.003802 -0.469484 -0.949037 -0.297458 -0.082283 -3.238295 -7.978493 -3.476712 -0.005085 -0.837903 -2.557339 -1.200944 0.033631 -0.760314 -3.118835 -2.226584 0.005255 -0.210779 -1.026822 -0.618412,
