Low-band skewness and kurtosis
 -1.240585 4.021328,
 -1.003351 3.555172,
 -0.752840 2.985431,
 -0.459187 2.734273,

High-band variance
 106.703346,

Skewness, kurtosis, variance, mean, maximum and minimum of the reconstructed texture
 110.000000 255.000000 240.679245 524.639221 -1.526498 4.508217

Auto-correlations of the low-frequency bands at each scale
 75.005287 72.087364 71.123848 70.989265 70.703766 70.873642 72.676743 90.410645 73.144493 60.638027 56.019260 60.254669 72.558754 90.052727 226.113220 231.345825 235.915497 238.171921 236.803619 233.710953 230.565140 332.327850 362.126465 385.679962 395.061859 385.679962 362.126465 332.327850 230.565140 233.710907 236.803619 238.171936 235.915497 231.345871 226.113205 90.052734 72.558739 60.254669 56.019268 60.638035 73.144508 90.410629 72.676727 70.873642 70.703751 70.989250 71.123848 72.087379 75.005287,
 79.942406 78.247887 78.002663 77.983879 76.768593 75.642059 75.940048 80.360176 68.316315 60.316628 57.463650 59.309322 66.501816 78.207359 154.428452 156.803162 159.416016 160.993362 160.043900 158.394196 157.331787 217.357254 235.783066 250.176697 256.003876 250.176712 235.783066 217.357254 157.331757 158.394165 160.043884 160.993362 159.416016 156.803162 154.428436 78.207344 66.501831 59.309330 57.463650 60.316635 68.316322 80.360191 75.940048 75.642059 76.768593 77.983879 78.002663 78.247887 79.942406,
 84.451820 82.239746 80.915688 79.926872 78.410164 77.121658 76.789169 79.607475 73.248505 68.831543 66.904259 67.149139 70.118492 75.453979 117.759537 119.153023 120.648323 121.474525 120.757790 119.780281 119.300568 152.079727 161.341202 168.807526 171.925873 168.807526 161.341202 152.079742 119.300568 119.780289 120.757767 121.474533 120.648323 119.153023 117.759537 75.453987 70.118492 67.149132 66.904251 68.831543 73.248482 79.607475 76.789169 77.121666 78.410164 79.926872 80.915688 82.239731 84.451836,
 16.153032 17.808800 17.300623 17.390438 21.752922 29.694029 35.070774 17.241905 16.662115 17.191481 22.545456 31.223026 36.440216 34.058720 16.381546 17.378719 23.362377 32.780067 37.714893 33.901119 25.753742 18.216627 24.373432 33.611824 38.384708 33.611820 24.373432 18.216627 25.753742 33.901119 37.714893 32.780067 23.362375 17.378719 16.381546 34.058720 36.440224 31.223032 22.545454 17.191479 16.662115 17.241905 35.070766 29.694027 21.752924 17.390436 17.300617 17.808804 16.153034,

Auto-correlations of the modulus of each oriented sub-band
 0.605332 0.710396 0.786079 0.810621 0.776981 0.695387 0.587702 0.664778 0.782627 0.868703 0.897805 0.860314 0.767161 0.645458 0.734537 0.886684 1.004522 1.049634 1.004800 0.886320 0.732497 0.769055 0.964625 1.134318 1.204468 1.134318 0.964625 0.769055 0.732497 0.886320 1.004800 1.049634 1.004522 0.886684 0.734537 0.645458 0.767161 0.860315 0.897805 0.868703 0.782627 0.664778 0.587702 0.695387 0.776981 0.810621 0.786079 0.710396 0.605332,
 9.028502 9.361659 9.841220 10.282325 10.548842 10.707488 10.848580 10.975775 11.768182 12.769028 13.472140 13.577766 13.366682 13.153636 13.411963 14.699524 16.256989 17.154839 16.790621 15.818120 14.968417 15.112950 16.474001 18.102949 18.938128 18.102949 16.473999 15.112950 14.968417 15.818117 16.790621 17.154835 16.256989 14.699524 13.411963 13.153636 13.366681 13.577768 13.472140 12.769028 11.768181 10.975775 10.848580 10.707490 10.548842 10.282325 9.841220 9.361658 9.028501,
 42.201843 43.468925 44.687336 45.282524 44.926849 43.975487 42.938393 51.078606 54.726440 58.291306 59.958057 58.635094 55.361279 51.901951 60.624401 67.334877 73.989594 77.041283 74.259605 67.792564 61.181602 65.122795 73.330910 81.534775 85.265442 81.534775 73.330910 65.122795 61.181602 67.792557 74.259605 77.041283 73.989594 67.334869 60.624393 51.901951 55.361279 58.635094 59.958050 58.291306 54.726440 51.078606 42.938393 43.975483 44.926849 45.282524 44.687336 43.468925 42.201839,
 10.458405 10.325674 10.146858 9.833814 9.350213 8.837960 8.465427 12.710834 12.983785 13.228437 13.102771 12.339397 11.263415 10.397349 14.416752 15.360333 16.426962 16.813993 15.843318 14.167010 12.784793 14.478436 15.937696 17.693834 18.592911 17.693832 15.937696 14.478436 12.784792 14.167007 15.843317 16.813992 16.426962 15.360335 14.416752 10.397348 11.263415 12.339397 13.102771 13.228439 12.983785 12.710834 8.465427 8.837960 9.350213 9.833815 10.146859 10.325674 10.458403,
 0.533881 0.720468 0.874185 0.934061 0.872211 0.716144 0.527067 0.570860 0.767996 0.929335 0.991103 0.924500 0.758293 0.556933 0.606291 0.827768 1.014324 1.088151 1.011269 0.819685 0.593159 0.615977 0.856930 1.071296 1.161214 1.071296 0.856930 0.615977 0.593159 0.819685 1.011269 1.088151 1.014324 0.827768 0.606291 0.556933 0.758293 0.924500 0.991103 0.929335 0.767996 0.570860 0.527067 0.716144 0.872211 0.934061 0.874185 0.720468 0.533881,
 5.488320 5.724564 5.975185 6.209776 6.382596 6.474580 6.493725 6.529816 7.112578 7.640728 7.971181 8.066965 7.973663 7.730186 7.794758 8.746085 9.613891 10.017226 9.826023 9.297032 8.637479 8.670257 9.669738 10.598824 11.024001 10.598824 9.669738 8.670257 8.637479 9.297032 9.826023 10.017227 9.613892 8.746085 7.794757 7.730186 7.973664 8.066964 7.971181 7.640729 7.112578 6.529815 6.493726 6.474580 6.382596 6.209777 5.975185 5.724563 5.488319,
 23.076262 24.258564 25.304319 25.684967 25.145573 24.098570 23.053078 27.100584 30.143425 32.862324 33.944195 32.730152 30.020811 27.067327 31.525669 36.859322 41.730064 43.759415 41.626755 36.745445 31.428856 33.465954 39.920647 45.916813 48.535095 45.916813 39.920639 33.465954 31.428854 36.745445 41.626755 43.759415 41.730064 36.859322 31.525669 27.067333 30.020815 32.730152 33.944195 32.862320 30.143423 27.100584 23.053078 24.098572 25.145575 25.684969 25.304319 24.258562 23.076260,
 5.828265 5.825346 5.730311 5.527757 5.255444 4.974023 4.715360 6.980958 7.239031 7.362288 7.283885 6.949465 6.407824 5.826601 7.919070 8.593041 9.178204 9.406750 8.989268 8.089103 7.137790 8.014812 9.025217 10.011684 10.471140 10.011684 9.025219 8.014812 7.137790 8.089103 8.989266 9.406752 9.178205 8.593041 7.919071 5.826600 6.407824 6.949465 7.283885 7.362288 7.239032 6.980958 4.715360 4.974024 5.255444 5.527757 5.730311 5.825346 5.828265,
 0.282802 0.413960 0.525012 0.568247 0.522089 0.409521 0.278318 0.285058 0.419072 0.536395 0.587472 0.546240 0.432244 0.294277 0.297437 0.446098 0.581452 0.642530 0.594684 0.463575 0.309919 0.311067 0.473444 0.622462 0.685548 0.622462 0.473444 0.311067 0.309919 0.463575 0.594684 0.642530 0.581452 0.446098 0.297437 0.294277 0.432244 0.546240 0.587472 0.536395 0.419072 0.285058 0.278318 0.409521 0.522089 0.568247 0.525012 0.413960 0.282802,
 2.919698 3.037202 3.121158 3.168060 3.167358 3.115653 3.035390 3.261698 3.566071 3.818347 3.919940 3.889397 3.755457 3.532547 3.686258 4.210059 4.710232 4.903673 4.727757 4.376124 3.953369 4.000972 4.576000 5.146043 5.422554 5.146043 4.576000 4.000972 3.953368 4.376124 4.727757 4.903672 4.710231 4.210058 3.686258 3.532547 3.755457 3.889396 3.919940 3.818347 3.566070 3.261698 3.035389 3.115653 3.167358 3.168060 3.121158 3.037202 2.919698,
 12.202573 12.986381 13.670529 13.963266 13.678261 13.024895 12.248806 13.880104 15.655517 17.241924 17.901175 17.219479 15.631366 13.779429 15.465356 18.613968 21.496323 22.719019 21.482246 18.595911 15.377769 16.111122 19.954742 23.515673 25.067301 23.515669 19.954746 16.111122 15.377769 18.595911 21.482244 22.719019 21.496323 18.613970 15.465354 13.779429 15.631364 17.219479 17.901173 17.241924 15.655519 13.880104 12.248806 13.024890 13.678260 13.963266 13.670527 12.986382 12.202574,
 2.465450 2.540783 2.573640 2.546019 2.464370 2.346376 2.213044 3.063034 3.285881 3.433527 3.450616 3.288458 2.966839 2.595923 3.538383 4.017504 4.431806 4.607585 4.361910 3.786800 3.158224 3.575741 4.256504 4.903582 5.199397 4.903583 4.256504 3.575741 3.158224 3.786800 4.361911 4.607585 4.431806 4.017504 3.538383 2.595923 2.966839 3.288458 3.450616 3.433528 3.285881 3.063034 2.213044 2.346376 2.464370 2.546019 2.573640 2.540783 2.465450,

Pairwise cross-correlations of the modulus of all oriented sub-bands at the same scale (size QxQ)
 1.204468 1.773980 2.730910 1.765841 1.773980 18.938124 33.829399 10.510639 2.730910 33.829399 85.265442 33.161934 1.765841 10.510639 33.161934 18.592915,
 1.161213 1.100780 1.492037 1.108860 1.100780 11.024001 19.359066 5.734694 1.492037 19.359066 48.535084 18.392616 1.108860 5.734694 18.392616 10.471140,

Cross-correlations of the modulus of all oriented sub-bands with all oriented sub-bands at the coarser scale (size QxQ)
 0.975321 1.280186 1.798326 1.269519 1.318397 8.146891 14.554344 5.400000 2.134160 14.623137 32.596394 14.082168 1.279060 5.490009 14.130144 7.797726,
 0.765401 0.603258 0.753935 0.751017 0.904658 4.020361 7.294370 2.983238 1.470660 7.414983 16.096487 7.014932 0.897341 2.844035 6.781954 3.669434,

Cross-correlations of the real part of each oriented sub-band with both the real and imaginary part of all phase-doubled oriented sub-bands at the next coarser scale (Q matrices of size 1x2Q, which are computed and stored in a matrix of size Qx2Q)
 0.344010 -0.077279 -0.163811 -0.121663 -0.002652 0.000216 0.001018 0.002285 0.077569 -4.533551 -7.007508 -1.919300 0.000701 0.149381 0.090257 -0.046758 -0.136808 -8.039051 -18.321537 -8.304617 0.003371 0.184563 -0.008635 -0.119881 0.032026 -1.918728 -7.257127 -4.868001 -0.002896 0.012166 -0.079596 -0.038957,
 0.335626 -0.019861 -0.072442 -0.028157 0.001747 -0.009692 0.003642 0.008099 0.105157 -2.111510 -3.528818 -0.944158 -0.000404 -0.110440 -0.011981 0.040453 -0.042653 -3.639698 -9.104030 -3.894921 -0.000872 -0.032250 0.341795 0.077430 0.098021 -0.831178 -3.468687 -2.161616 -0.000507 0.054641 0.258194 0.026465,
