Low-band skewness and kurtosis
 -1.255183 4.087323,
 -1.062638 3.751218,
 -0.865686 3.174854,
 -0.403103 2.341915,

High-band variance
 96.488113,

Skewness, kurtosis, variance, mean, maximum and minimum of the reconstructed texture
 129.000000 255.000000 240.872452 511.001099 -1.505583 4.409786

Auto-correlations of the low-frequency bands at each scale
 70.258804 70.447098 71.248184 71.727348 70.997551 69.949608 69.519096 56.700916 52.259651 50.088917 49.578728 49.879650 51.812283 55.980885 227.757645 229.073441 231.047577 232.216644 231.264832 229.505890 228.423065 374.936615 383.479462 390.383728 393.267395 390.383728 383.479462 374.936615 228.423065 229.505875 231.264832 232.216599 231.047607 229.073471 227.757629 55.980877 51.812283 49.879627 49.578724 50.088932 52.259640 56.700924 69.519081 69.949608 70.997543 71.727356 71.248192 70.447105 70.258804,
 74.065147 74.545143 75.677696 76.589317 76.255295 75.835075 76.116554 57.316647 54.877728 54.114075 54.301739 54.385227 55.535191 58.422596 154.176865 154.680725 156.056641 156.896393 155.647247 153.939667 153.178635 241.575226 246.619385 251.287979 253.503555 251.287979 246.619431 241.575226 153.178635 153.939651 155.647247 156.896393 156.056625 154.680725 154.176849 58.422596 55.535183 54.385235 54.301746 54.114079 54.877735 57.316650 76.116554 75.835075 76.255295 76.589317 75.677681 74.545158 74.065147,
 69.413223 68.635841 68.297859 68.070038 67.315598 66.686310 66.519226 64.754387 63.174595 62.616901 62.625305 62.476200 63.000267 64.563904 115.226425 116.067238 117.536659 118.555458 117.974136 117.069458 116.843880 161.663162 164.775223 167.862091 169.393997 167.862091 164.775223 161.663162 116.843880 117.069466 117.974144 118.555443 117.536644 116.067238 115.226425 64.563904 63.000263 62.476185 62.625305 62.616901 63.174583 64.754379 66.519218 66.686302 67.315598 68.070030 68.297859 68.635826 69.413216,
 11.675789 12.167688 9.993224 9.584587 16.700405 29.244982 36.384068 11.985821 9.679113 9.461027 17.256691 30.159008 37.065170 31.415583 9.712639 9.581414 17.715296 31.237860 37.980141 31.436251 18.719774 10.105365 18.103523 31.589291 38.581738 31.589291 18.103523 10.105367 18.719772 31.436249 37.980141 31.237860 17.715296 9.581414 9.712639 31.415583 37.065170 30.159010 17.256691 9.461025 9.679116 11.985821 36.384068 29.244982 16.700405 9.584587 9.993226 12.167688 11.675790,

Auto-correlations of the modulus of each oriented sub-band
 0.513358 0.626495 0.710107 0.741272 0.710639 0.627521 0.514891 0.562023 0.693216 0.790769 0.825597 0.786473 0.686742 0.556202 0.611276 0.769123 0.890697 0.935539 0.886742 0.763171 0.605926 0.633683 0.806694 0.943839 0.996963 0.943838 0.806694 0.633683 0.605926 0.763171 0.886742 0.935539 0.890697 0.769123 0.611276 0.556202 0.686742 0.786473 0.825597 0.790769 0.693216 0.562023 0.514891 0.627521 0.710639 0.741272 0.710107 0.626495 0.513358,
 5.193897 5.327317 5.457310 5.548079 5.576178 5.559321 5.534909 7.280512 7.627422 7.915569 8.050347 8.016784 7.882805 7.723186 9.610612 10.196399 10.696748 10.893033 10.724590 10.351996 9.946824 10.808171 11.432390 12.005033 12.255789 12.005033 11.432390 10.808171 9.946824 10.351995 10.724589 10.893032 10.696748 10.196400 9.610612 7.723186 7.882804 8.016784 8.050346 7.915570 7.627422 7.280512 5.534909 5.559320 5.576178 5.548080 5.457311 5.327317 5.193897,
 38.767818 39.291744 39.743336 39.848000 39.458775 38.738228 37.976391 53.368279 54.974846 56.233749 56.667664 56.043968 54.621307 52.891605 69.320549 72.330009 74.650864 75.523834 74.580666 72.209167 69.173416 76.665001 80.399643 83.294731 84.421387 83.294731 80.399643 76.665001 69.173431 72.209160 74.580673 75.523834 74.650864 72.330025 69.320549 52.891602 54.621307 56.043968 56.667664 56.233749 54.974834 53.368279 37.976387 38.738224 39.458775 39.848000 39.743336 39.291744 38.767818,
 5.996213 6.008419 5.997908 5.931145 5.794736 5.612108 5.422014 8.098133 8.263589 8.382393 8.389753 8.221366 7.888698 7.490697 10.210896 10.636996 11.014585 11.178117 10.962717 10.427683 9.802614 11.003133 11.656576 12.251807 12.512718 12.251805 11.656576 11.003133 9.802615 10.427684 10.962719 11.178118 11.014584 10.636996 10.210895 7.490697 7.888697 8.221366 8.389752 8.382392 8.263589 8.098133 5.422015 5.612108 5.794736 5.931145 5.997909 6.008418 5.996212,
 0.496175 0.680173 0.835610 0.901417 0.847428 0.699380 0.516925 0.530347 0.728257 0.895083 0.964345 0.903640 0.742035 0.545087 0.573079 0.793954 0.980642 1.056494 0.984634 0.800292 0.579889 0.597767 0.832433 1.031332 1.110990 1.031332 0.832433 0.597767 0.579889 0.800292 0.984634 1.056494 0.980642 0.793954 0.573079 0.545087 0.742035 0.903640 0.964345 0.895083 0.728257 0.530347 0.516925 0.699380 0.847428 0.901417 0.835610 0.680173 0.496175,
 2.537315 2.604973 2.662280 2.695855 2.695662 2.667118 2.632966 3.694750 3.881475 4.030607 4.073744 4.030779 3.951310 3.856413 4.988014 5.327009 5.639296 5.730876 5.570844 5.336425 5.112040 5.624659 5.985109 6.369127 6.565197 6.369127 5.985109 5.624659 5.112040 5.336425 5.570844 5.730876 5.639297 5.327009 4.988015 3.856413 3.951310 4.030779 4.073744 4.030607 3.881475 3.694749 2.632967 2.667118 2.695662 2.695855 2.662281 2.604973 2.537315,
 20.662268 21.014212 21.285944 21.308170 20.942316 20.348213 19.724209 28.617252 29.636826 30.392256 30.617836 30.117245 29.100512 27.860426 37.441936 39.400707 40.850838 41.376835 40.698795 39.106560 37.032093 41.441147 43.939629 45.823082 46.568336 45.823082 43.939632 41.441147 37.032097 39.106560 40.698795 41.376835 40.850842 39.400707 37.441940 27.860432 29.100512 30.117239 30.617836 30.392256 29.636826 28.617252 19.724209 20.348213 20.942314 21.308170 21.285944 21.014212 20.662266,
 3.509831 3.522172 3.509960 3.461413 3.395671 3.324044 3.246794 4.698699 4.764269 4.801816 4.817985 4.764645 4.604925 4.393727 5.898834 6.089297 6.306807 6.468200 6.375035 6.039568 5.677450 6.346399 6.695089 7.092786 7.298124 7.092786 6.695089 6.346399 5.677450 6.039568 6.375035 6.468199 6.306807 6.089297 5.898833 4.393728 4.604925 4.764644 4.817985 4.801816 4.764269 4.698699 3.246794 3.324044 3.395672 3.461413 3.509960 3.522172 3.509831,
 0.319979 0.469794 0.597919 0.648872 0.596791 0.467598 0.316807 0.331175 0.491378 0.630416 0.687395 0.633299 0.496481 0.337153 0.352485 0.529126 0.684991 0.749366 0.687661 0.533956 0.358258 0.366653 0.552541 0.717714 0.785573 0.717714 0.552541 0.366653 0.358258 0.533956 0.687661 0.749366 0.684991 0.529126 0.352485 0.337153 0.496481 0.633299 0.687395 0.630416 0.491378 0.331175 0.316807 0.467598 0.596791 0.648872 0.597919 0.469794 0.319979,
 1.195715 1.254239 1.292670 1.310291 1.289200 1.240076 1.195684 1.792674 1.934332 2.027084 2.033921 1.983668 1.895271 1.792990 2.406111 2.645173 2.860577 2.899712 2.767287 2.591391 2.412856 2.684001 2.933040 3.199755 3.339790 3.199755 2.933040 2.684001 2.412856 2.591391 2.767287 2.899712 2.860577 2.645172 2.406111 1.792990 1.895271 1.983668 2.033921 2.027084 1.934332 1.792674 1.195684 1.240076 1.289200 1.310291 1.292670 1.254239 1.195715,
 8.181038 8.325318 8.439879 8.415571 8.193995 7.887877 7.623185 12.337674 12.905254 13.299140 13.346940 12.958734 12.284302 11.525050 16.495115 17.669640 18.522455 18.771423 18.261501 17.197853 15.880922 18.126129 19.670740 20.856388 21.327274 20.856390 19.670740 18.126129 15.880925 17.197855 18.261501 18.771423 18.522455 17.669640 16.495115 11.525049 12.284303 12.958734 13.346939 13.299140 12.905252 12.337672 7.623185 7.887878 8.193995 8.415571 8.439878 8.325316 8.181037,
 1.413180 1.399897 1.406425 1.416599 1.410726 1.392071 1.359410 1.967527 2.011826 2.054734 2.089528 2.092106 2.009886 1.870682 2.516856 2.648404 2.790179 2.920710 2.889195 2.669675 2.424648 2.714195 2.943029 3.206654 3.352212 3.206654 2.943030 2.714195 2.424648 2.669675 2.889195 2.920710 2.790179 2.648404 2.516855 1.870682 2.009886 2.092106 2.089528 2.054734 2.011826 1.967527 1.359410 1.392071 1.410726 1.416599 1.406425 1.399897 1.413180,

Pairwise cross-correlations of the modulus of all oriented sub-bands at the same scale (size QxQ)
 0.996963 0.713326 0.721658 0.716691 0.713326 12.255789 30.178453 10.244636 0.721658 30.178453 84.421379 30.560484 0.716691 10.244636 30.560484 12.512715,
 1.110990 0.632032 0.751133 0.745064 0.632032 6.565197 16.254913 5.614113 0.751133 16.254913 46.568344 17.107597 0.745064 5.614113 17.107597 7.298124,

Cross-correlations of the modulus of all oriented sub-bands with all oriented sub-bands at the coarser scale (size QxQ)
 0.951879 0.498395 0.422889 0.580165 0.733190 3.950372 9.784600 3.641893 0.994929 9.875274 27.853622 10.653111 0.782513 3.753433 10.979897 4.709562,
 0.822311 0.553366 0.476810 0.562917 0.571353 1.845341 4.177500 1.710058 0.920735 4.508427 11.906929 4.839004 0.658062 1.863486 4.875564 2.260385,

Cross-correlations of the real part of each oriented sub-band with both the real and imaginary part of all phase-doubled oriented sub-bands at the next coarser scale (Q matrices of size 1x2Q, which are computed and stored in a matrix of size Qx2Q)
 0.348043 0.036697 -0.033358 0.015095 0.012408 0.006297 0.001357 0.001990 0.129166 -3.090325 -7.382749 -2.469806 0.005125 0.102244 0.395461 0.189241 -0.000333 -7.533549 -20.673717 -7.963724 -0.000315 0.323104 1.153974 0.572933 0.127703 -2.385383 -7.665940 -3.347290 0.002514 0.126896 0.437197 0.234960,
 0.301781 0.052078 -0.013535 0.042289 0.036488 0.002213 -0.000031 0.010713 0.111304 -1.144090 -2.413052 -0.667413 0.014319 -0.130167 -0.230339 -0.032499 0.004889 -2.631810 -6.219001 -2.241293 -0.000075 -0.194792 -0.383110 -0.068088 0.124450 -0.747160 -2.160334 -0.958963 0.009514 -0.017140 -0.062410 0.006751,
