Low-band skewness and kurtosis
 -1.241592 3.988473,
 -0.996625 3.471033,
 -0.753751 3.037377,
 -0.416007 2.486794,

High-band variance
 102.922089,

Skewness, kurtosis, variance, mean, maximum and minimum of the reconstructed texture
 110.000000 255.000000 240.649384 524.403809 -1.519110 4.484963

Auto-correlations of the low-frequency bands at each scale
 85.112198 81.309807 79.762222 79.302254 78.953545 79.609245 82.571976 95.729416 78.720970 66.144646 61.555950 65.993454 78.463104 95.550957 232.258774 237.215271 241.439163 243.247452 241.168732 236.857498 231.965317 336.994324 366.409393 390.089081 399.562500 390.089081 366.409424 336.994324 231.965317 236.857498 241.168686 243.247452 241.439209 237.215317 232.258774 95.550964 78.463074 65.993431 61.555946 66.144661 78.720970 95.729378 82.571976 79.609238 78.953537 79.302246 79.762253 81.309814 85.112175,
 88.208626 85.779915 85.063721 84.764717 83.450478 82.521416 83.352943 89.121002 78.121277 70.316193 67.168861 68.362190 74.404472 84.051750 162.044250 164.417664 166.862885 167.992508 166.210175 163.463196 161.245590 222.618729 239.639114 253.764221 259.644745 253.764221 239.639114 222.618729 161.245590 163.463211 166.210190 167.992508 166.862839 164.417664 162.044250 84.051765 74.404480 68.362198 67.168869 70.316177 78.121284 89.120987 83.352959 82.521416 83.450500 84.764709 85.063721 85.779915 88.208626,
 92.045341 92.149582 93.339203 94.829170 95.463043 95.819122 96.562378 88.026772 82.133705 78.349915 77.269485 78.413857 82.153137 87.869011 126.627121 127.393478 128.093475 127.863312 125.804993 123.541801 122.208382 157.405746 166.886261 174.905930 178.327896 174.905930 166.886261 157.405731 122.208382 123.541801 125.804993 127.863327 128.093475 127.393478 126.627113 87.869019 82.153122 78.413864 77.269485 78.349907 82.133698 88.026764 96.562393 95.819115 95.463043 94.829155 93.339203 92.149582 92.045311,
 12.888337 14.305218 14.410374 16.430355 22.690050 30.250551 32.630707 14.795125 14.092471 15.313313 22.007208 30.848354 34.119743 28.932356 14.201285 14.625601 21.239595 31.397993 35.608349 29.894602 20.540432 14.697535 20.618153 30.981541 36.472881 30.981541 20.618156 14.697535 20.540432 29.894596 35.608353 31.397993 21.239595 14.625606 14.201288 28.932356 34.119740 30.848349 22.007210 15.313313 14.092477 14.795122 32.630703 30.250551 22.690052 16.430355 14.410375 14.305222 12.888337,

Auto-correlations of the modulus of each oriented sub-band
 0.640005 0.749628 0.829652 0.855812 0.820720 0.735829 0.622824 0.698088 0.819530 0.910727 0.941955 0.899619 0.798338 0.671846 0.764420 0.924572 1.040334 1.078098 1.029039 0.907860 0.747704 0.778439 0.974117 1.155366 1.234569 1.155366 0.974117 0.778439 0.747704 0.907860 1.029039 1.078098 1.040334 0.924572 0.764420 0.671846 0.798338 0.899619 0.941955 0.910727 0.819530 0.698088 0.622824 0.735829 0.820720 0.855812 0.829652 0.749628 0.640005,
 10.003116 10.366514 10.833801 11.261972 11.513794 11.624006 11.680274 11.762788 12.629115 13.640537 14.349236 14.444366 14.133451 13.727834 13.934319 15.367723 16.976833 17.886286 17.507275 16.413443 15.314472 15.434414 17.013327 18.741629 19.595030 18.741629 17.013327 15.434414 15.314472 16.413441 17.507275 17.886284 16.976837 15.367723 13.934317 13.727834 14.133448 14.444366 14.349236 13.640537 12.629114 11.762786 11.680274 11.624006 11.513792 11.261971 10.833803 10.366514 10.003115,
 44.744923 45.895687 46.860184 47.061817 46.206322 44.661079 43.011520 53.914978 57.396812 60.627716 61.832935 60.000957 56.206882 52.219261 63.054306 69.569664 75.880562 78.562408 75.480293 68.809128 61.963551 66.685226 74.817406 82.854256 86.510094 82.854256 74.817413 66.685226 61.963551 68.809128 75.480293 78.562408 75.880554 69.569679 63.054306 52.219269 56.206882 60.000950 61.832935 60.627724 57.396805 53.914978 43.011517 44.661072 46.206322 47.061817 46.860188 45.895691 44.744930,
 10.552434 10.397776 10.156614 9.769092 9.224922 8.655815 8.178910 12.829039 13.116454 13.293060 13.088289 12.291823 11.197687 10.229052 14.485455 15.476225 16.468250 16.793297 15.842046 14.200459 12.726952 14.487649 16.018978 17.711109 18.564379 17.711109 16.018976 14.487649 12.726952 14.200459 15.842046 16.793293 16.468248 15.476225 14.485453 10.229052 11.197687 12.291821 13.088289 13.293060 13.116454 12.829039 8.178910 8.655816 9.224924 9.769093 10.156614 10.397775 10.552434,
 0.582555 0.779642 0.941847 1.005336 0.940834 0.777217 0.578680 0.620456 0.830800 1.001150 1.065441 0.994884 0.819861 0.608121 0.654954 0.891837 1.090357 1.167953 1.086220 0.884861 0.647281 0.669393 0.927317 1.155507 1.250449 1.155507 0.927317 0.669393 0.647281 0.884861 1.086220 1.167953 1.090357 0.891837 0.654954 0.608121 0.819861 0.994884 1.065441 1.001150 0.830800 0.620456 0.578680 0.777216 0.940834 1.005336 0.941847 0.779642 0.582555,
 5.588232 5.809921 5.996803 6.108938 6.138587 6.119648 6.077446 6.448958 6.991611 7.472580 7.703501 7.635828 7.379679 7.069947 7.482162 8.393596 9.276857 9.651899 9.344806 8.662436 7.939145 8.133766 9.139910 10.157658 10.634895 10.157658 9.139911 8.133765 7.939146 8.662437 9.344805 9.651899 9.276857 8.393594 7.482162 7.069947 7.379681 7.635828 7.703501 7.472580 6.991611 6.448958 6.077446 6.119648 6.138587 6.108938 5.996803 5.809921 5.588232,
 22.226614 23.092194 23.835670 23.970093 23.267090 22.091871 20.981318 26.415527 28.731211 30.938021 31.777811 30.550051 27.984058 25.381294 31.135878 35.345070 39.476803 41.250248 39.295910 34.954315 30.539509 33.142910 38.371132 43.571056 45.908741 43.571060 38.371132 33.142910 30.539509 34.954308 39.295910 41.250244 39.476799 35.345070 31.135878 25.381292 27.984058 30.550047 31.777811 30.938021 28.731211 26.415527 20.981318 22.091873 23.267090 23.970095 23.835676 23.092194 22.226614,
 4.837231 4.865593 4.830014 4.697991 4.470006 4.184797 3.906296 6.001215 6.302606 6.494163 6.443611 6.075459 5.474663 4.863498 6.909481 7.633611 8.288001 8.536853 8.056441 7.067995 6.091196 6.968611 8.008315 9.077056 9.586626 9.077057 8.008315 6.968611 6.091195 7.067996 8.056441 8.536853 8.288001 7.633610 6.909481 4.863498 5.474663 6.075459 6.443612 6.494163 6.302606 6.001213 3.906296 4.184798 4.470007 4.697991 4.830014 4.865593 4.837231,
 0.330214 0.477944 0.605387 0.655594 0.603957 0.478276 0.334356 0.346635 0.500375 0.634036 0.688134 0.635469 0.503434 0.350815 0.368336 0.539085 0.693951 0.760382 0.699575 0.545891 0.372480 0.382826 0.568526 0.741438 0.815298 0.741438 0.568526 0.382826 0.372480 0.545891 0.699575 0.760382 0.693951 0.539085 0.368336 0.350815 0.503434 0.635469 0.688134 0.634036 0.500375 0.346635 0.334356 0.478276 0.603957 0.655594 0.605387 0.477944 0.330214,
 2.449612 2.671319 2.866966 2.992191 3.012631 2.935095 2.785472 2.889832 3.313037 3.681275 3.855649 3.805871 3.587905 3.278161 3.395893 4.029895 4.621940 4.864998 4.651944 4.180410 3.647981 3.705837 4.393103 5.062584 5.374247 5.062584 4.393103 3.705837 3.647982 4.180411 4.651943 4.864998 4.621940 4.029895 3.395892 3.278160 3.587904 3.805871 3.855649 3.681275 3.313036 2.889831 2.785472 2.935095 3.012630 2.992191 2.866966 2.671319 2.449612,
 10.927617 12.010174 12.945112 13.469026 13.392381 12.833968 12.055652 13.148078 15.216635 17.087473 18.018663 17.546923 16.043600 14.276196 15.533853 18.673233 21.603870 22.964706 21.918924 19.224062 16.267670 16.863800 20.437067 23.810423 25.292919 23.810423 20.437067 16.863802 16.267670 19.224062 21.918926 22.964706 21.603870 18.673233 15.533853 14.276196 16.043600 17.546921 18.018663 17.087471 15.216632 13.148078 12.055649 12.833968 13.392380 13.469026 12.945112 12.010172 10.927617,
 2.505606 2.530445 2.537468 2.516959 2.445849 2.311349 2.131021 3.140609 3.365136 3.543576 3.610511 3.487162 3.157460 2.736919 3.647411 4.140006 4.608720 4.851150 4.635136 4.031160 3.373124 3.750822 4.441637 5.138480 5.464644 5.138480 4.441637 3.750822 3.373124 4.031160 4.635136 4.851150 4.608720 4.140006 3.647411 2.736919 3.157460 3.487162 3.610511 3.543576 3.365136 3.140609 2.131022 2.311349 2.445849 2.516959 2.537468 2.530445 2.505606,

Pairwise cross-correlations of the modulus of all oriented sub-bands at the same scale (size QxQ)
 1.234568 1.781763 2.619911 1.731971 1.781763 19.595032 34.499660 10.637634 2.619911 34.499660 86.510086 33.161819 1.731971 10.637634 33.161819 18.564381,
 1.250449 1.084621 1.317289 1.007589 1.084621 10.634895 18.359842 5.381726 1.317289 18.359842 45.908726 16.904839 1.007589 5.381726 16.904839 9.586623,

Cross-correlations of the modulus of all oriented sub-bands with all oriented sub-bands at the coarser scale (size QxQ)
 1.038546 1.160621 1.471720 1.127773 1.460343 8.330421 14.212625 5.072752 2.350202 15.040772 31.849472 12.805454 1.366795 5.683334 13.623813 7.299286,
 0.866169 0.675245 0.799260 0.748384 0.890513 4.003458 7.178598 2.788960 1.287693 7.078784 15.351913 6.326790 0.803067 2.613509 6.528316 3.543821,

Cross-correlations of the real part of each oriented sub-band with both the real and imaginary part of all phase-doubled oriented sub-bands at the next coarser scale (Q matrices of size 1x2Q, which are computed and stored in a matrix of size Qx2Q)
 0.315564 -0.108730 -0.181792 -0.150269 0.017428 0.012608 0.004716 -0.003159 0.025818 -4.626327 -7.347242 -1.929113 0.004319 0.261610 0.897418 0.234685 -0.214795 -8.289186 -19.500975 -8.447235 -0.006193 0.642745 2.546367 0.733095 -0.029497 -2.086032 -7.703774 -5.101949 0.004023 0.222249 0.968283 0.304582,
 0.314542 0.003599 -0.057499 -0.034428 0.014551 0.002409 -0.004415 -0.001565 0.096450 -1.188796 -1.868174 -0.549329 0.003875 0.193457 0.367045 -0.002950 -0.068479 -2.260298 -5.675022 -2.778307 -0.000798 0.361927 0.422071 -0.089592 0.063894 -0.606015 -2.558613 -1.767571 0.007297 0.068922 -0.075005 -0.089409,
