Low-band skewness and kurtosis
 -1.246313 4.052794,
 -1.034948 3.639606,
 -0.910068 3.498032,
 -0.743747 3.556419,

High-band variance
 100.110863,

Skewness, kurtosis, variance, mean, maximum and minimum of the reconstructed texture
 129.000000 255.000000 240.872894 509.400726 -1.516371 4.473452

Auto-correlations of the low-frequency bands at each scale
 73.001350 72.664543 73.070953 73.311012 72.545616 71.558212 71.187828 66.843475 58.276955 53.087723 51.498344 53.085007 58.280945 66.826416 221.368240 223.835709 226.893463 229.019669 228.859619 227.745621 227.189087 355.694824 370.658081 382.268768 386.908325 382.268768 370.658142 355.694824 227.189117 227.745560 228.859619 229.019684 226.893463 223.835709 221.368240 66.826408 58.280933 53.084995 51.498329 53.087711 58.276974 66.843491 71.187813 71.558197 72.545631 73.311020 73.070946 72.664543 73.001366,
 77.625076 76.969688 77.018265 76.955093 75.595192 74.008919 73.076271 64.468468 60.023972 57.999718 57.990349 58.902168 61.666599 66.720909 151.369034 152.615097 154.760712 156.538269 156.335007 155.711746 156.039795 231.125854 239.076263 245.696960 248.618240 245.697006 239.076263 231.125854 156.039780 155.711746 156.335007 156.538269 154.760712 152.615112 151.369034 66.720909 61.666607 58.902184 57.990356 57.999702 60.023956 64.468460 73.076271 74.008919 75.595230 76.955086 77.018257 76.969673 77.625061,
 71.515686 71.322067 71.473236 71.516335 70.748894 69.893242 69.454704 72.147758 68.820312 66.753059 65.689995 64.908165 65.065704 66.459358 117.379387 117.469727 118.252769 118.880814 118.224480 117.280937 116.868149 157.997452 162.198654 165.862976 167.548828 165.862976 162.198654 157.997452 116.868172 117.280945 118.224487 118.880821 118.252769 117.469704 117.379387 66.459358 65.065720 64.908173 65.690002 66.753059 68.820297 72.147751 69.454704 69.893265 70.748894 71.516335 71.473244 71.322060 71.515686,
 9.719038 15.450383 14.939165 10.933232 12.995431 22.994883 29.989132 15.366191 14.363811 10.467688 13.412885 24.102928 30.841492 25.649576 14.037447 10.184209 13.636960 25.155945 31.774748 25.439487 14.619173 10.371611 13.894640 25.463951 32.324615 25.463951 13.894639 10.371611 14.619173 25.439487 31.774746 25.155945 13.636960 10.184208 14.037447 25.649576 30.841488 24.102930 13.412886 10.467686 14.363815 15.366189 29.989132 22.994884 12.995429 10.933231 14.939165 15.450383 9.719038,

Auto-correlations of the modulus of each oriented sub-band
 0.525879 0.635938 0.715500 0.741977 0.707472 0.622881 0.511851 0.560973 0.683401 0.774285 0.806486 0.769615 0.675964 0.553168 0.615372 0.764250 0.879188 0.921741 0.875575 0.758244 0.608536 0.645305 0.816026 0.952254 1.005326 0.952254 0.816026 0.645305 0.608536 0.758244 0.875575 0.921741 0.879188 0.764250 0.615372 0.553168 0.675964 0.769615 0.806486 0.774285 0.683401 0.560972 0.511851 0.622881 0.707472 0.741977 0.715500 0.635938 0.525879,
 5.640144 5.877738 6.162886 6.412316 6.564789 6.642706 6.703097 7.665956 8.243702 8.827212 9.183105 9.232425 9.098169 8.930798 10.048685 10.982054 11.915657 12.368863 12.141026 11.541452 10.940034 11.467854 12.440553 13.440110 13.902874 13.440110 12.440555 11.467853 10.940033 11.541452 12.141026 12.368860 11.915654 10.982054 10.048685 8.930798 9.098169 9.232425 9.183104 8.827212 8.243702 7.665956 6.703097 6.642706 6.564789 6.412317 6.162886 5.877739 5.640143,
 36.750061 37.816498 38.852428 39.472366 39.452129 38.985279 38.432091 49.617893 52.442200 54.902229 56.107067 55.562950 53.673157 51.284985 63.912724 69.024147 73.319214 75.184875 73.751228 69.800659 64.918282 70.780731 77.007088 82.184860 84.287376 82.184860 77.007088 70.780731 64.918282 69.800659 73.751228 75.184868 73.319214 69.024147 63.912716 51.284996 53.673161 55.562946 56.107067 54.902222 52.442200 49.617893 38.432095 38.985279 39.452129 39.472370 38.852432 37.816498 36.750061,
 7.002894 7.034307 7.045883 6.968440 6.771333 6.515055 6.296006 9.079556 9.354319 9.588440 9.616143 9.305850 8.740589 8.157340 11.079979 11.780196 12.455270 12.731334 12.298832 11.358317 10.378797 11.679585 12.731596 13.772616 14.246931 13.772615 12.731596 11.679584 10.378797 11.358317 12.298831 12.731334 12.455268 11.780196 11.079978 8.157340 8.740589 9.305850 9.616143 9.588439 9.354320 9.079556 6.296007 6.515054 6.771333 6.968439 7.045883 7.034307 7.002893,
 0.512145 0.698566 0.849408 0.904134 0.837386 0.679570 0.492662 0.526795 0.722053 0.881338 0.939912 0.870306 0.704742 0.509162 0.547836 0.761967 0.940863 1.009658 0.934501 0.751749 0.537309 0.558483 0.786432 0.982124 1.061257 0.982124 0.786432 0.558483 0.537309 0.751749 0.934500 1.009658 0.940863 0.761967 0.547836 0.509162 0.704742 0.870306 0.939912 0.881338 0.722053 0.526795 0.492662 0.679570 0.837386 0.904134 0.849408 0.698566 0.512144,
 2.669786 2.779578 2.901402 3.000708 3.044453 3.062798 3.078055 3.652682 3.933130 4.198617 4.338542 4.331985 4.251179 4.155285 4.898040 5.391973 5.880881 6.077944 5.897991 5.579684 5.267630 5.622777 6.138610 6.697440 6.982594 6.697442 6.138610 5.622777 5.267631 5.579684 5.897991 6.077944 5.880882 5.391973 4.898039 4.155285 4.251179 4.331985 4.338542 4.198617 3.933131 3.652682 3.078056 3.062798 3.044453 3.000709 2.901402 2.779578 2.669785,
 18.715784 19.167065 19.501358 19.527870 19.135820 18.491266 17.811039 24.906273 26.471397 27.632408 27.981655 27.316442 25.926992 24.253386 31.997189 35.115482 37.489868 38.342304 37.280640 34.778557 31.634953 35.185390 39.119621 42.217751 43.452190 42.217751 39.119621 35.185390 31.634953 34.778561 37.280640 38.342304 37.489872 35.115482 31.997189 24.253389 25.926992 27.316442 27.981659 27.632414 26.471397 24.906273 17.811041 18.491266 19.135820 19.527870 19.501358 19.167065 18.715784,
 3.653043 3.643626 3.618255 3.543320 3.418023 3.284962 3.167244 4.685042 4.794101 4.863772 4.849498 4.703269 4.439343 4.150905 5.699779 6.013123 6.324333 6.499023 6.305436 5.815484 5.321776 5.999479 6.506653 7.064554 7.349710 7.064554 6.506653 5.999480 5.321776 5.815484 6.305436 6.499023 6.324333 6.013123 5.699779 4.150904 4.439343 4.703269 4.849499 4.863771 4.794101 4.685043 3.167243 3.284962 3.418023 3.543320 3.618254 3.643626 3.653043,
 0.291142 0.428592 0.544806 0.589637 0.540900 0.422690 0.284948 0.300356 0.441482 0.560127 0.604892 0.553349 0.431273 0.290582 0.311101 0.461417 0.590719 0.641035 0.585279 0.453168 0.303531 0.314453 0.471041 0.609814 0.666967 0.609814 0.471041 0.314453 0.303531 0.453168 0.585279 0.641035 0.590718 0.461417 0.311101 0.290582 0.431273 0.553349 0.604892 0.560127 0.441482 0.300356 0.284948 0.422690 0.540900 0.589637 0.544805 0.428592 0.291142,
 1.361201 1.404599 1.450191 1.488171 1.506107 1.515211 1.515342 1.841555 1.996602 2.121163 2.190831 2.208121 2.183432 2.126264 2.487679 2.786051 3.052851 3.154227 3.082371 2.934809 2.749327 2.911405 3.223647 3.524869 3.672291 3.524869 3.223647 2.911404 2.749327 2.934809 3.082371 3.154227 3.052851 2.786051 2.487679 2.126263 2.183432 2.208120 2.190831 2.121163 1.996602 1.841555 1.515342 1.515211 1.506107 1.488171 1.450191 1.404599 1.361201,
 8.365610 8.729112 9.104043 9.369547 9.416789 9.308277 9.154840 11.417854 12.489843 13.459542 14.032288 13.982939 13.424392 12.613274 15.368221 17.381535 19.071522 19.909370 19.531399 18.181377 16.354500 17.663996 20.101444 22.044149 22.829523 22.044149 20.101442 17.663994 16.354502 18.181377 19.531399 19.909370 19.071522 17.381538 15.368221 12.613274 13.424392 13.982939 14.032288 13.459542 12.489843 11.417853 9.154839 9.308277 9.416790 9.369546 9.104043 8.729112 8.365610,
 1.478748 1.538231 1.587521 1.592335 1.553912 1.503652 1.462500 1.995086 2.117365 2.207678 2.235405 2.178704 2.037709 1.868299 2.548200 2.787437 3.007679 3.136236 3.037220 2.733889 2.411473 2.734931 3.082402 3.441824 3.620474 3.441823 3.082402 2.734931 2.411473 2.733890 3.037220 3.136236 3.007679 2.787437 2.548200 1.868298 2.037709 2.178704 2.235405 2.207678 2.117365 1.995086 1.462500 1.503652 1.553912 1.592335 1.587520 1.538231 1.478748,

Pairwise cross-correlations of the modulus of all oriented sub-bands at the same scale (size QxQ)
 1.005326 1.045128 1.617484 1.123163 1.045128 13.902874 30.983479 10.210356 1.617484 30.983479 84.287338 31.237940 1.123163 10.210356 31.237940 14.246926,
 1.061257 0.662480 0.894003 0.752400 0.662480 6.982594 15.591721 5.021110 0.894003 15.591721 43.452183 15.913588 0.752400 5.021110 15.913588 7.349709,

Cross-correlations of the modulus of all oriented sub-bands with all oriented sub-bands at the coarser scale (size QxQ)
 0.900680 0.591251 0.755874 0.685154 1.036307 4.710457 10.748363 4.131406 1.817423 10.586871 27.493847 11.209195 1.085279 3.981149 10.982350 5.203027,
 0.730332 0.410377 0.338837 0.485540 0.519030 1.919463 4.292665 1.814466 0.916625 4.098577 10.686552 4.578716 0.653304 1.609721 4.182855 2.099504,

Cross-correlations of the real part of each oriented sub-band with both the real and imaginary part of all phase-doubled oriented sub-bands at the next coarser scale (Q matrices of size 1x2Q, which are computed and stored in a matrix of size Qx2Q)
 0.334614 0.020415 -0.053732 -0.001935 -0.013268 -0.003771 0.000353 -0.001250 0.120698 -3.934802 -7.757009 -2.207285 -0.006431 0.287058 0.982015 0.327537 -0.011068 -8.487185 -19.815372 -7.198535 0.000130 0.787772 2.730477 0.841236 0.114538 -2.357774 -6.867055 -3.181886 -0.002847 0.273396 0.972467 0.261918,
 0.301424 0.040206 -0.016915 0.018547 0.001725 0.003651 0.000325 -0.001745 0.122038 -1.661658 -3.359837 -0.943774 0.003008 -0.147741 -0.113989 0.069663 0.001529 -3.722262 -8.960175 -3.169163 0.004579 -0.275494 0.089900 0.168298 0.106339 -1.052009 -3.193160 -1.385204 0.003461 -0.051298 0.149427 0.016049,
