Low-band skewness and kurtosis
 -1.162357 3.800079,
 -0.852379 3.121479,
 -0.570953 2.613319,
 -0.143919 2.044210,

High-band variance
 104.194939,

Skewness, kurtosis, variance, mean, maximum and minimum of the reconstructed texture
 122.000000 255.000000 240.728500 500.357910 -1.464156 4.279559

Auto-correlations of the low-frequency bands at each scale
 53.609612 54.424557 55.762051 56.697010 56.532955 56.196827 56.720772 51.394417 41.201683 34.876766 33.184921 35.966167 43.379196 54.561771 209.429596 210.598343 212.590134 213.713562 212.372452 209.750381 207.261490 334.618164 353.189178 367.669006 373.428131 367.669006 353.189209 334.618164 207.261490 209.750351 212.372452 213.713562 212.590118 210.598343 209.429596 54.561760 43.379200 35.966171 33.184910 34.876762 41.201675 51.394424 56.720772 56.196815 56.532967 56.697002 55.762051 54.424545 53.609612,
 61.955093 62.497719 63.750629 64.728645 64.278603 63.634369 63.808052 52.771412 47.075363 44.174469 43.679947 44.550644 47.826782 53.896717 137.100800 137.914185 139.685181 140.959656 139.981995 138.363373 137.509995 210.501221 220.652222 228.841751 232.347290 228.841751 220.652222 210.501221 137.510010 138.363373 139.981995 140.959656 139.685181 137.914200 137.100784 53.896729 47.826794 44.550644 43.679947 44.174477 47.075363 52.771404 63.808071 63.634373 64.278603 64.728645 63.750645 62.497723 61.955086,
 69.346344 69.112579 69.320923 69.525406 69.015991 68.600143 68.818321 61.650173 57.998539 56.027328 55.488239 55.631210 57.274288 60.712738 101.478493 102.138115 103.595566 104.749390 104.254723 103.332489 102.961868 138.529953 144.386200 149.374268 151.609833 149.374268 144.386215 138.529953 102.961868 103.332481 104.254723 104.749390 103.595566 102.138115 101.478493 60.712746 57.274273 55.631199 55.488235 56.027313 57.998547 61.650166 68.818329 68.600136 69.015976 69.525398 69.320923 69.112579 69.346336,
 12.904276 16.376114 19.174215 21.523817 24.723972 28.675386 30.427532 16.599821 19.133297 21.311859 24.882191 29.186682 30.973488 28.754261 19.359497 21.206495 24.737852 29.703485 31.747646 29.013939 24.730572 21.480923 24.564884 29.518520 32.251038 29.518522 24.564884 21.480921 24.730572 29.013937 31.747644 29.703491 24.737852 21.206491 19.359499 28.754265 30.973482 29.186682 24.882189 21.311867 19.133293 16.599819 30.427532 28.675386 24.723972 21.523815 19.174215 16.376112 12.904276,

Auto-correlations of the modulus of each oriented sub-band
 0.507273 0.618953 0.702506 0.733352 0.701817 0.618362 0.507394 0.550382 0.671998 0.765404 0.802048 0.769245 0.678027 0.556679 0.621578 0.767254 0.880035 0.922223 0.878162 0.765128 0.620534 0.662411 0.831908 0.968339 1.021857 0.968339 0.831908 0.662411 0.620534 0.765128 0.878162 0.922223 0.880035 0.767254 0.621578 0.556679 0.678027 0.769245 0.802048 0.765403 0.671998 0.550382 0.507394 0.618362 0.701817 0.733352 0.702506 0.618953 0.507273,
 6.467079 6.769376 7.133882 7.414742 7.530792 7.542299 7.541651 8.346243 9.061904 9.825429 10.274603 10.265816 9.988778 9.686569 10.607586 11.780514 13.007380 13.609467 13.272796 12.425076 11.596165 12.024040 13.280107 14.612545 15.237820 14.612545 13.280107 12.024040 11.596167 12.425076 13.272795 13.609467 13.007380 11.780514 10.607584 9.686569 9.988778 10.265816 10.274603 9.825429 9.061903 8.346243 7.541652 7.542298 7.530792 7.414742 7.133882 6.769376 6.467077,
 41.059273 41.967491 42.825260 43.160141 42.649025 41.499855 40.177368 52.978439 55.901688 58.426083 59.374630 58.072617 55.107239 51.670822 65.332787 71.101349 76.065742 78.024658 75.761826 70.462158 64.339287 70.496124 77.863731 84.282906 86.968185 84.282906 77.863731 70.496124 64.339287 70.462151 75.761826 78.024658 76.065735 71.101349 65.332787 51.670818 55.107239 58.072617 59.374641 58.426083 55.901688 52.978443 40.177364 41.499851 42.649025 43.160141 42.825260 41.967491 41.059280,
 7.655567 7.598574 7.534106 7.378031 7.071577 6.700171 6.393606 9.870800 10.093510 10.287922 10.236377 9.762916 9.020555 8.332411 11.774429 12.498564 13.236049 13.507814 12.908707 11.753704 10.657846 12.144407 13.289165 14.509239 15.091228 14.509239 13.289165 12.144407 10.657848 11.753704 12.908709 13.507815 13.236049 12.498564 11.774429 8.332411 9.020555 9.762916 10.236376 10.287924 10.093512 9.870799 6.393607 6.700171 7.071577 7.378031 7.534106 7.598573 7.655567,
 0.510565 0.700956 0.857948 0.919708 0.857816 0.700412 0.509241 0.533684 0.734915 0.902373 0.969266 0.904356 0.738254 0.537393 0.564011 0.787566 0.977727 1.054560 0.980079 0.791626 0.568986 0.583687 0.821252 1.028290 1.113128 1.028290 0.821252 0.583687 0.568986 0.791626 0.980079 1.054560 0.977727 0.787566 0.564011 0.537393 0.738254 0.904356 0.969266 0.902373 0.734915 0.533684 0.509241 0.700413 0.857816 0.919708 0.857948 0.700956 0.510565,
 3.153046 3.306484 3.447960 3.560576 3.623415 3.635645 3.605525 4.134828 4.530477 4.879120 5.056429 5.049395 4.943933 4.771006 5.347437 5.994713 6.613008 6.876060 6.672067 6.272669 5.843276 6.103419 6.769339 7.451308 7.789452 7.451309 6.769340 6.103419 5.843276 6.272667 6.672066 6.876060 6.613009 5.994714 5.347436 4.771006 4.943933 5.049395 5.056430 4.879120 4.530477 4.134828 3.605525 3.635644 3.623415 3.560577 3.447961 3.306484 3.153047,
 19.309778 19.875860 20.369127 20.595572 20.410540 19.901133 19.242544 25.086433 26.897228 28.344194 28.931719 28.373375 26.897867 24.988161 31.548439 35.109596 37.938148 39.061657 37.952507 35.091019 31.457670 34.495762 38.991356 42.593338 44.030689 42.593346 38.991356 34.495754 31.457670 35.091015 37.952499 39.061649 37.938152 35.109596 31.548439 24.988159 26.897863 28.373373 28.931723 28.344194 26.897230 25.086433 19.242544 19.901129 20.410542 20.595572 20.369127 19.875862 19.309780,
 3.449510 3.412099 3.339043 3.228500 3.086857 2.941094 2.805546 4.624134 4.710734 4.741981 4.696739 4.507668 4.186954 3.833269 5.656657 6.003045 6.323558 6.480245 6.234814 5.672220 5.076341 5.865229 6.466522 7.077470 7.378827 7.077470 6.466522 5.865229 5.076341 5.672219 6.234813 6.480245 6.323559 6.003045 5.656657 3.833269 4.186954 4.507668 4.696739 4.741982 4.710734 4.624134 2.805547 2.941095 3.086857 3.228500 3.339043 3.412099 3.449510,
 0.320964 0.469842 0.595055 0.644074 0.592210 0.464546 0.314397 0.334065 0.488901 0.620925 0.673561 0.619810 0.485927 0.328764 0.353702 0.526841 0.678361 0.740272 0.678843 0.527077 0.352484 0.365250 0.551022 0.716029 0.784362 0.716029 0.551022 0.365250 0.352484 0.527077 0.678843 0.740272 0.678361 0.526841 0.353702 0.328764 0.485927 0.619810 0.673561 0.620925 0.488901 0.334065 0.314397 0.464546 0.592210 0.644074 0.595055 0.469842 0.320964,
 1.279319 1.414726 1.530292 1.597801 1.625850 1.637715 1.621979 1.840457 2.139002 2.385962 2.490820 2.468462 2.384363 2.253196 2.503463 2.981207 3.408921 3.565509 3.410929 3.122282 2.799965 2.913846 3.405318 3.883998 4.111826 3.883998 3.405318 2.913846 2.799965 3.122282 3.410929 3.565509 3.408921 2.981207 2.503463 2.253196 2.384363 2.468462 2.490820 2.385962 2.139002 1.840457 1.621979 1.637715 1.625850 1.597801 1.530292 1.414726 1.279319,
 8.391193 8.973105 9.419789 9.633846 9.553381 9.239385 8.758739 11.452056 12.964203 14.065967 14.452780 14.009228 12.938097 11.538529 14.613493 17.344458 19.433205 20.183788 19.309132 17.223452 14.595798 16.020296 19.318573 21.952862 23.013065 21.952864 19.318573 16.020294 14.595796 17.223452 19.309130 20.183788 19.433205 17.344458 14.613490 11.538529 12.938096 14.009228 14.452780 14.065969 12.964203 11.452055 8.758741 9.239384 9.553380 9.633846 9.419789 8.973104 8.391193,
 1.505440 1.547152 1.577499 1.585603 1.560599 1.506283 1.427514 2.024887 2.155073 2.238133 2.269937 2.223658 2.070621 1.847535 2.524694 2.792361 3.026782 3.174951 3.084815 2.750768 2.357954 2.667069 3.069472 3.471086 3.666400 3.471086 3.069472 2.667069 2.357954 2.750768 3.084815 3.174952 3.026782 2.792360 2.524694 1.847535 2.070621 2.223657 2.269937 2.238133 2.155073 2.024887 1.427514 1.506283 1.560599 1.585603 1.577499 1.547152 1.505440,

Pairwise cross-correlations of the modulus of all oriented sub-bands at the same scale (size QxQ)
 1.021857 1.094350 1.656143 1.075431 1.094350 15.237823 32.260109 10.416090 1.656143 32.260109 86.968170 32.309143 1.075431 10.416090 32.309143 15.091228,
 1.113127 0.708100 0.725101 0.685464 0.708100 7.789452 16.192669 4.831491 0.725101 16.192669 44.030685 15.699036 0.685464 4.831491 15.699036 7.378828,

Cross-correlations of the modulus of all oriented sub-bands with all oriented sub-bands at the coarser scale (size QxQ)
 0.912644 0.673646 0.719723 0.681626 0.969497 5.367278 11.529260 4.043271 1.603859 11.504794 29.134190 11.089843 0.930203 4.195028 11.586970 5.203756,
 0.806743 0.427904 0.324181 0.450560 0.595148 2.313663 4.753999 1.727585 0.831126 5.056141 12.158669 4.552608 0.614535 1.886991 4.594906 2.072634,

Cross-correlations of the real part of each oriented sub-band with both the real and imaginary part of all phase-doubled oriented sub-bands at the next coarser scale (Q matrices of size 1x2Q, which are computed and stored in a matrix of size Qx2Q)
 0.322265 -0.013181 -0.076351 -0.017499 -0.000762 0.008092 0.001670 -0.008550 0.101358 -3.947423 -7.955781 -2.403710 0.003374 0.033534 0.192920 0.129979 -0.026093 -8.389132 -21.567675 -8.403837 0.001982 0.122650 0.725533 0.437163 0.107933 -2.397970 -8.095854 -3.929188 -0.001067 0.067809 0.340121 0.173060,
 0.303783 0.022959 -0.034298 0.016079 -0.001038 -0.015658 -0.005512 0.011112 0.108569 -1.768539 -3.090276 -0.823033 0.000121 0.006443 0.170494 0.015110 -0.010598 -3.529053 -7.759961 -2.928266 0.000035 0.125427 0.277258 -0.070100 0.110069 -0.895938 -2.729560 -1.404092 -0.003633 0.033745 -0.031067 -0.059611,
