Low-band skewness and kurtosis
 -1.287671 4.267749,
 -1.108232 4.114454,
 -0.917012 3.424827,
 -0.134242 2.847353,

High-band variance
 97.172318,

Skewness, kurtosis, variance, mean, maximum and minimum of the reconstructed texture
 125.000000 255.000000 240.898483 512.230347 -1.544728 4.602577

Auto-correlations of the low-frequency bands at each scale
 64.528198 65.242981 66.523605 67.382278 66.894096 66.019928 65.779175 49.961906 45.597240 43.309631 42.459927 42.213291 43.454151 46.879475 224.936752 225.300552 226.369095 226.727005 225.095978 222.755173 221.142242 375.361115 383.233215 389.628937 392.315613 389.628937 383.233215 375.361115 221.142242 222.755157 225.095978 226.727051 226.369110 225.300583 224.936737 46.879463 43.454136 42.213287 42.459927 43.309635 45.597248 49.961922 65.779175 66.019920 66.894081 67.382286 66.523605 65.242981 64.528221,
 72.101059 72.606125 73.796951 74.793098 74.428238 73.881325 74.036858 52.149551 50.377071 50.253624 51.030163 51.558556 53.026955 56.150513 150.021530 150.153717 151.214188 151.810089 150.405304 148.630630 147.825058 237.392075 241.908539 246.190094 248.260376 246.190094 241.908539 237.392075 147.825043 148.630630 150.405304 151.810089 151.214188 150.153717 150.021530 56.150501 53.026962 51.558563 51.030163 50.253613 50.377071 52.149555 74.036858 73.881340 74.428253 74.793106 73.796936 72.606125 72.101067,
 80.091705 80.062981 80.381096 80.631935 80.139252 79.645531 79.517975 68.790276 67.281609 66.767578 66.780975 66.562355 66.974922 68.446121 111.994423 112.483101 113.691483 114.592888 114.027557 113.213081 113.105453 156.469086 159.246231 162.047241 163.462250 162.047241 159.246231 156.469086 113.105453 113.213089 114.027557 114.592865 113.691483 112.483101 111.994423 68.446121 66.974922 66.562355 66.780975 66.767570 67.281609 68.790268 79.517967 79.645538 80.139236 80.631935 80.381081 80.062981 80.091698,
 4.521639 7.073331 8.582119 10.022073 14.335126 21.015011 24.255459 7.074870 8.371779 9.764845 14.514985 21.543303 24.839211 21.092794 8.476025 9.596700 14.406082 22.132086 25.652273 21.413855 14.319069 9.835094 14.200369 21.971355 26.208456 21.971355 14.200369 9.835094 14.319069 21.413855 25.652273 22.132086 14.406082 9.596702 8.476026 21.092796 24.839211 21.543303 14.514986 9.764844 8.371781 7.074870 24.255457 21.015007 14.335126 10.022071 8.582120 7.073331 4.521640,

Auto-correlations of the modulus of each oriented sub-band
 0.526718 0.646060 0.736965 0.773894 0.745219 0.659776 0.541949 0.556608 0.688627 0.790839 0.832852 0.800516 0.704512 0.573813 0.600542 0.754303 0.875131 0.923630 0.881477 0.764552 0.611452 0.628145 0.794731 0.926091 0.976860 0.926091 0.794731 0.628145 0.611452 0.764552 0.881477 0.923630 0.875131 0.754303 0.600542 0.573813 0.704512 0.800516 0.832852 0.790838 0.688627 0.556608 0.541949 0.659776 0.745218 0.773894 0.736965 0.646060 0.526718,
 5.618114 5.750268 5.881713 5.981502 6.019897 6.002006 5.961142 7.684373 8.022607 8.295343 8.431026 8.422482 8.312739 8.146896 10.006984 10.588699 11.064088 11.247314 11.099773 10.758912 10.354684 11.205484 11.830328 12.375618 12.609984 12.375618 11.830328 11.205486 10.354682 10.758910 11.099773 11.247313 11.064087 10.588699 10.006984 8.146896 8.312737 8.422482 8.431026 8.295342 8.022607 7.684373 5.961141 6.002007 6.019898 5.981502 5.881713 5.750268 5.618116,
 40.050564 40.589722 41.096691 41.282299 40.979153 40.326382 39.590385 55.329929 56.930656 58.205891 58.692139 58.144695 56.776443 55.027843 71.982498 75.038391 77.372200 78.267059 77.363182 74.992661 71.857460 79.659332 83.509483 86.433846 87.557404 86.433846 83.509491 79.659332 71.857460 74.992653 77.363174 78.267036 77.372200 75.038383 71.982498 55.027843 56.776440 58.144695 58.692139 58.205879 56.930649 55.329929 39.590385 40.326378 40.979156 41.282299 41.096684 40.589722 40.050556,
 5.807761 5.810679 5.806504 5.759196 5.655208 5.517847 5.375228 8.060482 8.200079 8.296789 8.299405 8.160002 7.879005 7.527833 10.323256 10.714380 11.051682 11.199550 11.012155 10.525231 9.930699 11.180343 11.806735 12.360996 12.600412 12.360996 11.806736 11.180343 9.930697 10.525229 11.012155 11.199550 11.051682 10.714380 10.323256 7.527832 7.879005 8.160002 8.299405 8.296789 8.200079 8.060482 5.375227 5.517847 5.655208 5.759195 5.806504 5.810679 5.807761,
 0.518660 0.712124 0.872995 0.938613 0.878953 0.721568 0.528631 0.544092 0.747998 0.917768 0.986543 0.922413 0.755254 0.551506 0.574349 0.794972 0.980263 1.055230 0.983901 0.800457 0.579425 0.593512 0.825277 1.020231 1.098007 1.020231 0.825277 0.593512 0.579425 0.800457 0.983901 1.055230 0.980263 0.794972 0.574349 0.551506 0.755254 0.922413 0.986543 0.917768 0.747998 0.544092 0.528631 0.721568 0.878953 0.938613 0.872995 0.712124 0.518660,
 2.932375 2.966599 2.987049 3.003497 2.999592 2.959408 2.905994 3.916909 4.110758 4.239038 4.255080 4.193833 4.089311 3.950092 5.115806 5.487350 5.817207 5.893984 5.707993 5.438369 5.173879 5.717805 6.113069 6.535314 6.743315 6.535314 6.113069 5.717805 5.173878 5.438369 5.707993 5.893984 5.817207 5.487350 5.115805 3.950093 4.089311 4.193833 4.255081 4.239038 4.110759 3.916909 2.905994 2.959408 2.999592 3.003498 2.987049 2.966599 2.932375,
 20.700087 20.858500 20.964581 20.864891 20.459003 19.878984 19.283426 28.843573 29.733158 30.327900 30.372862 29.720181 28.569031 27.191893 38.293945 40.231880 41.595531 41.977287 41.145500 39.381985 37.112221 42.351921 44.968185 46.915302 47.674290 46.915302 44.968185 42.351921 37.112221 39.381985 41.145496 41.977291 41.595535 40.231880 38.293945 27.191893 28.569029 29.720181 30.372862 30.327900 29.733158 28.843573 19.283428 19.878984 20.459003 20.864891 20.964582 20.858501 20.700087,
 3.127623 3.119278 3.096258 3.045651 2.963366 2.865444 2.767186 4.346837 4.396029 4.436671 4.441415 4.353039 4.164032 3.938994 5.634199 5.823343 6.043856 6.180717 6.061135 5.719480 5.351791 6.113946 6.471114 6.866529 7.062813 6.866529 6.471114 6.113946 5.351791 5.719480 6.061135 6.180717 6.043856 5.823342 5.634199 3.938994 4.164032 4.353039 4.441415 4.436670 4.396029 4.346837 2.767186 2.865444 2.963366 3.045652 3.096258 3.119278 3.127623,
 0.323216 0.475098 0.603560 0.656677 0.609135 0.483390 0.331377 0.332549 0.489752 0.623870 0.679595 0.629465 0.497877 0.339963 0.348943 0.516992 0.662602 0.723012 0.666612 0.522764 0.353907 0.360566 0.536265 0.689180 0.751508 0.689180 0.536265 0.360566 0.353907 0.522764 0.666612 0.723012 0.662602 0.516992 0.348943 0.339963 0.497877 0.629465 0.679595 0.623870 0.489752 0.332549 0.331377 0.483390 0.609135 0.656677 0.603560 0.475098 0.323216,
 1.636531 1.648475 1.621181 1.575723 1.531034 1.493969 1.456101 2.043322 2.154527 2.206839 2.171647 2.105882 2.048540 1.987075 2.552691 2.766701 2.954471 2.973113 2.840782 2.699590 2.572874 2.821634 3.034340 3.276142 3.408055 3.276142 3.034340 2.821634 2.572874 2.699590 2.840782 2.973113 2.954471 2.766701 2.552691 1.987074 2.048540 2.105882 2.171647 2.206839 2.154527 2.043322 1.456101 1.493969 1.531034 1.575723 1.621181 1.648475 1.636531,
 10.550690 10.572876 10.472859 10.202668 9.746941 9.208155 8.678343 13.552474 14.067050 14.379601 14.367414 13.966367 13.294945 12.487343 17.215141 18.384233 19.224659 19.510651 19.103842 18.154066 16.876392 18.993361 20.530809 21.663038 22.103956 21.663038 20.530809 18.993359 16.876392 18.154066 19.103842 19.510653 19.224661 18.384235 17.215141 12.487342 13.294945 13.966367 14.367414 14.379601 14.067047 13.552475 8.678342 9.208155 9.746942 10.202668 10.472858 10.572874 10.550690,
 1.518926 1.522619 1.488439 1.443222 1.411777 1.370512 1.290836 1.942097 1.984277 2.008600 2.053384 2.072399 1.986605 1.824076 2.411700 2.541671 2.704183 2.864367 2.849263 2.631943 2.379027 2.630684 2.869789 3.150088 3.301846 3.150088 2.869789 2.630684 2.379027 2.631943 2.849263 2.864367 2.704182 2.541671 2.411700 1.824076 1.986605 2.072399 2.053384 2.008600 1.984276 1.942097 1.290836 1.370512 1.411777 1.443222 1.488439 1.522619 1.518925,

Pairwise cross-correlations of the modulus of all oriented sub-bands at the same scale (size QxQ)
 0.976860 0.704237 0.788264 0.684387 0.704237 12.609983 31.446102 10.700565 0.788264 31.446102 87.557388 31.496111 0.684387 10.700565 31.496111 12.600412,
 1.098007 0.614972 0.458434 0.585442 0.614972 6.743313 16.779732 5.862644 0.458434 16.779732 47.674294 17.276102 0.585442 5.862644 17.276102 7.062813,

Cross-correlations of the modulus of all oriented sub-bands with all oriented sub-bands at the coarser scale (size QxQ)
 0.942501 0.471475 0.180422 0.456606 0.818061 4.211287 10.329733 3.856411 1.223974 10.343409 27.983389 10.522502 0.801878 3.824876 10.376474 4.254988,
 0.798649 0.423462 0.321265 0.435451 0.549851 2.072581 4.658301 1.596683 0.640994 4.967950 12.705075 4.294020 0.507158 1.872203 4.739191 1.822934,

Cross-correlations of the real part of each oriented sub-band with both the real and imaginary part of all phase-doubled oriented sub-bands at the next coarser scale (Q matrices of size 1x2Q, which are computed and stored in a matrix of size Qx2Q)
 0.347395 0.035460 -0.022832 0.039867 0.011768 0.013820 -0.000761 -0.011669 0.123305 -3.196156 -7.816187 -2.668783 0.004520 -0.445557 -1.154581 -0.334368 -0.000468 -8.072935 -21.990665 -8.367667 0.000616 -1.150301 -3.060894 -0.873728 0.129054 -2.631046 -8.020289 -3.349665 0.003703 -0.369700 -1.034997 -0.290028,
 0.311007 0.028565 -0.005827 0.020626 0.013898 -0.005838 -0.000315 0.002671 0.115061 -1.362902 -3.602103 -1.249208 0.001823 -0.669125 -1.533034 -0.474796 0.003906 -3.464441 -10.154004 -3.946517 0.000951 -1.627367 -4.051124 -1.321131 0.121387 -1.133053 -3.713133 -1.588767 0.009151 -0.510865 -1.355059 -0.461613,
