Low-band skewness and kurtosis
 -1.291471 4.066698,
 -1.066593 3.568368,
 -0.817613 2.866169,
 -0.790413 2.878943,

High-band variance
 104.451630,

Skewness, kurtosis, variance, mean, maximum and minimum of the reconstructed texture
 121.000000 255.000000 240.575806 544.653259 -1.548537 4.537448

Auto-correlations of the low-frequency bands at each scale
 118.030655 109.865410 105.786964 104.607048 104.848267 106.990089 112.184479 140.626434 117.311813 98.032593 89.766243 95.276703 112.461456 134.860138 250.086227 259.286255 265.630768 267.401093 263.990723 258.121552 251.845734 333.169525 372.592102 405.283508 418.423340 405.283478 372.592102 333.169525 251.845734 258.121521 263.990723 267.401123 265.630768 259.286285 250.086227 134.860123 112.461472 95.276688 89.766243 98.032593 117.311798 140.626419 112.184479 106.990112 104.848282 104.607048 105.786964 109.865402 118.030647,
 106.222855 102.572800 102.255356 103.760254 105.085281 107.125046 110.949425 120.169510 106.593155 96.044937 92.180595 95.712891 106.301903 120.624977 185.799362 190.006805 192.909317 193.365387 190.421204 186.580643 183.487534 231.966293 254.414520 273.571381 281.513123 273.571411 254.414520 231.966293 183.487534 186.580673 190.421204 193.365356 192.909363 190.006760 185.799362 120.624992 106.301926 95.712891 92.180611 96.044945 106.593132 120.169510 110.949425 107.125053 105.085289 103.760254 102.255356 102.572777 106.222870,
 104.700203 103.045456 102.712990 102.890060 102.528603 102.549416 103.941643 111.633003 105.111458 100.307213 98.601913 99.961502 104.607666 111.391037 146.167862 148.689774 151.127243 152.622803 152.185608 151.102203 150.150421 175.277817 186.590851 196.255844 200.333755 196.255844 186.590820 175.277817 150.150421 151.102219 152.185608 152.622772 151.127243 148.689774 146.167862 111.391037 104.607666 99.961487 98.601913 100.307198 105.111443 111.632988 103.941658 102.549393 102.528603 102.890045 102.712967 103.045456 104.700188,
 18.430115 24.272764 23.485798 21.520832 26.399443 36.057095 40.295582 24.341204 23.186018 20.604258 25.769121 36.891747 42.280300 36.815929 22.988516 20.305578 25.557989 37.925301 44.222225 37.707184 27.052389 21.052736 25.998669 38.220997 45.185085 38.220997 25.998665 21.052732 27.052395 37.707188 44.222225 37.925304 25.557989 20.305580 22.988508 36.815929 42.280300 36.891754 25.769119 20.604252 23.186018 24.341204 40.295586 36.057095 26.399437 21.520828 23.485802 24.272758 18.430111,

Auto-correlations of the modulus of each oriented sub-band
 0.693932 0.795385 0.869912 0.898184 0.870308 0.792481 0.685403 0.750476 0.869449 0.963705 0.999678 0.963501 0.870117 0.748737 0.826557 0.987711 1.104806 1.152659 1.119102 1.003829 0.835872 0.858497 1.066487 1.272341 1.366926 1.272341 1.066488 0.858497 0.835872 1.003829 1.119102 1.152659 1.104806 0.987711 0.826557 0.748737 0.870117 0.963501 0.999678 0.963705 0.869450 0.750476 0.685403 0.792481 0.870308 0.898184 0.869912 0.795385 0.693932,
 11.314137 11.827787 12.529436 13.250916 13.774321 14.095116 14.303242 13.392899 14.496877 15.795484 16.799788 17.093885 16.888592 16.516451 15.956697 17.657284 19.548927 20.693506 20.367216 19.216766 18.008083 17.835852 19.635927 21.569391 22.534519 21.569391 19.635927 17.835852 18.008083 19.216766 20.367214 20.693502 19.548927 17.657282 15.956697 16.516451 16.888594 17.093885 16.799788 15.795485 14.496877 13.392899 14.303239 14.095119 13.774320 13.250916 12.529435 11.827787 11.314138,
 44.544804 46.247883 47.916161 48.472900 47.515755 45.787357 44.257198 51.675140 55.836102 60.171539 61.985828 59.840019 55.458588 51.421616 58.996227 66.107231 73.795883 77.311874 73.638802 65.937553 58.877163 62.205456 70.727638 80.107277 84.600632 80.107269 70.727638 62.205456 58.877167 65.937546 73.638802 77.311867 73.795883 66.107231 58.996223 51.421608 55.458588 59.840019 61.985832 60.171539 55.836105 51.675133 44.257187 45.787357 47.515755 48.472900 47.916161 46.247887 44.544800,
 14.205064 13.977368 13.656681 13.115450 12.331869 11.538066 10.966683 16.418751 16.857172 17.152357 16.871323 15.741292 14.218019 12.949839 17.790527 19.182667 20.557653 20.969620 19.661663 17.447128 15.501053 17.467730 19.524302 21.781712 22.901028 21.781710 19.524303 17.467726 15.501055 17.447128 19.661665 20.969618 20.557653 19.182665 17.790520 12.949841 14.218019 15.741292 16.871323 17.152357 16.857172 16.418747 10.966683 11.538065 12.331871 13.115449 13.656681 13.977366 14.205063,
 0.583538 0.765161 0.915786 0.973945 0.911372 0.756740 0.572899 0.611169 0.803883 0.961198 1.022839 0.961714 0.802519 0.606580 0.643736 0.866979 1.058094 1.136755 1.062479 0.871347 0.644328 0.660114 0.912695 1.146097 1.246611 1.146097 0.912695 0.660114 0.644328 0.871347 1.062479 1.136755 1.058094 0.866978 0.643736 0.606580 0.802519 0.961714 1.022839 0.961198 0.803883 0.611169 0.572899 0.756740 0.911372 0.973945 0.915786 0.765161 0.583538,
 5.993011 6.225871 6.514004 6.799090 7.001106 7.089461 7.097207 6.865139 7.470264 8.130142 8.590175 8.717037 8.564867 8.255482 8.042722 9.084827 10.184861 10.776530 10.565031 9.862978 9.049284 8.962366 10.127355 11.313214 11.871558 11.313217 10.127355 8.962367 9.049282 9.862977 10.565031 10.776530 10.184862 9.084827 8.042722 8.255482 8.564867 8.717035 8.590175 8.130142 7.470264 6.865139 7.097206 7.089461 7.001106 6.799090 6.514006 6.225871 5.993012,
 23.851625 24.819775 25.857914 26.292936 25.663336 24.297380 22.861034 26.942358 29.640314 32.517879 33.833508 32.509857 29.480484 26.460093 30.284292 35.123371 40.332169 42.748566 40.376820 35.126934 30.130159 31.761761 37.679516 44.070930 47.070156 44.070930 37.679520 31.761761 30.130159 35.126926 40.376816 42.748566 40.332161 35.123371 30.284288 26.460093 29.480480 32.509857 33.833508 32.517879 29.640318 26.942358 22.861034 24.297375 25.663336 26.292938 25.857912 24.819778 23.851627,
 8.304408 8.354331 8.237353 7.936463 7.529265 7.113163 6.737993 9.295019 9.751223 9.994317 9.865716 9.305911 8.478511 7.681486 9.961424 10.980885 11.876499 12.171329 11.486975 10.172460 8.900122 9.829127 11.227021 12.647688 13.312755 12.647689 11.227023 9.829125 8.900123 10.172459 11.486973 12.171330 11.876501 10.980885 9.961422 7.681486 8.478510 9.305910 9.865717 9.994317 9.751224 9.295019 6.737993 7.113163 7.529264 7.936464 8.237354 8.354332 8.304409,
 0.334197 0.466353 0.580191 0.624818 0.577858 0.463522 0.332034 0.349345 0.487670 0.602385 0.646088 0.597361 0.478849 0.341605 0.360437 0.511760 0.645038 0.699523 0.643734 0.507969 0.355615 0.364533 0.528825 0.685693 0.754368 0.685693 0.528825 0.364533 0.355615 0.507969 0.643734 0.699523 0.645038 0.511760 0.360437 0.341605 0.478849 0.597361 0.646088 0.602385 0.487670 0.349345 0.332034 0.463522 0.577858 0.624818 0.580191 0.466353 0.334197,
 3.203705 3.389992 3.578979 3.754821 3.869036 3.851569 3.704481 3.548186 3.950657 4.356912 4.624364 4.676334 4.498696 4.143471 4.037161 4.727684 5.413626 5.751599 5.578297 5.064335 4.430710 4.397296 5.202635 5.983070 6.341672 5.983069 5.202635 4.397297 4.430709 5.064335 5.578297 5.751600 5.413626 4.727684 4.037162 4.143470 4.498696 4.676334 4.624364 4.356912 3.950657 3.548187 3.704481 3.851569 3.869036 3.754821 3.578978 3.389992 3.203705,
 12.635284 13.060412 13.527414 13.848431 13.828871 13.405815 12.713077 14.016986 15.552444 17.193569 18.125111 17.746914 16.272488 14.480297 15.709923 18.639582 21.712545 23.251245 22.148972 19.196810 16.100105 16.643198 20.294781 24.048615 25.749313 24.048615 20.294781 16.643200 16.100105 19.196810 22.148972 23.251247 21.712542 18.639582 15.709921 14.480296 16.272490 17.746914 18.125111 17.193569 15.552444 14.016986 12.713077 13.405815 13.828873 13.848430 13.527412 13.060411 12.635283,
 3.303587 3.365939 3.418298 3.417385 3.360121 3.273588 3.174809 3.832291 4.102496 4.314619 4.359418 4.175306 3.831634 3.482719 4.210348 4.782175 5.331223 5.565064 5.234766 4.537810 3.878266 4.205397 4.970663 5.791877 6.188856 5.791877 4.970662 4.205397 3.878267 4.537810 5.234766 5.565064 5.331223 4.782175 4.210348 3.482720 3.831634 4.175306 4.359418 4.314618 4.102495 3.832291 3.174809 3.273588 3.360121 3.417384 3.418298 3.365939 3.303587,

Pairwise cross-correlations of the modulus of all oriented sub-bands at the same scale (size QxQ)
 1.366926 2.198581 3.368313 2.318556 2.198581 22.534517 35.029724 10.413972 3.368313 35.029724 84.600578 34.580891 2.318556 10.413972 34.580891 22.901022,
 1.246610 1.290698 1.829778 1.389567 1.290698 11.871557 18.419743 5.499809 1.829778 18.419743 47.070148 19.756395 1.389567 5.499809 19.756395 13.312753,

Cross-correlations of the modulus of all oriented sub-bands with all oriented sub-bands at the coarser scale (size QxQ)
 1.060094 1.395825 2.038480 1.467303 1.617454 9.936530 15.492450 5.731047 2.655519 15.990992 34.193523 16.249170 1.688719 5.854995 16.193686 10.690259,
 0.804234 0.759036 1.025702 0.716214 0.892204 4.820834 8.615334 3.399770 1.441792 7.718205 17.451204 8.308858 0.988891 2.964004 8.029120 4.898166,

Cross-correlations of the real part of each oriented sub-band with both the real and imaginary part of all phase-doubled oriented sub-bands at the next coarser scale (Q matrices of size 1x2Q, which are computed and stored in a matrix of size Qx2Q)
 0.286889 -0.263653 -0.345349 -0.335184 0.009641 -0.007703 0.011385 0.007149 -0.118235 -5.394526 -6.752170 -1.730376 0.003622 -0.226601 0.072702 0.017887 -0.459375 -8.050626 -17.429607 -8.965728 -0.003656 -0.229791 0.615584 0.239017 -0.198502 -1.744706 -7.494388 -6.399754 0.001971 -0.001533 0.407395 0.197093,
 0.306417 -0.075393 -0.095064 -0.085225 -0.009180 -0.014836 0.006164 -0.004221 0.058553 -2.293861 -2.889947 -0.555547 -0.004229 -0.195600 0.023574 0.085919 -0.137996 -3.541292 -6.569726 -2.836892 -0.015213 -0.226479 0.472482 0.544291 0.002806 -0.718846 -2.361545 -2.013648 -0.016926 -0.008752 0.332042 0.380326,
