Low-band skewness and kurtosis
 -1.319874 4.134105,
 -1.057274 3.496288,
 -0.767063 2.757587,
 -0.526267 2.195028,

High-band variance
 102.579651,

Skewness, kurtosis, variance, mean, maximum and minimum of the reconstructed texture
 124.000000 255.000000 240.539474 555.996460 -1.570699 4.606134

Auto-correlations of the low-frequency bands at each scale
 122.104492 111.637215 105.579491 102.974754 103.127121 106.962860 115.554993 153.787430 126.887970 105.168823 96.710800 104.585258 125.696144 151.988464 259.260162 269.630524 277.690826 281.499634 279.191650 272.452667 263.253906 332.890259 378.947571 416.964539 432.215515 416.964539 378.947571 332.890259 263.253937 272.452637 279.191650 281.499634 277.690796 269.630524 259.260162 151.988464 125.696144 104.585266 96.710800 105.168823 126.887955 153.787415 115.554993 106.962837 103.127113 102.974770 105.579498 111.637222 122.104469,
 122.812248 118.558456 117.206200 117.268570 117.130547 118.120560 121.668747 137.926163 119.663048 105.830978 100.681702 104.869324 117.357048 133.787796 193.206894 197.369492 200.604919 201.650620 199.054428 194.796265 190.405731 232.035980 259.815948 283.017700 292.461212 283.017700 259.815979 232.035934 190.405716 194.796295 199.054428 201.650620 200.604919 197.369492 193.206848 133.787796 117.357033 104.869324 100.681702 105.830956 119.663055 137.926163 121.668755 118.120560 117.130554 117.268578 117.206215 118.558472 122.812225,
 118.146942 116.530487 117.445122 119.377304 120.510612 121.382416 122.923393 122.991310 115.491447 110.423157 109.489426 112.446068 118.957146 127.045135 158.261642 160.623688 162.120285 162.186020 160.002151 157.264130 155.199631 179.856308 193.314240 204.956696 209.861420 204.956711 193.314240 179.856308 155.199631 157.264130 160.002136 162.186005 162.120285 160.623672 158.261642 127.045113 118.957146 112.446068 109.489426 110.423149 115.491447 122.991333 122.923378 121.382416 120.510612 119.377312 117.445122 116.530487 118.146942,
 15.736149 19.978260 22.951094 25.319345 28.684126 33.006538 35.537624 19.909052 22.142374 24.347126 28.730427 34.271511 37.203747 35.406052 21.664736 23.775074 28.850893 35.790493 39.030899 36.035908 29.992922 24.056911 29.228642 36.352367 39.994656 36.352371 29.228643 24.056911 29.992920 36.035908 39.030895 35.790489 28.850897 23.775074 21.664734 35.406059 37.203751 34.271511 28.730421 24.347132 22.142374 19.909052 35.537621 33.006538 28.684122 25.319345 22.951097 19.978262 15.736145,

Auto-correlations of the modulus of each oriented sub-band
 0.710805 0.804911 0.876063 0.904289 0.877824 0.804873 0.707387 0.784455 0.903756 0.998666 1.034660 0.999587 0.909345 0.793964 0.883076 1.049837 1.169495 1.215561 1.178865 1.062524 0.894976 0.910409 1.130488 1.358304 1.465871 1.358304 1.130488 0.910409 0.894976 1.062524 1.178865 1.215561 1.169495 1.049837 0.883076 0.793964 0.909345 0.999587 1.034660 0.998666 0.903756 0.784455 0.707388 0.804873 0.877824 0.904289 0.876063 0.804911 0.710805,
 13.735092 14.388169 15.221769 16.067495 16.693314 17.103065 17.377138 15.760983 17.074469 18.627974 19.864393 20.284327 20.134752 19.771523 18.472015 20.445892 22.678249 24.092169 23.797920 22.544313 21.201099 20.700445 22.759253 24.978987 26.100731 24.978987 22.759253 20.700445 21.201099 22.544313 23.797920 24.092167 22.678246 20.445892 18.472013 19.771524 20.134747 20.284328 19.864391 18.627975 17.074469 15.760983 17.377142 17.103064 16.693314 16.067497 15.221766 14.388172 13.735089,
 48.911594 50.466152 51.978577 52.543850 51.694458 50.060623 48.596584 54.873001 59.054947 63.520279 65.530838 63.431946 59.056168 55.168533 61.082710 68.407364 76.629822 80.546066 76.660072 68.592262 61.537388 64.045151 72.767212 82.818108 87.762329 82.818108 72.767220 64.045151 61.537388 68.592262 76.660072 80.546082 76.629814 68.407364 61.082718 55.168533 59.056152 63.431938 65.530838 63.520279 59.054955 54.873001 48.596569 50.060623 51.694458 52.543850 51.978577 50.466156 48.911591,
 17.147779 16.874733 16.477875 15.862264 15.024517 14.218203 13.619775 19.519573 19.900715 20.098904 19.717550 18.507326 17.009998 15.800063 20.933626 22.288595 23.599941 23.930544 22.524334 20.326197 18.453403 20.524336 22.541496 24.783976 25.924789 24.783978 22.541496 20.524336 18.453407 20.326195 22.524334 23.930544 23.599945 22.288595 20.933626 15.800064 17.009996 18.507324 19.717550 20.098904 19.900715 19.519569 13.619775 14.218203 15.024518 15.862266 16.477875 16.874735 17.147781,
 0.592565 0.767534 0.909526 0.962254 0.901573 0.754656 0.578919 0.632493 0.826002 0.980089 1.036120 0.971758 0.813744 0.621001 0.675650 0.906838 1.102599 1.179721 1.098649 0.900700 0.670385 0.699516 0.960026 1.201277 1.305625 1.201277 0.960026 0.699516 0.670385 0.900699 1.098649 1.179721 1.102599 0.906838 0.675650 0.621001 0.813744 0.971758 1.036120 0.980089 0.826002 0.632493 0.578919 0.754656 0.901573 0.962254 0.909526 0.767534 0.592565,
 7.842384 8.161655 8.490774 8.768396 8.940213 8.984768 8.926830 8.958344 9.708202 10.444137 10.892396 10.944553 10.675594 10.217038 10.290938 11.552314 12.788019 13.386746 13.078734 12.205499 11.177768 11.219058 12.630628 13.997187 14.617925 13.997187 12.630630 11.219058 11.177767 12.205499 13.078733 13.386747 12.788019 11.552314 10.290939 10.217037 10.675594 10.944553 10.892395 10.444137 9.708202 8.958344 8.926830 8.984768 8.940213 8.768396 8.490776 8.161655 7.842385,
 26.819616 27.794983 28.736340 28.866537 27.845984 26.245234 24.856770 29.651428 32.562283 35.631424 36.790936 34.978466 31.469873 28.271524 32.506996 37.724117 43.468819 46.012196 43.134418 37.209366 31.877556 33.629944 39.954205 47.068996 50.470932 47.068996 39.954205 33.629944 31.877556 37.209358 43.134418 46.012196 43.468826 37.724110 32.506992 28.271528 31.469873 34.978462 36.790936 35.631432 32.562279 29.651423 24.856768 26.245228 27.845982 28.866537 28.736340 27.794987 26.819614,
 10.263653 10.216614 10.006720 9.610864 9.074039 8.501165 8.004260 11.619550 12.024210 12.178703 11.922504 11.204314 10.201605 9.238405 12.446217 13.506966 14.356003 14.541142 13.743608 12.305058 10.868124 12.175797 13.699883 15.158413 15.820407 15.158413 13.699883 12.175798 10.868125 12.305058 13.743608 14.541142 14.356002 13.506966 12.446218 9.238405 10.201605 11.204316 11.922504 12.178703 12.024210 11.619550 8.004260 8.501165 9.074041 9.610862 10.006718 10.216614 10.263653,
 0.353852 0.503735 0.627517 0.672643 0.618752 0.491903 0.344482 0.371486 0.530129 0.658829 0.704861 0.648371 0.514344 0.357133 0.388024 0.565166 0.717583 0.778041 0.713491 0.557287 0.380217 0.394258 0.587489 0.768665 0.847133 0.768665 0.587489 0.394258 0.380217 0.557287 0.713491 0.778041 0.717583 0.565166 0.388023 0.357133 0.514344 0.648371 0.704861 0.658829 0.530129 0.371486 0.344482 0.491903 0.618752 0.672643 0.627517 0.503735 0.353852,
 3.316938 3.379066 3.475423 3.587906 3.683648 3.714484 3.658073 3.514455 3.834425 4.220432 4.489440 4.546075 4.397839 4.115676 3.915568 4.575101 5.326463 5.741182 5.579168 5.047715 4.434152 4.332191 5.139179 5.997306 6.409660 5.997305 5.139179 4.332191 4.434152 5.047715 5.579168 5.741182 5.326463 4.575101 3.915568 4.115676 4.397839 4.546075 4.489440 4.220431 3.834425 3.514454 3.658072 3.714485 3.683648 3.587906 3.475423 3.379066 3.316939,
 13.272867 13.744734 14.169921 14.283404 13.882919 13.118267 12.384107 14.699553 16.187708 17.679747 18.221916 17.242607 15.320084 13.552879 15.797006 18.561880 21.538004 22.813433 21.213505 17.949524 15.012329 15.950407 19.384663 23.223835 25.045300 23.223835 19.384663 15.950407 15.012328 17.949524 21.213505 22.813433 21.538004 18.561880 15.797006 13.552880 15.320084 17.242605 18.221916 17.679749 16.187704 14.699553 12.384107 13.118265 13.882919 14.283404 14.169921 13.744734 13.272865,
 4.483509 4.520175 4.485283 4.333133 4.083981 3.800399 3.546769 5.194371 5.522618 5.681563 5.599059 5.253402 4.706660 4.152671 5.606008 6.275088 6.808000 6.978551 6.561138 5.718796 4.875114 5.466213 6.363538 7.243070 7.653465 7.243070 6.363537 5.466214 4.875114 5.718796 6.561139 6.978552 6.808000 6.275088 5.606008 4.152671 4.706660 5.253401 5.599059 5.681563 5.522618 5.194371 3.546769 3.800398 4.083981 4.333133 4.485282 4.520175 4.483509,

Pairwise cross-correlations of the modulus of all oriented sub-bands at the same scale (size QxQ)
 1.465871 2.758453 4.134109 2.685810 2.758453 26.100718 37.745293 11.276633 4.134109 37.745293 87.762337 37.584381 2.685810 11.276633 37.584381 25.924780,
 1.305625 1.572838 2.262487 1.605210 1.572838 14.617924 21.141838 6.139952 2.262487 21.141838 50.470940 22.026011 1.605210 6.139952 22.026011 15.820404,

Cross-correlations of the modulus of all oriented sub-bands with all oriented sub-bands at the coarser scale (size QxQ)
 1.104374 1.780733 2.660724 1.781730 1.891390 12.234175 17.893604 6.551173 3.079943 18.598392 37.712162 18.849463 1.928078 6.937551 18.551113 12.766912,
 0.863954 0.855422 1.451586 0.886434 1.100521 5.566842 9.379389 3.624194 1.804409 9.022952 19.432310 9.673280 1.167573 3.528983 9.635987 6.504955,

Cross-correlations of the real part of each oriented sub-band with both the real and imaginary part of all phase-doubled oriented sub-bands at the next coarser scale (Q matrices of size 1x2Q, which are computed and stored in a matrix of size Qx2Q)
 0.286375 -0.305318 -0.378113 -0.297069 -0.027458 -0.001308 0.010475 0.018724 -0.158509 -5.725392 -6.267416 -1.386868 -0.015004 -0.031663 -0.228010 -0.036849 -0.461378 -7.617708 -14.432192 -7.578556 -0.014132 -0.119737 -0.249572 0.000058 -0.151755 -1.334888 -6.093814 -5.607656 -0.022876 -0.034733 0.090111 0.093404,
 0.304429 -0.067969 -0.137656 -0.143879 -0.026767 0.005475 -0.016685 -0.023768 0.033372 -1.829198 -2.309251 -0.642665 -0.000176 -0.002633 -0.185035 -0.018896 -0.166334 -2.783895 -7.279961 -3.912241 0.015067 -0.147755 -0.721171 -0.337306 0.003680 -0.620888 -3.625829 -2.951854 0.001958 -0.062087 -0.414754 -0.334287,
