Low-band skewness and kurtosis
 -1.390066 4.375660,
 -1.175969 3.790886,
 -0.998447 3.246259,
 -1.137404 4.023873,

High-band variance
 100.568146,

Skewness, kurtosis, variance, mean, maximum and minimum of the reconstructed texture
 114.000000 255.000000 240.788025 559.394531 -1.630615 4.868949

Auto-correlations of the low-frequency bands at each scale
 148.777130 142.152145 138.433777 136.640396 135.710175 136.394226 140.106430 171.201721 149.464172 131.626053 124.007790 129.268570 145.623428 167.194595 274.433746 282.753326 289.632294 292.810883 290.952209 286.237762 280.286255 354.063934 392.624969 424.472656 437.301575 424.472656 392.625031 354.063904 280.286255 286.237732 290.952209 292.810883 289.632263 282.753296 274.433716 167.194595 145.623428 129.268570 124.007790 131.626038 149.464172 171.201736 140.106430 136.394226 135.710190 136.640411 138.433777 142.152161 148.777145,
 133.756653 130.439621 129.493851 129.562897 128.937088 128.911194 130.910019 151.044113 136.085236 124.593712 119.964554 122.801231 132.939880 147.424271 213.497803 217.211639 220.186493 221.089386 218.596375 214.904755 211.583862 256.168182 280.040466 299.837952 307.945160 299.837952 280.040527 256.168182 211.583847 214.904755 218.596405 221.089386 220.186493 217.211685 213.497803 147.424271 132.939880 122.801247 119.964577 124.593712 136.085236 151.044128 130.910019 128.911209 128.937088 129.562897 129.493851 130.439621 133.756668,
 123.545235 121.600632 121.588837 122.561234 123.250320 124.290909 126.329277 134.192383 127.091202 121.938065 120.187126 121.687714 126.471931 133.185730 174.165924 176.776276 178.793839 179.324234 177.500183 174.993256 172.953354 201.824707 214.237045 224.767090 229.189224 224.767090 214.237045 201.824707 172.953354 174.993256 177.500183 179.324203 178.793839 176.776260 174.165909 133.185730 126.471916 121.687691 120.187103 121.938065 127.091202 134.192383 126.329277 124.290901 123.250320 122.561211 121.588799 121.600647 123.545242,
 10.212206 13.459253 14.952030 17.780886 24.174002 31.231514 33.251629 13.974022 14.877996 16.924484 23.758955 32.297272 35.352932 30.692238 15.203143 16.605862 23.346785 33.302383 37.415466 32.038635 23.329853 17.138464 23.132195 33.146503 38.472542 33.146507 23.132191 17.138464 23.329851 32.038639 37.415470 33.302383 23.346785 16.605864 15.203144 30.692234 35.352932 32.297264 23.758957 16.924488 14.877994 13.974021 33.251625 31.231514 24.174000 17.780884 14.952031 13.459249 10.212209,

Auto-correlations of the modulus of each oriented sub-band
 0.746094 0.848216 0.923756 0.950202 0.918042 0.838093 0.735155 0.808979 0.928635 1.019449 1.052922 1.018096 0.926227 0.804799 0.899711 1.060174 1.178950 1.222994 1.179166 1.059591 0.898887 0.934338 1.146981 1.348187 1.437320 1.348187 1.146981 0.934338 0.898887 1.059591 1.179166 1.222994 1.178950 1.060174 0.899711 0.804800 0.926227 1.018096 1.052922 1.019449 0.928635 0.808979 0.735155 0.838093 0.918043 0.950202 0.923756 0.848216 0.746094,
 11.653199 12.213086 12.939405 13.621450 14.084641 14.370918 14.569238 13.729733 14.895739 16.249168 17.247944 17.537102 17.365273 17.048986 16.375875 18.118586 20.052307 21.199871 20.900917 19.804539 18.657999 18.401609 20.192249 22.114267 23.063505 22.114267 20.192249 18.401609 18.657999 19.804537 20.900917 21.199869 20.052305 18.118586 16.375874 17.048986 17.365271 17.537104 17.247944 16.249168 14.895739 13.729730 14.569238 14.370918 14.084641 13.621450 12.939404 12.213086 11.653197,
 43.745537 45.208855 46.859322 47.714394 47.212357 45.895206 44.587929 51.467922 55.250999 59.455135 61.542767 59.960873 56.218491 52.648106 59.075089 65.661217 73.003326 76.579048 73.387245 66.389145 59.949055 62.668030 70.555817 79.346138 83.592506 79.346138 70.555824 62.668030 59.949062 66.389137 73.387245 76.579048 73.003326 65.661224 59.075089 52.648102 56.218494 59.960869 61.542774 59.455135 55.251007 51.467918 44.587933 45.895206 47.212349 47.714394 46.859322 45.208858 43.745537,
 14.085773 13.866106 13.561157 13.085990 12.417468 11.753823 11.276564 16.400919 16.731766 16.967196 16.738276 15.755860 14.456782 13.422750 17.907198 19.051870 20.271887 20.685476 19.499613 17.536142 15.912939 17.725008 19.451229 21.486773 22.543344 21.486773 19.451229 17.725008 15.912939 17.536142 19.499609 20.685472 20.271885 19.051872 17.907198 13.422750 14.456782 15.755858 16.738276 16.967196 16.731768 16.400919 11.276563 11.753822 12.417468 13.085990 13.561158 13.866106 14.085773,
 0.632244 0.822829 0.978067 1.037449 0.973926 0.815151 0.622472 0.663352 0.865217 1.028513 1.090919 1.025330 0.858468 0.654111 0.693090 0.922394 1.117509 1.196192 1.117415 0.919878 0.687018 0.705071 0.960662 1.195279 1.296133 1.195279 0.960662 0.705071 0.687018 0.919878 1.117415 1.196192 1.117509 0.922394 0.693090 0.654111 0.858468 1.025330 1.090919 1.028513 0.865217 0.663352 0.622472 0.815151 0.973926 1.037449 0.978067 0.822829 0.632244,
 6.502156 6.812830 7.185704 7.553849 7.815415 7.929187 7.925066 7.467500 8.158337 8.880132 9.389181 9.554533 9.420278 9.097908 8.732043 9.825243 10.939415 11.534186 11.345607 10.686751 9.888004 9.743194 10.901875 12.051953 12.596406 12.051954 10.901875 9.743192 9.888005 10.686751 11.345607 11.534185 10.939415 9.825245 8.732042 9.097909 9.420278 9.554533 9.389180 8.880135 8.158337 7.467499 7.925067 7.929187 7.815414 7.553849 7.185704 6.812830 6.502155,
 21.677902 22.370031 23.343994 23.983728 23.767262 22.909325 22.023996 25.476116 27.817608 30.400717 31.647598 30.522179 27.838831 25.238605 29.064369 33.555851 38.360512 40.570385 38.325283 33.393318 28.734211 30.452995 36.046013 42.061142 44.883663 42.061142 36.046013 30.452995 28.734205 33.393322 38.325283 40.570385 38.360512 33.555855 29.064369 25.238604 27.838831 30.522173 31.647598 30.400721 27.817608 25.476116 22.023994 22.909327 23.767263 23.983728 23.343998 22.370031 21.677902,
 8.390350 8.213691 7.954523 7.601367 7.179519 6.786005 6.477745 9.876633 10.056958 10.029821 9.728483 9.141099 8.391218 7.675862 10.785953 11.511131 12.051294 12.132071 11.497231 10.378432 9.261908 10.542143 11.687052 12.791064 13.303513 12.791064 11.687052 10.542143 9.261909 10.378432 11.497231 12.132070 12.051294 11.511133 10.785953 7.675863 8.391219 9.141098 9.728483 10.029823 10.056958 9.876632 6.477745 6.786006 7.179519 7.601368 7.954523 8.213691 8.390350,
 0.361652 0.514647 0.645714 0.696605 0.641366 0.507518 0.354204 0.380022 0.539129 0.672510 0.721686 0.662238 0.522495 0.363552 0.391276 0.565073 0.719118 0.781531 0.715493 0.557033 0.381595 0.393790 0.582351 0.760224 0.837124 0.760224 0.582351 0.393790 0.381595 0.557033 0.715493 0.781531 0.719118 0.565073 0.391276 0.363552 0.522495 0.662238 0.721686 0.672510 0.539129 0.380022 0.354204 0.507518 0.641366 0.696605 0.645714 0.514647 0.361652,
 2.792807 2.897556 3.013207 3.123246 3.195984 3.204921 3.155535 3.319201 3.663061 3.995847 4.187367 4.187028 4.030100 3.788383 3.966393 4.579171 5.186233 5.468241 5.281834 4.828025 4.317915 4.395927 5.088290 5.784319 6.114555 5.784319 5.088290 4.395926 4.317915 4.828025 5.281834 5.468241 5.186233 4.579170 3.966393 3.788383 4.030100 4.187028 4.187367 3.995847 3.663061 3.319201 3.155535 3.204921 3.195983 3.123246 3.013207 2.897556 2.792807,
 11.974186 12.471636 12.982534 13.255493 13.105783 12.653471 12.129044 13.941593 15.478418 16.934059 17.510841 16.807341 15.300411 13.752934 15.792097 18.613358 21.374033 22.512104 21.181530 18.356804 15.540888 16.475105 19.911888 23.375858 24.946415 23.375858 19.911888 16.475105 15.540886 18.356804 21.181530 22.512104 21.374035 18.613356 15.792099 13.752934 15.300411 16.807339 17.510839 16.934057 15.478416 13.941592 12.129041 12.653471 13.105783 13.255494 12.982534 12.471636 11.974188,
 4.090008 4.156805 4.139512 4.015800 3.813803 3.580757 3.361459 4.746130 5.030232 5.183116 5.120017 4.819771 4.355141 3.899309 5.229991 5.802114 6.272635 6.418933 6.049787 5.329054 4.629569 5.200173 5.960983 6.715255 7.070527 6.715255 5.960983 5.200173 4.629569 5.329054 6.049786 6.418934 6.272635 5.802114 5.229991 3.899308 4.355141 4.819771 5.120016 5.183116 5.030232 4.746130 3.361459 3.580757 3.813802 4.015800 4.139511 4.156805 4.090008,

Pairwise cross-correlations of the modulus of all oriented sub-bands at the same scale (size QxQ)
 1.437319 2.428513 3.747433 2.468228 2.428513 23.063501 35.563976 10.602067 3.747433 35.563976 83.592529 34.340614 2.468228 10.602067 34.340614 22.543339,
 1.296133 1.274781 1.798470 1.446945 1.274781 12.596406 18.540394 5.014518 1.798470 18.540394 44.883663 18.559515 1.446945 5.014518 18.559515 13.303515,

Cross-correlations of the modulus of all oriented sub-bands with all oriented sub-bands at the coarser scale (size QxQ)
 1.106597 1.551031 2.322927 1.640716 1.659805 10.618354 16.109169 5.709612 2.887293 16.183046 33.335724 16.006624 1.894168 5.640004 15.570240 10.850064,
 0.881876 0.717712 0.941015 0.748018 0.946943 4.723555 7.466542 2.782672 1.496502 7.428153 16.070551 7.880189 1.052112 2.831299 8.163947 5.599945,

Cross-correlations of the real part of each oriented sub-band with both the real and imaginary part of all phase-doubled oriented sub-bands at the next coarser scale (Q matrices of size 1x2Q, which are computed and stored in a matrix of size Qx2Q)
 0.287559 -0.223848 -0.323744 -0.273873 -0.008036 -0.015298 -0.012309 0.003616 -0.076418 -5.350463 -6.852451 -1.615311 -0.005763 -0.292020 -0.499141 -0.089765 -0.364386 -7.986723 -16.355127 -7.819737 0.000963 -0.560658 -1.095890 -0.196486 -0.145377 -1.631749 -6.632088 -5.406549 -0.002216 -0.148780 -0.338512 -0.064162,
 0.302209 -0.043465 -0.100134 -0.079870 0.003561 0.017973 0.011004 -0.004285 0.045187 -1.543196 -2.254177 -0.670828 0.004994 0.351015 0.580841 0.017174 -0.137410 -2.467216 -6.148309 -3.307944 0.010613 0.489443 0.582812 -0.187055 0.019365 -0.587527 -2.682267 -2.209984 0.004914 0.070459 -0.100125 -0.181095,
