Low-band skewness and kurtosis
 -1.340660 4.288223,
 -1.145029 3.866833,
 -1.022581 3.479376,
 -1.121290 4.178455,

High-band variance
 100.477905,

Skewness, kurtosis, variance, mean, maximum and minimum of the reconstructed texture
 127.000000 255.000000 240.707321 545.270691 -1.591254 4.749377

Auto-correlations of the low-frequency bands at each scale
 110.179176 104.513992 103.134598 104.529335 106.856598 109.974991 114.432899 132.104492 112.346535 96.913910 91.266563 97.349586 113.411446 134.311325 255.897690 264.867004 270.748535 272.273651 269.284973 264.874878 261.408356 349.492340 384.056183 412.455566 423.865692 412.455505 384.056183 349.492340 261.408356 264.874817 269.284973 272.273651 270.748505 264.867004 255.897675 134.311310 113.411446 97.349571 91.266563 96.913902 112.346535 132.104492 114.432915 109.974991 106.856598 104.529335 103.134598 104.513977 110.179169,
 115.237068 112.497009 111.841446 111.968391 111.425743 111.629181 113.888733 118.654182 108.473846 101.427483 99.514557 102.620224 110.873611 122.454292 183.267914 188.551071 193.574936 196.876221 196.913223 195.698715 194.747818 243.354431 262.282776 278.124390 284.713745 278.124390 262.282776 243.354431 194.747818 195.698685 196.913223 196.876221 193.574951 188.551071 183.267914 122.454277 110.873611 102.620224 99.514557 101.427483 108.473854 118.654167 113.888733 111.629189 111.425766 111.968399 111.841446 112.497025 115.237061,
 118.673447 115.837738 114.392792 113.627068 112.560371 111.979324 112.333267 113.167068 107.012947 102.871376 101.848747 103.817520 109.146935 116.629913 145.934158 150.138092 154.166153 156.950363 157.470642 157.441528 158.001816 182.111465 193.344452 202.927734 206.999863 202.927734 193.344452 182.111465 158.001801 157.441528 157.470642 156.950363 154.166153 150.138077 145.934143 116.629913 109.146927 103.817513 101.848732 102.871368 107.012947 113.167046 112.333260 111.979324 112.560371 113.627068 114.392776 115.837715 118.673431,
 6.574385 10.653003 13.101849 15.209552 20.346838 26.894461 28.373686 10.559333 12.363663 14.023793 19.709278 27.618780 30.308914 25.306343 12.025609 13.290569 19.073095 28.403477 32.287308 26.813049 18.602879 13.449001 18.632689 28.082792 33.324654 28.082788 18.632685 13.449001 18.602879 26.813049 32.287312 28.403477 19.073092 13.290565 12.025609 25.306343 30.308918 27.618780 19.709278 14.023793 12.363658 10.559333 28.373688 26.894464 20.346842 15.209553 13.101847 10.652998 6.574382,

Auto-correlations of the modulus of each oriented sub-band
 0.631261 0.730762 0.805134 0.836082 0.810929 0.734497 0.630831 0.696714 0.815971 0.910926 0.946048 0.910194 0.818994 0.698707 0.787743 0.946721 1.063609 1.111819 1.074303 0.953479 0.785030 0.819425 1.025355 1.219793 1.306099 1.219793 1.025355 0.819425 0.785030 0.953479 1.074303 1.111819 1.063609 0.946721 0.787743 0.698707 0.818994 0.910194 0.946048 0.910926 0.815971 0.696714 0.630831 0.734497 0.810929 0.836082 0.805134 0.730762 0.631261,
 9.321815 9.801793 10.406960 11.009398 11.430475 11.684553 11.849523 11.593598 12.580029 13.712155 14.574011 14.796790 14.594519 14.278927 14.243720 15.755331 17.431887 18.439337 18.119999 17.080421 16.031790 16.064480 17.656038 19.389786 20.263918 19.389786 17.656038 16.064478 16.031790 17.080420 18.119999 18.439335 17.431885 15.755331 14.243720 14.278930 14.594517 14.796787 14.574011 13.712155 12.580029 11.593598 11.849525 11.684551 11.430476 11.009398 10.406961 9.801793 9.321814,
 40.505535 42.245022 43.838516 44.530823 43.925018 42.495308 40.960602 49.330688 53.476189 57.502827 59.283344 57.588230 53.716084 49.760830 58.163113 65.311958 72.531166 75.790146 72.563820 65.432991 58.410397 62.100517 70.669571 79.505753 83.600914 79.505745 70.669571 62.100513 58.410400 65.432976 72.563835 75.790131 72.531166 65.311951 58.163105 49.760830 53.716080 57.588230 59.283340 57.502823 53.476196 49.330685 40.960602 42.495304 43.925018 44.530827 43.838516 42.245026 40.505527,
 13.030778 12.856868 12.577439 12.065746 11.283965 10.429783 9.723261 15.243809 15.678391 15.973646 15.713592 14.644037 13.185947 11.929837 16.665283 17.967993 19.263376 19.643713 18.419270 16.344530 14.516042 16.422686 18.337305 20.455139 21.497208 20.455139 18.337307 16.422686 14.516041 16.344530 18.419268 19.643713 19.263376 17.967993 16.665283 11.929837 13.185948 14.644036 15.713592 15.973643 15.678389 15.243809 9.723261 10.429783 11.283965 12.065747 12.577440 12.856868 13.030781,
 0.578143 0.768761 0.927263 0.991298 0.931579 0.775841 0.586535 0.605023 0.806043 0.971908 1.038158 0.975390 0.811246 0.610592 0.640855 0.872432 1.071065 1.152838 1.076363 0.880185 0.648735 0.667421 0.923162 1.154494 1.252361 1.154494 0.923162 0.667421 0.648735 0.880185 1.076363 1.152838 1.071065 0.872432 0.640855 0.610592 0.811246 0.975390 1.038158 0.971908 0.806043 0.605023 0.586535 0.775841 0.931579 0.991298 0.927263 0.768761 0.578143,
 4.876019 5.128890 5.381915 5.588931 5.696601 5.711504 5.685850 5.880160 6.480803 7.076629 7.426972 7.449717 7.237257 6.920218 7.166533 8.150101 9.152599 9.638182 9.369920 8.691781 7.937592 8.053774 9.123594 10.215037 10.740899 10.215039 9.123595 8.053774 7.937592 8.691781 9.369918 9.638181 9.152599 8.150101 7.166533 6.920219 7.237257 7.449717 7.426972 7.076629 6.480803 5.880160 5.685851 5.711504 5.696601 5.588931 5.381916 5.128891 4.876020,
 17.405550 18.097099 18.648909 18.762243 18.367537 17.752150 17.155819 21.248924 23.596289 25.847578 26.757189 25.790951 23.764183 21.758066 25.787928 30.141903 34.526608 36.446739 34.560329 30.433611 26.404278 28.171515 33.365635 38.729530 41.189960 38.729530 33.365635 28.171515 26.404278 30.433611 34.560329 36.446739 34.526608 30.141907 25.787928 21.758064 23.764183 25.790947 26.757189 25.847578 23.596292 21.248924 17.155823 17.752151 18.367537 18.762241 18.648911 18.097103 17.405550,
 4.934764 4.942264 4.878600 4.700474 4.445809 4.190627 3.968290 5.866064 6.210944 6.441598 6.401702 6.021377 5.416775 4.846016 6.636688 7.454249 8.234996 8.552800 8.013769 6.926106 5.923515 6.681851 7.815263 9.049071 9.655146 9.049071 7.815263 6.681851 5.923515 6.926106 8.013770 8.552800 8.234997 7.454248 6.636689 4.846015 5.416775 6.021377 6.401702 6.441598 6.210944 5.866065 3.968289 4.190627 4.445809 4.700474 4.878600 4.942265 4.934764,
 0.344092 0.501414 0.636545 0.692280 0.641959 0.510095 0.353031 0.359665 0.524058 0.664519 0.722770 0.671633 0.535084 0.370666 0.381489 0.562680 0.724346 0.793204 0.731203 0.572850 0.390514 0.395325 0.590996 0.772794 0.850879 0.772794 0.590996 0.395325 0.390514 0.572850 0.731203 0.793204 0.724346 0.562680 0.381489 0.370666 0.535084 0.671633 0.722770 0.664519 0.524059 0.359665 0.353031 0.510095 0.641959 0.692280 0.636545 0.501414 0.344092,
 2.907525 3.076904 3.229077 3.343275 3.404361 3.398205 3.332904 3.467806 3.876843 4.265677 4.488010 4.508842 4.361340 4.103755 4.177431 4.839417 5.497805 5.810495 5.647968 5.204240 4.669408 4.693538 5.418146 6.130145 6.461472 6.130147 5.418146 4.693538 4.669408 5.204240 5.647968 5.810495 5.497805 4.839417 4.177430 4.103755 4.361340 4.508842 4.488010 4.265677 3.876843 3.467806 3.332904 3.398205 3.404361 3.343276 3.229077 3.076904 2.907525,
 10.259550 10.561863 10.632648 10.304091 9.563251 8.654154 7.835612 12.461023 13.961029 15.208713 15.515622 14.564296 12.810320 10.989592 14.466531 17.385315 20.079243 21.139259 19.805634 16.911322 13.880980 15.193946 18.797710 22.251715 23.768028 22.251715 18.797710 15.193946 13.880980 16.911318 19.805634 21.139259 20.079243 17.385319 14.466528 10.989591 12.810321 14.564295 15.515621 15.208713 13.961026 12.461022 7.835612 8.654154 9.563251 10.304091 10.632647 10.561862 10.259548,
 2.381012 2.481777 2.521232 2.429747 2.207350 1.921282 1.653063 2.770360 3.103447 3.344273 3.353335 3.068766 2.563360 2.033044 3.010126 3.645649 4.221474 4.455683 4.098744 3.311818 2.514242 2.917388 3.764802 4.622116 5.024351 4.622115 3.764800 2.917388 2.514242 3.311818 4.098743 4.455682 4.221474 3.645648 3.010126 2.033044 2.563360 3.068766 3.353335 3.344273 3.103446 2.770360 1.653063 1.921282 2.207351 2.429747 2.521232 2.481777 2.381012,

Pairwise cross-correlations of the modulus of all oriented sub-bands at the same scale (size QxQ)
 1.306099 1.978141 2.978854 2.111029 1.978141 20.263920 33.793999 10.180430 2.978854 33.793999 83.600929 33.614998 2.111029 10.180430 33.614998 21.497213,
 1.252361 1.141776 1.543857 1.064969 1.141776 10.740897 16.926569 4.371236 1.543857 16.926569 41.189949 15.322187 1.064969 4.371236 15.322187 9.655148,

Cross-correlations of the modulus of all oriented sub-bands with all oriented sub-bands at the coarser scale (size QxQ)
 1.037042 1.216296 1.697338 1.136580 1.546896 8.927102 14.504821 4.849528 2.458166 14.699872 30.983135 13.292370 1.517481 5.107892 13.195551 8.072369,
 0.865828 0.724571 0.767926 0.660951 0.834695 4.371995 6.579490 1.953870 1.197253 7.199910 13.179157 5.076795 0.752021 2.516139 5.630035 3.261569,

Cross-correlations of the real part of each oriented sub-band with both the real and imaginary part of all phase-doubled oriented sub-bands at the next coarser scale (Q matrices of size 1x2Q, which are computed and stored in a matrix of size Qx2Q)
 0.307972 -0.173122 -0.228462 -0.188736 -0.001855 0.020278 0.004778 -0.009291 -0.038389 -4.824382 -6.822299 -1.680160 0.003141 0.170985 0.043586 -0.000943 -0.261303 -7.894053 -16.915632 -7.520219 0.001610 0.132894 0.046282 -0.010813 -0.043079 -1.814005 -6.600213 -4.785123 -0.002509 -0.008692 0.016617 -0.018764,
 0.286799 -0.039410 -0.082630 -0.082423 -0.002371 0.023023 0.018032 0.026489 0.030244 -1.995604 -2.461944 -0.391419 0.012078 -0.157106 -0.423274 -0.047799 -0.120004 -3.240700 -5.151883 -2.005621 -0.000710 -0.478184 -0.674815 0.135909 0.037882 -0.671146 -1.652114 -1.518194 -0.016719 -0.136284 0.018415 0.246130,
