Low-band skewness and kurtosis
 -1.229581 3.880302,
 -0.930690 3.207681,
 -0.619101 2.483948,
 -0.426603 2.184439,

High-band variance
 102.821976,

Skewness, kurtosis, variance, mean, maximum and minimum of the reconstructed texture
 125.000000 255.000000 240.720184 524.734619 -1.517219 4.435088

Auto-correlations of the low-frequency bands at each scale
 72.870880 71.347641 71.510635 72.086266 72.080490 72.285202 73.698441 82.209923 66.776321 56.185463 52.661900 56.611427 67.641396 83.635727 228.299561 232.839203 236.936249 239.143448 238.063446 235.409698 233.172958 343.910736 370.599670 391.484192 399.742188 391.484192 370.599701 343.910736 233.172958 235.409698 238.063431 239.143463 236.936249 232.839188 228.299530 83.635719 67.641380 56.611412 52.661900 56.185463 66.776329 82.209923 73.698448 72.285164 72.080475 72.086250 71.510635 71.347649 72.870872,
 82.154182 80.217972 79.606789 79.147682 77.495560 75.895935 75.484871 75.898415 67.480232 62.701836 61.854061 64.044388 70.024490 79.453163 154.307053 157.286087 160.651520 163.027710 162.771774 161.839523 161.784119 223.555893 238.467499 250.344543 255.281845 250.344543 238.467514 223.555862 161.784119 161.839539 162.771774 163.027725 160.651520 157.286072 154.307053 79.453178 70.024475 64.044395 61.854073 62.701836 67.480225 75.898407 75.484886 75.895943 77.495567 79.147675 79.606804 80.217987 82.154182,
 87.865181 86.655281 85.742973 84.820427 83.267021 81.706116 80.602348 88.972626 82.563927 78.011009 75.668381 75.065376 76.748009 80.516235 120.524033 121.530289 123.014236 124.044044 123.439148 122.446587 122.011513 152.939468 161.442719 168.396790 171.357437 168.396790 161.442719 152.939468 122.011520 122.446579 123.439156 124.044060 123.014236 121.530304 120.524033 80.516243 76.747993 75.065376 75.668365 78.011009 82.563927 88.972626 80.602348 81.706116 83.267014 84.820427 85.742973 86.655281 87.865181,
 16.642654 20.095631 21.903408 24.227793 30.198780 38.551495 43.153511 19.953182 21.576906 23.938965 30.591379 39.665230 44.342850 40.945683 21.683876 24.095186 31.021067 40.810791 45.551132 41.189262 32.469803 24.872396 31.638979 41.299080 46.192879 41.299080 31.638979 24.872396 32.469803 41.189262 45.551132 40.810799 31.021067 24.095188 21.683878 40.945683 44.342850 39.665230 30.591385 23.938965 21.576906 19.953180 43.153503 38.551495 30.198780 24.227793 21.903408 20.095629 16.642653,

Auto-correlations of the modulus of each oriented sub-band
 0.609218 0.724889 0.810870 0.841653 0.807241 0.718879 0.602210 0.657310 0.783518 0.880562 0.917506 0.880654 0.783090 0.655771 0.726352 0.884172 1.004820 1.050600 1.006229 0.886327 0.728386 0.765725 0.956477 1.120291 1.188005 1.120291 0.956477 0.765725 0.728386 0.886327 1.006229 1.050600 1.004819 0.884172 0.726352 0.655771 0.783090 0.880654 0.917506 0.880562 0.783518 0.657310 0.602210 0.718879 0.807241 0.841653 0.810870 0.724889 0.609218,
 8.548240 8.942189 9.444616 9.902686 10.197734 10.358389 10.468951 10.516741 11.363678 12.341573 13.013186 13.146216 12.942143 12.679176 12.867815 14.188240 15.680555 16.507055 16.187202 15.256235 14.372623 14.484867 15.861831 17.416851 18.180237 17.416855 15.861834 14.484867 14.372623 15.256233 16.187201 16.507055 15.680555 14.188242 12.867815 12.679178 12.942141 13.146214 13.013186 12.341574 11.363679 10.516739 10.468952 10.358388 10.197733 9.902687 9.444619 8.942191 8.548238,
 47.436245 49.117355 50.582077 51.197479 50.696980 49.480961 48.187302 56.975708 61.113766 64.827095 66.367996 64.873871 61.367855 57.629391 66.999672 74.284058 81.016350 83.863876 80.990112 74.369820 67.356789 71.576691 80.329498 88.614037 92.244720 88.614037 80.329498 71.576675 67.356796 74.369820 80.990120 83.863876 81.016357 74.284042 66.999664 57.629402 61.367844 64.873886 66.367981 64.827087 61.113766 56.975697 48.187302 49.480961 50.696983 51.197479 50.582073 49.117363 47.436241,
 11.042126 10.982312 10.873556 10.635223 10.233265 9.769609 9.385547 13.235610 13.564018 13.806951 13.706095 13.067607 12.097681 11.198719 14.997267 15.995687 16.952921 17.266624 16.452085 14.942549 13.502584 15.138713 16.666380 18.247339 18.995153 18.247339 16.666380 15.138714 13.502584 14.942549 16.452085 17.266626 16.952921 15.995689 14.997267 11.198719 12.097682 13.067609 13.706093 13.806952 13.564018 13.235610 9.385545 9.769610 10.233265 10.635223 10.873556 10.982312 11.042126,
 0.558678 0.747806 0.905994 0.968334 0.905195 0.746527 0.556538 0.595358 0.799165 0.969581 1.036698 0.968280 0.796924 0.592782 0.638024 0.869761 1.068770 1.148692 1.067916 0.868273 0.636705 0.657962 0.907807 1.132100 1.226149 1.132100 0.907807 0.657961 0.636705 0.868273 1.067916 1.148692 1.068770 0.869761 0.638024 0.592782 0.796924 0.968280 1.036698 0.969581 0.799165 0.595358 0.556538 0.746527 0.905195 0.968334 0.905994 0.747806 0.558678,
 4.473974 4.628773 4.783995 4.940276 5.068217 5.135431 5.163930 5.520181 5.999810 6.417986 6.644913 6.691281 6.621617 6.460409 6.902915 7.697233 8.461033 8.788141 8.575559 8.136287 7.650653 7.857602 8.654943 9.474459 9.879867 9.474459 8.654943 7.857602 7.650653 8.136286 8.575559 8.788141 8.461032 7.697233 6.902914 6.460410 6.621617 6.691281 6.644913 6.417986 5.999810 5.520180 5.163932 5.135431 5.068217 4.940276 4.783994 4.628773 4.473974,
 24.433027 24.919262 25.210630 25.106564 24.568743 23.887058 23.398436 29.329653 31.605312 33.358490 33.831860 32.741913 30.669201 28.511034 34.677299 39.259911 43.068905 44.476624 42.708054 38.762924 34.346378 37.086399 42.734390 47.664085 49.728477 47.664085 42.734390 37.086395 34.346382 38.762924 42.708046 44.476624 43.068901 39.259918 34.677296 28.511034 30.669197 32.741917 33.831860 33.358490 31.605314 29.329647 23.398439 23.887053 24.568745 25.106564 25.210630 24.919264 24.433022,
 5.518831 5.437831 5.302002 5.132304 4.948820 4.781534 4.651074 6.768145 6.912901 6.956601 6.861750 6.563025 6.113231 5.664561 7.718807 8.266047 8.747677 8.938723 8.546993 7.745920 6.930386 7.794029 8.671052 9.551782 9.980711 9.551782 8.671052 7.794029 6.930385 7.745920 8.546991 8.938723 8.747676 8.266047 7.718807 5.664561 6.113231 6.563025 6.861750 6.956601 6.912901 6.768146 4.651074 4.781534 4.948820 5.132304 5.302002 5.437831 5.518832,
 0.294116 0.436988 0.559451 0.608210 0.559055 0.436732 0.294167 0.305699 0.454409 0.583605 0.635956 0.583987 0.453613 0.302514 0.325962 0.493631 0.644931 0.708066 0.646373 0.494492 0.324188 0.336848 0.518899 0.688200 0.760235 0.688200 0.518899 0.336848 0.324188 0.494492 0.646373 0.708066 0.644931 0.493631 0.325962 0.302514 0.453613 0.583987 0.635956 0.583605 0.454409 0.305699 0.294167 0.436732 0.559055 0.608210 0.559451 0.436988 0.294116,
 2.476234 2.595093 2.684452 2.743556 2.771604 2.746546 2.666657 2.897050 3.190576 3.428762 3.527606 3.501860 3.383191 3.186745 3.384330 3.852944 4.289517 4.451224 4.288144 3.974163 3.620590 3.697559 4.186129 4.680796 4.919071 4.680796 4.186129 3.697559 3.620589 3.974163 4.288144 4.451224 4.289517 3.852944 3.384330 3.186745 3.383191 3.501860 3.527606 3.428762 3.190575 2.897049 2.666657 2.746546 2.771604 2.743556 2.684452 2.595093 2.476234,
 11.132040 11.760878 12.375085 12.676272 12.508121 12.032790 11.483260 12.790329 14.502364 16.101254 16.856039 16.396675 15.074031 13.533164 14.811485 17.714783 20.422831 21.658630 20.725250 18.273298 15.515995 16.082766 19.484047 22.629030 23.980431 22.629030 19.484047 16.082766 15.515993 18.273300 20.725248 21.658634 20.422831 17.714783 14.811487 13.533163 15.074029 16.396675 16.856041 16.101254 14.502362 12.790329 11.483260 12.032792 12.508121 12.676272 12.375084 11.760878 11.132040,
 2.716792 2.768790 2.777219 2.752440 2.698570 2.594980 2.449389 3.123223 3.314001 3.459418 3.519956 3.430643 3.173959 2.858265 3.510327 3.926378 4.320444 4.535502 4.366168 3.877462 3.349780 3.629276 4.209157 4.794193 5.072582 4.794193 4.209157 3.629275 3.349779 3.877462 4.366168 4.535502 4.320444 3.926378 3.510327 2.858265 3.173959 3.430643 3.519956 3.459417 3.314001 3.123223 2.449389 2.594980 2.698570 2.752440 2.777219 2.768790 2.716792,

Pairwise cross-correlations of the modulus of all oriented sub-bands at the same scale (size QxQ)
 1.188005 1.523726 2.504063 1.683043 1.523726 18.180237 35.409458 11.645095 2.504063 35.409458 92.244682 35.848904 1.683043 11.645095 35.848904 18.995155,
 1.226148 0.960765 1.485215 1.084038 0.960765 9.879867 18.974630 5.749447 1.485215 18.974630 49.728477 18.786552 1.084038 5.749447 18.786552 9.980710,

Cross-correlations of the modulus of all oriented sub-bands with all oriented sub-bands at the coarser scale (size QxQ)
 1.023831 0.968559 1.438575 1.072966 1.360071 7.431798 15.120919 5.747211 2.418948 14.640205 35.636772 15.140841 1.424273 5.543669 14.981809 7.837718,
 0.826925 0.675610 0.774147 0.741338 0.734996 3.582576 6.939952 2.765913 1.272775 7.675489 17.180206 7.176618 0.810859 3.133503 7.574724 3.770228,

Cross-correlations of the real part of each oriented sub-band with both the real and imaginary part of all phase-doubled oriented sub-bands at the next coarser scale (Q matrices of size 1x2Q, which are computed and stored in a matrix of size Qx2Q)
 0.334589 -0.050918 -0.125689 -0.087820 -0.013709 0.004195 0.009750 0.002669 0.083732 -4.247350 -7.258544 -1.904588 -0.006386 0.131326 0.087928 -0.024737 -0.086243 -7.970725 -18.324617 -7.483669 -0.003225 0.153112 0.041781 0.016643 0.066821 -1.997029 -6.786156 -4.123242 -0.007263 0.011142 -0.007600 0.051638,
 0.287186 -0.011956 -0.052289 -0.014818 0.005328 -0.031722 0.000554 -0.000011 0.094309 -2.214667 -2.934341 -0.539501 0.002696 -0.289756 -0.262326 0.020685 -0.038507 -3.850202 -6.399924 -2.159869 0.003575 -0.415940 -0.423384 0.171839 0.083584 -0.821470 -2.025191 -1.255954 0.002233 -0.079030 -0.048642 0.160150,
