Low-band skewness and kurtosis
 -1.303041 4.109548,
 -1.042193 3.555784,
 -0.774164 2.932839,
 -0.701636 2.897278,

High-band variance
 104.748405,

Skewness, kurtosis, variance, mean, maximum and minimum of the reconstructed texture
 115.000000 255.000000 240.577484 550.880066 -1.572650 4.652633

Auto-correlations of the low-frequency bands at each scale
 115.025520 109.570335 106.976471 106.408005 107.344566 111.070610 119.000526 142.689011 119.200645 100.880058 94.552666 102.804337 122.891556 147.436325 257.412903 263.731903 269.979980 273.527832 271.733307 265.377197 255.673447 333.833984 375.641693 410.237793 424.143372 410.237793 375.641724 333.833984 255.673447 265.377167 271.733307 273.527832 269.979980 263.731903 257.412903 147.436325 122.891571 102.804321 94.552681 100.880058 119.200638 142.688995 119.000534 111.070610 107.344566 106.407990 106.976471 109.570335 115.025536,
 116.501427 112.753624 111.035355 110.267723 109.351044 110.158554 114.336823 126.027435 111.657104 100.579987 96.368065 99.751701 110.320702 124.673859 188.338776 191.506516 195.186630 197.767822 196.796875 193.230576 188.223785 234.386551 258.468445 278.676422 286.988647 278.676453 258.468445 234.386551 188.223755 193.230576 196.796875 197.767776 195.186646 191.506516 188.338776 124.673866 110.320709 99.751701 96.368065 100.579987 111.657082 126.027435 114.336838 110.158577 109.351044 110.267723 111.035370 112.753601 116.501442,
 114.538414 113.546524 113.468155 113.684479 113.347038 113.388855 114.687927 119.590866 111.812668 106.137680 104.406525 106.649887 112.691048 120.728493 153.831985 155.043579 156.618546 157.496216 156.275192 153.974106 151.387817 176.109451 189.322449 200.619797 205.349976 200.619797 189.322449 176.109451 151.387817 153.974136 156.275192 157.496201 156.618530 155.043579 153.831985 120.728477 112.691032 106.649879 104.406509 106.137665 111.812668 119.590858 114.687935 113.388855 113.347038 113.684479 113.468170 113.546524 114.538422,
 15.415260 19.254009 20.317142 21.598970 27.194010 34.970768 38.183697 19.222342 20.408882 21.468931 27.424244 36.313782 40.219418 36.416901 20.838697 21.921879 27.761152 37.551945 42.105816 37.243156 29.407843 23.188950 28.379139 37.806091 43.022411 37.806091 28.379139 23.188950 29.407841 37.243149 42.105820 37.551949 27.761148 21.921879 20.838697 36.416904 40.219421 36.313789 27.424248 21.468931 20.408882 19.222343 38.183697 34.970772 27.194010 21.598965 20.317142 19.254009 15.415257,

Auto-correlations of the modulus of each oriented sub-band
 0.733496 0.830125 0.897616 0.916025 0.879888 0.802878 0.706564 0.798623 0.912810 0.993374 1.015669 0.972784 0.878086 0.761259 0.879472 1.041815 1.155135 1.185607 1.129478 1.004771 0.843836 0.889377 1.106379 1.319506 1.416469 1.319506 1.106379 0.889377 0.843836 1.004771 1.129478 1.185607 1.155135 1.041815 0.879472 0.761259 0.878086 0.972784 1.015669 0.993374 0.912810 0.798623 0.706564 0.802878 0.879888 0.916025 0.897616 0.830125 0.733496,
 13.078055 13.614624 14.374403 15.140551 15.701173 16.054022 16.268011 14.955666 16.160818 17.660975 18.815552 19.157167 18.927591 18.506521 17.404224 19.323948 21.559856 22.922094 22.566221 21.220009 19.831198 19.397200 21.464813 23.752300 24.882673 23.752298 21.464809 19.397198 19.831196 21.220007 22.566223 22.922094 21.559856 19.323948 17.404222 18.506519 18.927595 19.157167 18.815554 17.660975 16.160816 14.955667 16.268011 16.054024 15.701173 15.140551 14.374403 13.614624 13.078055,
 48.702328 50.007690 51.448624 52.080330 51.290024 49.656979 48.112354 55.437378 59.234760 63.548046 65.584679 63.498089 58.977158 54.796463 61.904522 68.921112 76.983910 80.883003 77.008636 68.812317 61.492561 64.538559 73.245941 83.255188 88.164337 83.255180 73.245941 64.538559 61.492550 68.812317 77.008644 80.883003 76.983902 68.921104 61.904518 54.796444 58.977158 63.498100 65.584679 63.548038 59.234760 55.437374 48.112362 49.656979 51.290028 52.080330 51.448627 50.007690 48.702324,
 15.578860 15.435421 15.181111 14.691393 13.958560 13.242932 12.746299 17.875042 18.251844 18.502464 18.217598 17.146328 15.790745 14.727871 19.376976 20.557747 21.777023 22.129274 20.879307 18.883959 17.227467 19.139717 20.903179 22.943970 23.991480 22.943968 20.903179 19.139717 17.227467 18.883961 20.879309 22.129274 21.777021 20.557747 19.376976 14.727874 15.790746 17.146328 18.217598 18.502460 18.251844 17.875038 12.746300 13.242932 13.958560 14.691390 15.181111 15.435418 15.578860,
 0.602525 0.791821 0.946902 1.005451 0.941412 0.783477 0.593821 0.631070 0.833053 0.996378 1.056355 0.987319 0.818736 0.616929 0.664287 0.896702 1.093443 1.168468 1.082195 0.878772 0.647371 0.675647 0.933454 1.172504 1.275685 1.172504 0.933454 0.675647 0.647372 0.878772 1.082195 1.168468 1.093443 0.896702 0.664287 0.616929 0.818736 0.987319 1.056355 0.996378 0.833053 0.631070 0.593821 0.783477 0.941412 1.005451 0.946902 0.791821 0.602525,
 7.488525 7.873816 8.345821 8.783789 9.067843 9.166852 9.135890 8.346704 9.177584 10.082307 10.708334 10.854617 10.613697 10.193598 9.582914 10.888050 12.260369 13.010193 12.750833 11.865760 10.862245 10.632434 12.045709 13.481635 14.156139 13.481638 12.045709 10.632434 10.862246 11.865760 12.750831 13.010192 12.260372 10.888051 9.582914 10.193600 10.613697 10.854615 10.708334 10.082309 9.177584 8.346703 9.135892 9.166852 9.067844 8.783789 8.345821 7.873816 7.488526,
 24.507620 25.715105 26.968554 27.682667 27.505394 26.739336 25.868458 28.278736 31.169432 34.086102 35.369713 34.101570 31.291636 28.594116 31.945278 37.019127 42.289566 44.597355 42.061920 36.711166 31.721441 33.329418 39.455021 46.030304 49.106796 46.030308 39.455021 33.329418 31.721441 36.711163 42.061916 44.597355 42.289570 37.019127 31.945276 28.594116 31.291636 34.101570 35.369713 34.086102 31.169437 28.278740 25.868458 26.739336 27.505392 27.682667 26.968555 25.715109 24.507620,
 7.887516 7.951340 7.897196 7.698569 7.387146 7.037771 6.722860 9.243602 9.632811 9.812573 9.674714 9.167101 8.418114 7.703517 10.266618 11.170478 11.909369 12.115858 11.469708 10.263731 9.095826 10.206451 11.488009 12.756869 13.349377 12.756871 11.488009 10.206451 9.095826 10.263731 11.469707 12.115858 11.909369 11.170477 10.266618 7.703518 8.418114 9.167100 9.674714 9.812575 9.632811 9.243602 6.722860 7.037771 7.387146 7.698568 7.897197 7.951340 7.887516,
 0.351702 0.493456 0.612504 0.654426 0.599043 0.475221 0.337158 0.362565 0.508837 0.630945 0.673711 0.617500 0.491004 0.347810 0.377508 0.540224 0.684791 0.740447 0.675249 0.527352 0.366378 0.380433 0.557391 0.728030 0.802630 0.728030 0.557391 0.380433 0.366378 0.527352 0.675249 0.740447 0.684791 0.540224 0.377508 0.347810 0.491004 0.617500 0.673711 0.630944 0.508837 0.362565 0.337158 0.475221 0.599043 0.654426 0.612504 0.493456 0.351702,
 3.213207 3.464630 3.745933 4.002836 4.154696 4.164427 4.065752 3.803126 4.282084 4.787784 5.147115 5.244238 5.078892 4.760201 4.525849 5.278867 6.050318 6.466986 6.324182 5.797200 5.171569 5.077109 5.912213 6.743044 7.125712 6.743044 5.912213 5.077109 5.171569 5.797200 6.324182 6.466985 6.050318 5.278867 4.525849 4.760201 5.078892 5.244238 5.147114 4.787784 4.282083 3.803126 4.065752 4.164426 4.154696 4.002836 3.745933 3.464631 3.213207,
 10.791490 11.536568 12.490097 12.962517 12.541612 11.610897 10.712960 12.831621 14.609982 16.564604 17.449556 16.510902 14.491034 12.552066 14.849298 17.846315 21.048206 22.501341 20.968216 17.694185 14.594641 15.627026 19.233219 23.087667 24.891537 23.087667 19.233219 15.627026 14.594638 17.694185 20.968218 22.501341 21.048206 17.846313 14.849298 12.552066 14.491035 16.510902 17.449556 16.564604 14.609981 12.831621 10.712960 11.610897 12.541612 12.962517 12.490097 11.536568 10.791491,
 3.853344 3.946677 3.940735 3.795884 3.555741 3.316446 3.144163 4.419347 4.729292 4.907854 4.835279 4.514580 4.076441 3.692543 4.884181 5.444313 5.928208 6.082236 5.723062 5.038736 4.391484 4.891719 5.618604 6.367850 6.720482 6.367850 5.618604 4.891720 4.391484 5.038737 5.723062 6.082235 5.928208 5.444312 4.884181 3.692543 4.076441 4.514580 4.835279 4.907854 4.729292 4.419347 3.144162 3.316446 3.555740 3.795884 3.940735 3.946677 3.853345,

Pairwise cross-correlations of the modulus of all oriented sub-bands at the same scale (size QxQ)
 1.416469 2.678445 3.963423 2.539781 2.678445 24.882669 37.061855 11.740237 3.963423 37.061855 88.164307 37.218853 2.539781 11.740237 37.218853 23.991484,
 1.275685 1.510085 2.139279 1.456617 1.510085 14.156137 20.679218 5.994560 2.139279 20.679218 49.106785 20.361092 1.456617 5.994560 20.361092 13.349377,

Cross-correlations of the modulus of all oriented sub-bands with all oriented sub-bands at the coarser scale (size QxQ)
 1.076062 1.723695 2.602697 1.641853 1.823039 11.770861 17.893867 6.551970 2.810617 17.852245 36.678333 17.084166 1.743724 6.740778 17.396214 10.771569,
 0.830830 0.893820 1.091936 0.910691 1.134765 5.768405 8.730754 3.249726 1.833584 8.708478 18.425951 8.845423 1.082870 3.095392 8.969717 5.821962,

Cross-correlations of the real part of each oriented sub-band with both the real and imaginary part of all phase-doubled oriented sub-bands at the next coarser scale (Q matrices of size 1x2Q, which are computed and stored in a matrix of size Qx2Q)
 0.280950 -0.260780 -0.302212 -0.222614 -0.013944 -0.002287 0.014384 0.012022 -0.113207 -5.752054 -7.103852 -1.627868 0.002179 0.268906 0.431037 0.123655 -0.348359 -8.263248 -17.046782 -7.808461 -0.003732 0.530592 1.139525 0.568570 -0.090457 -1.653167 -6.809723 -5.115977 -0.015534 0.134933 0.500257 0.346426,
 0.300231 -0.049656 -0.092854 -0.047755 -0.014941 -0.038178 -0.010488 0.013422 0.057644 -2.172569 -3.501552 -0.894013 -0.004765 -0.364334 -0.380965 0.118057 -0.115155 -3.550514 -8.759648 -3.718297 0.004621 -0.360182 -0.275397 0.563561 0.039797 -0.828219 -3.302050 -2.132217 0.000222 -0.025367 0.132724 0.361100,
