Low-band skewness and kurtosis
 -1.307046 4.186771,
 -1.094861 3.716933,
 -0.873671 3.138030,
 -0.668786 2.916058,

High-band variance
 102.779945,

Skewness, kurtosis, variance, mean, maximum and minimum of the reconstructed texture
 123.000000 255.000000 240.601532 543.077148 -1.561660 4.632821

Auto-correlations of the low-frequency bands at each scale
 108.449776 104.658516 104.166153 105.227867 106.720604 109.384804 114.098022 132.551285 110.309143 93.339500 87.590225 94.917366 112.732353 134.899658 250.664383 257.854492 263.061707 265.107208 262.525024 257.123779 251.236832 334.674988 373.397034 405.099121 417.809601 405.099121 373.397034 334.674988 251.236847 257.123749 262.524994 265.107208 263.061707 257.854462 250.664352 134.899658 112.732346 94.917358 87.590210 93.339500 110.309135 132.551285 114.098022 109.384804 106.720604 105.227867 104.166153 104.658493 108.449768,
 109.535378 105.741531 103.860725 102.809509 101.582733 101.788849 104.590546 118.156990 104.353111 94.648369 91.623505 95.261681 105.117104 118.451927 179.758606 184.267654 188.977219 192.315796 192.127472 189.785019 186.806519 230.670181 253.493729 272.267273 279.937622 272.267303 253.493729 230.670181 186.806519 189.785004 192.127472 192.315781 188.977219 184.267639 179.758606 118.451912 105.117088 95.261681 91.623505 94.648369 104.353127 118.156998 104.590553 101.788849 101.582726 102.809532 103.860733 105.741531 109.535393,
 105.940590 104.840622 105.082947 105.814072 106.135025 106.893135 108.562111 110.094635 102.663460 97.750626 96.861298 99.772469 106.209770 114.368011 146.358246 148.231323 150.048248 151.094208 150.109421 148.369720 147.002411 172.008881 184.610107 195.360764 199.897736 195.360764 184.610107 172.008881 147.002411 148.369736 150.109436 151.094208 150.048264 148.231308 146.358246 114.368004 106.209770 99.772476 96.861290 97.750603 102.663445 110.094620 108.562111 106.893143 106.135025 105.814072 105.082947 104.840622 105.940598,
 11.790137 13.915096 14.453835 16.289232 22.785982 30.964874 33.611988 14.214035 14.734586 16.086647 22.593170 31.721659 35.282154 30.889631 15.439380 16.568565 22.695688 32.583954 36.960663 31.801613 23.819086 17.775221 23.078730 32.614487 37.877121 32.614491 23.078730 17.775221 23.819086 31.801607 36.960663 32.583954 22.695692 16.568565 15.439384 30.889627 35.282154 31.721657 22.593174 16.086653 14.734589 14.214035 33.611984 30.964874 22.785978 16.289232 14.453840 13.915097 11.790139,

Auto-correlations of the modulus of each oriented sub-band
 0.644773 0.747196 0.825827 0.859896 0.837246 0.764549 0.665392 0.704161 0.825442 0.921870 0.958460 0.924618 0.836506 0.722388 0.797519 0.956636 1.074606 1.122823 1.087654 0.974828 0.815192 0.840924 1.048741 1.248240 1.337689 1.248239 1.048741 0.840924 0.815192 0.974827 1.087654 1.122824 1.074606 0.956636 0.797519 0.722388 0.836506 0.924618 0.958460 0.921870 0.825442 0.704161 0.665391 0.764549 0.837246 0.859896 0.825827 0.747196 0.644773,
 10.009785 10.551488 11.235874 11.909121 12.363306 12.618464 12.790916 12.142539 13.236322 14.541198 15.537868 15.783931 15.542635 15.206934 14.753742 16.392635 18.317234 19.497807 19.122534 17.940035 16.826141 16.668440 18.369446 20.344839 21.367569 20.344839 18.369446 16.668440 16.826141 17.940035 19.122534 19.497807 18.317238 16.392635 14.753742 15.206934 15.542635 15.783929 15.537867 14.541198 13.236321 12.142539 12.790918 12.618463 12.363304 11.909122 11.235873 10.551490 10.009785,
 43.711979 45.372055 47.091473 47.986851 47.498505 46.138683 44.833088 51.071617 55.381256 59.910000 62.075840 60.305645 56.183178 52.337479 58.533241 65.916031 73.908730 77.696312 74.151848 66.433258 59.385105 62.072285 70.791321 80.423729 85.032875 80.423729 70.791321 62.072285 59.385105 66.433258 74.151848 77.696312 73.908730 65.916031 58.533241 52.337471 56.183178 60.305641 62.075832 59.910000 55.381256 51.071606 44.833088 46.138691 47.498501 47.986843 47.091473 45.372055 43.711987,
 14.452686 14.257547 13.983350 13.506385 12.774039 12.016851 11.473719 16.789806 17.169935 17.435169 17.180744 16.117172 14.688781 13.523657 18.310581 19.557198 20.817495 21.192474 19.949739 17.871872 16.083712 18.044655 19.924244 22.031590 23.082232 22.031590 19.924244 18.044655 16.083710 17.871868 19.949739 21.192472 20.817495 19.557198 18.310581 13.523657 14.688778 16.117172 17.180746 17.435169 17.169935 16.789808 11.473717 12.016851 12.774037 13.506385 13.983349 14.257546 14.452686,
 0.573578 0.758253 0.914394 0.978673 0.922001 0.772621 0.592604 0.602150 0.801439 0.968275 1.036188 0.976595 0.818715 0.627015 0.646356 0.874946 1.072680 1.153198 1.075870 0.883434 0.660577 0.670474 0.919432 1.151240 1.251617 1.151240 0.919432 0.670474 0.660577 0.883434 1.075870 1.153198 1.072680 0.874946 0.646356 0.627015 0.818715 0.976595 1.036188 0.968275 0.801439 0.602150 0.592604 0.772621 0.922001 0.978673 0.914394 0.758253 0.573578,
 5.446516 5.817186 6.210854 6.555361 6.796814 6.924413 6.969806 6.661586 7.435237 8.184789 8.649777 8.743129 8.570210 8.266062 8.130167 9.322382 10.489187 11.060532 10.790060 10.044436 9.207414 9.176878 10.424249 11.659397 12.236699 11.659397 10.424249 9.176878 9.207415 10.044435 10.790061 11.060532 10.489189 9.322381 8.130167 8.266064 8.570209 8.743128 8.649776 8.184789 7.435237 6.661586 6.969806 6.924413 6.796815 6.555362 6.210854 5.817186 5.446516,
 20.710289 21.880211 23.063135 23.606131 23.153179 22.087530 21.019161 24.192169 27.160582 30.056204 31.202745 29.784311 26.882223 24.130650 27.747540 32.912369 38.141430 40.343010 37.807678 32.546932 27.581240 29.239920 35.374748 41.824482 44.815250 41.824486 35.374748 29.239920 27.581242 32.546932 37.807674 40.343018 38.141430 32.912365 27.747536 24.130650 26.882225 29.784309 31.202745 30.056210 27.160576 24.192169 21.019157 22.087532 23.153175 23.606134 23.063137 21.880207 20.710291,
 6.744405 6.707364 6.632435 6.470879 6.222520 5.942310 5.680622 7.945938 8.219230 8.356215 8.236794 7.788820 7.121662 6.478032 8.820069 9.607113 10.287693 10.496846 9.907743 8.794395 7.713148 8.728708 9.908195 11.097628 11.658834 11.097628 9.908195 8.728708 7.713148 8.794395 9.907743 10.496844 10.287692 9.607113 8.820069 6.478033 7.121661 7.788819 8.236794 8.356215 8.219230 7.945938 5.680623 5.942310 6.222520 6.470879 6.632435 6.707365 6.744405,
 0.341281 0.491917 0.622404 0.678365 0.633701 0.511415 0.364868 0.358051 0.515250 0.648015 0.701267 0.650601 0.519922 0.364322 0.376124 0.553074 0.708756 0.771868 0.707526 0.550874 0.374105 0.383860 0.578987 0.762442 0.841406 0.762442 0.578987 0.383860 0.374105 0.550874 0.707526 0.771868 0.708756 0.553074 0.376124 0.364322 0.519922 0.650601 0.701267 0.648015 0.515250 0.358051 0.364868 0.511415 0.633701 0.678365 0.622404 0.491917 0.341281,
 2.091014 2.229162 2.440354 2.664239 2.807566 2.827686 2.775707 2.745550 3.131574 3.562364 3.851988 3.890635 3.718664 3.477244 3.563108 4.216719 4.917334 5.273359 5.083882 4.582665 4.069618 4.122736 4.839272 5.613738 5.986799 5.613738 4.839272 4.122736 4.069617 4.582666 5.083882 5.273359 4.917334 4.216719 3.563108 3.477244 3.718664 3.890635 3.851988 3.562364 3.131574 2.745550 2.775707 2.827686 2.807566 2.664239 2.440354 2.229162 2.091014,
 10.248643 11.196373 11.899185 12.145562 11.847177 11.268412 10.745389 12.277272 14.427694 16.338694 17.077469 16.191959 14.377853 12.750383 14.366621 17.796041 21.205204 22.664162 21.083370 17.736856 14.662669 15.380541 19.273241 23.403070 25.313581 23.403067 19.273241 15.380541 14.662669 17.736856 21.083370 22.664165 21.205202 17.796041 14.366622 12.750383 14.377853 16.191959 17.077469 16.338694 14.427693 12.277271 10.745387 11.268411 11.847178 12.145561 11.899183 11.196373 10.248643,
 3.821887 3.927025 3.929705 3.842832 3.702578 3.533576 3.358801 4.542246 4.860326 5.048502 5.043492 4.804889 4.393320 3.970662 5.029732 5.622588 6.138269 6.341770 6.010573 5.312220 4.616007 5.045612 5.819173 6.596976 6.962797 6.596976 5.819173 5.045612 4.616007 5.312220 6.010573 6.341769 6.138269 5.622588 5.029732 3.970662 4.393320 4.804889 5.043492 5.048502 4.860325 4.542246 3.358800 3.533576 3.702578 3.842833 3.929705 3.927025 3.821887,

Pairwise cross-correlations of the modulus of all oriented sub-bands at the same scale (size QxQ)
 1.337690 2.227522 3.384132 2.204156 2.227522 21.367565 33.981808 10.518322 3.384132 33.981808 85.032883 35.705635 2.204156 10.518322 35.705635 23.082230,
 1.251617 1.351562 1.854494 1.305351 1.351562 12.236697 18.487158 5.271492 1.854494 18.487158 44.815243 17.971972 1.305351 5.271492 17.971972 11.658834,

Cross-correlations of the modulus of all oriented sub-bands with all oriented sub-bands at the coarser scale (size QxQ)
 1.045558 1.471259 2.094015 1.393843 1.649413 9.411943 14.757952 5.451151 2.646241 15.110194 32.174393 15.321600 1.597617 5.924584 15.715757 9.945373,
 0.862727 0.871095 0.950820 0.872640 1.007134 4.479039 6.937702 2.849791 1.575937 7.532563 15.918682 7.970946 1.016545 2.993548 7.861467 5.146538,

Cross-correlations of the real part of each oriented sub-band with both the real and imaginary part of all phase-doubled oriented sub-bands at the next coarser scale (Q matrices of size 1x2Q, which are computed and stored in a matrix of size Qx2Q)
 0.283561 -0.233493 -0.269853 -0.232619 0.029888 0.017109 0.011659 0.000637 -0.114171 -5.734828 -7.639439 -1.686260 0.017669 0.357219 0.482902 0.079285 -0.334813 -8.705247 -17.448463 -7.750286 0.005963 0.573541 1.091199 0.292452 -0.067818 -1.735065 -6.454510 -5.181257 0.011538 0.131055 0.378914 0.156303,
 0.291720 -0.074476 -0.097743 -0.049753 0.019338 -0.003781 -0.007561 -0.027035 0.023662 -2.489070 -3.270500 -0.715289 0.001180 -0.011410 0.033834 0.034365 -0.109737 -3.790041 -7.432026 -3.296464 -0.000178 -0.049184 0.068459 0.126542 0.059260 -0.728154 -2.662802 -2.105085 0.011294 -0.031877 0.023123 -0.007540,
