Low-band skewness and kurtosis
 -1.250796 3.954354,
 -1.031705 3.536762,
 -0.819902 2.964611,
 -0.526480 2.594290,

High-band variance
 103.673767,

Skewness, kurtosis, variance, mean, maximum and minimum of the reconstructed texture
 119.000000 255.000000 240.795685 526.676636 -1.542255 4.509590

Auto-correlations of the low-frequency bands at each scale
 85.012360 82.968224 82.418861 82.123993 81.058067 79.901810 79.849419 89.203857 75.172333 65.296425 61.693985 64.866409 74.484520 88.587151 231.664551 236.074173 239.970535 241.922607 240.878601 238.732697 237.089706 349.900085 373.752350 392.597992 400.124847 392.597900 373.752411 349.900085 237.089691 238.732666 240.878586 241.922607 239.970520 236.074173 231.664520 88.587135 74.484497 64.866402 61.693962 65.296417 75.172340 89.203865 79.849403 79.901787 81.058060 82.124008 82.418861 82.968239 85.012360,
 85.806183 85.683487 87.028625 88.509956 88.694649 88.693123 89.561920 83.459686 75.997345 71.468353 70.170258 71.336464 75.755646 83.181259 162.415909 164.605682 166.816757 167.810837 166.256973 164.170410 163.069061 231.218765 244.426041 255.134933 259.623535 255.134964 244.426086 231.218765 163.069061 164.170395 166.256973 167.810822 166.816757 164.605698 162.415909 83.181259 75.755638 71.336472 70.170265 71.468353 75.997360 83.459694 89.561920 88.693115 88.694649 88.509964 87.028625 85.683502 85.806175,
 83.403336 82.374474 82.107872 82.172646 81.834419 81.789429 82.590057 80.696091 77.011520 75.278854 75.613594 77.342484 80.989861 86.383987 123.128525 125.212349 127.841225 129.818329 129.798050 129.074768 128.668564 161.291962 169.384262 176.199203 179.146194 176.199203 169.384277 161.291946 128.668564 129.074768 129.798035 129.818329 127.841209 125.212349 123.128525 86.384003 80.989853 77.342476 75.613579 75.278854 77.011520 80.696098 82.590065 81.789421 81.834404 82.172646 82.107872 82.374481 83.403320,
 11.299420 13.036716 13.074367 13.622099 18.550735 26.349737 29.650887 12.945027 12.545877 12.779184 18.181330 27.001965 31.005980 26.327875 12.442092 12.455324 17.982288 27.797977 32.420906 27.090361 18.229015 12.793307 17.954956 27.816162 33.233829 27.816158 17.954956 12.793306 18.229019 27.090366 32.420910 27.797977 17.982281 12.455322 12.442090 26.327875 31.005980 27.001966 18.181330 12.779179 12.545874 12.945021 29.650885 26.349737 18.550741 13.622099 13.074361 13.036715 11.299418,

Auto-correlations of the modulus of each oriented sub-band
 0.544490 0.651726 0.732042 0.763153 0.735500 0.657773 0.552799 0.608166 0.727709 0.818255 0.851076 0.815829 0.725204 0.606646 0.686437 0.837539 0.952974 0.998469 0.956633 0.839980 0.685678 0.719883 0.907569 1.069483 1.136518 1.069483 0.907569 0.719883 0.685678 0.839980 0.956633 0.998469 0.952974 0.837539 0.686437 0.606646 0.725204 0.815829 0.851076 0.818255 0.727709 0.608166 0.552799 0.657773 0.735500 0.763153 0.732042 0.651726 0.544490,
 7.339006 7.691199 8.114245 8.500782 8.730805 8.845385 8.941473 9.482691 10.242622 11.074944 11.646268 11.736392 11.546110 11.319290 12.058585 13.237993 14.522799 15.234153 14.933534 14.124646 13.352001 13.718895 14.938943 16.285509 16.959099 16.285509 14.938943 13.718895 13.352003 14.124644 14.933532 15.234153 14.522798 13.237993 12.058583 11.319289 11.546110 11.736392 11.646266 11.074942 10.242623 9.482693 8.941473 8.845383 8.730805 8.500782 8.114245 7.691199 7.339006,
 41.288631 42.545052 43.656143 44.110149 43.654545 42.653568 41.668686 51.972145 55.429966 58.490479 59.740799 58.453094 55.534950 52.456413 63.625027 69.872055 75.547699 77.935692 75.499268 69.930809 63.983093 69.062622 76.586082 83.604973 86.677391 83.604973 76.586082 69.062622 63.983093 69.930809 75.499268 77.935692 75.547699 69.872055 63.625034 52.456402 55.534950 58.453102 59.740799 58.490479 55.429977 51.972145 41.668682 42.653568 43.654541 44.110149 43.656139 42.545052 41.288631,
 9.510490 9.417107 9.266092 8.988046 8.545881 8.067261 7.726202 11.680779 12.002668 12.252158 12.159960 11.499142 10.533290 9.734513 13.428007 14.371269 15.361060 15.733002 14.899753 13.395914 12.101386 13.652652 15.048739 16.645277 17.444496 16.645277 15.048739 13.652652 12.101388 13.395915 14.899752 15.733002 15.361060 14.371268 13.428007 9.734513 10.533291 11.499142 12.159959 12.252158 12.002668 11.680779 7.726202 8.067261 8.545881 8.988046 9.266092 9.417107 9.510491,
 0.502549 0.689827 0.847075 0.912873 0.857198 0.705547 0.518324 0.528784 0.728215 0.895148 0.964038 0.903700 0.741877 0.543264 0.566393 0.788292 0.977309 1.055915 0.985478 0.800069 0.577205 0.591086 0.830836 1.039943 1.125912 1.039943 0.830836 0.591086 0.577205 0.800069 0.985478 1.055915 0.977309 0.788292 0.566393 0.543264 0.741877 0.903700 0.964038 0.895148 0.728215 0.528784 0.518324 0.705547 0.857197 0.912873 0.847075 0.689827 0.502549,
 2.927233 3.081482 3.223731 3.344930 3.448984 3.554150 3.645406 3.985668 4.387589 4.763607 4.966680 4.997928 4.945361 4.842623 5.256773 5.925467 6.602867 6.905767 6.714428 6.311145 5.876115 6.074890 6.780023 7.517136 7.883834 7.517136 6.780023 6.074890 5.876115 6.311145 6.714428 6.905767 6.602866 5.925467 5.256772 4.842623 4.945361 4.997928 4.966680 4.763607 4.387589 3.985668 3.645406 3.554151 3.448984 3.344929 3.223730 3.081482 2.927234,
 17.795208 18.617537 19.422026 19.910162 19.871815 19.454115 18.975197 23.037983 25.176304 27.140553 28.174145 27.792753 26.305639 24.444853 29.073515 32.968521 36.454910 38.096497 37.020050 33.896015 30.136858 32.282806 37.040791 41.205391 42.953419 41.205391 37.040794 32.282803 30.136858 33.896019 37.020046 38.096497 36.454910 32.968521 29.073515 24.444857 26.305635 27.792759 28.174150 27.140551 25.176304 23.037979 18.975199 19.454115 19.871815 19.910162 19.422026 18.617538 17.795212,
 4.682361 4.711854 4.694149 4.601720 4.435235 4.243796 4.081676 5.807887 6.060412 6.221591 6.223585 5.983908 5.548822 5.114609 6.804338 7.386746 7.927448 8.190380 7.853503 7.085054 6.327385 7.048093 7.878395 8.748354 9.180581 8.748356 7.878395 7.048092 6.327385 7.085054 7.853503 8.190380 7.927447 7.386746 6.804337 5.114611 5.548821 5.983908 6.223585 6.221590 6.060412 5.807887 4.081677 4.243795 4.435235 4.601720 4.694149 4.711855 4.682361,
 0.362541 0.514727 0.641829 0.690074 0.634668 0.501578 0.346631 0.371858 0.532816 0.668782 0.721843 0.665552 0.527798 0.366779 0.388428 0.565655 0.720640 0.784259 0.722125 0.568313 0.391246 0.400570 0.588800 0.757851 0.828544 0.757851 0.588800 0.400570 0.391246 0.568313 0.722125 0.784259 0.720640 0.565655 0.388428 0.366779 0.527798 0.665552 0.721843 0.668782 0.532816 0.371858 0.346631 0.501578 0.634668 0.690074 0.641829 0.514727 0.362541,
 2.007588 2.111970 2.183583 2.204814 2.163109 2.066973 1.948934 2.403129 2.675061 2.889671 2.956648 2.893269 2.736839 2.518968 2.928832 3.399990 3.826424 3.973784 3.796349 3.461608 3.072619 3.247524 3.773056 4.274127 4.509743 4.274127 3.773056 3.247524 3.072619 3.461607 3.796349 3.973784 3.826424 3.399990 2.928832 2.518968 2.736839 2.893269 2.956648 2.889671 2.675061 2.403129 1.948934 2.066973 2.163109 2.204814 2.183583 2.111970 2.007588,
 9.849277 10.348920 10.681746 10.657633 10.168934 9.394434 8.643841 12.132468 13.420500 14.378890 14.539945 13.695352 12.226318 10.718116 14.542633 16.913765 18.869873 19.483158 18.302700 15.969488 13.476884 15.236004 18.197319 20.854580 21.991016 20.854584 18.197319 15.236004 13.476884 15.969486 18.302698 19.483158 18.869873 16.913765 14.542632 10.718117 12.226318 13.695350 14.539945 14.378890 13.420500 12.132468 8.643840 9.394433 10.168934 10.657631 10.681746 10.348920 9.849277,
 1.994642 2.079530 2.107367 2.053938 1.926420 1.768118 1.614756 2.454498 2.682640 2.812527 2.802795 2.641608 2.346951 2.020503 2.879231 3.278527 3.614543 3.765346 3.561956 3.067107 2.553249 2.928084 3.466247 4.011054 4.273221 4.011054 3.466247 2.928084 2.553249 3.067107 3.561956 3.765346 3.614544 3.278527 2.879231 2.020503 2.346951 2.641608 2.802795 2.812527 2.682640 2.454498 1.614756 1.768118 1.926420 2.053938 2.107367 2.079530 1.994642,

Pairwise cross-correlations of the modulus of all oriented sub-bands at the same scale (size QxQ)
 1.136518 1.505954 2.285417 1.520249 1.505954 16.959095 33.052685 10.440391 2.285417 33.052685 86.677406 33.109249 1.520249 10.440391 33.109249 17.444492,
 1.125912 0.735557 1.212741 0.921273 0.735557 7.883832 15.484971 4.599416 1.212741 15.484971 42.953426 16.605850 0.921273 4.599416 16.605850 9.180579,

Cross-correlations of the modulus of all oriented sub-bands with all oriented sub-bands at the coarser scale (size QxQ)
 0.951761 0.783081 1.199972 0.892850 1.223904 6.116538 12.251389 4.511950 2.078531 11.930671 29.922678 12.831527 1.251704 4.367811 12.834917 6.964170,
 0.817122 0.683758 0.637522 0.668876 0.624234 2.683229 5.118524 1.945977 1.234151 5.614268 13.572306 5.773723 0.814628 2.266864 5.971469 3.190044,

Cross-correlations of the real part of each oriented sub-band with both the real and imaginary part of all phase-doubled oriented sub-bands at the next coarser scale (Q matrices of size 1x2Q, which are computed and stored in a matrix of size Qx2Q)
 0.323150 -0.042989 -0.132991 -0.079842 -0.008447 -0.003084 -0.006727 -0.000601 0.085221 -3.998067 -7.042946 -1.956313 -0.004494 -0.149701 -0.583214 -0.225945 -0.094923 -7.670998 -18.182295 -7.543745 -0.000772 -0.298621 -1.565770 -0.715838 0.054078 -2.002371 -6.871151 -4.102412 0.001767 -0.086021 -0.580022 -0.313337,
 0.303227 0.000827 -0.065663 0.010135 -0.001049 0.008128 -0.000357 0.016383 0.099294 -1.772041 -2.922544 -0.740931 0.003581 0.136150 0.290409 0.030685 -0.032466 -3.234980 -7.370659 -3.077098 0.003141 0.270270 0.805691 0.055117 0.103441 -0.780057 -2.782294 -1.707897 -0.000408 0.086452 0.272550 0.003101,
