Low-band skewness and kurtosis
 -1.208021 3.820684,
 -0.919213 3.181885,
 -0.711890 2.731831,
 -0.291936 2.043520,

High-band variance
 103.194252,

Skewness, kurtosis, variance, mean, maximum and minimum of the reconstructed texture
 128.000000 255.000000 240.723755 518.801453 -1.503062 4.383963

Auto-correlations of the low-frequency bands at each scale
 77.198608 75.621147 75.191444 74.787865 73.589943 72.428131 72.461205 86.241959 71.797440 61.981106 58.629967 62.039761 71.851608 86.202530 227.968491 231.744797 235.580444 237.854935 237.154694 235.110336 233.361755 342.417603 366.633331 385.667023 393.246552 385.667023 366.633331 342.417603 233.361755 235.110321 237.154663 237.854935 235.580444 231.744781 227.968521 86.202522 71.851608 62.039749 58.629963 61.981102 71.797432 86.241959 72.461189 72.428131 73.589928 74.787849 75.191452 75.621147 77.198608,
 78.260567 77.458107 77.919151 78.422722 77.633339 76.714256 76.702888 75.034386 66.645699 61.616455 60.143600 61.474106 66.523338 75.116714 158.218109 159.727982 161.672775 162.764481 161.506638 159.816681 159.184921 227.209427 240.670380 251.429779 255.920517 251.429779 240.670380 227.209427 159.184921 159.816650 161.506638 162.764481 161.672806 159.727997 158.218109 75.116714 66.523331 61.474117 60.143600 61.616444 66.645706 75.034393 76.702904 76.714249 77.633354 78.422722 77.919136 77.458115 78.260582,
 80.844223 80.391960 80.631203 80.878654 80.205711 79.355743 78.965767 81.883919 77.855186 75.416008 74.523422 74.552887 76.281937 79.849197 121.781921 122.389671 123.417549 123.976593 123.024132 121.913994 121.625626 156.171448 162.716995 168.258713 170.689041 168.258713 162.716980 156.171448 121.625626 121.913994 123.024124 123.976578 123.417549 122.389656 121.781921 79.849197 76.281937 74.552887 74.523415 75.415993 77.855171 81.883904 78.965759 79.355759 80.205711 80.878654 80.631187 80.391953 80.844223,
 12.382996 16.043509 18.372284 20.003368 23.197073 28.056997 30.833397 16.067884 17.995745 19.468359 23.278454 28.812147 31.657063 29.302355 17.938814 19.227186 23.277525 29.689075 32.711117 29.486795 23.800861 19.480175 23.361593 29.840813 33.362865 29.840813 23.361597 19.480175 23.800865 29.486794 32.711117 29.689075 23.277525 19.227188 17.938812 29.302362 31.657064 28.812140 23.278452 19.468359 17.995749 16.067879 30.833399 28.056993 23.197073 20.003368 18.372284 16.043509 12.382992,

Auto-correlations of the modulus of each oriented sub-band
 0.569863 0.677041 0.756412 0.785566 0.755060 0.673807 0.564894 0.628084 0.748232 0.837510 0.867690 0.829261 0.735907 0.615084 0.705120 0.855272 0.969212 1.010493 0.962963 0.842701 0.688301 0.736132 0.923237 1.079417 1.142412 1.079417 0.923237 0.736132 0.688301 0.842701 0.962963 1.010493 0.969212 0.855272 0.705120 0.615084 0.735907 0.829261 0.867690 0.837510 0.748232 0.628084 0.564894 0.673807 0.755060 0.785566 0.756412 0.677041 0.569863,
 7.515224 7.836342 8.257976 8.616931 8.814380 8.917735 9.005066 9.605732 10.326111 11.171730 11.728188 11.779050 11.562489 11.341498 12.053171 13.205160 14.525948 15.240215 14.895181 14.036485 13.270565 13.606088 14.815565 16.220285 16.925787 16.220285 14.815565 13.606088 13.270565 14.036484 14.895181 15.240215 14.525946 13.205160 12.053169 11.341499 11.562488 11.779052 11.728185 11.171730 10.326114 9.605731 9.005066 8.917735 8.814382 8.616931 8.257976 7.836342 7.515223,
 40.994446 42.337261 43.509727 43.918682 43.276966 42.024315 40.794266 51.457035 55.042873 58.243172 59.468750 57.911167 54.598705 51.143734 62.257984 68.727844 74.668663 77.107231 74.372314 68.320847 61.926044 66.907631 74.807678 82.251923 85.525536 82.251923 74.807693 66.907631 61.926044 68.320854 74.372314 77.107224 74.668663 68.727844 62.257980 51.143738 54.598713 57.911171 59.468750 58.243160 55.042866 51.457035 40.794266 42.024319 43.276966 43.918682 43.509727 42.337261 40.994450,
 9.103130 9.035280 8.951510 8.736535 8.330825 7.855603 7.482913 11.317108 11.601164 11.869332 11.813611 11.190136 10.235793 9.400509 13.065393 13.947674 14.912467 15.286171 14.490764 13.011385 11.696532 13.251390 14.622976 16.187220 16.963877 16.187220 14.622976 13.251390 11.696530 13.011383 14.490764 15.286170 14.912467 13.947674 13.065393 9.400509 10.235793 11.190135 11.813611 11.869332 11.601164 11.317108 7.482912 7.855602 8.330825 8.736537 8.951510 9.035283 9.103130,
 0.516956 0.699924 0.854316 0.918550 0.863285 0.714914 0.533639 0.552927 0.746271 0.909325 0.976159 0.915605 0.756345 0.562878 0.600461 0.819644 1.006955 1.083496 1.010374 0.823419 0.602118 0.623433 0.862044 1.071576 1.158314 1.071576 0.862044 0.623433 0.602118 0.823419 1.010374 1.083496 1.006955 0.819644 0.600461 0.562878 0.756345 0.915605 0.976159 0.909325 0.746271 0.552927 0.533639 0.714914 0.863285 0.918550 0.854316 0.699924 0.516956,
 3.500342 3.683578 3.882519 4.058846 4.199260 4.322148 4.425030 4.430175 4.891588 5.348146 5.646148 5.758715 5.760370 5.683650 5.775636 6.528924 7.284638 7.672640 7.553261 7.183221 6.743464 6.798203 7.564475 8.332296 8.705076 8.332296 7.564475 6.798203 6.743464 7.183221 7.553261 7.672640 7.284637 6.528924 5.775636 5.683651 5.760371 5.758715 5.646148 5.348146 4.891588 4.430175 4.425030 4.322148 4.199261 4.058846 3.882518 3.683577 3.500342,
 20.044058 20.681545 21.196808 21.362148 21.030664 20.391283 19.736891 25.122055 27.321106 29.171532 29.928562 29.193426 27.413237 25.375092 31.073929 35.316525 38.966469 40.491478 39.073524 35.569309 31.518194 34.065998 39.259262 43.803928 45.707272 43.803928 39.259262 34.065998 31.518194 35.569313 39.073521 40.491478 38.966465 35.316525 31.073925 25.375092 27.413233 29.193426 29.928562 29.171534 27.321102 25.122055 19.736891 20.391283 21.030664 21.362148 21.196808 20.681547 20.044058,
 4.934176 4.899744 4.811810 4.640494 4.401440 4.145031 3.906714 6.092739 6.276453 6.351626 6.265500 5.957947 5.466513 4.958616 7.075203 7.605227 8.073041 8.261498 7.880664 7.081518 6.286738 7.189700 8.012328 8.859681 9.273549 8.859681 8.012328 7.189701 6.286738 7.081517 7.880664 8.261498 8.073042 7.605227 7.075203 4.958615 5.466512 5.957948 6.265500 6.351626 6.276453 6.092739 3.906714 4.145031 4.401440 4.640494 4.811809 4.899744 4.934177,
 0.338297 0.475772 0.591542 0.634918 0.583657 0.462237 0.321827 0.347215 0.491020 0.615049 0.665207 0.614926 0.488179 0.339638 0.362335 0.520435 0.661695 0.722014 0.666276 0.524345 0.361296 0.371499 0.541483 0.695753 0.760678 0.695753 0.541483 0.371499 0.361295 0.524345 0.666276 0.722015 0.661695 0.520435 0.362335 0.339638 0.488179 0.614926 0.665208 0.615049 0.491020 0.347215 0.321827 0.462237 0.583657 0.634918 0.591542 0.475772 0.338297,
 1.802585 1.839563 1.859988 1.865176 1.866512 1.862786 1.847867 2.188463 2.377865 2.539527 2.600396 2.582149 2.509444 2.385860 2.720227 3.117275 3.502083 3.647122 3.510683 3.248209 2.936470 3.079267 3.532803 3.987916 4.211272 3.987916 3.532803 3.079267 2.936470 3.248209 3.510683 3.647122 3.502082 3.117274 2.720226 2.385860 2.509444 2.582148 2.600396 2.539527 2.377864 2.188463 1.847867 1.862786 1.866512 1.865176 1.859988 1.839563 1.802585,
 9.448157 9.443339 9.417150 9.275476 8.942905 8.495577 8.064071 11.774859 12.707522 13.483547 13.717703 13.197023 12.101919 10.819205 14.576015 16.903488 18.865879 19.630213 18.747328 16.630199 14.106516 15.771771 18.886702 21.548857 22.651001 21.548857 18.886702 15.771771 14.106516 16.630198 18.747328 19.630213 18.865881 16.903488 14.576015 10.819204 12.101917 13.197023 13.717702 13.483547 12.707522 11.774859 8.064071 8.495576 8.942905 9.275476 9.417150 9.443339 9.448157,
 2.084899 2.086278 2.057853 1.987036 1.885052 1.769991 1.655299 2.611236 2.768047 2.840343 2.812893 2.670151 2.423578 2.155680 3.087077 3.459855 3.758760 3.887850 3.688761 3.233638 2.757481 3.157373 3.689558 4.205945 4.453927 4.205945 3.689558 3.157373 2.757481 3.233638 3.688761 3.887850 3.758760 3.459855 3.087076 2.155680 2.423578 2.670151 2.812893 2.840343 2.768046 2.611235 1.655299 1.769991 1.885052 1.987036 2.057852 2.086278 2.084900,

Pairwise cross-correlations of the modulus of all oriented sub-bands at the same scale (size QxQ)
 1.142412 1.512811 2.340545 1.474932 1.512811 16.925791 32.773144 10.572433 2.340545 32.773144 85.525513 32.855034 1.474932 10.572433 32.855034 16.963877,
 1.158314 0.838234 1.185505 0.901549 0.838234 8.705075 16.879091 5.089524 1.185505 16.879091 45.707275 17.409666 0.901549 5.089524 17.409666 9.273546,

Cross-correlations of the modulus of all oriented sub-bands with all oriented sub-bands at the coarser scale (size QxQ)
 0.967408 0.858677 1.248458 0.951305 1.229805 6.515397 13.021579 4.892469 2.041775 12.531052 30.938389 13.080231 1.171491 4.583177 12.957109 6.786878,
 0.799931 0.552859 0.770353 0.594609 0.714445 2.842585 6.196321 2.384384 1.105230 5.447935 13.968644 5.961370 0.726665 2.078848 5.672689 2.955282,

Cross-correlations of the real part of each oriented sub-band with both the real and imaginary part of all phase-doubled oriented sub-bands at the next coarser scale (Q matrices of size 1x2Q, which are computed and stored in a matrix of size Qx2Q)
 0.359070 -0.032672 -0.125418 -0.050754 0.000991 -0.003153 -0.001712 0.013067 0.105797 -4.672026 -8.010593 -2.135637 0.000621 -0.126922 -0.093093 0.051373 -0.068238 -8.977108 -20.233931 -8.036616 -0.001342 -0.177873 0.003606 0.300155 0.091034 -2.284727 -7.395525 -4.194500 -0.001117 -0.017636 0.088308 0.205261,
 0.339641 0.019960 -0.021927 0.014989 0.033170 -0.011792 0.001544 -0.003038 0.118464 -1.173156 -2.370764 -0.684523 0.011187 -0.135067 -0.156238 -0.005582 -0.024140 -2.478664 -6.520720 -2.546974 -0.001609 -0.172793 -0.167049 0.049638 0.113147 -0.691752 -2.478721 -1.284897 0.010061 -0.017412 0.039169 0.039745,
