Low-band skewness and kurtosis
 -1.180990 3.777175,
 -0.878330 3.150439,
 -0.730379 3.077973,
 -0.046405 2.661535,

High-band variance
 100.061806,

Skewness, kurtosis, variance, mean, maximum and minimum of the reconstructed texture
 140.000000 255.000000 240.867126 505.565948 -1.483223 4.289453

Auto-correlations of the low-frequency bands at each scale
 54.729561 54.821815 55.580429 56.019424 55.203594 54.054245 53.543888 28.316156 26.242277 25.688900 25.729744 25.394714 25.606752 27.260431 207.349533 208.049698 209.510574 210.361832 209.359558 207.718384 206.792267 370.816345 375.212585 379.197510 381.008484 379.197510 375.212585 370.816315 206.792297 207.718353 209.359543 210.361801 209.510559 208.049667 207.349518 27.260448 25.606752 25.394714 25.729744 25.688900 26.242273 28.316156 53.543888 54.054245 55.203594 56.019417 55.580433 54.821823 54.729557,
 69.094337 69.274437 70.100449 70.715096 70.008034 69.168503 69.021690 42.096977 40.549427 40.214104 40.323715 39.701519 39.522045 40.557930 134.296265 134.322662 135.268402 135.904785 134.728439 133.198196 132.580582 226.729553 229.360199 232.295380 233.848663 232.295380 229.360199 226.729584 132.580566 133.198196 134.728439 135.904800 135.268402 134.322662 134.296280 40.557919 39.522060 39.701523 40.323719 40.214096 40.549416 42.096985 69.021690 69.168518 70.008049 70.715103 70.100449 69.274429 69.094345,
 58.551945 58.582085 59.005905 59.380699 59.065590 58.775249 58.885746 50.069901 49.326855 49.285740 49.480541 49.164478 49.112095 49.761189 101.414101 101.507858 102.186005 102.568115 101.609154 100.398460 99.840904 146.850586 148.448853 150.405258 151.484161 150.405258 148.448853 146.850586 99.840927 100.398460 101.609154 102.568123 102.186005 101.507858 101.414093 49.761200 49.112091 49.164478 49.480541 49.285732 49.326851 50.069889 58.885750 58.775249 59.065601 59.380695 59.005905 58.582085 58.551929,
 11.517279 14.332767 15.027711 15.891032 19.993649 26.330368 29.507740 14.411184 14.900032 15.674223 20.204123 26.891668 30.001345 26.614096 15.085205 15.603431 20.171350 27.493156 30.769838 26.860983 20.151684 15.879239 20.026791 27.365625 31.289865 27.365625 20.026791 15.879239 20.151684 26.860983 30.769838 27.493158 20.171354 15.603429 15.085205 26.614096 30.001343 26.891668 20.204123 15.674224 14.900032 14.411181 29.507740 26.330368 19.993650 15.891031 15.027710 14.332766 11.517281,

Auto-correlations of the modulus of each oriented sub-band
 0.533557 0.647693 0.730305 0.758970 0.725382 0.639630 0.524805 0.564422 0.692389 0.786088 0.817750 0.777192 0.677911 0.548943 0.597916 0.748585 0.863118 0.903948 0.855887 0.736838 0.585404 0.609447 0.772644 0.900563 0.949689 0.900563 0.772644 0.609447 0.585404 0.736838 0.855887 0.903948 0.863118 0.748585 0.597916 0.548943 0.677911 0.777192 0.817750 0.786088 0.692389 0.564421 0.524805 0.639630 0.725382 0.758970 0.730305 0.647693 0.533557,
 5.606095 5.653792 5.695261 5.729709 5.741321 5.733922 5.724769 7.830145 7.991218 8.095447 8.124821 8.097660 8.037399 7.957721 10.345880 10.647802 10.877564 10.935532 10.826576 10.643712 10.437611 11.560933 11.887971 12.178120 12.308348 12.178120 11.887972 11.560933 10.437611 10.643712 10.826574 10.935532 10.877563 10.647802 10.345880 7.957719 8.037398 8.097660 8.124822 8.095446 7.991218 7.830146 5.724769 5.733922 5.741320 5.729710 5.695261 5.653793 5.606095,
 42.297188 42.733639 43.140949 43.299438 43.082672 42.612850 42.110214 59.319099 60.303017 61.070267 61.342751 60.967041 60.090607 58.992546 78.563263 80.352264 81.668564 82.147324 81.596062 80.201271 78.328415 87.565338 89.830688 91.492188 92.121315 91.492188 89.830688 87.565338 78.328430 80.201271 81.596062 82.147331 81.668564 80.352272 78.563263 58.992546 60.090599 60.967045 61.342751 61.070267 60.303017 59.319096 42.110214 42.612843 43.082680 43.299435 43.140945 42.733646 42.297195,
 5.749002 5.762261 5.768600 5.748544 5.696853 5.634503 5.569722 8.037807 8.115073 8.162661 8.168859 8.113102 7.981244 7.795804 10.541192 10.743258 10.914685 11.010121 10.932347 10.680643 10.359043 11.630842 11.963982 12.260201 12.395023 12.260201 11.963982 11.630842 10.359043 10.680644 10.932346 11.010121 10.914684 10.743258 10.541192 7.795804 7.981245 8.113102 8.168859 8.162661 8.115073 8.037807 5.569722 5.634504 5.696853 5.748545 5.768601 5.762261 5.749001,
 0.511785 0.700610 0.857041 0.920440 0.861741 0.707985 0.519322 0.536987 0.737246 0.902585 0.968022 0.903064 0.737847 0.537519 0.562677 0.779451 0.959636 1.030478 0.957931 0.776573 0.559601 0.573281 0.799356 0.989034 1.064568 0.989034 0.799356 0.573281 0.559601 0.776573 0.957931 1.030478 0.959636 0.779451 0.562677 0.537518 0.737847 0.903064 0.968022 0.902585 0.737246 0.536987 0.519322 0.707985 0.861741 0.920440 0.857041 0.700610 0.511785,
 2.817629 2.873919 2.913932 2.939124 2.944220 2.929412 2.904434 3.952026 4.074899 4.148761 4.160408 4.138354 4.098818 4.038654 5.194880 5.421710 5.600008 5.625737 5.517171 5.380042 5.252976 5.783172 6.011942 6.252971 6.370905 6.252971 6.011942 5.783172 5.252976 5.380040 5.517171 5.625737 5.600008 5.421711 5.194880 4.038653 4.098818 4.138354 4.160409 4.148760 4.074899 3.952026 2.904434 2.929412 2.944220 2.939125 2.913932 2.873920 2.817630,
 20.821507 21.285664 21.737999 22.016140 21.976822 21.740112 21.475878 29.479506 30.242195 30.904350 31.256575 31.119665 30.646511 30.059559 39.327488 40.516163 41.471992 41.912624 41.615108 40.784729 39.715427 44.146767 45.537037 46.623062 47.068363 46.623066 45.537037 44.146767 39.715427 40.784725 41.615105 41.912621 41.471992 40.516163 39.327492 30.059559 30.646509 31.119669 31.256575 30.904352 30.242191 29.479506 21.475878 21.740114 21.976822 22.016140 21.737999 21.285667 20.821510,
 2.872984 2.924494 2.957669 2.964667 2.956912 2.939751 2.900277 4.005929 4.087103 4.142407 4.184207 4.198290 4.141574 4.021511 5.256175 5.404198 5.560771 5.693198 5.685598 5.505842 5.271718 5.839956 6.084514 6.340492 6.466592 6.340492 6.084514 5.839956 5.271718 5.505842 5.685597 5.693197 5.560770 5.404198 5.256174 4.021511 4.141574 4.198290 4.184207 4.142407 4.087103 4.005929 2.900278 2.939751 2.956911 2.964667 2.957669 2.924494 2.872983,
 0.300318 0.439365 0.557987 0.606851 0.562560 0.447341 0.309639 0.313018 0.459101 0.584565 0.636727 0.590104 0.468281 0.322965 0.329932 0.486929 0.622761 0.678861 0.626604 0.493134 0.336476 0.341119 0.504473 0.645858 0.703081 0.645858 0.504473 0.341119 0.336476 0.493134 0.626604 0.678861 0.622761 0.486929 0.329932 0.322965 0.468281 0.590104 0.636727 0.584565 0.459101 0.313018 0.309639 0.447341 0.562560 0.606851 0.557987 0.439365 0.300318,
 0.737667 0.764219 0.787821 0.800383 0.798789 0.790284 0.779246 1.322641 1.400256 1.449661 1.449416 1.431033 1.416289 1.397910 1.994588 2.127701 2.255248 2.267178 2.181351 2.104131 2.056598 2.332980 2.444104 2.601799 2.693372 2.601799 2.444104 2.332980 2.056598 2.104131 2.181351 2.267177 2.255249 2.127701 1.994587 1.397910 1.416288 1.431033 1.449416 1.449661 1.400256 1.322641 0.779246 0.790284 0.798789 0.800383 0.787821 0.764219 0.737667,
 5.327543 5.450870 5.584085 5.629735 5.528675 5.369677 5.244472 9.861696 10.193097 10.490115 10.618766 10.492175 10.230382 9.959716 15.300390 15.864079 16.335482 16.538832 16.342768 15.899971 15.380625 17.974350 18.648323 19.203545 19.443605 19.203543 18.648323 17.974348 15.380627 15.899971 16.342770 16.538834 16.335482 15.864078 15.300390 9.959715 10.230382 10.492174 10.618766 10.490113 10.193095 9.861696 5.244473 5.369677 5.528675 5.629735 5.584085 5.450870 5.327542,
 0.763301 0.759915 0.751626 0.744363 0.748564 0.754938 0.747946 1.375608 1.387732 1.405335 1.443222 1.474236 1.453047 1.394927 2.077915 2.135565 2.238290 2.351574 2.357792 2.238529 2.102418 2.419501 2.553656 2.732760 2.832110 2.732760 2.553656 2.419501 2.102418 2.238529 2.357792 2.351574 2.238290 2.135565 2.077915 1.394927 1.453047 1.474236 1.443222 1.405335 1.387732 1.375607 0.747946 0.754938 0.748564 0.744363 0.751626 0.759915 0.763300,

Pairwise cross-correlations of the modulus of all oriented sub-bands at the same scale (size QxQ)
 0.949689 0.572293 0.444655 0.561476 0.572293 12.308346 32.656334 11.414085 0.444655 32.656334 92.121338 32.788059 0.561476 11.414085 32.788059 12.395026,
 1.064568 0.479736 0.167869 0.500747 0.479736 6.370905 16.593508 5.857150 0.167869 16.593508 47.068367 16.666149 0.500747 5.857150 16.666149 6.466592,

Cross-correlations of the modulus of all oriented sub-bands with all oriented sub-bands at the coarser scale (size QxQ)
 0.926493 0.402263 0.025562 0.415636 0.615146 4.041108 10.607928 3.944418 0.680056 10.736405 30.224987 10.971380 0.606684 3.958236 10.941249 4.228122,
 0.770063 0.313291 -0.043473 0.353440 0.443980 1.355721 3.689933 1.504943 0.473627 3.397411 10.483318 3.987749 0.465037 1.323108 3.773387 1.624043,

Cross-correlations of the real part of each oriented sub-band with both the real and imaginary part of all phase-doubled oriented sub-bands at the next coarser scale (Q matrices of size 1x2Q, which are computed and stored in a matrix of size Qx2Q)
 0.341815 0.038254 -0.010774 0.025439 -0.017985 -0.012238 -0.002145 0.011610 0.127190 -2.810620 -7.427590 -2.537194 -0.007028 0.078997 0.326563 0.106145 0.000246 -7.545506 -20.860092 -7.580758 0.000861 0.279787 0.918415 0.342185 0.121148 -2.555277 -7.478376 -2.886445 -0.006709 0.102996 0.329713 0.148621,
 0.306446 0.048732 -0.002801 0.033351 -0.015767 -0.007688 -0.004155 -0.007523 0.113619 -0.742656 -2.045032 -0.712427 -0.007895 -0.525377 -1.594104 -0.556401 0.003512 -2.103587 -6.106492 -2.279685 0.000929 -1.444806 -4.636387 -1.606276 0.119729 -0.735006 -2.322183 -0.898157 -0.004804 -0.518298 -1.706497 -0.581677,
