Low-band skewness and kurtosis
 -1.270974 4.203485,
 -1.003559 3.551408,
 -0.764306 2.886585,
 -0.365990 2.409635,

High-band variance
 107.309746,

Skewness, kurtosis, variance, mean, maximum and minimum of the reconstructed texture
 125.000000 255.000000 240.750305 524.383972 -1.546245 4.591342

Auto-correlations of the low-frequency bands at each scale
 70.663986 69.329376 69.690842 70.579964 71.088142 71.833618 73.724548 85.343285 70.709618 60.777927 57.673401 61.817043 72.730553 88.346214 229.143097 233.112518 236.667099 238.427002 237.086487 234.297318 231.830002 340.792175 366.331421 386.283234 394.188660 386.283234 366.331390 340.792175 231.830032 234.297318 237.086517 238.427002 236.667053 233.112473 229.143112 88.346199 72.730545 61.817036 57.673405 60.777916 70.709602 85.343285 73.724541 71.833626 71.088142 70.579948 69.690842 69.329376 70.663986,
 76.515709 76.124191 76.620865 76.922462 75.903343 74.856743 74.951088 73.486763 64.989059 60.180317 59.316383 61.488483 67.286621 76.330414 153.413818 155.700577 158.719742 161.175537 161.352325 160.770508 160.649719 225.215973 239.721375 251.132355 255.833618 251.132355 239.721375 225.215973 160.649719 160.770523 161.352295 161.175537 158.719742 155.700562 153.413818 76.330406 67.286629 61.488483 59.316383 60.180328 64.989044 73.486771 74.951088 74.856743 75.903343 76.922462 76.620857 76.124199 76.515709,
 78.346214 77.025558 76.218056 75.462067 74.122093 73.020294 72.737572 71.338043 66.525986 63.628330 62.950233 64.127251 67.789192 73.732307 115.547256 116.992035 119.015236 120.723076 120.946938 120.700493 120.734116 155.914520 164.262482 170.945435 173.751801 170.945435 164.262482 155.914520 120.734100 120.700478 120.946938 120.723076 119.015244 116.992035 115.547272 73.732292 67.789185 64.127251 62.950230 63.628334 66.525970 71.338051 72.737564 73.020294 74.122086 75.462059 76.218048 77.025558 78.346199,
 10.989032 14.096677 16.800838 18.801012 22.396267 27.883276 30.555439 14.280084 16.515301 18.297340 22.391417 28.573450 31.564987 28.436380 16.569086 18.058403 22.254314 29.251286 32.611977 28.843599 22.662325 18.390896 22.273563 29.260363 33.193089 29.260363 22.273563 18.390896 22.662325 28.843603 32.611973 29.251286 22.254314 18.058403 16.569090 28.436380 31.564987 28.573452 22.391418 18.297344 16.515299 14.280087 30.555437 27.883276 22.396267 18.801012 16.800840 14.096677 10.989032,

Auto-correlations of the modulus of each oriented sub-band
 0.539662 0.642581 0.718369 0.745861 0.717067 0.641162 0.538780 0.590881 0.706594 0.793667 0.825580 0.791568 0.703578 0.589336 0.663052 0.810082 0.922287 0.965232 0.923928 0.812223 0.665101 0.701485 0.882313 1.037234 1.101045 1.037234 0.882313 0.701485 0.665102 0.812223 0.923928 0.965232 0.922287 0.810082 0.663052 0.589336 0.703578 0.791568 0.825580 0.793667 0.706594 0.590881 0.538780 0.641161 0.717067 0.745861 0.718369 0.642581 0.539662,
 7.033100 7.349981 7.792341 8.219108 8.499322 8.671028 8.823076 9.125242 9.881731 10.788939 11.428362 11.543770 11.357512 11.155051 11.658697 12.885822 14.305228 15.102190 14.770795 13.874742 13.067090 13.330089 14.622194 16.121656 16.876583 16.121656 14.622196 13.330089 13.067090 13.874738 14.770798 15.102190 14.305226 12.885822 11.658697 11.155051 11.357509 11.543771 11.428362 10.788939 9.881731 9.125241 8.823076 8.671028 8.499324 8.219109 7.792341 7.349983 7.033100,
 39.228649 40.262527 41.477329 42.220760 42.026814 41.140163 40.115662 49.377079 52.729828 56.026180 57.574669 56.369301 53.269272 49.902832 60.274490 66.693367 72.852867 75.568581 72.959671 66.863678 60.441551 65.216049 73.172432 80.843239 84.251938 80.843231 73.172417 65.216042 60.441544 66.863678 72.959679 75.568581 72.852859 66.693367 60.274490 49.902828 53.269268 56.369293 57.574661 56.026184 52.729828 49.377083 40.115662 41.140163 42.026814 42.220764 41.477325 40.262527 39.228653,
 9.351268 9.256657 9.182032 8.999772 8.625523 8.182126 7.851049 11.699000 11.929630 12.163116 12.092813 11.477893 10.568590 9.801237 13.616899 14.447573 15.359415 15.695477 14.903035 13.468134 12.212539 13.852926 15.178092 16.697231 17.451330 16.697231 15.178092 13.852923 12.212541 13.468134 14.903035 15.695479 15.359414 14.447573 13.616896 9.801237 10.568590 11.477895 12.092812 12.163114 11.929630 11.698998 7.851048 8.182126 8.625523 8.999772 9.182032 9.256655 9.351268,
 0.501394 0.683463 0.834205 0.894135 0.836250 0.686680 0.504363 0.526593 0.720082 0.880065 0.942574 0.879053 0.718370 0.524585 0.557604 0.773739 0.957400 1.030310 0.956206 0.771897 0.555346 0.572994 0.804826 1.010324 1.095750 1.010324 0.804826 0.572994 0.555346 0.771897 0.956206 1.030310 0.957400 0.773739 0.557604 0.524585 0.718370 0.879053 0.942575 0.880065 0.720082 0.526593 0.504363 0.686680 0.836250 0.894135 0.834205 0.683463 0.501394,
 4.148097 4.314242 4.489294 4.646816 4.756920 4.822875 4.850944 5.215509 5.674457 6.107235 6.353335 6.390201 6.300351 6.139587 6.525218 7.295813 8.060856 8.412992 8.210268 7.746763 7.236395 7.404177 8.210395 9.032506 9.433184 9.032506 8.210395 7.404176 7.236394 7.746763 8.210268 8.412992 8.060856 7.295812 6.525218 6.139587 6.300351 6.390201 6.353335 6.107235 5.674458 5.215509 4.850944 4.822875 4.756920 4.646816 4.489294 4.314242 4.148097,
 21.385223 22.223383 22.936190 23.203281 22.839203 22.074329 21.287880 26.529242 28.905334 30.905628 31.650442 30.697140 28.567778 26.209490 31.884506 36.322094 40.152031 41.660622 39.966377 36.043701 31.638294 34.175739 39.626759 44.466213 46.502567 44.466217 39.626759 34.175739 31.638294 36.043705 39.966370 41.660622 40.152031 36.322094 31.884512 26.209490 28.567778 30.697136 31.650438 30.905634 28.905331 26.529240 21.287880 22.074327 22.839199 23.203281 22.936195 22.223385 21.385223,
 4.666507 4.609026 4.502226 4.350062 4.175444 4.007382 3.849732 5.886509 6.027562 6.056480 5.949963 5.662359 5.218288 4.768020 6.860275 7.357300 7.766467 7.908984 7.526788 6.761115 6.005974 6.914232 7.706746 8.503372 8.889834 8.503372 7.706747 6.914232 6.005974 6.761116 7.526788 7.908984 7.766466 7.357299 6.860275 4.768020 5.218287 5.662359 5.949962 6.056480 6.027563 5.886509 3.849732 4.007382 4.175444 4.350062 4.502226 4.609026 4.666506,
 0.287661 0.417643 0.527962 0.571951 0.528051 0.417512 0.286222 0.300190 0.434152 0.547847 0.593829 0.549526 0.435754 0.299739 0.315443 0.462564 0.591013 0.643847 0.591755 0.462437 0.313542 0.320994 0.478303 0.620546 0.680407 0.620546 0.478303 0.320994 0.313542 0.462437 0.591755 0.643847 0.591013 0.462564 0.315443 0.299739 0.435754 0.549526 0.593829 0.547847 0.434152 0.300190 0.286222 0.417512 0.528051 0.571951 0.527962 0.417643 0.287661,
 2.109463 2.275338 2.439905 2.581438 2.671291 2.686444 2.642072 2.643266 3.001658 3.317250 3.494349 3.523948 3.426535 3.228170 3.306909 3.868791 4.380470 4.601643 4.466105 4.131465 3.712650 3.762480 4.357752 4.910966 5.164237 4.910966 4.357752 3.762480 3.712650 4.131466 4.466105 4.601643 4.380470 3.868791 3.306909 3.228170 3.426535 3.523947 3.494349 3.317250 3.001657 2.643265 2.642072 2.686444 2.671291 2.581438 2.439905 2.275338 2.109463,
 11.088238 11.633589 12.037214 12.041200 11.496571 10.687098 9.981664 13.643194 15.265728 16.493944 16.759344 15.798364 14.091164 12.329504 16.069244 19.078348 21.553270 22.389545 21.032932 18.229269 15.144256 16.802670 20.518751 23.783983 25.167469 23.783981 20.518745 16.802670 15.144256 18.229269 21.032932 22.389545 21.553270 19.078348 16.069244 12.329506 14.091164 15.798363 16.759344 16.493942 15.265728 13.643193 9.981664 10.687099 11.496571 12.041200 12.037214 11.633589 11.088238,
 2.161813 2.198131 2.185604 2.130521 2.051074 1.961031 1.875041 2.691382 2.866196 2.957111 2.950114 2.829129 2.603698 2.352362 3.183864 3.568434 3.877376 4.008626 3.824020 3.392181 2.924272 3.287634 3.822490 4.324879 4.557921 4.324879 3.822490 3.287634 2.924272 3.392181 3.824020 4.008626 3.877376 3.568434 3.183864 2.352362 2.603698 2.829129 2.950114 2.957111 2.866196 2.691382 1.875041 1.961031 2.051074 2.130521 2.185604 2.198131 2.161813,

Pairwise cross-correlations of the modulus of all oriented sub-bands at the same scale (size QxQ)
 1.101045 1.489892 2.351224 1.555360 1.489892 16.876583 32.178295 10.277761 2.351224 32.178295 84.251930 32.597076 1.555360 10.277761 32.597076 17.451321,
 1.095750 0.912270 1.260862 0.914266 0.912270 9.433183 17.818117 5.133576 1.260862 17.818117 46.502560 16.931545 0.914266 5.133576 16.931545 8.889834,

Cross-correlations of the modulus of all oriented sub-bands with all oriented sub-bands at the coarser scale (size QxQ)
 0.916987 0.953791 1.334678 0.980825 1.182414 7.070581 13.721584 4.910030 2.070521 13.539397 32.661049 13.414927 1.267301 4.879832 13.668604 7.126326,
 0.737481 0.662319 0.647042 0.719729 0.682839 3.275782 6.112948 2.410621 1.082034 6.855300 15.139585 6.252578 0.685960 2.696563 6.294561 3.197825,

Cross-correlations of the real part of each oriented sub-band with both the real and imaginary part of all phase-doubled oriented sub-bands at the next coarser scale (Q matrices of size 1x2Q, which are computed and stored in a matrix of size Qx2Q)
 0.320095 -0.076201 -0.139710 -0.040183 0.008660 0.011498 0.008819 0.002151 0.068550 -5.079528 -8.629094 -2.330677 0.005861 0.313211 0.775481 0.266165 -0.081210 -9.410633 -21.928308 -8.834531 0.003379 0.703664 2.207587 0.797928 0.086192 -2.345710 -8.121655 -4.539821 0.005506 0.229834 0.857290 0.308556,
 0.320976 0.002423 -0.055689 0.011668 -0.026265 -0.003800 -0.001298 0.003611 0.110336 -2.261329 -3.634639 -0.868762 -0.007714 0.573467 1.446576 0.443493 -0.020623 -4.190176 -8.759232 -3.266155 -0.000041 1.332773 4.025912 1.324937 0.114684 -0.978836 -3.035637 -1.659429 -0.011406 0.400983 1.450075 0.485738,
