Low-band skewness and kurtosis
 -1.278126 4.071537,
 -1.055094 3.610620,
 -0.863347 3.135235,
 -0.456542 3.073789,

High-band variance
 102.222290,

Skewness, kurtosis, variance, mean, maximum and minimum of the reconstructed texture
 126.000000 255.000000 240.677704 532.724060 -1.540313 4.531730

Auto-correlations of the low-frequency bands at each scale
 87.945915 85.544266 84.785980 84.729630 84.676003 85.689308 89.328705 111.646049 93.279335 79.852226 74.943878 79.795380 93.450432 112.165558 245.684143 249.660355 253.998230 256.244537 254.465332 250.003799 243.831055 340.423187 372.829346 398.633392 408.903564 398.633392 372.829346 340.423187 243.831055 250.003799 254.465332 256.244568 253.998230 249.660339 245.684143 112.165565 93.450424 79.795380 74.943878 79.852219 93.279312 111.646034 89.328720 85.689308 84.676010 84.729614 84.785980 85.544266 87.945908,
 94.533936 93.024002 93.157448 93.908089 94.101547 95.126999 98.276512 93.610489 81.376968 73.415306 71.102264 74.088829 82.723038 95.567955 172.396973 173.836456 176.046631 177.311493 175.513214 172.069183 168.147720 230.925629 251.109207 267.122131 273.632080 267.122131 251.109222 230.925629 168.147720 172.069168 175.513184 177.311508 176.046631 173.836441 172.396942 95.567955 82.723038 74.088844 71.102257 73.415306 81.376953 93.610512 98.276505 95.127022 94.101547 93.908104 93.157448 93.024002 94.533943,
 98.284164 98.391602 99.206032 100.064049 100.152336 100.388512 101.585411 101.274345 94.727303 90.673058 90.023766 92.459381 98.234558 106.349838 135.870956 136.404160 137.731323 138.773682 138.102997 136.752289 135.505936 160.805939 171.871353 181.057007 184.905243 181.057007 171.871353 160.805939 135.505936 136.752274 138.102997 138.773682 137.731323 136.404175 135.870956 106.349823 98.234535 92.459373 90.023758 90.673065 94.727303 101.274338 101.585426 100.388512 100.152336 100.064049 99.206032 98.391624 98.284157,
 9.007069 11.655850 11.582226 11.065001 14.407639 20.927719 24.126465 11.874588 11.294711 10.516404 14.352452 21.673166 25.262568 21.514021 11.338190 10.310920 14.297462 22.529255 26.518574 22.027975 14.739683 10.702013 14.341137 22.574482 27.249525 22.574486 14.341137 10.702013 14.739684 22.027975 26.518570 22.529255 14.297464 10.310920 11.338191 21.514023 25.262568 21.673166 14.352452 10.516404 11.294713 11.874588 24.126467 20.927719 14.407640 11.065001 11.582222 11.655849 9.007067,

Auto-correlations of the modulus of each oriented sub-band
 0.595778 0.706255 0.786620 0.814862 0.782872 0.700743 0.592139 0.664142 0.788624 0.882818 0.917821 0.880603 0.783594 0.657078 0.755382 0.920699 1.042031 1.082483 1.031631 0.905893 0.741892 0.786914 0.992648 1.177894 1.257286 1.177894 0.992648 0.786914 0.741892 0.905893 1.031631 1.082483 1.042031 0.920699 0.755382 0.657078 0.783594 0.880603 0.917821 0.882818 0.788624 0.664142 0.592139 0.700743 0.782872 0.814862 0.786620 0.706255 0.595778,
 8.796252 9.294707 9.929125 10.525865 10.941282 11.213523 11.429569 10.941769 11.984962 13.187201 14.064396 14.304444 14.122020 13.827400 13.530269 15.137310 16.911310 17.944214 17.651220 16.596460 15.502398 15.410503 17.098934 18.905678 19.780436 18.905678 17.098934 15.410501 15.502400 16.596460 17.651220 17.944214 16.911310 15.137313 13.530269 13.827400 14.122017 14.304446 14.064398 13.187201 11.984962 10.941768 11.429569 11.213522 10.941283 10.525865 9.929125 9.294708 8.796252,
 39.208256 40.324146 41.600555 42.331722 42.054325 41.011360 39.645363 47.728004 51.288918 55.035774 56.831043 55.382915 51.745564 47.767715 56.080696 62.882343 69.921425 73.180542 70.124947 63.103012 55.952461 59.607155 68.154762 76.902390 80.926590 76.902390 68.154762 59.607155 55.952461 63.103012 70.124947 73.180534 69.921417 62.882343 56.080696 47.767723 51.745564 55.382927 56.831051 55.035774 51.288921 47.728001 39.645363 41.011353 42.054333 42.331726 41.600548 40.324146 39.208252,
 9.779714 9.627725 9.447062 9.146291 8.665683 8.136820 7.709881 12.134797 12.380116 12.614290 12.491750 11.711900 10.618026 9.713733 13.838535 14.757898 15.809200 16.196783 15.201268 13.522168 12.128962 13.853650 15.300974 17.043894 17.954172 17.043894 15.300975 13.853650 12.128963 13.522170 15.201267 16.196783 15.809198 14.757898 13.838535 9.713733 10.618026 11.711902 12.491752 12.614289 12.380116 12.134797 7.709881 8.136821 8.665684 9.146293 9.447062 9.627725 9.779714,
 0.539184 0.727713 0.881760 0.939928 0.875673 0.718391 0.529407 0.570248 0.775204 0.942602 1.005451 0.935305 0.764024 0.559192 0.611240 0.848420 1.048195 1.125058 1.041073 0.838449 0.602001 0.628370 0.887274 1.119179 1.216631 1.119179 0.887274 0.628370 0.602001 0.838449 1.041073 1.125058 1.048195 0.848420 0.611240 0.559192 0.764024 0.935305 1.005451 0.942602 0.775204 0.570248 0.529407 0.718391 0.875674 0.939928 0.881760 0.727713 0.539184,
 5.417346 5.714538 5.997504 6.219808 6.369752 6.463594 6.517542 6.428046 7.109428 7.774163 8.161626 8.212810 8.065015 7.830731 7.763214 8.839959 9.927490 10.461011 10.199566 9.524964 8.789657 8.767098 9.896165 11.044115 11.592014 11.044116 9.896165 8.767098 8.789657 9.524964 10.199568 10.461011 9.927490 8.839959 7.763215 7.830730 8.065015 8.212808 8.161627 7.774164 7.109428 6.428047 6.517542 6.463594 6.369752 6.219808 5.997504 5.714539 5.417347,
 22.509611 23.624681 24.643997 25.095247 24.635111 23.498095 22.226624 26.452131 29.253090 31.984434 33.268814 32.200073 29.380569 26.236719 30.697828 35.748871 40.709419 42.995953 40.948769 35.920269 30.558811 32.570995 38.869202 45.001827 47.726799 45.001827 38.869202 32.570995 30.558811 35.920265 40.948776 42.995953 40.709419 35.748871 30.697830 26.236719 29.380568 32.200073 33.268814 31.984434 29.253086 26.452127 22.226624 23.498095 24.635109 25.095245 24.643997 23.624678 22.509611,
 5.143362 5.194741 5.165588 5.035508 4.823668 4.581204 4.351310 6.444113 6.726099 6.884588 6.833145 6.495677 5.928073 5.348150 7.543973 8.207926 8.795045 9.024516 8.573763 7.634334 6.700556 7.664602 8.643984 9.639957 10.116860 9.639957 8.643986 7.664602 6.700556 7.634334 8.573761 9.024516 8.795045 8.207927 7.543972 5.348150 5.928073 6.495677 6.833145 6.884589 6.726099 6.444113 4.351312 4.581204 4.823668 5.035508 5.165589 5.194741 5.143363,
 0.335740 0.488338 0.615496 0.664111 0.610927 0.480637 0.327525 0.343081 0.502268 0.635025 0.686235 0.631708 0.496570 0.337845 0.352776 0.529132 0.683474 0.745538 0.681006 0.525852 0.351482 0.358594 0.546161 0.720249 0.794843 0.720249 0.546161 0.358594 0.351482 0.525852 0.681006 0.745538 0.683474 0.529132 0.352776 0.337845 0.496570 0.631708 0.686235 0.635025 0.502268 0.343081 0.327525 0.480637 0.610927 0.664111 0.615496 0.488338 0.335740,
 2.341336 2.433995 2.518218 2.587105 2.622320 2.610609 2.566119 2.827861 3.184125 3.491699 3.648826 3.635692 3.492879 3.271509 3.429810 4.081913 4.686081 4.941515 4.745758 4.301545 3.798321 3.846689 4.566687 5.267575 5.592499 5.267575 4.566688 3.846689 3.798321 4.301545 4.745757 4.941515 4.686082 4.081913 3.429810 3.271509 3.492879 3.635692 3.648826 3.491699 3.184125 2.827861 2.566119 2.610609 2.622320 2.587105 2.518218 2.433995 2.341336,
 7.425262 7.689240 8.011209 8.246536 8.278567 8.230514 8.196527 9.547741 10.898825 12.164670 12.650382 12.014876 10.736561 9.541034 11.473237 14.179334 16.832657 17.886168 16.506115 13.713167 11.083757 12.033781 15.369457 18.837914 20.433842 18.837914 15.369457 12.033781 11.083755 13.713167 16.506115 17.886164 16.832657 14.179334 11.473238 9.541034 10.736560 12.014876 12.650384 12.164667 10.898825 9.547740 8.196527 8.230512 8.278568 8.246537 8.011210 7.689240 7.425263,
 2.053765 2.129247 2.169817 2.170841 2.151465 2.114350 2.056341 2.699148 2.907848 3.044762 3.083826 3.004082 2.802147 2.556664 3.307091 3.708799 4.054342 4.228279 4.067346 3.628919 3.154425 3.494942 4.039524 4.572073 4.824178 4.572073 4.039524 3.494942 3.154425 3.628919 4.067346 4.228279 4.054342 3.708799 3.307091 2.556664 2.802147 3.004082 3.083826 3.044762 2.907847 2.699148 2.056341 2.114350 2.151465 2.170841 2.169817 2.129247 2.053765,

Pairwise cross-correlations of the modulus of all oriented sub-bands at the same scale (size QxQ)
 1.257286 1.887589 2.699180 1.683627 1.887589 19.780439 32.816418 9.874572 2.699180 32.816418 80.926598 31.401569 1.683627 9.874572 31.401569 17.954182,
 1.216631 1.078410 1.446980 1.009358 1.078410 11.592016 18.898232 5.366790 1.446980 18.898232 47.726795 17.908960 1.009358 5.366790 17.908960 10.116861,

Cross-correlations of the modulus of all oriented sub-bands with all oriented sub-bands at the coarser scale (size QxQ)
 1.016840 1.263602 1.690689 1.080575 1.361878 8.976730 14.800044 5.217529 2.129688 14.356134 31.158756 13.309831 1.290561 4.919212 13.112588 7.364937,
 0.833276 0.757016 0.773154 0.612254 0.834434 4.591460 6.947930 2.446176 1.251753 7.640701 15.301184 6.421041 0.763503 2.677062 6.296509 3.532350,

Cross-correlations of the real part of each oriented sub-band with both the real and imaginary part of all phase-doubled oriented sub-bands at the next coarser scale (Q matrices of size 1x2Q, which are computed and stored in a matrix of size Qx2Q)
 0.320329 -0.174945 -0.227152 -0.144599 0.003501 -0.015645 -0.015918 -0.013376 0.015471 -5.510034 -7.948443 -2.147378 -0.006449 -0.309861 -0.757622 -0.198176 -0.204372 -8.953077 -20.626572 -9.488743 -0.003493 -0.651720 -2.197650 -0.655105 0.000737 -2.034575 -8.344680 -5.617173 0.005668 -0.224966 -0.888137 -0.309832,
 0.299882 -0.083629 -0.130119 -0.052757 0.016145 -0.014933 -0.027661 -0.019857 0.065650 -2.577450 -2.828170 -0.650535 -0.001528 -0.527008 -0.945150 -0.273401 -0.107769 -3.689511 -6.665461 -3.463136 -0.005388 -0.836721 -2.510570 -1.101386 0.049557 -0.664489 -2.759061 -2.334973 0.008791 -0.189700 -1.067013 -0.615433,
