Low-band skewness and kurtosis
 -1.259767 4.132452,
 -1.049317 3.723213,
 -0.913068 3.358438,
 -0.591409 2.987707,

High-band variance
 103.844620,

Skewness, kurtosis, variance, mean, maximum and minimum of the reconstructed texture
 122.000000 255.000000 240.824814 518.283691 -1.530002 4.519375

Auto-correlations of the low-frequency bands at each scale
 80.244804 79.292038 79.383499 79.423180 78.630592 77.982010 78.617302 78.602760 66.372192 58.490955 56.423058 60.204041 69.580887 82.990021 224.381317 227.536469 231.010742 233.242737 232.625626 230.525223 228.516510 345.252991 367.088470 384.262085 391.122589 384.262085 367.088501 345.252991 228.516541 230.525223 232.625641 233.242737 231.010712 227.536469 224.381317 82.990021 69.580902 60.204041 56.423046 58.490952 66.372192 78.602745 78.617317 77.982033 78.630592 79.423187 79.383507 79.292038 80.244789,
 80.404465 80.803604 82.249359 83.570045 83.528954 83.337982 84.105927 77.112129 69.954071 65.760841 64.648125 65.787827 70.051331 77.398392 157.031021 158.331009 160.356400 161.750198 160.789886 159.065063 157.962997 225.712311 237.833847 247.655807 251.792709 247.655823 237.833847 225.712296 157.962997 159.065063 160.789917 161.750198 160.356415 158.331009 157.031021 77.398392 70.051353 65.787827 64.648125 65.760841 69.954071 77.112099 84.105927 83.337982 83.528946 83.570053 82.249359 80.803619 80.404465,
 85.242798 84.638474 84.587997 84.671280 84.002609 83.254509 83.048103 81.989349 78.413124 76.621765 76.504532 77.172836 79.253731 82.945694 120.442566 121.713234 123.701721 125.280800 125.031013 124.233391 123.965309 156.455963 162.939377 168.511658 170.998520 168.511658 162.939377 156.455963 123.965324 124.233391 125.031013 125.280800 123.701736 121.713226 120.442581 82.945694 79.253716 77.172836 76.504532 76.621742 78.413132 81.989342 83.048103 83.254524 84.002602 84.671265 84.587990 84.638481 85.242813,
 9.504722 11.430748 11.805342 12.602629 16.743351 23.096195 25.765202 11.761934 11.792246 12.213401 16.775478 23.925919 27.010967 22.984537 12.223801 12.114954 16.541660 24.621462 28.261583 23.648323 16.539541 12.615703 16.339378 24.393362 28.960199 24.393362 16.339378 12.615700 16.539543 23.648323 28.261583 24.621462 16.541662 12.114954 12.223797 22.984539 27.010969 23.925920 16.775480 12.213401 11.792245 11.761931 25.765207 23.096195 16.743347 12.602631 11.805345 11.430746 9.504718,

Auto-correlations of the modulus of each oriented sub-band
 0.569905 0.683599 0.767689 0.798022 0.765393 0.679740 0.564612 0.620373 0.747656 0.843924 0.879680 0.842195 0.743748 0.615073 0.686470 0.844525 0.965340 1.010584 0.964722 0.844687 0.688009 0.719417 0.907641 1.065819 1.129977 1.065819 0.907641 0.719417 0.688009 0.844687 0.964722 1.010584 0.965340 0.844525 0.686470 0.615073 0.743748 0.842195 0.879680 0.843924 0.747656 0.620373 0.564612 0.679740 0.765393 0.798022 0.767689 0.683599 0.569905,
 6.463906 6.775825 7.141533 7.460556 7.655642 7.758336 7.837934 8.537541 9.271354 10.063964 10.566424 10.613286 10.403087 10.172464 10.935874 12.111666 13.393571 14.058272 13.719641 12.882654 12.110453 12.456558 13.678841 15.053844 15.732515 15.053844 13.678841 12.456558 12.110453 12.882653 13.719642 14.058273 13.393571 12.111666 10.935874 10.172464 10.403087 10.613286 10.566424 10.063963 9.271354 8.537541 7.837934 7.758335 7.655643 7.460556 7.141532 6.775824 6.463907,
 37.295212 38.579102 39.683811 40.156738 39.771107 38.860905 37.923996 48.833385 52.260967 55.205334 56.359035 55.068661 52.212566 49.189419 60.825607 66.965042 72.432480 74.661621 72.240608 66.804626 60.979530 66.219078 73.589142 80.389252 83.348129 80.389252 73.589142 66.219078 60.979534 66.804604 72.240616 74.661621 72.432465 66.965042 60.825607 49.189419 52.212563 55.068661 56.359039 55.205330 52.260979 48.833385 37.923996 38.860897 39.771107 40.156746 39.683807 38.579105 37.295216,
 8.430050 8.440985 8.436602 8.320535 8.039916 7.709176 7.466056 10.577823 10.907215 11.218772 11.236789 10.749660 9.990338 9.337127 12.455392 13.308518 14.221143 14.594443 13.925055 12.666592 11.544651 12.895455 14.136936 15.528639 16.217308 15.528639 14.136939 12.895455 11.544651 12.666592 13.925056 14.594444 14.221143 13.308517 12.455392 9.337127 9.990337 10.749660 11.236790 11.218775 10.907215 10.577823 7.466058 7.709174 8.039916 8.320534 8.436602 8.440987 8.430051,
 0.497880 0.681570 0.834444 0.894948 0.834609 0.681445 0.496640 0.534125 0.732605 0.897336 0.961717 0.895718 0.730049 0.531173 0.573583 0.797761 0.987624 1.062724 0.985529 0.794366 0.569792 0.590837 0.831960 1.043154 1.130006 1.043154 0.831960 0.590837 0.569792 0.794366 0.985529 1.062724 0.987624 0.797761 0.573583 0.531173 0.730049 0.895718 0.961717 0.897336 0.732605 0.534125 0.496640 0.681445 0.834609 0.894948 0.834444 0.681570 0.497880,
 2.661859 2.864285 3.067844 3.245952 3.356230 3.375575 3.319541 3.641329 4.090574 4.508485 4.763715 4.805707 4.674151 4.429325 4.808240 5.562212 6.283179 6.615876 6.415228 5.925125 5.372373 5.546349 6.359009 7.170700 7.555617 7.170700 6.359009 5.546348 5.372374 5.925125 6.415228 6.615875 6.283178 5.562213 4.808240 4.429325 4.674151 4.805707 4.763714 4.508485 4.090574 3.641329 3.319541 3.375575 3.356230 3.245952 3.067844 2.864285 2.661859,
 17.297808 18.156118 18.985861 19.514830 19.510965 19.043407 18.340448 22.252401 24.528938 26.590506 27.686396 27.293161 25.661314 23.493561 27.984228 32.114544 35.748474 37.441425 36.288025 32.951458 28.866617 30.962229 36.016026 40.374474 42.195652 40.374474 36.016026 30.962225 28.866617 32.951454 36.288029 37.441425 35.748474 32.114544 27.984226 23.493565 25.661314 27.293163 27.686396 26.590509 24.528938 22.252399 18.340450 19.043407 19.510969 19.514826 18.985861 18.156120 17.297804,
 4.337279 4.372377 4.357781 4.296076 4.194298 4.069340 3.937031 5.382011 5.587896 5.714747 5.737112 5.571623 5.228291 4.835029 6.328025 6.831228 7.287376 7.517601 7.251896 6.609895 5.923579 6.574437 7.321306 8.060115 8.415745 8.060115 7.321306 6.574436 5.923579 6.609895 7.251896 7.517601 7.287376 6.831228 6.328025 4.835029 5.228290 5.571623 5.737112 5.714747 5.587896 5.382010 3.937031 4.069340 4.194298 4.296076 4.357781 4.372377 4.337279,
 0.362958 0.513943 0.638911 0.683365 0.624746 0.491579 0.340619 0.375571 0.536022 0.671054 0.721501 0.661391 0.520469 0.360101 0.392383 0.572175 0.729905 0.793285 0.727317 0.567704 0.388081 0.402216 0.594330 0.767664 0.839611 0.767664 0.594330 0.402216 0.388081 0.567704 0.727317 0.793285 0.729905 0.572175 0.392383 0.360102 0.520469 0.661391 0.721501 0.671054 0.536022 0.375571 0.340619 0.491579 0.624746 0.683365 0.638911 0.513943 0.362958,
 1.344775 1.438133 1.500188 1.539126 1.560704 1.542097 1.484295 1.898687 2.162907 2.362332 2.399887 2.337249 2.237127 2.090124 2.546328 2.977516 3.388480 3.505191 3.296005 2.992857 2.691228 2.903181 3.349049 3.829405 4.074854 3.829405 3.349049 2.903181 2.691229 2.992857 3.296005 3.505191 3.388480 2.977516 2.546328 2.090124 2.237127 2.337249 2.399887 2.362333 2.162907 1.898687 1.484295 1.542097 1.560704 1.539125 1.500188 1.438133 1.344775,
 7.708752 8.048971 8.469541 8.727514 8.658960 8.357008 7.969438 10.831141 11.925094 12.892141 13.249708 12.765837 11.738301 10.589185 14.045973 16.146948 17.944075 18.601322 17.699520 15.777180 13.647939 15.277846 17.894943 20.218607 21.206629 20.218607 17.894943 15.277846 13.647939 15.777180 17.699520 18.601324 17.944075 16.146948 14.045971 10.589184 11.738301 12.765837 13.249710 12.892140 11.925094 10.831140 7.969438 8.357009 8.658960 8.727513 8.469541 8.048971 7.708752,
 1.897630 1.910464 1.893126 1.848593 1.807378 1.765840 1.689812 2.467892 2.561715 2.600869 2.607185 2.546425 2.365228 2.113410 2.943158 3.208720 3.458292 3.609930 3.476023 3.074166 2.642363 3.009039 3.446735 3.906147 4.135289 3.906146 3.446735 3.009039 2.642363 3.074166 3.476023 3.609930 3.458292 3.208719 2.943158 2.113410 2.365228 2.546425 2.607185 2.600869 2.561714 2.467892 1.689812 1.765840 1.807378 1.848593 1.893126 1.910464 1.897629,

Pairwise cross-correlations of the modulus of all oriented sub-bands at the same scale (size QxQ)
 1.129977 1.342988 2.002889 1.376300 1.342988 15.732516 31.202202 10.234046 2.002889 31.202202 83.348129 31.999611 1.376300 10.234046 31.999611 16.217306,
 1.130006 0.761033 0.918965 0.898597 0.761033 7.555617 15.193356 4.776383 0.918965 15.193356 42.195648 16.041752 0.898597 4.776383 16.041752 8.415745,

Cross-correlations of the modulus of all oriented sub-bands with all oriented sub-bands at the coarser scale (size QxQ)
 0.964833 0.809764 0.972854 0.923700 1.082486 5.313546 10.690778 4.220511 1.800704 10.591359 26.675102 11.559746 1.139882 4.067031 11.416442 6.082313,
 0.834127 0.691214 0.728503 0.619300 0.599614 1.810543 3.560742 1.462818 0.964317 3.878434 9.939919 4.328481 0.795754 1.903315 4.922805 2.624086,

Cross-correlations of the real part of each oriented sub-band with both the real and imaginary part of all phase-doubled oriented sub-bands at the next coarser scale (Q matrices of size 1x2Q, which are computed and stored in a matrix of size Qx2Q)
 0.343892 -0.022658 -0.089887 -0.033213 -0.009140 -0.008877 -0.000639 0.003640 0.094133 -4.181068 -7.347671 -2.055433 -0.006698 -0.081967 0.406313 0.296946 -0.063053 -8.289055 -18.800587 -7.299483 -0.003183 0.110167 1.978196 1.062159 0.095610 -2.173969 -6.729370 -3.572625 -0.002663 0.133141 1.004303 0.479091,
 0.313761 -0.024038 -0.041883 -0.002161 -0.025344 -0.011022 0.004437 -0.004316 0.113594 -1.426773 -2.287763 -0.691273 -0.009988 0.185833 0.161131 0.033860 -0.013446 -2.584258 -5.895951 -2.794774 0.001721 0.242895 0.267216 0.038945 0.113027 -0.621050 -2.235749 -1.481962 -0.004569 0.016998 0.066625 -0.040061,
