Low-band skewness and kurtosis
 -1.306589 4.114961,
 -1.027515 3.400808,
 -0.725649 2.640765,
 -0.570500 2.301702,

High-band variance
 105.568085,

Skewness, kurtosis, variance, mean, maximum and minimum of the reconstructed texture
 116.000000 255.000000 240.549210 557.151550 -1.574280 4.646549

Auto-correlations of the low-frequency bands at each scale
 129.574020 121.953842 117.631378 116.468727 118.370300 124.447548 135.262680 155.300293 131.190018 111.102638 103.219376 111.058159 131.722870 156.980850 264.185974 271.466187 277.934082 280.797638 277.184967 268.205322 255.929047 333.919708 377.881012 414.943604 429.977020 414.943604 377.881012 333.919708 255.929047 268.205261 277.184906 280.797638 277.934113 271.466187 264.185974 156.980850 131.722885 111.058159 103.219391 111.102638 131.190002 155.300278 135.262680 124.447556 118.370300 116.468727 117.631393 121.953827 129.574020,
 134.905670 130.811050 128.606720 127.620026 126.873444 128.243179 133.134277 144.543640 128.423019 115.563766 110.727348 114.997757 127.271538 142.740036 197.849106 200.955719 204.604263 206.767532 204.962097 200.387863 194.172623 234.223663 260.294556 282.852814 292.218567 282.852814 260.294556 234.223694 194.172577 200.387863 204.962112 206.767532 204.604248 200.955719 197.849136 142.740036 127.271523 114.997765 110.727371 115.563759 128.423035 144.543640 133.134277 128.243195 126.873459 127.620026 128.606705 130.811066 134.905670,
 130.963242 128.077240 126.443932 125.626312 124.740082 124.556198 125.716057 142.148941 135.271866 129.232040 126.270248 126.928032 131.120316 136.771164 167.196899 169.337708 171.181213 171.568985 169.304886 165.722321 161.914017 181.934464 194.701935 206.141541 211.017273 206.141556 194.701935 181.934464 161.914001 165.722321 169.304840 171.568970 171.181213 169.337738 167.196930 136.771149 131.120300 126.928032 126.270248 129.232040 135.271866 142.148941 125.716064 124.556190 124.740082 125.626312 126.443932 128.077240 130.963242,
 16.087856 19.958010 21.778074 23.970648 29.270519 36.490578 40.605549 20.131361 20.951252 22.833944 29.362934 38.300026 43.003906 39.974506 20.739529 22.499386 29.787127 40.245991 45.306087 40.829967 31.606003 23.240864 30.560076 41.114300 46.430416 41.114307 30.560074 23.240866 31.606003 40.829971 45.306087 40.245991 29.787132 22.499386 20.739527 39.974503 43.003906 38.300026 29.362934 22.833946 20.951252 20.131363 40.605549 36.490582 29.270512 23.970652 21.778074 19.958006 16.087856,

Auto-correlations of the modulus of each oriented sub-band
 0.819706 0.920157 0.994669 1.020282 0.988118 0.910317 0.808332 0.876663 1.000426 1.096037 1.136554 1.106785 1.012664 0.883828 0.973176 1.150216 1.280374 1.324076 1.273467 1.145826 0.973244 1.004795 1.240854 1.473617 1.579708 1.473617 1.240854 1.004795 0.973244 1.145825 1.273467 1.324076 1.280374 1.150216 0.973176 0.883828 1.012663 1.106785 1.136554 1.096037 1.000426 0.876663 0.808331 0.910317 0.988118 1.020281 0.994669 0.920157 0.819706,
 13.846297 14.414670 15.197860 15.971608 16.522648 16.860165 17.071405 15.676592 16.886440 18.418158 19.588522 19.893000 19.599512 19.136694 18.047642 19.963568 22.254995 23.656729 23.238506 21.789757 20.341805 19.936260 22.033564 24.411568 25.605783 24.411568 22.033564 19.936260 20.341803 21.789753 23.238506 23.656725 22.254995 19.963568 18.047642 19.136692 19.599512 19.893002 19.588522 18.418159 16.886440 15.676593 17.071404 16.860165 16.522650 15.971608 15.197860 14.414668 13.846297,
 52.714340 54.206871 55.965477 56.954350 56.412312 54.811573 53.106613 58.861034 62.652561 67.036850 69.283508 67.427925 63.052055 58.858929 65.108398 71.920158 79.781731 83.688637 79.993919 72.050453 64.897682 67.714165 76.148209 85.843117 90.628426 85.843132 76.148209 67.714165 64.897690 72.050453 79.993904 83.688622 79.781731 71.920158 65.108398 58.858929 63.052055 67.427925 69.283493 67.036842 62.652557 58.861027 53.106613 54.811565 56.412312 56.954350 55.965485 54.206879 52.714333,
 17.971348 17.785131 17.540548 17.105106 16.433352 15.769874 15.274682 20.217306 20.580011 20.864189 20.666574 19.678160 18.379423 17.302155 21.786602 22.977955 24.219631 24.638334 23.443308 21.480877 19.793036 21.644369 23.437717 25.475870 26.532047 25.475870 23.437717 21.644369 19.793036 21.480873 23.443306 24.638334 24.219631 22.977955 21.786602 17.302151 18.379423 19.678156 20.666574 20.864191 20.580011 20.217306 15.274682 15.769874 16.433350 17.105106 17.540548 17.785130 17.971350,
 0.651734 0.838849 0.990057 1.049044 0.989659 0.835420 0.644753 0.689483 0.892359 1.052955 1.112442 1.047319 0.882587 0.677711 0.723306 0.965054 1.169347 1.247883 1.162575 0.957562 0.717702 0.739590 1.012087 1.264225 1.372928 1.264225 1.012087 0.739590 0.717702 0.957562 1.162575 1.247883 1.169347 0.965054 0.723306 0.677711 0.882587 1.047319 1.112442 1.052955 0.892359 0.689483 0.644753 0.835420 0.989659 1.049044 0.990057 0.838849 0.651734,
 8.089762 8.617179 9.177988 9.685691 10.057009 10.248989 10.271415 9.181879 10.143457 11.102482 11.757222 11.967343 11.801132 11.397158 10.591955 12.005939 13.407601 14.138415 13.889294 13.041693 12.031210 11.728396 13.193682 14.637295 15.306951 14.637298 13.193682 11.728396 12.031210 13.041692 13.889291 14.138415 13.407601 12.005938 10.591956 11.397158 11.801133 11.967341 11.757222 11.102482 10.143457 9.181879 10.271415 10.248991 10.057009 9.685693 9.177988 8.617179 8.089761,
 27.496023 28.812202 30.183775 30.920719 30.624111 29.708572 28.705431 30.539806 33.488045 36.647793 38.127724 36.807877 33.854782 31.048079 33.669754 38.635448 44.112518 46.665150 44.082169 38.640900 33.711735 34.994755 40.934940 47.605167 50.830833 47.605167 40.934940 34.994755 33.711739 38.640900 44.082161 46.665150 44.112526 38.635452 33.669754 31.048079 33.854782 36.807884 38.127724 36.647789 33.488049 30.539806 28.705431 29.708570 30.624115 30.920719 30.183775 28.812206 27.496023,
 10.162457 10.147548 9.966464 9.619052 9.182493 8.746367 8.368842 11.419150 11.797207 11.921439 11.679520 11.052403 10.196574 9.396564 12.193534 13.151669 13.913019 14.085128 13.362905 12.067379 10.807034 11.963850 13.329056 14.659780 15.274785 14.659780 13.329056 11.963850 10.807034 12.067379 13.362903 14.085127 13.913019 13.151669 12.193535 9.396564 10.196573 11.052403 11.679521 11.921439 11.797206 11.419149 8.368843 8.746368 9.182494 9.619052 9.966466 10.147547 10.162457,
 0.357194 0.496101 0.616048 0.663893 0.615647 0.495586 0.357530 0.367483 0.513283 0.637429 0.687607 0.640544 0.517749 0.371769 0.383476 0.548402 0.694777 0.755761 0.696853 0.550031 0.384119 0.394158 0.577031 0.750829 0.826396 0.750829 0.577031 0.394158 0.384118 0.550031 0.696853 0.755761 0.694777 0.548402 0.383476 0.371769 0.517749 0.640544 0.687607 0.637429 0.513283 0.367483 0.357530 0.495586 0.615647 0.663893 0.616048 0.496101 0.357194,
 2.902081 2.957963 3.126117 3.366441 3.572476 3.653136 3.613721 3.220902 3.540963 3.950029 4.266092 4.383364 4.277485 4.027963 3.711250 4.330575 5.038868 5.407085 5.246829 4.769485 4.248547 4.123138 4.832412 5.622639 6.007810 5.622639 4.832412 4.123137 4.248547 4.769486 5.246828 5.407085 5.038868 4.330575 3.711250 4.027963 4.277485 4.383364 4.266092 3.950029 3.540963 3.220901 3.613721 3.653136 3.572477 3.366441 3.126118 2.957963 2.902081,
 9.740065 9.773153 10.286019 10.726257 10.613919 10.074992 9.543395 11.129753 12.067679 13.496655 14.238702 13.498893 11.872966 10.467390 12.304904 14.415727 17.114122 18.418766 17.020269 14.148273 11.754270 12.577129 15.340934 18.756702 20.452337 18.756704 15.340934 12.577129 11.754270 14.148273 17.020267 18.418766 17.114124 14.415728 12.304903 10.467390 11.872963 13.498892 14.238700 13.496655 12.067679 11.129751 9.543396 10.074991 10.613919 10.726258 10.286020 9.773155 9.740065,
 4.034730 4.021123 3.982641 3.875801 3.704745 3.529889 3.400753 4.480269 4.719598 4.887490 4.865027 4.629884 4.257226 3.895807 4.850157 5.408072 5.916193 6.126884 5.829996 5.167205 4.502004 4.880422 5.641052 6.422431 6.791710 6.422430 5.641052 4.880423 4.502004 5.167206 5.829996 6.126883 5.916193 5.408072 4.850157 3.895807 4.257226 4.629884 4.865027 4.887490 4.719598 4.480270 3.400753 3.529889 3.704746 3.875801 3.982640 4.021123 4.034730,

Pairwise cross-correlations of the modulus of all oriented sub-bands at the same scale (size QxQ)
 1.579708 2.852577 4.305384 2.937739 2.852577 25.605780 37.726421 12.059503 4.305384 37.726421 90.628448 39.430267 2.937739 12.059503 39.430267 26.532055,
 1.372928 1.787704 2.561506 1.820090 1.787704 15.306946 21.232109 6.243981 2.561506 21.232109 50.830822 21.987398 1.820090 6.243981 21.987398 15.274783,

Cross-correlations of the modulus of all oriented sub-bands with all oriented sub-bands at the coarser scale (size QxQ)
 1.186907 1.912793 2.911582 2.038056 2.017251 12.256866 18.293175 7.182747 3.234295 18.397663 38.444096 19.303234 2.083097 6.962377 18.742144 12.809024,
 0.875307 0.932817 1.445647 1.085278 1.307388 5.649597 8.535707 3.542634 2.171775 8.975282 18.683231 9.559111 1.391778 3.652926 9.736140 6.573629,

Cross-correlations of the real part of each oriented sub-band with both the real and imaginary part of all phase-doubled oriented sub-bands at the next coarser scale (Q matrices of size 1x2Q, which are computed and stored in a matrix of size Qx2Q)
 0.240634 -0.318704 -0.362435 -0.349157 -0.001618 -0.004763 0.015499 0.011883 -0.180479 -5.769725 -6.411851 -1.340117 -0.004451 0.102665 0.300306 0.017690 -0.468952 -7.559592 -14.160110 -6.883704 -0.007245 0.096860 0.539307 0.120746 -0.222203 -1.302836 -5.621114 -5.102192 -0.002689 -0.027454 0.147201 0.102285,
 0.272556 -0.101992 -0.096863 -0.119326 0.002508 -0.004969 0.008904 0.001554 0.001126 -1.912559 -1.781794 -0.423286 0.004334 -0.395058 -0.426852 0.052585 -0.204483 -2.405163 -4.195388 -2.281224 0.006536 -0.648643 -0.954613 0.201227 -0.057652 -0.406223 -1.705283 -1.772957 0.006827 -0.124013 -0.246739 0.113593,
