Low-band skewness and kurtosis
 -1.339252 4.383778,
 -1.124534 3.973110,
 -0.846152 3.247070,
 0.073137 2.464702,

High-band variance
 97.992744,

Skewness, kurtosis, variance, mean, maximum and minimum of the reconstructed texture
 124.000000 255.000000 240.984406 528.714294 -1.602851 4.835247

Auto-correlations of the low-frequency bands at each scale
 70.956047 71.782204 73.125748 74.006943 73.506149 72.542480 72.096954 64.432106 59.940105 57.861267 57.556446 58.173756 60.574028 65.392166 237.812820 239.686996 242.213074 243.899963 243.428406 242.106155 241.397736 388.176819 397.705475 405.201813 408.279510 405.201813 397.705475 388.176819 241.397736 242.106140 243.428406 243.899933 242.213043 239.686996 237.812820 65.392166 60.574028 58.173775 57.556438 57.861256 59.940102 64.432098 72.096954 72.542480 73.506149 74.006943 73.125740 71.782196 70.956047,
 59.019112 59.448380 60.557812 61.560223 61.438190 61.361416 62.077290 46.784168 44.909088 44.797798 45.733719 46.621723 48.646095 52.455982 158.058746 159.610260 162.035629 163.788345 163.177628 161.868011 161.336884 255.473938 261.353058 266.651703 269.118011 266.651703 261.353058 255.473907 161.336884 161.868011 163.177628 163.788345 162.035629 159.610260 158.058731 52.455994 48.646111 46.621723 45.733711 44.797791 44.909084 46.784161 62.077305 61.361435 61.438194 61.560223 60.557812 59.448360 59.019100,
 53.920628 52.938423 52.381004 51.758717 50.480717 49.365902 48.839684 44.999542 43.001419 42.253830 42.279522 42.378670 43.468979 45.959679 108.708801 110.634682 113.271820 115.360023 115.596260 115.336998 115.705421 168.587509 172.993591 177.071106 178.999512 177.071106 172.993591 168.587509 115.705421 115.337021 115.596268 115.360023 113.271812 110.634682 108.708801 45.959671 43.468971 42.378666 42.279522 42.253830 43.001419 44.999542 48.839680 49.365906 50.480717 51.758717 52.381012 52.938416 53.920628,
 9.061331 15.224540 15.799426 13.318768 16.678263 27.865200 35.880627 15.251265 15.130047 12.778841 17.322392 29.254318 36.870132 31.465803 14.798353 12.420698 17.769958 30.787865 38.076668 31.328737 18.835512 12.574344 18.129099 31.373035 38.854931 31.373037 18.129097 12.574341 18.835512 31.328739 38.076664 30.787865 17.769962 12.420695 14.798353 31.465801 36.870132 29.254318 17.322393 12.778841 15.130047 15.251264 35.880627 27.865196 16.678261 13.318768 15.799422 15.224537 9.061329,

Auto-correlations of the modulus of each oriented sub-band
 0.517967 0.636895 0.727809 0.764173 0.733958 0.647107 0.529439 0.562150 0.697115 0.800217 0.839175 0.800201 0.697306 0.562986 0.609505 0.766760 0.889333 0.935574 0.887247 0.763586 0.606596 0.631475 0.801697 0.937313 0.990099 0.937313 0.801697 0.631475 0.606596 0.763586 0.887247 0.935574 0.889333 0.766760 0.609505 0.562986 0.697306 0.800201 0.839175 0.800217 0.697115 0.562150 0.529438 0.647107 0.733958 0.764173 0.727810 0.636895 0.517967,
 6.176735 6.360590 6.529792 6.654552 6.720660 6.747251 6.763396 8.448467 8.854900 9.185516 9.364820 9.384617 9.292271 9.152136 10.957429 11.616875 12.157184 12.379375 12.243783 11.887177 11.459060 12.279734 12.968248 13.566755 13.820598 13.566755 12.968250 12.279732 11.459060 11.887176 12.243783 12.379375 12.157184 11.616873 10.957427 9.152137 9.292270 9.384618 9.364820 9.185516 8.854900 8.448466 6.763396 6.747251 6.720660 6.654552 6.529792 6.360592 6.176735,
 45.375458 46.072254 46.687977 46.981911 46.830452 46.364548 45.833996 60.665352 62.569683 64.078011 64.725136 64.288223 62.992641 61.306438 77.178619 80.641891 83.304588 84.377373 83.481682 80.987343 77.680840 84.934013 89.149399 92.371017 93.612579 92.371017 89.149414 84.934013 77.680840 80.987343 83.481682 84.377388 83.304588 80.641891 77.178619 61.306438 62.992641 64.288223 64.725136 64.078011 62.569683 60.665352 45.833988 46.364544 46.830452 46.981907 46.687977 46.072254 45.375462,
 6.937361 6.974172 6.998643 6.968978 6.867728 6.717048 6.553377 9.129033 9.332648 9.483902 9.513912 9.368053 9.053110 8.653365 11.313345 11.786893 12.198142 12.383821 12.178478 11.623670 10.952039 12.136349 12.848560 13.488178 13.766437 13.488176 12.848560 12.136349 10.952039 11.623670 12.178478 12.383820 12.198142 11.786892 11.313345 8.653365 9.053111 9.368053 9.513912 9.483901 9.332649 9.129033 6.553377 6.717047 6.867727 6.968979 6.998643 6.974172 6.937361,
 0.508553 0.703256 0.864414 0.930206 0.871458 0.714862 0.521261 0.540183 0.748646 0.922141 0.992445 0.927400 0.757119 0.548993 0.577631 0.808872 1.003199 1.081160 1.005383 0.812521 0.581608 0.599972 0.845547 1.053361 1.136482 1.053361 0.845547 0.599972 0.581608 0.812521 1.005383 1.081160 1.003199 0.808872 0.577631 0.548993 0.757119 0.927399 0.992445 0.922141 0.748646 0.540183 0.521261 0.714862 0.871458 0.930206 0.864414 0.703256 0.508553,
 3.597983 3.677326 3.734068 3.770546 3.789224 3.792035 3.775276 4.713349 4.944960 5.130283 5.182989 5.128305 5.046453 4.970196 6.015168 6.404226 6.785749 6.908487 6.721256 6.440649 6.210694 6.694762 7.087565 7.539528 7.767922 7.539529 7.087565 6.694762 6.210694 6.440648 6.721256 6.908487 6.785750 6.404227 6.015168 4.970197 5.046453 5.128305 5.182989 5.130283 4.944960 4.713348 3.775276 3.792035 3.789224 3.770547 3.734069 3.677326 3.597983,
 26.978069 27.443228 27.851162 28.019350 27.805382 27.326628 26.761795 34.867344 36.009880 36.900433 37.253082 36.870876 35.937046 34.744003 43.846249 45.919895 47.481705 48.085884 47.451550 45.859882 43.771843 48.022194 50.595490 52.545628 53.313522 52.545628 50.595490 48.022194 43.771843 45.859894 47.451550 48.085884 47.481705 45.919891 43.846249 34.744003 35.937046 36.870880 37.253078 36.900433 36.009880 34.867344 26.761795 27.326628 27.805384 28.019350 27.851162 27.443228 26.978069,
 4.324272 4.337198 4.329936 4.291412 4.236982 4.164382 4.062166 5.484428 5.558205 5.618803 5.658096 5.606594 5.412611 5.157213 6.660542 6.869585 7.126234 7.314291 7.197791 6.802031 6.403095 7.078298 7.452962 7.904833 8.140219 7.904833 7.452962 7.078298 6.403095 6.802032 7.197790 7.314290 7.126234 6.869585 6.660542 5.157213 5.412611 5.606593 5.658097 5.618804 5.558204 5.484428 4.062166 4.164382 4.236982 4.291413 4.329936 4.337198 4.324272,
 0.332780 0.481381 0.609206 0.663957 0.618475 0.495009 0.344939 0.358084 0.521053 0.661586 0.721656 0.671498 0.536027 0.371948 0.396433 0.582160 0.743437 0.811017 0.749649 0.591312 0.404570 0.419175 0.618288 0.791246 0.861719 0.791246 0.618288 0.419175 0.404570 0.591312 0.749649 0.811017 0.743437 0.582160 0.396433 0.371948 0.536027 0.671498 0.721656 0.661586 0.521053 0.358084 0.344939 0.495009 0.618475 0.663957 0.609206 0.481381 0.332780,
 1.848156 1.915743 1.985685 2.034580 2.038482 2.011554 1.980490 2.707209 2.856629 2.966205 3.000373 2.974801 2.924047 2.855511 3.706591 3.977229 4.206738 4.259177 4.130104 3.958641 3.797330 4.195137 4.475837 4.769298 4.917367 4.769298 4.475837 4.195136 3.797330 3.958642 4.130104 4.259177 4.206738 3.977228 3.706591 2.855511 2.924046 2.974801 3.000373 2.966204 2.856629 2.707209 1.980490 2.011554 2.038482 2.034579 1.985684 1.915743 1.848156,
 12.400549 12.742660 13.091591 13.254964 13.051266 12.685220 12.381449 17.514662 18.351339 19.045364 19.320265 18.936268 18.155924 17.293379 23.616453 25.157341 26.364805 26.835344 26.243479 24.933767 23.338409 26.377171 28.338028 29.893114 30.545633 29.893114 28.338028 26.377171 23.338411 24.933769 26.243479 26.835344 26.364805 25.157341 23.616453 17.293379 18.155922 18.936268 19.320265 19.045362 18.351336 17.514660 12.381449 12.685218 13.051266 13.254964 13.091591 12.742660 12.400549,
 1.913606 1.928850 1.949154 1.969996 1.967218 1.931931 1.888075 2.543957 2.624719 2.697626 2.758775 2.754475 2.655289 2.512124 3.299694 3.477256 3.670308 3.823437 3.781308 3.543595 3.258829 3.620481 3.914285 4.228508 4.387322 4.228508 3.914285 3.620481 3.258829 3.543595 3.781308 3.823437 3.670309 3.477256 3.299694 2.512124 2.655288 2.754475 2.758774 2.697626 2.624719 2.543957 1.888075 1.931931 1.967218 1.969996 1.949154 1.928851 1.913606,

Pairwise cross-correlations of the modulus of all oriented sub-bands at the same scale (size QxQ)
 0.990099 0.688397 0.857973 0.694540 0.688397 13.820599 33.858833 11.349669 0.857973 33.858833 93.612556 33.774296 0.694540 11.349669 33.774296 13.766438,
 1.136482 0.748327 0.864345 0.830168 0.748327 7.767922 18.881323 6.481015 0.864345 18.881323 53.313519 19.342100 0.830168 6.481015 19.342100 8.140218,

Cross-correlations of the modulus of all oriented sub-bands with all oriented sub-bands at the coarser scale (size QxQ)
 0.962306 0.584137 0.473303 0.634535 0.784783 5.409156 13.404476 4.845800 1.262364 13.323285 36.418659 13.551546 0.806792 4.850982 13.772118 5.626972,
 0.862014 0.565988 0.323509 0.655247 0.700796 2.776510 6.410820 2.461039 1.167931 6.565381 17.593803 6.679522 0.806436 2.445852 6.414753 2.874165,

Cross-correlations of the real part of each oriented sub-band with both the real and imaginary part of all phase-doubled oriented sub-bands at the next coarser scale (Q matrices of size 1x2Q, which are computed and stored in a matrix of size Qx2Q)
 0.306834 0.008577 -0.025149 0.016247 0.029298 0.005053 0.003133 -0.011797 0.111013 -3.944044 -9.089414 -2.811791 0.009046 0.182769 0.326911 0.040664 0.000807 -9.435580 -24.069269 -8.463623 -0.000027 0.424899 0.754922 0.147221 0.113719 -2.915299 -8.314329 -3.338494 0.011948 0.127089 0.238085 0.066642,
 0.296119 0.027264 -0.019416 0.038613 0.041025 -0.001651 0.000206 -0.013771 0.109130 -2.130337 -5.152640 -1.670573 0.015563 0.147369 0.055400 -0.051152 0.005145 -5.132786 -14.114131 -5.383210 0.000771 0.160422 -0.576124 -0.432354 0.122875 -1.580213 -5.092237 -2.235983 0.019044 -0.040415 -0.463327 -0.278726,
