Low-band skewness and kurtosis
 -1.271044 3.999062,
 -1.022560 3.380080,
 -0.830889 3.010966,
 -0.429008 2.396642,

High-band variance
 104.760277,

Skewness, kurtosis, variance, mean, maximum and minimum of the reconstructed texture
 124.000000 255.000000 240.520554 543.439941 -1.543023 4.535503

Auto-correlations of the low-frequency bands at each scale
 126.159157 118.024948 114.118500 113.563309 115.465576 120.259071 127.809105 148.063950 124.479134 104.551392 96.364670 102.811012 120.582970 141.757095 252.775131 261.562439 267.648529 269.370605 265.075287 256.980530 248.259247 328.529846 368.519928 402.946014 417.026978 402.945953 368.519928 328.529846 248.259247 256.980499 265.075256 269.370575 267.648499 261.562378 252.775131 141.757095 120.582954 102.811005 96.364670 104.551392 124.479134 148.063934 127.809090 120.259071 115.465576 113.563324 114.118515 118.024948 126.159149,
 126.430931 122.744209 121.763611 122.507965 123.772713 126.879433 132.332138 136.038864 121.795349 110.623627 106.973099 111.452232 122.635544 135.989120 190.053467 193.862671 197.204285 198.634293 196.166626 191.653275 187.165009 229.612137 252.385910 272.699738 281.272064 272.699738 252.385864 229.612137 187.165009 191.653290 196.166626 198.634308 197.204285 193.862640 190.053467 135.989151 122.635567 111.452232 106.973099 110.623611 121.795349 136.038864 132.332153 126.879448 123.772736 122.507957 121.763611 122.744202 126.430931,
 115.189445 113.843414 114.038933 115.012222 115.660103 116.685989 118.636520 125.688889 119.009323 114.509491 114.060158 117.346191 123.723427 131.170990 157.720016 159.996475 162.411697 164.020279 163.509720 162.121307 160.943130 179.565247 190.748627 200.927338 205.331696 200.927338 190.748627 179.565247 160.943130 162.121307 163.509705 164.020279 162.411697 159.996460 157.720047 131.170990 123.723427 117.346176 114.060143 114.509491 119.009323 125.688881 118.636536 116.685966 115.660103 115.012215 114.038933 113.843414 115.189445,
 13.309637 16.963573 19.409323 21.979231 26.476315 31.594589 33.408543 17.034283 18.978056 21.280081 26.351118 32.381611 34.647873 31.621763 18.949543 20.964317 26.089930 33.116177 35.969677 32.303196 26.231220 21.286276 25.983879 32.995552 36.698711 32.995552 25.983877 21.286272 26.231226 32.303200 35.969677 33.116177 26.089930 20.964314 18.949543 31.621769 34.647873 32.381603 26.351122 21.280081 18.978058 17.034279 33.408546 31.594589 26.476315 21.979231 19.409323 16.963570 13.309630,

Auto-correlations of the modulus of each oriented sub-band
 0.749828 0.853276 0.935786 0.974462 0.954876 0.882755 0.780330 0.826245 0.958437 1.062649 1.107022 1.078997 0.988939 0.861691 0.922376 1.100806 1.239410 1.299967 1.262269 1.133893 0.952500 0.976061 1.214424 1.440756 1.541792 1.440756 1.214424 0.976061 0.952500 1.133893 1.262269 1.299967 1.239410 1.100806 0.922376 0.861691 0.988939 1.078997 1.107022 1.062649 0.958437 0.826245 0.780330 0.882755 0.954876 0.974462 0.935786 0.853276 0.749828,
 12.308135 12.832659 13.533456 14.219477 14.672386 14.905126 15.030179 14.183044 15.320240 16.697283 17.703482 17.864428 17.464895 16.958393 16.441935 18.228054 20.324350 21.547640 21.031202 19.586546 18.217585 18.064413 20.003561 22.241297 23.379522 22.241293 20.003561 18.064413 18.217585 19.586542 21.031204 21.547636 20.324347 18.228056 16.441929 16.958395 17.464893 17.864431 17.703482 16.697279 15.320240 14.183044 15.030179 14.905127 14.672386 14.219478 13.533453 12.832660 12.308135,
 46.790913 48.511738 50.211128 50.988808 50.306282 48.745152 47.248741 53.525494 57.710373 62.129738 64.175446 62.262650 58.066860 54.164974 60.560638 67.656158 75.456245 79.143875 75.520042 67.868149 60.965740 63.798283 72.219521 81.678902 86.276459 81.678894 72.219521 63.798283 60.965729 67.868149 75.520027 79.143875 75.456245 67.656151 60.560635 54.164978 58.066860 62.262646 64.175438 62.129738 57.710373 53.525501 47.248741 48.745144 50.306278 50.988811 50.211132 48.511738 46.790913,
 15.423418 15.244829 14.944463 14.438363 13.701144 12.910584 12.282443 17.546965 18.079170 18.426668 18.183620 17.093693 15.563217 14.222463 18.861670 20.395630 21.852077 22.289204 20.991232 18.720648 16.656784 18.540920 20.750544 23.102182 24.237715 23.102184 20.750544 18.540920 16.656784 18.720646 20.991232 22.289204 21.852077 20.395630 18.861666 14.222463 15.563214 17.093691 18.183620 18.426668 18.079170 17.546965 12.282443 12.910584 13.701146 14.438363 14.944463 15.244829 15.423414,
 0.605110 0.794293 0.949436 1.009398 0.948144 0.795186 0.611264 0.645306 0.852590 1.020123 1.085397 1.022545 0.858508 0.655241 0.689945 0.936877 1.147633 1.232524 1.150112 0.943250 0.699662 0.719804 0.998778 1.256611 1.367397 1.256611 0.998778 0.719804 0.699662 0.943250 1.150112 1.232524 1.147634 0.936877 0.689945 0.655241 0.858508 1.022545 1.085397 1.020123 0.852590 0.645306 0.611264 0.795186 0.948144 1.009398 0.949436 0.794293 0.605110,
 7.011133 7.336322 7.672515 7.917243 7.997979 7.933776 7.823211 7.904414 8.663458 9.381037 9.723905 9.588180 9.158996 8.673269 8.910333 10.137523 11.365291 11.879593 11.388085 10.378652 9.385134 9.516838 10.861990 12.279234 12.953134 12.279234 10.861992 9.516838 9.385134 10.378652 11.388084 11.879593 11.365291 10.137523 8.910333 8.673269 9.158994 9.588180 9.723905 9.381038 8.663459 7.904415 7.823211 7.933776 7.997979 7.917243 7.672516 7.336323 7.011133,
 24.092497 24.961792 25.779394 25.861488 24.848326 23.238873 21.848206 26.566437 29.181887 31.906080 32.897587 31.177298 27.911472 24.967987 29.193975 33.959713 39.136440 41.392036 38.733135 33.304802 28.406929 30.161051 35.984066 42.463516 45.545044 42.463524 35.984070 30.161051 28.406925 33.304802 38.733135 41.392033 39.136440 33.959721 29.193977 24.967993 27.911472 31.177298 32.897587 31.906080 29.181887 26.566433 21.848209 23.238869 24.848328 25.861488 25.779394 24.961792 24.092497,
 8.012486 8.059312 7.993325 7.762501 7.393213 6.977039 6.616047 9.021281 9.506399 9.807219 9.715454 9.142898 8.277562 7.470278 9.670199 10.773519 11.745318 12.055737 11.327064 9.943070 8.614347 9.521793 11.016346 12.520967 13.217675 12.520968 11.016347 9.521793 8.614347 9.943070 11.327064 12.055737 11.745318 10.773519 9.670199 7.470277 8.277562 9.142898 9.715456 9.807219 9.506397 9.021280 6.616046 6.977038 7.393212 7.762503 7.993324 8.059312 8.012486,
 0.363525 0.513648 0.636706 0.679455 0.621141 0.489293 0.339130 0.377096 0.534003 0.660505 0.702578 0.641673 0.505673 0.350318 0.382622 0.558261 0.711092 0.768248 0.697898 0.538748 0.364260 0.381939 0.575089 0.757085 0.835298 0.757085 0.575089 0.381939 0.364260 0.538748 0.697898 0.768248 0.711092 0.558261 0.382622 0.350318 0.505673 0.641673 0.702578 0.660505 0.534003 0.377096 0.339130 0.489293 0.621141 0.679455 0.636706 0.513648 0.363525,
 3.002834 3.166795 3.272601 3.322125 3.336706 3.301122 3.195031 3.433476 3.776630 4.078063 4.216511 4.155062 3.932752 3.623273 3.926373 4.522581 5.134159 5.404693 5.166161 4.627168 4.059314 4.203975 4.907546 5.662560 6.026227 5.662560 4.907546 4.203975 4.059314 4.627168 5.166161 5.404693 5.134159 4.522582 3.926374 3.623273 3.932752 4.155062 4.216510 4.078064 3.776630 3.433476 3.195031 3.301121 3.336706 3.322124 3.272601 3.166795 3.002834,
 9.514902 10.132497 10.549743 10.520825 9.972620 9.201406 8.644124 10.407235 11.863733 13.275598 13.757061 12.884830 11.297746 9.973214 11.584730 14.043485 16.738670 17.931086 16.558630 13.827797 11.484362 12.176891 15.072622 18.412542 20.045275 18.412542 15.072622 12.176891 11.484362 13.827797 16.558628 17.931086 16.738670 14.043485 11.584730 9.973212 11.297748 12.884828 13.757061 13.275598 11.863732 10.407234 8.644123 9.201405 9.972620 10.520825 10.549743 10.132496 9.514902,
 3.401064 3.579808 3.605193 3.451352 3.182627 2.896822 2.677442 3.735658 4.146568 4.381726 4.331662 3.996474 3.504930 3.065464 3.941756 4.608268 5.181669 5.377939 4.990479 4.240416 3.537353 3.877993 4.686212 5.517472 5.911698 5.517471 4.686212 3.877993 3.537353 4.240415 4.990478 5.377939 5.181669 4.608268 3.941756 3.065464 3.504930 3.996474 4.331662 4.381725 4.146569 3.735658 2.677442 2.896822 3.182627 3.451352 3.605193 3.579807 3.401064,

Pairwise cross-correlations of the modulus of all oriented sub-bands at the same scale (size QxQ)
 1.541792 2.616296 3.719041 2.491065 2.616296 23.379528 35.441887 10.955305 3.719041 35.441887 86.276466 36.290157 2.491065 10.955305 36.290157 24.237709,
 1.367397 1.651541 2.135991 1.485260 1.651541 12.953134 18.772627 5.764956 2.135991 18.772627 45.545048 19.381716 1.485260 5.764956 19.381716 13.217675,

Cross-correlations of the modulus of all oriented sub-bands with all oriented sub-bands at the coarser scale (size QxQ)
 1.180282 1.769536 2.390598 1.620196 1.897807 10.436319 15.344434 5.987545 2.816869 16.720699 34.464046 16.626968 1.736783 6.621958 16.973898 10.907119,
 0.873433 0.978157 1.121139 0.769453 1.131023 4.943061 6.803161 2.679476 1.748305 7.633163 14.059272 6.937842 1.064075 2.976242 6.990299 4.708511,

Cross-correlations of the real part of each oriented sub-band with both the real and imaginary part of all phase-doubled oriented sub-bands at the next coarser scale (Q matrices of size 1x2Q, which are computed and stored in a matrix of size Qx2Q)
 0.240277 -0.391926 -0.299294 -0.344860 -0.007164 -0.026317 0.016010 -0.000807 -0.275436 -4.902304 -5.564790 -1.490736 -0.014003 0.174563 0.140219 -0.043839 -0.504199 -6.865462 -15.021521 -7.844293 0.004153 0.317226 0.137062 -0.062939 -0.195184 -1.513828 -6.598824 -5.773828 0.012083 0.038490 0.081389 0.005744,
 0.287776 -0.140583 -0.140968 -0.112532 -0.021944 0.029618 0.002457 0.011210 0.006521 -1.947837 -1.602652 -0.370445 0.004714 0.214696 0.220932 0.028581 -0.171607 -2.364272 -3.646281 -2.423604 0.002990 0.248297 0.419611 -0.060765 -0.008781 -0.372753 -1.674630 -1.979683 -0.010866 0.042716 0.086799 -0.099120,
