Low-band skewness and kurtosis
 -1.268754 4.061043,
 -1.041284 3.596074,
 -0.802208 2.960869,
 -0.465359 2.519677,

High-band variance
 104.076233,

Skewness, kurtosis, variance, mean, maximum and minimum of the reconstructed texture
 124.000000 255.000000 240.641296 532.342712 -1.533467 4.496061

Auto-correlations of the low-frequency bands at each scale
 87.875656 83.652565 82.033272 81.938225 82.411507 84.093292 88.178223 108.356110 89.698341 75.580261 70.281654 75.393593 89.668243 108.960556 239.249542 245.169952 250.084686 252.211472 250.159332 245.751999 240.513107 336.527039 369.279419 395.668304 406.236359 395.668304 369.279419 336.527039 240.513107 245.751984 250.159332 252.211426 250.084671 245.169907 239.249557 108.960526 89.668259 75.393578 70.281631 75.580254 89.698341 108.356125 88.178207 84.093292 82.411507 81.938225 82.033264 83.652557 87.875671,
 88.832664 86.613815 86.386185 86.823814 86.571617 87.022232 89.503510 91.973549 80.130836 72.120293 69.642502 72.579643 81.211838 93.791412 166.984009 169.882812 172.852158 174.511536 173.285950 170.838181 168.322174 225.989914 245.887558 261.878418 268.382202 261.878418 245.887558 225.989914 168.322144 170.838165 173.285965 174.511551 172.852142 169.882812 166.984009 93.791412 81.211853 72.579659 69.642502 72.120293 80.130844 91.973557 89.503510 87.022232 86.571625 86.823830 86.386169 86.613831 88.832672,
 95.520988 95.093544 95.227654 95.237625 94.496910 94.238846 95.454712 96.137901 89.186424 84.287903 82.487633 83.710304 88.367470 95.403687 130.392883 131.187454 132.706635 133.912399 133.491043 132.404526 131.190018 159.224274 170.003006 179.010635 182.785950 179.010635 170.003006 159.224258 131.190018 132.404526 133.491028 133.912399 132.706650 131.187439 130.392883 95.403687 88.367470 83.710289 82.487640 84.287903 89.186417 96.137894 95.454704 94.238846 94.496887 95.237602 95.227669 95.093536 95.520981,
 10.969646 15.234945 16.122719 15.960313 19.132317 24.767084 26.863758 15.470918 16.033588 15.270854 18.657528 25.312635 28.229645 24.353891 16.127563 14.944860 18.274603 25.965570 29.611225 25.098454 18.364836 15.234390 18.087067 25.834360 30.371956 25.834360 18.087069 15.234390 18.364836 25.098450 29.611225 25.965570 18.274599 14.944860 16.127563 24.353895 28.229649 25.312635 18.657528 15.270853 16.033587 15.470917 26.863758 24.767080 19.132317 15.960312 16.122721 15.234945 10.969646,

Auto-correlations of the modulus of each oriented sub-band
 0.600063 0.697629 0.769271 0.794962 0.767160 0.694765 0.597498 0.663021 0.778208 0.867902 0.903260 0.870507 0.780633 0.663423 0.756511 0.917262 1.034992 1.077617 1.034963 0.919484 0.761613 0.793041 0.996250 1.184361 1.266622 1.184361 0.996250 0.793041 0.761613 0.919484 1.034963 1.077617 1.034992 0.917262 0.756511 0.663423 0.780633 0.870507 0.903260 0.867902 0.778208 0.663021 0.597498 0.694765 0.767160 0.794962 0.769271 0.697629 0.600063,
 8.304191 8.756928 9.328300 9.871751 10.232682 10.441997 10.586382 10.349180 11.329816 12.482846 13.337672 13.533575 13.298739 12.967465 12.890978 14.416726 16.156530 17.197308 16.862663 15.776314 14.697227 14.702111 16.324844 18.125744 19.030045 18.125744 16.324846 14.702111 14.697227 15.776314 16.862663 17.197306 16.156528 14.416726 12.890980 12.967466 13.298738 13.533575 13.337671 12.482846 11.329816 10.349179 10.586382 10.441997 10.232682 9.871751 9.328300 8.756927 8.304191,
 39.859566 41.162777 42.340694 42.877228 42.473000 41.464462 40.330700 48.760197 52.489445 56.115349 57.763866 56.311954 52.905869 49.346745 57.954006 64.690765 71.482048 74.594414 71.626793 64.986023 58.345402 62.143932 70.323936 78.693748 82.578751 78.693748 70.323936 62.143932 58.345390 64.986015 71.626778 74.594414 71.482048 64.690765 57.954006 49.346745 52.905861 56.311954 57.763866 56.115345 52.489441 48.760197 40.330708 41.464458 42.473000 42.877228 42.340694 41.162777 39.859562,
 11.898835 11.700064 11.444727 11.023298 10.396742 9.769935 9.309928 14.189688 14.498975 14.732438 14.521314 13.605016 12.413636 11.450592 15.811121 16.869005 17.983498 18.343256 17.254040 15.483532 13.995011 15.779849 17.367102 19.201597 20.149330 19.201597 17.367102 15.779849 13.995012 15.483532 17.254040 18.343256 17.983498 16.869005 15.811121 11.450594 12.413637 13.605014 14.521316 14.732436 14.498975 14.189688 9.309927 9.769934 10.396740 11.023298 11.444727 11.700064 11.898832,
 0.501243 0.685394 0.839806 0.905148 0.852394 0.705526 0.522672 0.530437 0.724880 0.887429 0.955203 0.898450 0.742682 0.549375 0.572037 0.792219 0.980190 1.056895 0.984805 0.800634 0.581187 0.595170 0.835717 1.051197 1.142083 1.051197 0.835717 0.595170 0.581187 0.800634 0.984805 1.056895 0.980190 0.792219 0.572037 0.549375 0.742682 0.898450 0.955203 0.887429 0.724880 0.530437 0.522672 0.705526 0.852394 0.905148 0.839806 0.685394 0.501243,
 4.396088 4.665094 4.962901 5.231633 5.424966 5.526426 5.535833 5.390210 6.028247 6.663887 7.081569 7.197932 7.058953 6.756474 6.723836 7.760852 8.792216 9.309384 9.107306 8.472590 7.699989 7.713262 8.828003 9.922564 10.435833 9.922564 8.828003 7.713262 7.699989 8.472591 9.107306 9.309384 8.792216 7.760851 6.723837 6.756474 7.058953 7.197932 7.081569 6.663886 6.028247 5.390210 5.535833 5.526426 5.424966 5.231633 4.962900 4.665094 4.396088,
 22.365183 23.116898 23.736013 23.875372 23.348856 22.407204 21.432188 26.387342 29.073536 31.486980 32.334938 30.962868 28.150003 25.261627 30.513203 35.587723 40.399742 42.339001 39.970242 34.869862 29.684784 32.050999 38.307938 44.457829 47.207111 44.457829 38.307934 32.050999 29.684784 34.869858 39.970238 42.339008 40.399742 35.587723 30.513203 25.261627 28.150005 30.962868 32.334938 31.486984 29.073530 26.387337 21.432188 22.407204 23.348852 23.875376 23.736019 23.116898 22.365183,
 6.796195 6.689661 6.503371 6.247174 5.960561 5.705659 5.512120 8.013310 8.218414 8.267493 8.100277 7.686224 7.100088 6.529054 8.929587 9.616821 10.186203 10.360566 9.855371 8.866693 7.875448 8.889601 9.951608 11.003893 11.498357 11.003893 9.951608 8.889600 7.875449 8.866693 9.855370 10.360566 10.186204 9.616821 8.929587 6.529055 7.100088 7.686222 8.100278 8.267494 8.218414 8.013310 5.512120 5.705659 5.960560 6.247174 6.503372 6.689661 6.796196,
 0.306982 0.450907 0.575450 0.628259 0.584653 0.466464 0.324276 0.319406 0.467354 0.594217 0.647679 0.602811 0.480431 0.333184 0.334669 0.496881 0.639184 0.698027 0.643394 0.505111 0.344629 0.346884 0.519925 0.678401 0.745922 0.678401 0.519925 0.346884 0.344629 0.505112 0.643394 0.698027 0.639184 0.496881 0.334669 0.333184 0.480431 0.602811 0.647679 0.594217 0.467354 0.319406 0.324276 0.466464 0.584653 0.628259 0.575450 0.450907 0.306982,
 2.021430 2.205558 2.384953 2.559474 2.673602 2.677875 2.599362 2.550830 2.970241 3.347745 3.573999 3.612373 3.454143 3.155467 3.174681 3.858084 4.506519 4.797404 4.623441 4.157213 3.579714 3.596814 4.354800 5.078362 5.410964 5.078362 4.354800 3.596814 3.579714 4.157213 4.623441 4.797403 4.506519 3.858084 3.174681 3.155467 3.454142 3.612373 3.573999 3.347745 2.970241 2.550830 2.599362 2.677875 2.673602 2.559474 2.384953 2.205558 2.021430,
 8.118568 8.981196 9.720563 10.003380 9.717510 9.150158 8.653188 10.202082 12.079336 13.868323 14.655254 13.954297 12.311296 10.668025 12.469316 15.566002 18.650887 20.056223 18.778040 15.792542 12.797730 13.608085 17.268963 20.970867 22.647388 20.970865 17.268961 13.608085 12.797730 15.792542 18.778044 20.056223 18.650885 15.566002 12.469316 10.668024 12.311296 13.954297 14.655254 13.868323 12.079336 10.202082 8.653188 9.150159 9.717510 10.003381 9.720563 8.981196 8.118567,
 2.849321 2.883228 2.852293 2.746398 2.608283 2.488057 2.384286 3.421055 3.646974 3.771211 3.748374 3.558484 3.229943 2.883797 3.890721 4.371559 4.788198 4.966657 4.699832 4.105278 3.515112 3.939415 4.587743 5.252062 5.575850 5.252062 4.587743 3.939415 3.515112 4.105278 4.699832 4.966657 4.788199 4.371559 3.890721 2.883796 3.229943 3.558483 3.748374 3.771211 3.646974 3.421055 2.384285 2.488057 2.608283 2.746398 2.852293 2.883228 2.849321,

Pairwise cross-correlations of the modulus of all oriented sub-bands at the same scale (size QxQ)
 1.266621 1.768327 2.655090 1.925809 1.768327 19.030041 32.317230 9.917482 2.655090 32.317230 82.578743 33.157330 1.925809 9.917482 33.157330 20.149326,
 1.142083 0.912949 1.424018 1.085509 0.912949 10.435832 17.964907 5.422357 1.424018 17.964907 47.207104 18.823774 1.085509 5.422357 18.823774 11.498356,

Cross-correlations of the modulus of all oriented sub-bands with all oriented sub-bands at the coarser scale (size QxQ)
 0.979987 1.095102 1.733758 1.244805 1.236983 7.865397 13.251877 4.942030 1.988476 13.666549 30.470301 13.813478 1.378033 5.177781 14.128835 8.649121,
 0.771881 0.577739 0.689740 0.576425 0.689531 3.872524 6.759401 2.650791 1.163960 6.973003 16.120552 7.228267 0.790741 2.597628 7.153295 4.200397,

Cross-correlations of the real part of each oriented sub-band with both the real and imaginary part of all phase-doubled oriented sub-bands at the next coarser scale (Q matrices of size 1x2Q, which are computed and stored in a matrix of size Qx2Q)
 0.327888 -0.149135 -0.234832 -0.176019 0.003987 -0.008003 -0.003052 0.012070 0.010959 -5.618740 -7.860123 -1.927104 -0.010573 -0.064441 -0.235185 -0.014327 -0.244363 -9.343225 -19.267176 -8.140763 -0.010305 -0.174239 -0.365112 0.203941 -0.034793 -2.104513 -7.305197 -4.953690 -0.001206 -0.069109 -0.023389 0.188735,
 0.308625 -0.071356 -0.091994 -0.041621 0.020197 0.003422 0.010651 -0.022004 0.061978 -2.413826 -3.309931 -0.817842 0.003320 0.328108 0.551974 0.063678 -0.090121 -3.891030 -8.165709 -3.351470 -0.003834 0.637775 1.279923 0.122170 0.068983 -0.861596 -3.067065 -1.962887 0.011392 0.176071 0.450255 -0.012989,
