Low-band skewness and kurtosis
 -1.280258 4.094891,
 -1.056516 3.713501,
 -0.878638 3.355184,
 -0.683060 2.887615,

High-band variance
 101.473373,

Skewness, kurtosis, variance, mean, maximum and minimum of the reconstructed texture
 125.000000 255.000000 240.637482 533.482788 -1.533781 4.503813

Auto-correlations of the low-frequency bands at each scale
 103.923882 97.249168 93.551735 91.835632 90.842445 91.004921 93.472633 116.205032 95.371437 79.331680 72.982018 78.006981 93.085854 113.929337 237.384384 245.697357 252.133987 255.051804 253.706818 250.670441 247.942841 337.487640 371.835358 399.560394 410.628418 399.560394 371.835419 337.487640 247.942841 250.670425 253.706787 255.051804 252.133987 245.697357 237.384354 113.929337 93.085846 78.006966 72.982002 79.331665 95.371422 116.205009 93.472633 91.004913 90.842453 91.835640 93.551720 97.249176 103.923882,
 102.971313 100.909225 100.989021 101.703522 101.418648 101.382187 103.093178 105.881577 94.909164 87.196098 84.504341 86.624962 93.754066 104.372101 174.109589 177.132065 179.706284 180.669662 178.937561 176.637497 174.949417 229.786163 247.844910 262.694244 268.837585 262.694305 247.844910 229.786163 174.949387 176.637497 178.937561 180.669632 179.706284 177.132050 174.109589 104.372101 93.754066 86.624969 84.504326 87.196114 94.909164 105.881592 103.093193 101.382187 101.418648 101.703537 100.989037 100.909225 102.971298,
 100.972847 99.897247 99.756989 99.817947 99.155457 98.517143 98.650688 104.228783 98.539299 94.749260 93.725647 95.250458 99.572800 105.731758 139.188187 141.032150 142.893097 143.899719 143.226685 142.274643 141.773468 167.511658 177.400574 185.694473 189.196243 185.694489 177.400574 167.511658 141.773453 142.274643 143.226685 143.899719 142.893097 141.032150 139.188217 105.731743 99.572792 95.250435 93.725647 94.749260 98.539291 104.228783 98.650688 98.517159 99.155449 99.817947 99.756989 99.897247 100.972832,
 11.413733 12.916671 11.933208 12.608699 19.502235 29.289330 32.487930 13.567086 12.267917 12.206280 19.110859 29.898390 34.200390 28.045233 13.083074 12.348274 18.828693 30.594131 35.886951 29.267061 18.966471 13.229991 18.713404 30.334225 36.790943 30.334230 18.713404 13.229996 18.966467 29.267061 35.886948 30.594133 18.828697 12.348276 13.083076 28.045227 34.200386 29.898388 19.110859 12.206287 12.267917 13.567087 32.487923 29.289330 19.502232 12.608699 11.933210 12.916671 11.413736,

Auto-correlations of the modulus of each oriented sub-band
 0.646507 0.750332 0.829005 0.860218 0.834913 0.761405 0.659261 0.721756 0.840165 0.929677 0.964647 0.932573 0.842718 0.722888 0.802373 0.961080 1.081836 1.131314 1.093739 0.977512 0.816290 0.844102 1.048527 1.236709 1.318776 1.236709 1.048527 0.844102 0.816290 0.977512 1.093739 1.131314 1.081836 0.961080 0.802373 0.722888 0.842718 0.932573 0.964647 0.929677 0.840165 0.721756 0.659261 0.761405 0.834913 0.860218 0.829005 0.750332 0.646507,
 9.985935 10.461144 11.041943 11.586036 11.961144 12.204047 12.384136 12.174245 13.119686 14.193215 14.974389 15.175246 15.010978 14.756104 14.771009 16.210861 17.799810 18.724760 18.428905 17.475983 16.518738 16.569080 18.070011 19.700209 20.508402 19.700209 18.070011 16.569080 16.518736 17.475983 18.428905 18.724760 17.799809 16.210859 14.771009 14.756104 15.010977 15.175246 14.974389 14.193214 13.119685 12.174243 12.384136 12.204050 11.961146 11.586034 11.041943 10.461143 9.985935,
 42.278263 43.878216 45.441093 46.183167 45.686394 44.452740 43.221893 50.837440 54.930439 58.985344 60.809872 59.161346 55.426388 51.778278 59.444050 66.550217 73.839676 77.175232 73.965271 66.907295 60.128151 63.466568 71.913864 80.772911 84.914436 80.772911 71.913864 63.466560 60.128139 66.907295 73.965271 77.175232 73.839676 66.550217 59.444038 51.778278 55.426388 59.161346 60.809868 58.985355 54.930439 50.837421 43.221893 44.452740 45.686394 46.183174 45.441093 43.878216 42.278263,
 12.533214 12.370255 12.185052 11.853460 11.342549 10.846905 10.502660 14.762585 15.125817 15.433887 15.288529 14.430491 13.277315 12.347807 16.297422 17.470097 18.716402 19.142279 18.039629 16.175379 14.600646 16.239141 17.971743 19.970091 20.981287 19.970091 17.971746 16.239141 14.600647 16.175375 18.039629 19.142281 18.716404 17.470097 16.297421 12.347804 13.277312 14.430491 15.288527 15.433887 15.125817 14.762585 10.502659 10.846905 11.342549 11.853460 12.185052 12.370257 12.533213,
 0.515977 0.693470 0.846958 0.915151 0.866485 0.724902 0.549340 0.551837 0.742892 0.906014 0.976457 0.921515 0.766463 0.575292 0.593800 0.813665 1.006038 1.088393 1.017524 0.829754 0.607660 0.619094 0.862464 1.084811 1.179481 1.084811 0.862464 0.619094 0.607660 0.829754 1.017524 1.088393 1.006038 0.813665 0.593800 0.575292 0.766463 0.921515 0.976458 0.906014 0.742892 0.551837 0.549340 0.724901 0.866485 0.915151 0.846958 0.693470 0.515977,
 4.485874 4.703367 4.938682 5.161048 5.328028 5.405560 5.405505 5.447413 5.992614 6.544449 6.902547 7.003981 6.893106 6.628199 6.726372 7.648348 8.582033 9.053154 8.862881 8.297201 7.609439 7.662621 8.667041 9.665316 10.138238 9.665316 8.667041 7.662621 7.609438 8.297199 8.862882 9.053152 8.582033 7.648348 6.726372 6.628198 6.893106 7.003981 6.902548 6.544449 5.992614 5.447413 5.405505 5.405560 5.328029 5.161048 4.938682 4.703367 4.485874,
 19.230965 20.159275 20.983229 21.325481 21.036900 20.374575 19.668680 23.721794 26.269094 28.752581 29.909729 29.065845 26.845465 24.388983 28.450653 33.110588 37.749443 39.904999 38.116619 33.700649 29.018517 30.797506 36.532604 42.187679 44.715355 42.187675 36.532604 30.797512 29.018517 33.700649 38.116619 39.904991 37.749435 33.110592 28.450655 24.388983 26.845465 29.065847 29.909729 28.752581 26.269094 23.721794 19.668680 20.374575 21.036903 21.325483 20.983229 20.159275 19.230967,
 6.139106 6.167911 6.066170 5.824536 5.516493 5.238085 5.039876 7.341245 7.667208 7.824027 7.703251 7.274609 6.670712 6.122618 8.256285 9.033944 9.712849 9.940146 9.407317 8.394075 7.426398 8.312037 9.404167 10.523312 11.059956 10.523312 9.404167 8.312037 7.426397 8.394075 9.407317 9.940145 9.712851 9.033944 8.256287 6.122618 6.670712 7.274609 7.703251 7.824027 7.667209 7.341245 5.039876 5.238085 5.516494 5.824536 6.066170 6.167911 6.139107,
 0.299666 0.436368 0.551885 0.595745 0.547472 0.431543 0.297552 0.303981 0.445461 0.567921 0.618108 0.572677 0.454461 0.314066 0.319324 0.474996 0.616831 0.678795 0.626327 0.489337 0.332271 0.333675 0.501894 0.660101 0.728299 0.660101 0.501894 0.333675 0.332271 0.489337 0.626327 0.678795 0.616831 0.474996 0.319324 0.314066 0.454461 0.572677 0.618108 0.567921 0.445461 0.303981 0.297552 0.431543 0.547472 0.595745 0.551885 0.436368 0.299666,
 1.845820 1.967810 2.054357 2.113270 2.154601 2.168573 2.165522 2.169325 2.497082 2.781812 2.911899 2.909336 2.820191 2.671841 2.667351 3.213444 3.748013 3.972613 3.813844 3.470337 3.083209 3.080472 3.657241 4.241961 4.521625 4.241961 3.657241 3.080472 3.083209 3.470337 3.813843 3.972613 3.748014 3.213444 2.667351 2.671840 2.820191 2.909336 2.911899 2.781811 2.497082 2.169325 2.165521 2.168573 2.154601 2.113270 2.054357 1.967809 1.845820,
 7.260231 8.275407 9.017622 9.076841 8.474722 7.687289 7.151415 9.086838 11.020421 12.671760 13.087875 12.029709 10.267653 8.769425 11.144624 14.200933 17.083570 18.138130 16.620705 13.658828 10.880525 11.991518 15.505782 19.062534 20.665842 19.062534 15.505782 11.991518 10.880525 13.658828 16.620705 18.138130 17.083570 14.200933 11.144624 8.769425 10.267653 12.029707 13.087873 12.671759 11.020421 9.086838 7.151415 7.687289 8.474722 9.076841 9.017622 8.275407 7.260231,
 2.570099 2.782158 2.901921 2.874954 2.710342 2.473282 2.249206 3.125068 3.484612 3.726658 3.758729 3.533726 3.112487 2.692197 3.607227 4.179818 4.679294 4.882301 4.577446 3.912997 3.260665 3.666909 4.392129 5.120535 5.463650 5.120535 4.392129 3.666909 3.260665 3.912997 4.577446 4.882301 4.679294 4.179818 3.607227 2.692197 3.112487 3.533726 3.758728 3.726657 3.484612 3.125068 2.249207 2.473282 2.710342 2.874954 2.901921 2.782158 2.570099,

Pairwise cross-correlations of the modulus of all oriented sub-bands at the same scale (size QxQ)
 1.318776 1.946635 2.980453 2.124717 1.946635 20.508392 34.409069 10.660817 2.980453 34.409069 84.914459 33.886799 2.124717 10.660817 33.886799 20.981287,
 1.179481 0.959058 1.398167 1.116735 0.959058 10.138239 17.352638 5.102461 1.398167 17.352638 44.715359 17.706621 1.116735 5.102461 17.706621 11.059956,

Cross-correlations of the modulus of all oriented sub-bands with all oriented sub-bands at the coarser scale (size QxQ)
 1.027085 1.146965 1.777054 1.276766 1.378282 7.997432 13.840529 5.386513 2.289848 13.628847 30.886047 14.451438 1.546909 5.096439 14.226924 8.888250,
 0.779477 0.732031 0.957044 0.715800 0.741227 3.662700 6.147068 2.221189 1.186186 6.502820 14.233525 6.495356 0.797732 2.659392 6.602837 4.090822,

Cross-correlations of the real part of each oriented sub-band with both the real and imaginary part of all phase-doubled oriented sub-bands at the next coarser scale (Q matrices of size 1x2Q, which are computed and stored in a matrix of size Qx2Q)
 0.341420 -0.128620 -0.203037 -0.131699 -0.010306 0.014745 0.009707 0.014658 0.029644 -4.852923 -7.488688 -2.166579 -0.001778 0.562343 0.921094 0.134977 -0.206756 -8.323794 -19.553551 -8.947756 -0.001298 1.078997 1.903930 0.282791 -0.007096 -1.990547 -7.775061 -5.134146 -0.008247 0.290527 0.506357 0.087573,
 0.299386 -0.047983 -0.071629 -0.025311 -0.028425 -0.028258 0.000424 0.015074 0.076445 -2.181965 -3.473229 -0.923860 -0.017217 -0.314798 -0.271297 -0.005929 -0.051475 -3.827386 -8.712864 -3.639881 -0.010157 -0.378719 -0.444814 0.198838 0.092223 -0.941004 -3.245800 -1.944211 -0.014005 -0.055551 -0.071045 0.227991,
