Low-band skewness and kurtosis
 -1.276143 4.029499,
 -1.020692 3.464020,
 -0.736765 2.735226,
 -0.749228 2.606075,

High-band variance
 102.395050,

Skewness, kurtosis, variance, mean, maximum and minimum of the reconstructed texture
 125.000000 255.000000 240.583725 541.043762 -1.541676 4.541601

Auto-correlations of the low-frequency bands at each scale
 106.443047 99.244064 95.495293 94.270271 94.715736 97.645309 103.941170 130.682800 109.328476 92.154709 85.406113 91.372200 107.832024 128.611740 247.543976 255.842575 262.551636 265.736328 263.648834 258.014618 250.879776 335.824554 373.260345 404.371918 416.924896 404.371857 373.260345 335.824524 250.879761 258.014618 263.648834 265.736328 262.551666 255.842560 247.543961 128.611740 107.832016 91.372215 85.406120 92.154686 109.328476 130.682785 103.941177 97.645325 94.715736 94.270279 95.495277 99.244064 106.443024,
 114.949791 112.031235 111.334122 111.579865 111.283798 111.822166 114.561935 115.429893 101.933464 91.392532 87.223076 90.112923 99.813477 113.139137 178.861786 182.573914 185.763168 187.139069 185.150787 181.692886 178.276688 230.785187 253.231720 272.265503 280.136261 272.265503 253.231720 230.785156 178.276718 181.692886 185.150772 187.139114 185.763184 182.573929 178.861755 113.139145 99.813477 90.112923 87.223068 91.392532 101.933449 115.429855 114.561943 111.822189 111.283791 111.579865 111.334122 112.031235 114.949791,
 112.244293 110.011360 109.297722 109.357353 109.117599 109.432945 111.079582 119.260880 112.955925 108.170868 106.425049 107.708954 112.149490 118.426758 146.792694 149.457397 151.774033 152.731567 151.313477 149.071106 147.144409 167.774414 179.327652 189.449402 193.763199 189.449402 179.327652 167.774414 147.144409 149.071106 151.313461 152.731567 151.774033 149.457397 146.792694 118.426765 112.149490 107.708954 106.425049 108.170868 112.955910 119.260864 111.079590 109.432938 109.117599 109.357346 109.297737 110.011345 112.244293,
 12.953126 16.509851 17.355896 18.007019 22.789711 29.984921 33.040947 16.197821 16.842657 17.338465 22.768513 31.421764 35.530785 32.231140 16.835955 17.572350 23.338600 33.231209 38.041668 33.516338 25.802023 19.042845 24.444500 34.015594 39.271591 34.015591 24.444500 19.042845 25.802023 33.516338 38.041668 33.231209 23.338596 17.572353 16.835955 32.231148 35.530781 31.421768 22.768513 17.338461 16.842659 16.197821 33.040947 29.984921 22.789717 18.007019 17.355894 16.509853 12.953127,

Auto-correlations of the modulus of each oriented sub-band
 0.696443 0.801071 0.876715 0.900985 0.867131 0.786088 0.678433 0.763846 0.885419 0.975933 1.008053 0.968764 0.870372 0.744892 0.845799 1.016860 1.139905 1.180822 1.131137 1.004966 0.835238 0.870622 1.088452 1.295541 1.387799 1.295541 1.088452 0.870622 0.835238 1.004966 1.131137 1.180822 1.139905 1.016861 0.845799 0.744892 0.870371 0.968764 1.008053 0.975933 0.885419 0.763846 0.678433 0.786088 0.867131 0.900985 0.876715 0.801071 0.696443,
 10.016199 10.587699 11.319152 12.037680 12.545983 12.865739 13.104800 12.106489 13.283389 14.648629 15.662414 15.932021 15.704373 15.351963 14.715509 16.506809 18.520058 19.702295 19.328640 18.101351 16.870382 16.664894 18.538700 20.601757 21.627651 20.601757 18.538700 16.664894 16.870384 18.101349 19.328638 19.702295 18.520058 16.506809 14.715509 15.351963 15.704373 15.932021 15.662413 14.648631 13.283389 12.106487 13.104800 12.865739 12.545983 12.037681 11.319154 10.587699 10.016199,
 43.389763 44.879452 46.329311 46.980591 46.403088 45.158066 44.081356 50.969017 54.845997 58.875938 60.796444 59.183716 55.475250 52.039036 59.026760 65.845192 73.147270 76.637459 73.453331 66.410614 59.892372 62.963230 71.110870 79.984497 84.214333 79.984497 71.110870 62.963230 59.892368 66.410614 73.453331 76.637459 73.147270 65.845184 59.026760 52.039036 55.475250 59.183723 60.796444 58.875923 54.845989 50.969017 44.081352 45.158077 46.403080 46.980595 46.329308 44.879440 43.389763,
 14.382775 14.063123 13.665146 13.101940 12.352929 11.629311 11.098160 16.600473 16.844044 16.985325 16.678259 15.661670 14.348111 13.252073 18.021673 19.133045 20.267797 20.611015 19.452618 17.536970 15.859758 17.779913 19.531750 21.487082 22.477272 21.487082 19.531750 17.779913 15.859758 17.536970 19.452614 20.611015 20.267794 19.133045 18.021667 13.252073 14.348110 15.661670 16.678257 16.985325 16.844042 16.600473 11.098158 11.629311 12.352931 13.101937 13.665148 14.063120 14.382776,
 0.568423 0.754609 0.907050 0.964594 0.900713 0.743332 0.553154 0.601152 0.801896 0.967375 1.033132 0.969736 0.803411 0.597896 0.638986 0.874008 1.074623 1.155546 1.075591 0.874533 0.638014 0.656171 0.918988 1.158168 1.259747 1.158168 0.918988 0.656171 0.638014 0.874533 1.075591 1.155546 1.074623 0.874008 0.638986 0.597896 0.803411 0.969736 1.033132 0.967375 0.801897 0.601152 0.553154 0.743332 0.900713 0.964594 0.907050 0.754609 0.568423,
 5.519531 5.878961 6.234854 6.544697 6.760296 6.849587 6.845118 6.607572 7.392440 8.165737 8.642593 8.710973 8.461184 8.057656 7.909810 9.138322 10.385674 11.009616 10.703421 9.845842 8.891400 8.849247 10.178956 11.525912 12.156507 11.525912 10.178955 8.849247 8.891400 9.845841 10.703421 11.009616 10.385674 9.138321 7.909811 8.057656 8.461184 8.710973 8.642593 8.165737 7.392440 6.607573 6.845117 6.849587 6.760296 6.544697 6.234854 5.878961 5.519531,
 26.077372 27.123550 28.007919 28.283472 27.777748 26.877459 26.137205 29.740072 32.642239 35.460148 36.666706 35.480190 32.805294 30.215164 33.614769 38.704475 43.891724 46.236069 44.022976 38.994358 34.106731 35.557766 41.618011 47.919250 50.806339 47.919250 41.618011 35.557766 34.106735 38.994354 44.022972 46.236069 43.891724 38.704475 33.614765 30.215170 32.805294 35.480183 36.666714 35.460148 32.642239 29.740072 26.137205 26.877464 27.777750 28.283472 28.007925 27.123550 26.077377,
 8.584582 8.483566 8.262482 7.923019 7.512454 7.104469 6.750667 9.791760 10.104701 10.235517 10.059162 9.506626 8.708189 7.919236 10.568382 11.478715 12.253175 12.483493 11.831554 10.587931 9.336369 10.409340 11.745732 13.054553 13.660611 13.054553 11.745730 10.409340 9.336369 10.587931 11.831554 12.483493 12.253175 11.478715 10.568381 7.919236 8.708191 9.506626 10.059163 10.235517 10.104699 9.791760 6.750667 7.104469 7.512453 7.923020 8.262482 8.483566 8.584582,
 0.347187 0.489919 0.611197 0.660953 0.614998 0.494809 0.350097 0.368172 0.516634 0.640927 0.690467 0.641563 0.516031 0.364780 0.387106 0.555388 0.702581 0.762991 0.702750 0.554292 0.384193 0.396000 0.581701 0.753067 0.826439 0.753067 0.581701 0.396001 0.384193 0.554292 0.702750 0.762991 0.702581 0.555388 0.387106 0.364780 0.516031 0.641563 0.690467 0.640927 0.516634 0.368172 0.350097 0.494809 0.614998 0.660953 0.611197 0.489919 0.347187,
 1.757255 1.854423 2.000063 2.161273 2.283730 2.332330 2.319230 2.149142 2.460274 2.806504 3.048976 3.117741 3.013647 2.802974 2.683687 3.292418 3.927192 4.230853 4.054004 3.602649 3.108275 3.061872 3.763599 4.509739 4.867280 4.509739 3.763599 3.061872 3.108275 3.602649 4.054004 4.230853 3.927192 3.292418 2.683687 2.802974 3.013646 3.117741 3.048976 2.806504 2.460274 2.149142 2.319230 2.332330 2.283730 2.161273 2.000063 1.854423 1.757255,
 7.303379 7.459075 7.795866 8.046340 7.975378 7.751048 7.595794 8.750770 9.717472 10.911271 11.539673 11.062972 9.990120 9.098371 10.460179 12.538975 14.931407 16.083601 14.986911 12.690815 10.712231 11.356574 13.940065 16.922560 18.384890 16.922558 13.940065 11.356574 10.712231 12.690815 14.986911 16.083601 14.931407 12.538972 10.460177 9.098371 9.990119 11.062972 11.539675 10.911270 9.717472 8.750768 7.595793 7.751050 7.975379 8.046340 7.795866 7.459074 7.303379,
 3.199444 3.202770 3.172853 3.099897 2.984281 2.828185 2.641377 3.647662 3.823237 3.940513 3.950850 3.785998 3.449481 3.065132 3.978484 4.422629 4.851923 5.062737 4.818369 4.219291 3.597667 3.972408 4.636246 5.325772 5.654750 5.325772 4.636246 3.972408 3.597667 4.219291 4.818369 5.062737 4.851922 4.422629 3.978484 3.065131 3.449481 3.785998 3.950850 3.940513 3.823237 3.647662 2.641377 2.828184 2.984282 3.099896 3.172853 3.202770 3.199444,

Pairwise cross-correlations of the modulus of all oriented sub-bands at the same scale (size QxQ)
 1.387800 2.151790 3.334743 2.358357 2.151790 21.627651 34.248112 10.320744 3.334743 34.248112 84.214310 34.552387 2.358357 10.320744 34.552387 22.477266,
 1.259747 1.204833 1.765072 1.423270 1.204833 12.156508 19.664930 5.547974 1.765072 19.664930 50.806343 20.699688 1.423270 5.547974 20.699688 13.660610,

Cross-correlations of the modulus of all oriented sub-bands with all oriented sub-bands at the coarser scale (size QxQ)
 1.077628 1.337595 2.024629 1.510715 1.540179 9.545472 15.662924 5.560115 2.566207 15.827360 35.650036 16.409130 1.670060 5.723626 16.558920 10.703685,
 0.841567 0.717087 0.915527 0.803270 0.926247 4.140865 7.184929 2.737690 1.547950 6.704849 15.277754 7.396411 1.014223 2.232775 6.611376 4.677797,

Cross-correlations of the real part of each oriented sub-band with both the real and imaginary part of all phase-doubled oriented sub-bands at the next coarser scale (Q matrices of size 1x2Q, which are computed and stored in a matrix of size Qx2Q)
 0.268608 -0.276074 -0.335124 -0.289324 -0.001495 0.012646 0.004137 -0.002161 -0.135930 -5.733714 -7.612392 -1.887318 0.002935 0.173118 -0.113637 -0.096841 -0.398919 -8.532672 -18.929483 -8.834411 0.000338 0.070307 -1.087867 -0.446193 -0.137354 -1.788136 -7.685066 -5.898915 -0.004235 -0.072313 -0.657236 -0.258878,
 0.300068 -0.112971 -0.119994 -0.059435 -0.012135 -0.005415 -0.007770 -0.035625 0.013332 -2.146182 -2.567006 -0.579773 -0.004068 -0.053705 -0.331263 -0.026486 -0.147502 -2.836696 -5.636961 -2.568981 0.013350 -0.221431 -0.776047 -0.258493 0.042250 -0.495287 -2.114112 -1.669304 0.004480 -0.096218 -0.268719 -0.279733,
