Low-band skewness and kurtosis
 -1.299915 4.142560,
 -1.085963 3.612944,
 -0.864375 2.955505,
 -0.968230 3.287945,

High-band variance
 104.302727,

Skewness, kurtosis, variance, mean, maximum and minimum of the reconstructed texture
 130.000000 255.000000 240.668640 538.577026 -1.547698 4.534719

Auto-correlations of the low-frequency bands at each scale
 113.105766 107.965302 105.679977 105.017433 105.148590 107.211044 112.495438 138.867386 117.950256 101.630531 95.116547 100.231758 115.431526 135.716949 253.343231 259.023560 263.980408 266.343597 264.080322 258.647125 251.906876 336.120728 371.517731 400.514130 412.168579 400.514099 371.517761 336.120728 251.906876 258.647125 264.080261 266.343628 263.980377 259.023590 253.343185 135.716949 115.431503 100.231766 95.116547 101.630547 117.950249 138.867386 112.495422 107.211044 105.148582 105.017456 105.679977 107.965302 113.105766,
 113.124977 111.843765 112.137077 112.471634 111.462555 110.759903 112.108459 120.839165 108.074478 98.362694 94.252838 96.086021 104.062088 115.928970 187.580307 189.381561 191.350662 192.225845 190.270004 187.166290 184.179276 237.760086 257.657593 274.407166 281.370026 274.407196 257.657593 237.760086 184.179276 187.166321 190.270004 192.225845 191.350662 189.381561 187.580292 115.928970 104.062111 96.086037 94.252838 98.362694 108.074471 120.839165 112.108482 110.759903 111.462555 112.471634 112.137100 111.843765 113.124992,
 105.818054 104.653069 105.325020 107.165894 109.058083 111.356644 114.238289 112.730110 106.461525 102.099510 100.662201 102.030556 106.581444 113.387871 152.583694 154.155762 155.190765 154.889786 152.484558 149.640793 147.488205 178.665497 189.324783 198.189896 201.914536 198.189896 189.324783 178.665497 147.488205 149.640793 152.484558 154.889786 155.190765 154.155762 152.583664 113.387871 106.581444 102.030548 100.662201 102.099510 106.461510 112.730087 114.238304 111.356644 109.058067 107.165901 105.325020 104.653076 105.818054,
 10.688504 14.705457 17.398565 19.808084 24.334099 30.246206 33.007473 14.539652 16.440065 18.598894 23.988989 31.164768 34.565289 31.284533 15.801718 17.793043 23.743916 32.211853 36.106602 31.970238 24.073868 17.697786 23.733816 32.467922 36.938858 32.467926 23.733814 17.697783 24.073872 31.970242 36.106594 32.211857 23.743919 17.793039 15.801714 31.284536 34.565292 31.164766 23.988993 18.598896 16.440065 14.539648 33.007477 30.246208 24.334093 19.808084 17.398567 14.705456 10.688501,

Auto-correlations of the modulus of each oriented sub-band
 0.710413 0.822697 0.906170 0.937431 0.904801 0.817678 0.700143 0.783551 0.916265 1.017231 1.054539 1.013708 0.907782 0.770913 0.867328 1.042644 1.167041 1.208300 1.159695 1.033346 0.858459 0.883076 1.100604 1.309095 1.402823 1.309095 1.100604 0.883076 0.858459 1.033346 1.159695 1.208300 1.167041 1.042644 0.867328 0.770913 0.907782 1.013708 1.054539 1.017231 0.916265 0.783551 0.700143 0.817678 0.904801 0.937431 0.906170 0.822697 0.710413,
 10.461979 10.926593 11.511529 12.066751 12.439664 12.664906 12.834205 12.414431 13.410864 14.585134 15.449250 15.635348 15.389511 15.052928 14.818924 16.399784 18.216766 19.292545 18.910418 17.752888 16.625935 16.558632 18.257647 20.174541 21.146639 20.174540 18.257648 16.558632 16.625933 17.752888 18.910418 19.292545 18.216766 16.399782 14.818924 15.052928 15.389511 15.635347 15.449250 14.585134 13.410864 12.414430 12.834205 12.664906 12.439664 12.066751 11.511528 10.926594 10.461979,
 39.753971 41.135265 42.595699 43.396557 42.961548 41.598564 40.122787 47.429955 51.294334 55.250336 57.136002 55.508106 51.596928 47.714184 55.210121 62.150036 69.380035 72.750778 69.499466 62.273296 55.357647 58.665234 67.085983 76.002487 80.190636 76.002487 67.085983 58.665218 55.357651 62.273300 69.499458 72.750771 69.380035 62.150040 55.210121 47.714184 51.596928 55.508106 57.136002 55.250340 51.294334 47.429951 40.122795 41.598564 42.961548 43.396557 42.595703 41.135262 39.753971,
 12.122541 11.892478 11.622727 11.238303 10.676205 10.068725 9.561832 14.358471 14.655742 14.869600 14.683884 13.830970 12.642299 11.594380 15.916822 17.013186 18.118023 18.487083 17.440834 15.643337 14.038089 15.822402 17.502045 19.357502 20.294937 19.357502 17.502045 15.822402 14.038089 15.643337 17.440834 18.487083 18.118023 17.013189 15.916822 11.594380 12.642299 13.830968 14.683881 14.869598 14.655742 14.358468 9.561832 10.068726 10.676205 11.238301 11.622729 11.892478 12.122544,
 0.560046 0.742473 0.894070 0.953213 0.891277 0.736786 0.552671 0.610314 0.810372 0.974856 1.038405 0.971582 0.803893 0.601780 0.661249 0.895313 1.093262 1.171177 1.089965 0.890132 0.655456 0.682167 0.942698 1.177237 1.276209 1.177237 0.942698 0.682167 0.655456 0.890132 1.089965 1.171177 1.093262 0.895313 0.661249 0.601780 0.803893 0.971582 1.038405 0.974856 0.810372 0.610314 0.552671 0.736786 0.891277 0.953213 0.894070 0.742473 0.560046,
 5.504275 5.785780 6.157455 6.524308 6.759585 6.806934 6.725257 6.517253 7.144135 7.838261 8.327842 8.449887 8.243511 7.867166 7.752042 8.751486 9.828121 10.399476 10.168796 9.469268 8.687210 8.651386 9.728430 10.868705 11.422595 10.868705 9.728430 8.651386 8.687210 9.469269 10.168796 10.399476 9.828121 8.751486 7.752041 7.867166 8.243511 8.449887 8.327842 7.838263 7.144135 6.517252 6.725258 6.806933 6.759585 6.524308 6.157455 5.785780 5.504275,
 21.483282 22.605028 23.730917 24.218605 23.696630 22.494350 21.206951 24.871553 27.752409 30.644239 31.972498 30.811234 27.985191 25.033583 28.520744 33.460838 38.479404 40.776653 38.646343 33.709435 28.756517 30.264158 36.175877 42.220284 44.975727 42.220284 36.175877 30.264158 28.756517 33.709438 38.646343 40.776653 38.479404 33.460835 28.520748 25.033583 27.985195 30.811232 31.972498 30.644241 27.752403 24.871553 21.206951 22.494358 23.696634 24.218605 23.730917 22.605024 21.483282,
 6.307312 6.323208 6.272561 6.099633 5.784276 5.404096 5.062668 7.403445 7.772941 8.001551 7.934799 7.478131 6.749122 6.016608 8.163665 9.030661 9.786535 10.053617 9.496361 8.362545 7.212626 8.094487 9.326515 10.541343 11.105144 10.541341 9.326515 8.094487 7.212626 8.362545 9.496361 10.053617 9.786535 9.030661 8.163665 6.016608 6.749121 7.478131 7.934799 8.001550 7.772941 7.403445 5.062669 5.404096 5.784276 6.099633 6.272560 6.323208 6.307312,
 0.295978 0.427690 0.544406 0.596799 0.559379 0.450449 0.317328 0.313219 0.454602 0.579058 0.632821 0.589698 0.470132 0.325679 0.330870 0.491279 0.638870 0.703252 0.646969 0.501028 0.335018 0.338872 0.516340 0.684785 0.757435 0.684785 0.516340 0.338872 0.335018 0.501028 0.646969 0.703252 0.638870 0.491279 0.330870 0.325679 0.470132 0.589698 0.632821 0.579058 0.454602 0.313219 0.317328 0.450449 0.559379 0.596799 0.544406 0.427690 0.295978,
 1.757118 1.903816 2.054985 2.180668 2.248674 2.239661 2.177140 2.207078 2.560128 2.909035 3.110293 3.118639 2.974478 2.754441 2.801201 3.366156 3.953389 4.225171 4.055660 3.646782 3.197427 3.226401 3.835704 4.477390 4.787391 4.477390 3.835703 3.226401 3.197427 3.646782 4.055660 4.225171 3.953389 3.366156 2.801201 2.754441 2.974478 3.118638 3.110293 2.909034 2.560127 2.207078 2.177140 2.239661 2.248674 2.180669 2.054985 1.903816 1.757118,
 9.331077 9.915597 10.494582 10.825587 10.720313 10.192430 9.460665 11.269603 12.735127 14.203853 14.946782 14.466519 13.005211 11.314887 13.237001 15.836652 18.455790 19.683273 18.627129 15.982119 13.209164 14.087377 17.309855 20.531883 21.975710 20.531883 17.309855 14.087377 13.209164 15.982119 18.627129 19.683273 18.455788 15.836650 13.237001 11.314887 13.005211 14.466519 14.946782 14.203852 12.735126 11.269605 9.460664 10.192430 10.720313 10.825585 10.494581 9.915597 9.331076,
 3.117792 3.261086 3.318378 3.238508 3.050118 2.826790 2.620796 3.602771 3.928466 4.134871 4.127552 3.885944 3.472219 3.049653 4.018657 4.582375 5.063536 5.253666 4.953094 4.290333 3.628650 4.047520 4.773133 5.493280 5.832770 5.493281 4.773133 4.047520 3.628650 4.290333 4.953093 5.253667 5.063536 4.582375 4.018657 3.049653 3.472218 3.885944 4.127553 4.134871 3.928466 3.602769 2.620796 2.826789 3.050118 3.238508 3.318379 3.261086 3.117792,

Pairwise cross-correlations of the modulus of all oriented sub-bands at the same scale (size QxQ)
 1.402823 2.122601 3.066430 2.057697 2.122601 21.146633 33.117882 10.016807 3.066430 33.117882 80.190636 32.442352 2.057697 10.016807 32.442352 20.294935,
 1.276209 1.196543 1.653561 1.200353 1.196543 11.422597 18.006006 5.201761 1.653561 18.006006 44.975723 17.860849 1.200353 5.201761 17.860849 11.105145,

Cross-correlations of the modulus of all oriented sub-bands with all oriented sub-bands at the coarser scale (size QxQ)
 1.110623 1.298695 1.828581 1.297687 1.588740 9.056695 14.199665 5.070864 2.455260 14.325447 30.252577 13.801498 1.524991 5.310233 14.012482 8.817618,
 0.821260 0.757345 1.057152 0.774490 0.832741 3.578320 6.343653 2.603657 1.410337 6.076774 14.531573 7.168818 0.901034 2.381198 6.798538 4.262098,

Cross-correlations of the real part of each oriented sub-band with both the real and imaginary part of all phase-doubled oriented sub-bands at the next coarser scale (Q matrices of size 1x2Q, which are computed and stored in a matrix of size Qx2Q)
 0.361391 -0.134060 -0.237600 -0.192415 0.021752 0.009616 0.015697 0.005510 -0.005945 -4.437796 -6.224932 -1.549332 0.002660 0.070587 0.037306 0.017948 -0.274922 -7.245333 -15.949159 -7.443530 -0.014472 0.078225 0.159395 0.182754 -0.038441 -1.665314 -6.503790 -4.927480 -0.001626 0.012369 0.163504 0.171830,
 0.321419 -0.038708 -0.076134 -0.051929 -0.006719 -0.012033 0.002257 0.020803 0.083931 -1.457218 -2.357999 -0.678799 -0.009886 -0.048077 -0.539090 -0.088604 -0.090937 -2.612356 -6.484651 -3.261513 -0.012061 -0.139151 -1.446083 -0.155506 0.053946 -0.692077 -2.728583 -2.091510 -0.008759 -0.058280 -0.460067 0.060967,
