Low-band skewness and kurtosis
 -1.191839 3.854611,
 -0.912647 3.250873,
 -0.626881 2.669867,
 -0.163250 2.474996,

High-band variance
 100.802368,

Skewness, kurtosis, variance, mean, maximum and minimum of the reconstructed texture
 135.000000 255.000000 240.781937 503.100342 -1.472579 4.274940

Auto-correlations of the low-frequency bands at each scale
 53.407860 54.545616 56.198246 57.424606 57.346363 56.851974 56.925495 48.241028 41.126122 37.204247 36.389069 38.084435 42.886280 50.867451 212.965805 214.465729 216.695984 218.116135 217.363174 215.728622 214.651627 351.604828 365.032349 375.418091 379.579102 375.418091 365.032349 351.604828 214.651627 215.728622 217.363174 218.116135 216.695984 214.465759 212.965805 50.867447 42.886280 38.084435 36.389069 37.204235 41.126122 48.241035 56.925480 56.851963 57.346367 57.424610 56.198238 54.545605 53.407867,
 57.663872 57.339016 57.604866 57.620007 56.333271 54.897156 54.142162 43.175976 40.038414 38.969212 39.372261 40.134903 42.316063 46.500053 136.353027 138.097626 140.854507 143.152603 143.279114 142.805130 143.149719 223.366852 230.275497 236.257889 238.963379 236.257935 230.275497 223.366821 143.149704 142.805130 143.279083 143.152588 140.854507 138.097641 136.353027 46.500053 42.316071 40.134899 39.372261 38.969212 40.038410 43.175983 54.142162 54.897156 56.333271 57.620007 57.604874 57.339024 57.663872,
 66.441246 66.087692 66.109848 66.229279 65.854027 65.606270 65.835373 52.534405 49.961216 48.650600 48.378185 48.476524 49.609882 52.017647 98.350098 99.433937 101.189270 102.571465 102.345398 101.614365 101.326859 144.848175 149.387787 153.417236 155.275513 153.417236 149.387787 144.848175 101.326843 101.614365 102.345398 102.571465 101.189255 99.433937 98.350090 52.017647 49.609879 48.476524 48.378185 48.650600 49.961216 52.534401 65.835365 65.606270 65.854042 66.229271 66.109848 66.087692 66.441246,
 8.603538 12.786662 16.064819 18.488508 23.055187 29.715664 32.689423 12.933654 15.769705 18.050447 23.156963 30.334204 33.438515 29.299852 15.856768 17.758240 22.867443 30.869383 34.395020 29.794472 22.452000 17.890959 22.490492 30.547626 35.001331 30.547626 22.490492 17.890959 22.452000 29.794474 34.395023 30.869387 22.867443 17.758238 15.856764 29.299854 33.438515 30.334204 23.156963 18.050444 15.769705 12.933651 32.689415 29.715664 23.055187 18.488508 16.064819 12.786662 8.603536,

Auto-correlations of the modulus of each oriented sub-band
 0.522085 0.637734 0.723631 0.755432 0.723309 0.637430 0.522134 0.562423 0.690875 0.787594 0.823546 0.786871 0.689947 0.561796 0.613265 0.765135 0.883007 0.927477 0.881506 0.762753 0.610595 0.640203 0.809660 0.944695 0.997273 0.944695 0.809660 0.640203 0.610595 0.762753 0.881506 0.927477 0.883007 0.765135 0.613265 0.561796 0.689947 0.786871 0.823546 0.787594 0.690875 0.562423 0.522134 0.637430 0.723309 0.755432 0.723631 0.637734 0.522085,
 6.321608 6.543297 6.797617 7.000687 7.091132 7.091452 7.058779 8.258795 8.809402 9.334558 9.640076 9.649671 9.453883 9.189014 10.499118 11.421760 12.281339 12.679407 12.456637 11.856842 11.189151 11.791904 12.788466 13.736031 14.157396 13.736031 12.788468 11.791905 11.189151 11.856842 12.456637 12.679406 12.281336 11.421760 10.499115 9.189014 9.453883 9.649670 9.640076 9.334556 8.809402 8.258796 7.058779 7.091452 7.091133 7.000687 6.797618 6.543297 6.321607,
 42.122784 42.811825 43.467766 43.730541 43.388294 42.592144 41.659695 55.210567 57.557327 59.493084 60.242001 59.389606 57.270222 54.611702 69.286850 73.950714 77.696991 79.158623 77.620323 73.724976 68.814026 75.556442 81.528870 86.325485 88.232376 86.325485 81.528893 75.556442 68.814034 73.724968 77.620323 79.158623 77.696983 73.950729 69.286850 54.611702 57.270210 59.389606 60.242001 59.493084 57.557335 55.210567 41.659695 42.592144 43.388294 43.730541 43.467766 42.811832 42.122784,
 7.122313 7.109626 7.083218 6.986176 6.789244 6.536742 6.300068 9.292994 9.497003 9.655432 9.635627 9.336512 8.818099 8.261706 11.319443 11.925791 12.483435 12.692639 12.302614 11.460891 10.551479 11.901918 12.857364 13.770403 14.179344 13.770403 12.857364 11.901917 10.551480 11.460891 12.302614 12.692639 12.483434 11.925792 11.319442 8.261705 8.818099 9.336511 9.635627 9.655434 9.497003 9.292994 6.300068 6.536742 6.789244 6.986176 7.083219 7.109626 7.122314,
 0.512288 0.701566 0.858457 0.921139 0.860720 0.705073 0.515760 0.537858 0.739953 0.908696 0.976256 0.911135 0.744296 0.542910 0.572749 0.795717 0.984105 1.059396 0.984888 0.797530 0.575290 0.593749 0.829996 1.032162 1.113729 1.032162 0.829996 0.593749 0.575290 0.797530 0.984888 1.059396 0.984105 0.795717 0.572749 0.542910 0.744296 0.911135 0.976256 0.908696 0.739953 0.537858 0.515760 0.705073 0.860720 0.921139 0.858457 0.701566 0.512288,
 3.268642 3.360249 3.441171 3.492055 3.501716 3.501018 3.511951 4.336686 4.618233 4.848662 4.941588 4.897572 4.790450 4.675115 5.609803 6.106960 6.570651 6.730933 6.529490 6.196037 5.869974 6.300917 6.819435 7.367947 7.643250 7.367948 6.819435 6.300917 5.869974 6.196037 6.529489 6.730933 6.570652 6.106960 5.609803 4.675115 4.790449 4.897572 4.941589 4.848663 4.618233 4.336686 3.511951 3.501018 3.501716 3.492055 3.441172 3.360250 3.268642,
 20.976801 21.161947 21.272699 21.182953 20.810127 20.326105 19.913376 28.147120 29.414122 30.303797 30.497761 29.824581 28.557581 27.067215 36.230583 38.928707 40.917362 41.586277 40.603611 38.373730 35.537132 39.760124 43.250103 45.926289 46.982090 45.926289 43.250111 39.760124 35.537128 38.373730 40.603611 41.586277 40.917362 38.928707 36.230579 27.067217 28.557581 29.824581 30.497761 30.303797 29.414120 28.147120 19.913376 20.326105 20.810127 21.182951 21.272699 21.161947 20.976801,
 3.113722 3.081358 3.049717 2.989101 2.901917 2.821365 2.758408 4.251101 4.324874 4.372084 4.357497 4.238703 4.012383 3.763546 5.401737 5.672171 5.950792 6.114028 5.941499 5.485604 5.025062 5.760205 6.231454 6.755318 7.022552 6.755318 6.231454 5.760205 5.025062 5.485604 5.941498 6.114029 5.950792 5.672171 5.401737 3.763545 4.012383 4.238704 4.357497 4.372083 4.324874 4.251101 2.758409 2.821365 2.901917 2.989102 3.049717 3.081358 3.113721,
 0.281710 0.425063 0.547815 0.595535 0.543558 0.418222 0.274216 0.296139 0.447415 0.577664 0.628842 0.573991 0.441216 0.288844 0.313486 0.479637 0.626962 0.686996 0.625849 0.477343 0.309969 0.322060 0.498142 0.657208 0.723308 0.657208 0.498142 0.322060 0.309969 0.477343 0.625849 0.686996 0.626962 0.479637 0.313486 0.288844 0.441216 0.573991 0.628842 0.577664 0.447415 0.296139 0.274216 0.418221 0.543558 0.595535 0.547815 0.425063 0.281710,
 1.832588 1.904496 1.954309 2.000068 2.032197 2.045788 2.051299 2.339802 2.552578 2.703590 2.750801 2.738086 2.701725 2.644453 2.968009 3.306247 3.609848 3.702369 3.578414 3.390828 3.191982 3.349065 3.681737 4.018341 4.187478 4.018342 3.681737 3.349065 3.191982 3.390828 3.578413 3.702369 3.609848 3.306247 2.968009 2.644453 2.701725 2.738086 2.750801 2.703590 2.552577 2.339802 2.051299 2.045788 2.032197 2.000068 1.954309 1.904496 1.832587,
 10.300856 10.898424 11.483104 11.887749 11.971943 11.822475 11.569139 13.304646 14.506784 15.562336 16.193285 16.204300 15.735324 15.011716 17.214945 19.114626 20.671562 21.442122 21.143692 20.017395 18.466740 19.579666 21.703085 23.363562 24.028658 23.363562 21.703085 19.579666 18.466736 20.017395 21.143690 21.442122 20.671562 19.114622 17.214945 15.011713 15.735324 16.204298 16.193285 15.562336 14.506784 13.304646 11.569139 11.822474 11.971943 11.887750 11.483103 10.898424 10.300856,
 1.625973 1.671085 1.739931 1.788645 1.797966 1.782723 1.736626 2.101498 2.217365 2.329826 2.410066 2.430511 2.345222 2.202659 2.682821 2.891492 3.096810 3.256990 3.223806 2.991717 2.737928 2.977821 3.256579 3.552510 3.708356 3.552510 3.256579 2.977821 2.737928 2.991717 3.223807 3.256990 3.096810 2.891492 2.682821 2.202659 2.345221 2.430511 2.410065 2.329826 2.217365 2.101498 1.736626 1.782723 1.797967 1.788645 1.739931 1.671086 1.625973,

Pairwise cross-correlations of the modulus of all oriented sub-bands at the same scale (size QxQ)
 0.997273 0.921883 1.302279 0.924414 0.921883 14.157391 32.380226 10.711304 1.302279 32.380226 88.232368 32.387810 0.924414 10.711304 32.387810 14.179344,
 1.113729 0.688960 0.722759 0.641933 0.688960 7.643248 17.345425 5.521373 0.722759 17.345425 46.982090 16.486595 0.641933 5.521373 16.486595 7.022552,

Cross-correlations of the modulus of all oriented sub-bands with all oriented sub-bands at the coarser scale (size QxQ)
 0.937158 0.575429 0.539772 0.566972 0.945564 5.059069 11.613372 4.174945 1.534444 11.458211 29.621908 11.203536 0.934509 4.171504 11.314610 4.860384,
 0.786573 0.640661 0.527517 0.570217 0.586809 2.603004 5.988866 2.249685 0.822902 5.829852 14.887062 5.519995 0.540936 2.151647 5.321527 2.290927,

Cross-correlations of the real part of each oriented sub-band with both the real and imaginary part of all phase-doubled oriented sub-bands at the next coarser scale (Q matrices of size 1x2Q, which are computed and stored in a matrix of size Qx2Q)
 0.321685 0.022343 -0.041736 0.019122 -0.017089 0.000880 -0.000900 -0.012797 0.114438 -3.410108 -7.302881 -2.140248 -0.005243 -0.249405 -0.392630 0.009227 -0.006444 -7.660702 -19.298439 -6.960074 0.001786 -0.529896 -0.557634 0.184116 0.115589 -2.232769 -6.835031 -2.997926 -0.004156 -0.127143 -0.002894 0.107993,
 0.294204 0.027795 -0.019288 0.041742 -0.044972 -0.007640 0.000268 0.001366 0.117243 -1.462548 -2.705971 -0.681305 -0.023517 0.006361 0.438165 0.158709 0.005330 -3.251400 -6.947874 -2.330769 -0.003871 0.166200 1.216531 0.354759 0.116246 -0.913481 -2.417682 -1.032412 -0.018109 0.090232 0.400543 0.091272,
