Low-band skewness and kurtosis
 -1.192037 3.657629,
 -0.894757 3.023229,
 -0.638156 2.433765,
 -0.180406 1.696708,

High-band variance
 101.104591,

Skewness, kurtosis, variance, mean, maximum and minimum of the reconstructed texture
 132.000000 255.000000 240.658997 525.136230 -1.486564 4.255617

Auto-correlations of the low-frequency bands at each scale
 92.941048 90.399231 89.545532 89.208054 88.551804 88.498688 90.466515 101.502579 83.114960 69.827103 64.610893 68.367851 80.384453 97.793671 235.541687 239.225204 242.805695 244.456085 242.591736 238.739365 234.261887 338.956268 369.018677 392.639557 402.006317 392.639557 369.018677 338.956268 234.261887 238.739365 242.591721 244.456085 242.805695 239.225204 235.541687 97.793678 80.384453 68.367859 64.610886 69.827110 83.114960 101.502586 90.466499 88.498703 88.551788 89.208069 89.545532 90.399216 92.941040,
 81.446106 81.272209 82.799530 84.551056 84.969032 85.253288 86.673141 93.450401 83.859818 77.662323 75.736183 77.531593 83.727615 93.578903 170.824753 171.831558 173.111115 173.409653 171.074921 167.879379 165.227844 224.661087 241.209930 254.545151 260.047089 254.545151 241.209930 224.661087 165.227844 167.879349 171.074921 173.409653 173.111099 171.831573 170.824753 93.578903 83.727623 77.531609 75.736183 77.662315 83.859818 93.450409 86.673134 85.253304 84.969048 84.551056 82.799515 81.272217 81.446121,
 83.558983 83.974991 85.181801 86.441986 86.913399 87.283981 88.054993 82.627487 76.913437 73.286697 72.385307 73.867439 78.114967 84.506195 128.440750 129.182648 130.353180 130.992279 129.896362 128.299210 127.160423 163.801483 173.549973 181.612061 185.015442 181.612030 173.549973 163.801483 127.160423 128.299225 129.896362 130.992264 130.353149 129.182648 128.440765 84.506187 78.114967 73.867424 72.385300 73.286682 76.913422 82.627472 88.054977 87.283981 86.913406 86.441986 85.181816 83.974991 83.558990,
 15.775303 20.500467 22.954189 25.251631 31.002306 38.477680 41.480503 20.047125 22.644661 25.063074 31.200880 39.295574 42.660713 38.911358 22.661308 25.181522 31.254128 40.021130 43.838379 39.378006 31.972664 25.856243 31.411816 39.928040 44.486954 39.928040 31.411816 25.856243 31.972664 39.377998 43.838379 40.021130 31.254128 25.181526 22.661310 38.911358 42.660725 39.295563 31.200878 25.063078 22.644661 20.047129 41.480507 38.477673 31.002306 25.251631 22.954187 20.500465 15.775303,

Auto-correlations of the modulus of each oriented sub-band
 0.599596 0.708842 0.788762 0.815619 0.781379 0.697725 0.588764 0.653879 0.776672 0.870307 0.903624 0.864271 0.766841 0.643242 0.725447 0.881533 0.999642 1.043936 1.000244 0.883373 0.728305 0.756855 0.951429 1.126096 1.200411 1.126096 0.951429 0.756855 0.728305 0.883373 1.000244 1.043936 0.999642 0.881533 0.725447 0.643242 0.766841 0.864271 0.903624 0.870307 0.776672 0.653879 0.588764 0.697725 0.781379 0.815619 0.788762 0.708842 0.599596,
 9.814566 10.257326 10.825383 11.333811 11.627009 11.783898 11.940839 11.767606 12.715364 13.832319 14.626971 14.770087 14.532613 14.273035 14.183534 15.641172 17.310568 18.279581 17.936354 16.914532 15.959039 15.940132 17.447289 19.158670 20.017956 19.158670 17.447289 15.940132 15.959039 16.914530 17.936354 18.279577 17.310570 15.641171 14.183532 14.273036 14.532614 14.770089 14.626969 13.832319 12.715362 11.767604 11.940839 11.783898 11.627009 11.333811 10.825384 10.257326 9.814565,
 48.052567 49.454334 50.746094 51.300335 50.818329 49.691154 48.405807 57.127460 61.054924 64.778931 66.389481 64.843475 61.251945 57.388855 66.081955 73.152344 80.023956 83.055901 80.073036 73.288155 66.239204 70.029045 78.628410 87.079475 90.889610 87.079475 78.628410 70.029045 66.239204 73.288170 80.073044 83.055893 80.023964 73.152344 66.081955 57.388851 61.251938 64.843475 66.389481 64.778931 61.054928 57.127457 48.405811 49.691151 50.818329 51.300339 50.746094 49.454334 48.052567,
 11.489018 11.368830 11.219982 10.931511 10.447402 9.943930 9.567729 13.826407 14.139874 14.414272 14.296695 13.530499 12.477448 11.601431 15.540036 16.531456 17.597322 17.977776 17.022335 15.386575 13.984935 15.622470 17.115587 18.840084 19.720148 18.840084 17.115587 15.622470 13.984935 15.386574 17.022335 17.977774 17.597321 16.531456 15.540038 11.601431 12.477448 13.530499 14.296693 14.414271 14.139875 13.826407 9.567729 9.943930 10.447404 10.931512 11.219980 11.368829 11.489018,
 0.564589 0.758489 0.915549 0.974680 0.908810 0.746534 0.550062 0.588897 0.794334 0.961951 1.025696 0.956393 0.784173 0.575759 0.618416 0.851769 1.049197 1.127382 1.046901 0.847126 0.611476 0.631030 0.885291 1.110849 1.204814 1.110849 0.885291 0.631030 0.611476 0.847126 1.046901 1.127382 1.049197 0.851769 0.618416 0.575759 0.784173 0.956393 1.025696 0.961951 0.794334 0.588897 0.550062 0.746534 0.908810 0.974680 0.915549 0.758490 0.564589,
 4.469485 4.693459 4.932446 5.142875 5.287478 5.356274 5.366974 5.279846 5.785931 6.292274 6.611140 6.677690 6.569591 6.366496 6.350934 7.188801 8.030128 8.446558 8.249314 7.724144 7.142375 7.148868 8.041555 8.950050 9.382551 8.950050 8.041555 7.148868 7.142375 7.724143 8.249314 8.446558 8.030128 7.188801 6.350934 6.366495 6.569591 6.677690 6.611140 6.292274 5.785931 5.279846 5.366974 5.356274 5.287479 5.142875 4.932446 4.693459 4.469485,
 21.320700 22.185041 23.100033 23.594128 23.283981 22.361555 21.281137 25.225729 27.688030 29.999054 30.971830 29.873230 27.338617 24.610537 29.186344 33.754280 38.045971 39.833649 37.811127 33.287029 28.530397 30.649866 36.333450 41.775608 44.180325 41.775608 36.333454 30.649870 28.530397 33.287025 37.811123 39.833649 38.045975 33.754288 29.186344 24.610537 27.338617 29.873234 30.971830 29.999054 27.688030 25.225733 21.281134 22.361553 23.283981 23.594131 23.100035 22.185045 21.320700,
 5.578541 5.574131 5.515182 5.388017 5.208580 4.999902 4.774812 6.769468 7.009111 7.114128 7.043504 6.738759 6.221063 5.657717 7.686001 8.323043 8.858996 9.061873 8.645699 7.757386 6.835584 7.715980 8.684928 9.633657 10.079006 9.633657 8.684928 7.715980 6.835584 7.757386 8.645699 9.061872 8.858996 8.323043 7.686003 5.657717 6.221062 6.738759 7.043504 7.114129 7.009110 6.769468 4.774812 4.999902 5.208579 5.388017 5.515182 5.574130 5.578541,
 0.324190 0.467576 0.593521 0.645876 0.597804 0.474229 0.330346 0.337976 0.486443 0.616185 0.669613 0.619406 0.491101 0.342381 0.355813 0.521043 0.670076 0.732417 0.672429 0.524269 0.358594 0.365425 0.543914 0.711185 0.782623 0.711185 0.543914 0.365425 0.358594 0.524269 0.672429 0.732417 0.670076 0.521043 0.355813 0.342381 0.491101 0.619406 0.669613 0.616184 0.486443 0.337976 0.330346 0.474229 0.597804 0.645876 0.593521 0.467576 0.324190,
 2.590626 2.692394 2.815841 2.925817 2.996917 3.019802 2.985063 3.074938 3.387313 3.686851 3.869699 3.902047 3.814183 3.635525 3.706532 4.275680 4.805129 5.050393 4.918726 4.563210 4.132762 4.156817 4.790761 5.389179 5.660585 5.389179 4.790761 4.156817 4.132762 4.563210 4.918726 5.050393 4.805129 4.275680 3.706532 3.635525 3.814183 3.902047 3.869698 3.686850 3.387313 3.074937 2.985062 3.019802 2.996917 2.925817 2.815841 2.692393 2.590626,
 12.936429 13.648967 14.415375 14.967206 15.030482 14.614995 13.877018 15.648887 17.339836 18.981310 19.894670 19.562099 18.173431 16.333406 18.344728 21.272343 24.043543 25.384295 24.425112 21.780439 18.713276 19.631426 23.215790 26.535749 27.989136 26.535749 23.215790 19.631426 18.713276 21.780439 24.425108 25.384295 24.043545 21.272343 18.344728 16.333406 18.173431 19.562098 19.894670 18.981310 17.339836 15.648885 13.877017 14.614995 15.030480 14.967203 14.415377 13.648967 12.936428,
 3.082603 3.171984 3.198035 3.162725 3.082906 2.969305 2.843911 3.746859 3.992882 4.148876 4.182780 4.045718 3.749256 3.409610 4.254435 4.728809 5.143524 5.337370 5.118914 4.582110 4.012022 4.361694 4.994444 5.613765 5.901642 5.613766 4.994444 4.361694 4.012022 4.582110 5.118914 5.337370 5.143523 4.728809 4.254435 3.409611 3.749256 4.045717 4.182780 4.148876 3.992882 3.746860 2.843911 2.969305 3.082906 3.162726 3.198035 3.171984 3.082602,

Pairwise cross-correlations of the modulus of all oriented sub-bands at the same scale (size QxQ)
 1.200411 1.821388 2.840597 1.728765 1.821388 20.017952 35.820690 11.369460 2.840597 35.820690 90.889603 35.869446 1.728765 11.369460 35.869446 19.720152,
 1.204814 1.003661 1.350730 1.103639 1.003661 9.382550 16.683853 5.335153 1.350730 16.683853 44.180332 17.678844 1.103639 5.335153 17.678844 10.079006,

Cross-correlations of the modulus of all oriented sub-bands with all oriented sub-bands at the coarser scale (size QxQ)
 0.999660 1.164204 1.591264 1.164286 1.323774 7.910323 14.116488 5.424769 2.289105 14.302801 32.762775 14.736728 1.348774 5.356451 14.259730 8.011460,
 0.832398 0.768216 0.674736 0.726405 0.746914 3.744299 6.981224 2.833040 1.196508 7.007648 16.031635 7.184737 0.895175 2.815923 6.797464 3.743457,

Cross-correlations of the real part of each oriented sub-band with both the real and imaginary part of all phase-doubled oriented sub-bands at the next coarser scale (Q matrices of size 1x2Q, which are computed and stored in a matrix of size Qx2Q)
 0.315157 -0.101579 -0.181313 -0.125490 0.000732 -0.016982 0.007155 0.002053 0.047736 -4.333287 -6.319844 -1.696454 -0.005063 0.043909 0.392465 0.088642 -0.146424 -7.339272 -16.437216 -7.592605 0.001173 0.308018 1.249864 0.350869 0.033577 -1.724075 -6.632196 -4.566635 0.004283 0.150234 0.556027 0.173330,
 0.316323 0.004128 -0.059072 -0.017757 0.006164 -0.017290 0.000848 0.007044 0.106394 -1.253797 -2.161806 -0.714441 -0.003794 0.195773 0.298422 -0.001493 -0.042021 -2.253839 -6.012942 -3.071661 0.001311 0.380631 0.306092 -0.026333 0.092525 -0.542957 -2.478787 -1.756427 0.005521 0.057357 -0.051472 0.013286,
