Low-band skewness and kurtosis
 -1.175681 3.766252,
 -0.861513 3.088589,
 -0.534995 2.489575,
 -0.035072 1.975710,

High-band variance
 99.400055,

Skewness, kurtosis, variance, mean, maximum and minimum of the reconstructed texture
 128.000000 255.000000 240.697006 504.645355 -1.455171 4.222755

Auto-correlations of the low-frequency bands at each scale
 60.342667 59.282986 59.075428 58.814934 57.955311 57.491585 58.553974 62.814617 50.340034 41.764938 38.504585 40.812283 48.663624 60.727741 216.543518 218.188828 220.518951 221.813873 220.223984 216.797562 212.934021 337.805115 359.177246 375.895752 382.559113 375.895752 359.177307 337.805084 212.934006 216.797531 220.223953 221.813873 220.518936 218.188843 216.543488 60.727730 48.663624 40.812279 38.504578 41.764946 50.340034 62.814613 58.553967 57.491573 57.955284 58.814941 59.075439 59.282990 60.342667,
 62.610485 63.138256 64.382881 65.219757 64.470581 63.435802 63.301991 59.610893 51.863121 47.011154 45.203583 45.735546 49.561054 56.628452 145.514389 145.661896 146.543961 146.848190 144.950256 142.465988 140.747696 213.380005 225.871109 235.906586 240.106445 235.906586 225.871109 213.380005 140.747696 142.465973 144.950241 146.848175 146.543961 145.661896 145.514389 56.628441 49.561062 45.735546 45.203587 47.011162 51.863121 59.610901 63.301979 63.435818 64.470581 65.219765 64.382896 63.138264 62.610485,
 74.617012 74.542236 75.306671 76.596970 77.676895 78.933449 80.464844 66.869186 62.688507 60.437130 60.331760 61.794338 65.226677 70.390999 107.439194 107.921188 108.645393 108.737587 107.131248 105.264160 104.349411 141.013550 147.935043 153.833725 156.429611 153.833725 147.935028 141.013550 104.349426 105.264168 107.131248 108.737587 108.645401 107.921188 107.439194 70.390991 65.226692 61.794334 60.331757 60.437130 62.688499 66.869179 80.464851 78.933449 77.676895 76.596970 75.306671 74.542221 74.617012,
 15.424390 18.523449 19.820469 21.699804 26.569113 32.583736 34.506683 18.925880 19.738333 20.978464 26.014980 32.799809 35.312206 31.262136 19.932934 20.586355 25.415493 33.054039 36.248878 31.854334 24.866421 20.684696 24.940241 32.665932 36.842922 32.665936 24.940241 20.684696 24.866421 31.854334 36.248878 33.054039 25.415493 20.586351 19.932934 31.262140 35.312202 32.799809 26.014984 20.978466 19.738329 18.925884 34.506683 32.583736 26.569109 21.699802 19.820471 18.523451 15.424391,

Auto-correlations of the modulus of each oriented sub-band
 0.540297 0.645015 0.724530 0.755174 0.726905 0.648925 0.543754 0.591095 0.708725 0.799107 0.834810 0.802964 0.713735 0.594961 0.669574 0.819730 0.934832 0.976454 0.929977 0.813876 0.665785 0.706231 0.886588 1.036815 1.097232 1.036815 0.886588 0.706231 0.665785 0.813876 0.929977 0.976454 0.934832 0.819730 0.669574 0.594961 0.713735 0.802964 0.834810 0.799107 0.708725 0.591095 0.543754 0.648925 0.726906 0.755174 0.724530 0.645015 0.540297,
 7.589777 7.866693 8.257686 8.612853 8.814974 8.898798 8.952184 9.381130 10.117526 10.972612 11.542437 11.605146 11.344548 11.032619 11.588308 12.824657 14.187657 14.918433 14.586892 13.661729 12.757799 13.034025 14.377618 15.843150 16.546127 15.843149 14.377618 13.034025 12.757799 13.661729 14.586893 14.918433 14.187655 12.824660 11.588307 11.032619 11.344546 11.605147 11.542437 10.972612 10.117526 9.381130 8.952184 8.898798 8.814975 8.612851 8.257685 7.866694 7.589777,
 44.599407 45.638824 46.607613 47.084858 46.753811 45.786472 44.595993 55.355541 58.594929 61.456528 62.687256 61.524395 58.578335 55.096413 66.657898 72.838921 78.302605 80.600624 78.298454 72.737038 66.367081 71.603859 79.333862 86.219406 89.155075 86.219398 79.333862 71.603859 66.367073 72.737038 78.298454 80.600632 78.302597 72.838913 66.657898 55.096413 58.578327 61.524399 62.687256 61.456524 58.594940 55.355534 44.596004 45.786472 46.753811 47.084850 46.607613 45.638824 44.599407,
 9.109006 9.098697 9.074677 8.954477 8.681203 8.353236 8.091759 11.243285 11.522897 11.781076 11.789437 11.339578 10.621092 9.966182 13.136395 13.913728 14.734765 15.077971 14.464735 13.285452 12.194864 13.571766 14.742184 16.029030 16.666021 16.029030 14.742184 13.571766 12.194862 13.285452 14.464736 15.077970 14.734764 13.913728 13.136392 9.966182 10.621092 11.339578 11.789436 11.781076 11.522897 11.243285 8.091760 8.353236 8.681203 8.954477 9.074679 9.098696 9.109006,
 0.512923 0.705532 0.866298 0.930614 0.868301 0.709063 0.518125 0.530646 0.731119 0.900349 0.969406 0.904960 0.737472 0.536311 0.557823 0.779767 0.970873 1.049537 0.975701 0.786896 0.564550 0.577504 0.815383 1.025232 1.111880 1.025232 0.815383 0.577504 0.564550 0.786896 0.975701 1.049537 0.970873 0.779767 0.557823 0.536312 0.737472 0.904959 0.969406 0.900349 0.731119 0.530646 0.518125 0.709063 0.868301 0.930614 0.866298 0.705532 0.512923,
 3.473568 3.693966 3.925043 4.121920 4.237070 4.287541 4.303458 4.456843 4.935038 5.378382 5.643953 5.697233 5.600801 5.423545 5.694543 6.454839 7.190367 7.524837 7.338310 6.895997 6.391388 6.530999 7.314963 8.102207 8.483820 8.102207 7.314964 6.530999 6.391388 6.895997 7.338309 7.524837 7.190367 6.454839 5.694542 5.423545 5.600801 5.697233 5.643953 5.378381 4.935038 4.456842 4.303458 4.287541 4.237070 4.121920 3.925044 3.693966 3.473568,
 21.839907 22.598242 23.244095 23.399042 22.863199 21.899488 20.962648 27.064384 29.265459 31.085423 31.703403 30.691126 28.537725 26.156984 32.958233 37.211708 40.774204 42.151905 40.536312 36.772877 32.416046 35.519302 40.865662 45.442932 47.342316 45.442932 40.865665 35.519302 32.416046 36.772873 40.536304 42.151905 40.774204 37.211708 32.958229 26.156984 28.537720 30.691120 31.703403 31.085423 29.265461 27.064384 20.962650 21.899490 22.863199 23.399042 23.244095 22.598242 21.839909,
 5.035041 4.972877 4.870294 4.724971 4.545635 4.359959 4.196024 6.190554 6.290717 6.317012 6.227633 5.956535 5.524139 5.085651 7.168814 7.610892 8.001425 8.155293 7.803907 7.069406 6.338042 7.255020 8.003642 8.770416 9.144855 8.770417 8.003642 7.255020 6.338042 7.069406 7.803907 8.155292 8.001425 7.610892 7.168815 5.085652 5.524138 5.956535 6.227634 6.317012 6.290716 6.190554 4.196024 4.359959 4.545636 4.724971 4.870294 4.972878 5.035041,
 0.320434 0.462564 0.580832 0.624488 0.572178 0.448430 0.305074 0.327360 0.474258 0.599585 0.649320 0.598079 0.469728 0.319251 0.337095 0.502590 0.650727 0.712642 0.652961 0.503890 0.334865 0.343522 0.524107 0.689408 0.758658 0.689408 0.524107 0.343522 0.334865 0.503890 0.652961 0.712642 0.650727 0.502590 0.337095 0.319251 0.469728 0.598079 0.649320 0.599585 0.474258 0.327360 0.305074 0.448430 0.572178 0.624488 0.580832 0.462564 0.320434,
 1.613988 1.720555 1.790389 1.808543 1.781485 1.718809 1.642963 2.092056 2.332652 2.516054 2.546429 2.450552 2.310010 2.158211 2.638474 3.033466 3.403901 3.513397 3.313001 3.002763 2.706924 2.921474 3.342792 3.790612 4.009915 3.790611 3.342792 2.921474 2.706924 3.002763 3.313001 3.513397 3.403901 3.033465 2.638474 2.158211 2.310010 2.450551 2.546429 2.516054 2.332652 2.092056 1.642963 1.718809 1.781485 1.808543 1.790389 1.720555 1.613988,
 9.426943 10.156112 10.658237 10.702996 10.146477 9.300637 8.514981 12.372581 13.819865 14.936607 15.255671 14.501189 13.098781 11.591728 15.646395 18.058516 20.044170 20.776644 19.763630 17.609737 15.165894 16.989841 19.908226 22.421217 23.491556 22.421217 19.908226 16.989841 15.165895 17.609737 19.763630 20.776644 20.044168 18.058514 15.646393 11.591728 13.098780 14.501189 15.255671 14.936605 13.819865 12.372581 8.514981 9.300637 10.146478 10.702996 10.658237 10.156112 9.426943,
 2.459275 2.531035 2.553403 2.529583 2.471577 2.372596 2.237893 3.097033 3.273811 3.396813 3.455149 3.388695 3.160295 2.849416 3.732155 4.091998 4.419311 4.603642 4.469621 4.046765 3.555403 3.946353 4.462885 4.955500 5.182306 4.955500 4.462885 3.946353 3.555403 4.046765 4.469621 4.603642 4.419311 4.091998 3.732155 2.849416 3.160295 3.388695 3.455149 3.396813 3.273811 3.097033 2.237893 2.372596 2.471577 2.529583 2.553403 2.531035 2.459275,

Pairwise cross-correlations of the modulus of all oriented sub-bands at the same scale (size QxQ)
 1.097232 1.387847 2.056575 1.366068 1.387847 16.546127 33.515884 11.119386 2.056575 33.515884 89.155052 34.038807 1.366068 11.119386 34.038807 16.666012,
 1.111880 0.825224 1.221909 0.873016 0.825224 8.483819 17.301451 5.564956 1.221909 17.301451 47.342323 18.057285 0.873016 5.564956 18.057285 9.144854,

Cross-correlations of the modulus of all oriented sub-bands with all oriented sub-bands at the coarser scale (size QxQ)
 0.934548 0.811191 1.209351 0.920039 1.151360 6.261929 13.065756 5.105130 1.901776 12.737940 31.838465 13.411113 1.145334 4.866781 13.359972 6.611553,
 0.798692 0.778415 0.448065 0.836293 0.697461 2.504300 5.250670 2.232809 1.204753 5.554196 14.365867 6.149011 0.766607 2.428765 6.431376 3.329683,

Cross-correlations of the real part of each oriented sub-band with both the real and imaginary part of all phase-doubled oriented sub-bands at the next coarser scale (Q matrices of size 1x2Q, which are computed and stored in a matrix of size Qx2Q)
 0.300842 -0.045022 -0.094714 -0.038591 -0.015384 0.002588 -0.000127 -0.007447 0.074861 -4.087439 -7.044361 -2.104162 -0.003391 0.260255 0.395088 0.003090 -0.048792 -7.990138 -18.707718 -7.919151 0.005154 0.517663 0.719184 -0.118969 0.097682 -2.111363 -7.066485 -4.010542 -0.002761 0.131655 0.114237 -0.119467,
 0.313922 0.024302 -0.047713 -0.008443 -0.029892 -0.017155 0.008745 0.012777 0.114477 -1.333304 -2.987657 -0.986670 -0.012384 -0.232748 -0.217427 -0.089318 -0.012392 -2.996978 -9.019673 -4.078990 -0.006418 -0.501947 -0.531046 -0.187905 0.117950 -0.904677 -3.801263 -2.189281 -0.020912 -0.135543 -0.103599 -0.010553,
