Low-band skewness and kurtosis
 -1.223470 3.853652,
 -0.929642 3.185747,
 -0.626867 2.473487,
 -0.518562 2.171541,

High-band variance
 101.962784,

Skewness, kurtosis, variance, mean, maximum and minimum of the reconstructed texture
 125.000000 255.000000 240.561157 528.997498 -1.507976 4.410030

Auto-correlations of the low-frequency bands at each scale
 83.533112 80.393044 79.318985 79.513992 81.351448 86.145882 93.776604 109.117210 87.465836 71.663345 66.597565 73.453125 89.382225 108.752136 241.967224 244.843399 248.398132 250.539230 247.607956 239.794449 229.583069 327.554047 363.560181 393.223236 405.228577 393.223236 363.560181 327.554047 229.583054 239.794418 247.607986 250.539230 248.398132 244.843399 241.967209 108.752113 89.382225 73.453110 66.597542 71.663330 87.465836 109.117210 93.776611 86.145866 81.351440 79.513992 79.318993 80.393044 83.533127,
 95.850594 94.786659 95.027367 95.477287 95.536880 96.937469 100.208557 96.366837 83.435654 74.888557 72.767250 76.682465 85.929970 97.850067 168.031418 169.039474 171.096741 172.746063 171.108871 167.107651 162.651642 219.641464 240.223618 257.501373 264.698853 257.501373 240.223618 219.641418 162.651642 167.107681 171.108871 172.746063 171.096741 169.039474 168.031418 97.850067 85.929977 76.682465 72.767265 74.888565 83.435661 96.366844 100.208557 96.937492 95.536888 95.477287 95.027382 94.786667 95.850609,
 100.775810 99.896103 99.663956 99.547554 99.149147 99.556808 101.108604 102.995766 96.539810 92.148148 90.891800 92.529854 97.034256 103.121094 134.163330 134.870407 136.220978 137.300446 136.402939 134.339630 132.205185 156.557617 166.920929 175.884872 179.729828 175.884872 166.920914 156.557617 132.205185 134.339661 136.402939 137.300461 136.221008 134.870392 134.163330 103.121101 97.034256 92.529831 90.891792 92.148132 96.539803 102.995766 101.108604 99.556808 99.149147 99.547554 99.663956 99.896103 100.775803,
 17.467764 21.535429 24.606331 27.565779 31.810658 36.832855 39.654644 21.410473 24.299578 27.373117 32.326546 38.019066 40.955391 39.413395 24.439241 27.661114 32.964378 39.387535 42.337929 39.798214 34.543652 28.534010 33.700176 39.991871 43.119671 39.991871 33.700180 28.534010 34.543652 39.798210 42.337925 39.387535 32.964378 27.661119 24.439241 39.413399 40.955391 38.019062 32.326550 27.373110 24.299587 21.410473 39.654644 36.832851 31.810658 27.565773 24.606331 21.535433 17.467764,

Auto-correlations of the modulus of each oriented sub-band
 0.665489 0.783671 0.880618 0.932636 0.926192 0.866065 0.771650 0.740717 0.881331 0.998805 1.059303 1.045970 0.966752 0.846826 0.859600 1.041513 1.181646 1.239539 1.198768 1.074424 0.904691 0.919148 1.147471 1.354630 1.443669 1.354630 1.147471 0.919148 0.904691 1.074424 1.198768 1.239539 1.181646 1.041514 0.859600 0.846826 0.966752 1.045970 1.059303 0.998805 0.881331 0.740717 0.771650 0.866065 0.926192 0.932636 0.880618 0.783671 0.665489,
 11.011317 11.464874 12.107318 12.729879 13.093821 13.242522 13.337682 12.759615 13.844342 15.195373 16.151718 16.222139 15.749278 15.235419 14.939403 16.703169 18.818861 20.039059 19.468395 17.967670 16.600285 16.524361 18.463093 20.744810 21.908825 20.744810 18.463093 16.524359 16.600288 17.967670 19.468395 20.039061 18.818861 16.703167 14.939404 15.235419 15.749276 16.222139 16.151716 15.195371 13.844340 12.759614 13.337682 13.242521 13.093820 12.729877 12.107320 11.464875 11.011317,
 46.171181 47.231762 48.368816 48.842438 48.074135 46.373516 44.524685 53.721512 57.420666 61.256657 62.922062 60.892090 56.438251 51.910061 60.902912 68.095627 75.632965 79.042374 75.357849 67.390915 59.653263 63.515762 72.610359 82.215561 86.728561 82.215553 72.610359 63.515762 59.653255 67.390900 75.357857 79.042358 75.632957 68.095642 60.902916 51.910057 56.438244 60.892090 62.922066 61.256634 57.420662 53.721516 44.524689 46.373516 48.074135 48.842434 48.368813 47.231766 46.171181,
 12.781143 12.579976 12.345788 12.009261 11.521232 11.001978 10.599921 15.248204 15.475430 15.636644 15.432234 14.615142 13.501969 12.579675 17.010109 17.982334 18.986227 19.286097 18.258005 16.537672 15.062803 16.932930 18.485743 20.244768 21.127707 20.244768 18.485741 16.932930 15.062801 16.537674 18.258005 19.286097 18.986225 17.982334 17.010105 12.579674 13.501969 14.615141 15.432232 15.636646 15.475428 15.248204 10.599920 11.001978 11.521230 12.009261 12.345786 12.579974 12.781144,
 0.567129 0.758890 0.921492 0.992750 0.943744 0.801775 0.626295 0.609477 0.819449 0.995543 1.069898 1.013062 0.855230 0.660129 0.669994 0.917629 1.128650 1.213584 1.132073 0.928699 0.691026 0.702550 0.976004 1.223468 1.328209 1.223468 0.976004 0.702550 0.691026 0.928699 1.132073 1.213584 1.128650 0.917629 0.669994 0.660129 0.855230 1.013062 1.069898 0.995543 0.819449 0.609477 0.626295 0.801775 0.943744 0.992750 0.921492 0.758890 0.567129,
 6.518063 6.744779 7.034297 7.290673 7.401759 7.398122 7.380647 7.252321 7.881047 8.570234 8.979918 8.942741 8.630669 8.281247 8.244051 9.354906 10.574968 11.163439 10.749496 9.844596 8.977755 8.976232 10.212998 11.599230 12.292516 11.599232 10.212998 8.976232 8.977757 9.844595 10.749496 11.163439 10.574968 9.354907 8.244051 8.281249 8.630668 8.942740 8.979918 8.570234 7.881047 7.252321 7.380647 7.398122 7.401761 7.290672 7.034297 6.744779 6.518062,
 25.412542 26.362133 27.145809 27.447178 27.047153 26.247572 25.442919 29.002272 31.746725 34.264900 35.249550 33.976524 31.320534 28.646290 32.496960 37.585659 42.539837 44.628254 42.259239 37.169315 32.105541 33.838799 40.071590 46.356030 49.215683 46.356037 40.071602 33.838799 32.105537 37.169315 42.259235 44.628250 42.539841 37.585651 32.496960 28.646296 31.320532 33.976521 35.249546 34.264908 31.746725 29.002277 25.442919 26.247572 27.047150 27.447178 27.145811 26.362137 25.412542,
 6.669714 6.616940 6.495321 6.303573 6.056876 5.817775 5.615823 8.026552 8.270696 8.348957 8.203052 7.809614 7.239331 6.653738 9.014227 9.729133 10.303289 10.478473 9.977581 8.984508 7.971590 8.977747 10.064456 11.126460 11.625732 11.126460 10.064457 8.977747 7.971590 8.984507 9.977581 10.478473 10.303289 9.729135 9.014225 6.653738 7.239331 7.809614 8.203051 8.348957 8.270696 8.026551 5.615823 5.817774 6.056875 6.303573 6.495322 6.616942 6.669714,
 0.311530 0.452780 0.578115 0.634432 0.593239 0.475174 0.332646 0.319685 0.469345 0.602434 0.662230 0.619941 0.496564 0.345763 0.344649 0.514549 0.668989 0.734542 0.675133 0.526543 0.357750 0.361889 0.546220 0.720064 0.795411 0.720064 0.546220 0.361889 0.357750 0.526543 0.675133 0.734542 0.668989 0.514549 0.344649 0.345763 0.496564 0.619941 0.662229 0.602434 0.469345 0.319685 0.332646 0.475174 0.593239 0.634432 0.578115 0.452780 0.311530,
 2.775757 2.900571 3.035726 3.140946 3.170396 3.133791 3.062155 3.116139 3.431733 3.766162 3.923116 3.843239 3.622773 3.386335 3.551304 4.112717 4.752833 5.019159 4.724581 4.192717 3.716659 3.812514 4.448908 5.213083 5.611230 5.213083 4.448908 3.812513 3.716659 4.192717 4.724581 5.019159 4.752833 4.112717 3.551304 3.386335 3.622773 3.843239 3.923115 3.766162 3.431733 3.116139 3.062155 3.133791 3.170396 3.140946 3.035726 2.900571 2.775757,
 9.951493 10.635998 11.110149 11.062182 10.504879 9.802725 9.261333 11.544240 13.039111 14.362580 14.644288 13.624128 12.025320 10.649818 13.287072 15.907403 18.511015 19.460096 17.943066 15.129711 12.564177 13.790674 16.975998 20.352800 21.936272 20.352800 16.975998 13.790674 12.564177 15.129713 17.943066 19.460094 18.511015 15.907402 13.287072 10.649817 12.025320 13.624129 14.644286 14.362579 13.039111 11.544240 9.261333 9.802725 10.504880 11.062181 11.110147 10.635995 9.951493,
 2.694806 2.690259 2.642169 2.574907 2.506445 2.405421 2.255680 3.282409 3.427134 3.490882 3.467073 3.309055 2.981223 2.620570 3.757591 4.165050 4.513574 4.665633 4.398549 3.801655 3.220438 3.734367 4.347359 4.977266 5.290222 4.977266 4.347359 3.734367 3.220438 3.801655 4.398549 4.665633 4.513574 4.165049 3.757591 2.620570 2.981223 3.309055 3.467073 3.490882 3.427134 3.282409 2.255681 2.405421 2.506445 2.574908 2.642169 2.690259 2.694806,

Pairwise cross-correlations of the modulus of all oriented sub-bands at the same scale (size QxQ)
 1.443668 2.414953 3.216897 2.068011 2.414953 21.908817 34.778111 11.141893 3.216897 34.778111 86.728561 35.392513 2.068011 11.141893 35.392513 21.127705,
 1.328209 1.493386 1.905014 1.148233 1.493386 12.292515 19.347666 5.709137 1.905014 19.347666 49.215691 19.629410 1.148233 5.709137 19.629410 11.625732,

Cross-correlations of the modulus of all oriented sub-bands with all oriented sub-bands at the coarser scale (size QxQ)
 1.138767 1.624201 2.143410 1.294267 1.812028 9.794769 15.653004 5.858927 2.557122 16.087595 34.409271 15.364640 1.494646 6.242386 15.707429 8.840983,
 0.855121 0.900468 1.247663 0.687218 1.093530 4.707598 6.941394 2.446748 1.651916 8.460269 16.766838 7.231536 0.900428 3.358078 7.859051 4.273417,

Cross-correlations of the real part of each oriented sub-band with both the real and imaginary part of all phase-doubled oriented sub-bands at the next coarser scale (Q matrices of size 1x2Q, which are computed and stored in a matrix of size Qx2Q)
 0.275765 -0.351598 -0.243332 -0.106469 0.005092 -0.007090 -0.003313 0.001416 -0.249882 -5.582408 -7.202201 -1.829119 0.001347 0.071387 0.322279 0.085248 -0.297003 -8.263357 -17.980049 -8.004326 0.001416 0.199244 0.743535 0.250977 0.058688 -1.834358 -7.146699 -4.747678 0.002529 0.054733 0.217085 0.080073,
 0.273594 -0.146879 -0.113198 -0.050974 0.043751 0.021502 0.004877 0.019904 -0.049517 -1.898627 -1.791842 -0.552704 0.033332 -0.007785 0.032735 0.098385 -0.147070 -2.496019 -5.181291 -3.343519 0.015073 -0.046240 0.391312 0.389620 0.068343 -0.510283 -2.565302 -2.299470 0.015023 0.017983 0.271638 0.239286,
