Low-band skewness and kurtosis
 -1.273091 4.138478,
 -1.035145 3.634510,
 -0.883152 3.261043,
 -0.533774 2.749974,

High-band variance
 103.339569,

Skewness, kurtosis, variance, mean, maximum and minimum of the reconstructed texture
 129.000000 255.000000 240.719482 523.918335 -1.534024 4.528059

Auto-correlations of the low-frequency bands at each scale
 85.521683 83.625328 82.870018 82.321747 81.289337 80.786812 82.115288 97.625526 81.241638 69.875725 65.922035 69.934464 81.365959 97.734009 234.275848 237.775208 241.775574 244.306152 243.561142 240.771210 237.256516 340.367920 368.150146 389.850311 398.418182 389.850311 368.150177 340.367920 237.256516 240.771179 243.561111 244.306137 241.775604 237.775208 234.275818 97.733994 81.365959 69.934456 65.922035 69.875725 81.241646 97.625526 82.115273 80.786804 81.289330 82.321747 82.870018 83.625320 85.521690,
 88.643471 88.159492 88.722672 89.234009 88.458809 87.657478 88.048607 86.929260 77.875397 72.413025 71.026993 73.003632 79.012115 88.541801 166.185974 167.179550 168.985107 170.137054 168.761230 166.395935 164.335068 227.769806 243.344467 255.700760 260.797516 255.700760 243.344467 227.769852 164.335052 166.395950 168.761230 170.137085 168.985153 167.179550 166.185974 88.541786 79.012131 73.003632 71.026993 72.413033 77.875381 86.929283 88.048592 87.657501 88.458809 89.233994 88.722672 88.159500 88.643494,
 80.812881 80.521263 80.913719 81.264404 80.799248 80.339226 80.568954 89.589943 84.707291 81.573036 80.543457 81.141273 83.799995 88.227692 130.630264 131.268341 132.362762 132.983398 131.855484 130.062927 128.627563 160.075684 168.544998 175.639313 178.668640 175.639313 168.544998 160.075684 128.627563 130.062927 131.855469 132.983398 132.362778 131.268341 130.630280 88.227692 83.799995 81.141258 80.543442 81.573021 84.707275 89.589943 80.568939 80.339203 80.799248 81.264404 80.913727 80.521271 80.812881,
 9.104133 11.502844 12.063074 13.296940 18.395973 25.597658 28.498762 11.484206 11.847193 12.825247 18.327650 26.344664 29.741604 25.537422 11.984875 12.670122 18.112251 27.061071 31.033951 26.161818 18.296432 13.120296 17.980328 26.885803 31.769087 26.885803 17.980331 13.120296 18.296432 26.161816 31.033957 27.061069 18.112251 12.670126 11.984875 25.537422 29.741606 26.344664 18.327650 12.825247 11.847193 11.484207 28.498762 25.597658 18.395973 13.296940 12.063071 11.502846 9.104133,

Auto-correlations of the modulus of each oriented sub-band
 0.579204 0.689251 0.769274 0.796479 0.763061 0.679887 0.569926 0.626310 0.746503 0.837052 0.869790 0.832126 0.737343 0.616320 0.690703 0.846443 0.963317 1.004461 0.958034 0.840902 0.688453 0.724776 0.913023 1.076695 1.144964 1.076695 0.913023 0.724776 0.688453 0.840902 0.958034 1.004461 0.963317 0.846443 0.690703 0.616320 0.737343 0.832126 0.869790 0.837052 0.746503 0.626309 0.569926 0.679887 0.763061 0.796479 0.769274 0.689251 0.579204,
 7.800274 8.165752 8.636513 9.100142 9.432792 9.656361 9.845836 9.862660 10.741140 11.709660 12.396334 12.574233 12.433652 12.231222 12.328176 13.734250 15.239692 16.076565 15.790853 14.890311 13.997044 14.055977 15.511958 17.075405 17.830702 17.075405 15.511957 14.055977 13.997044 14.890311 15.790854 16.076565 15.239689 13.734249 12.328174 12.231222 12.433650 12.574233 12.396334 11.709657 10.741139 9.862659 9.845836 9.656361 9.432792 9.100142 8.636514 8.165751 7.800274,
 39.203064 40.253929 41.332802 41.887997 41.527107 40.538761 39.478031 48.778683 52.315002 55.684044 57.160461 55.721161 52.349857 48.799969 58.329166 65.131393 71.641121 74.478462 71.612343 65.077332 58.277008 62.479599 70.903030 79.071487 82.716026 79.071472 70.903030 62.479595 58.277008 65.077324 71.612343 74.478462 71.641106 65.131393 58.329166 48.799961 52.349861 55.721161 57.160461 55.684044 52.315002 48.778679 39.478035 40.538761 41.527115 41.887997 41.332794 40.253929 39.203060,
 8.990544 8.855195 8.693325 8.417743 7.980969 7.516263 7.179107 11.325538 11.543689 11.743728 11.619302 10.939906 9.985557 9.197167 13.144040 13.981706 14.902469 15.223011 14.378310 12.906666 11.639560 13.305785 14.640499 16.180122 16.952858 16.180122 14.640499 13.305785 11.639557 12.906664 14.378310 15.223010 14.902470 13.981706 13.144039 9.197166 9.985557 10.939906 11.619302 11.743730 11.543687 11.325536 7.179106 7.516263 7.980968 8.417744 8.693327 8.855195 8.990545,
 0.550348 0.742203 0.897325 0.954035 0.886853 0.726975 0.536560 0.569412 0.772763 0.937835 0.997580 0.924281 0.752418 0.550812 0.594128 0.820830 1.011812 1.084850 1.002586 0.807035 0.581453 0.603981 0.847271 1.064324 1.155075 1.064324 0.847271 0.603981 0.581453 0.807035 1.002586 1.084850 1.011812 0.820831 0.594128 0.550812 0.752418 0.924281 0.997580 0.937835 0.772764 0.569412 0.536560 0.726974 0.886853 0.954035 0.897325 0.742203 0.550348,
 3.675986 3.888738 4.145010 4.398171 4.597163 4.715875 4.742875 4.627658 5.159586 5.708556 6.085519 6.209706 6.135138 5.924645 5.899600 6.778718 7.678344 8.147082 7.980159 7.456672 6.844458 6.853479 7.784721 8.730762 9.185596 8.730762 7.784721 6.853479 6.844459 7.456672 7.980158 8.147082 7.678344 6.778717 5.899600 5.924646 6.135137 6.209707 6.085518 5.708557 5.159586 4.627657 4.742875 4.715875 4.597163 4.398171 4.145010 3.888737 3.675986,
 19.325747 19.948236 20.517242 20.689699 20.223057 19.289070 18.231926 24.738203 27.009027 28.998993 29.743578 28.662033 26.209612 23.353262 29.960442 34.516068 38.537239 40.161949 38.307919 33.946743 28.952581 31.848545 37.717648 42.945938 45.163860 42.945938 37.717648 31.848545 28.952581 33.946743 38.307919 40.161949 38.537247 34.516068 29.960440 23.353262 26.209612 28.662031 29.743582 28.998993 27.009027 24.738197 18.231928 19.289068 20.223057 20.689697 20.517242 19.948236 19.325747,
 4.530475 4.440768 4.273096 4.051442 3.802413 3.560651 3.358966 6.030054 6.137624 6.141492 6.007473 5.670758 5.174507 4.670993 7.183220 7.663820 8.079806 8.228278 7.830279 7.035369 6.229920 7.278494 8.088578 8.909385 9.308900 8.909385 8.088578 7.278494 6.229919 7.035370 7.830278 8.228278 8.079806 7.663819 7.183221 4.670993 5.174507 5.670759 6.007473 6.141492 6.137624 6.030054 3.358966 3.560652 3.802413 4.051443 4.273096 4.440768 4.530475,
 0.306194 0.450396 0.577006 0.629315 0.580171 0.455679 0.310986 0.323072 0.472798 0.602468 0.653554 0.599126 0.467694 0.316982 0.342730 0.508863 0.656012 0.714431 0.650336 0.500393 0.333839 0.347976 0.526349 0.690522 0.760092 0.690522 0.526349 0.347976 0.333839 0.500393 0.650336 0.714431 0.656012 0.508863 0.342730 0.316982 0.467694 0.599126 0.653554 0.602468 0.472798 0.323072 0.310986 0.455679 0.580171 0.629315 0.577006 0.450396 0.306194,
 1.433763 1.469234 1.541407 1.629168 1.698330 1.728489 1.728883 1.848078 2.039943 2.244194 2.382395 2.416451 2.360815 2.246742 2.401424 2.825890 3.242433 3.435497 3.320487 3.030936 2.703921 2.777006 3.273415 3.770792 4.002862 3.770792 3.273415 2.777006 2.703921 3.030936 3.320487 3.435497 3.242434 2.825890 2.401424 2.246741 2.360815 2.416451 2.382396 2.244194 2.039942 1.848078 1.728883 1.728489 1.698330 1.629168 1.541407 1.469234 1.433763,
 6.835447 6.867054 7.091728 7.218020 6.961506 6.562451 6.343733 8.834981 9.919667 11.080654 11.626683 11.065310 9.798623 8.525801 11.131294 13.605762 16.012753 17.109638 16.084436 13.663918 11.086831 12.236465 15.431261 18.480934 19.839859 18.480936 15.431261 12.236466 11.086831 13.663918 16.084436 17.109638 16.012754 13.605764 11.131294 8.525801 9.798623 11.065312 11.626683 11.080654 9.919667 8.834981 6.343732 6.562451 6.961506 7.218020 7.091730 6.867054 6.835447,
 1.758914 1.755915 1.716245 1.634974 1.538717 1.448648 1.381755 2.397084 2.520292 2.580465 2.548344 2.400772 2.151711 1.894305 2.954900 3.282432 3.569939 3.691738 3.490567 3.040061 2.579183 3.040431 3.535724 4.037713 4.277165 4.037714 3.535724 3.040431 2.579183 3.040061 3.490567 3.691738 3.569939 3.282432 2.954900 1.894305 2.151711 2.400772 2.548344 2.580465 2.520291 2.397084 1.381755 1.448648 1.538716 1.634974 1.716245 1.755915 1.758914,

Pairwise cross-correlations of the modulus of all oriented sub-bands at the same scale (size QxQ)
 1.144964 1.600658 2.368750 1.484068 1.600658 17.830704 32.208504 10.133450 2.368750 32.208504 82.716003 31.716055 1.484068 10.133450 31.716055 16.952856,
 1.155075 0.930602 1.078574 0.877294 0.930602 9.185595 16.661407 4.899581 1.078574 16.661407 45.163857 17.200001 0.877294 4.899581 17.200001 9.308897,

Cross-correlations of the modulus of all oriented sub-bands with all oriented sub-bands at the coarser scale (size QxQ)
 0.960741 1.016547 1.228924 0.935451 1.213289 6.976690 12.559027 4.592038 1.964366 12.617805 29.422747 12.446688 1.150800 4.627668 12.520979 6.653043,
 0.801094 0.693210 0.573031 0.695455 0.665901 2.825322 4.903252 1.809048 0.944931 5.589432 13.155355 5.404766 0.713378 2.281091 5.689057 3.066186,

Cross-correlations of the real part of each oriented sub-band with both the real and imaginary part of all phase-doubled oriented sub-bands at the next coarser scale (Q matrices of size 1x2Q, which are computed and stored in a matrix of size Qx2Q)
 0.300673 -0.088386 -0.159462 -0.090666 0.010114 -0.011906 -0.003428 0.007356 0.052412 -4.863563 -7.548356 -2.043977 0.006826 -0.354722 -0.688976 -0.154750 -0.114512 -8.664781 -19.471691 -8.232747 0.003570 -0.694956 -1.548652 -0.385808 0.050501 -2.106929 -7.509211 -4.498813 0.003009 -0.169778 -0.431931 -0.097796,
 0.293175 0.014964 -0.057652 -0.004571 0.014834 0.017089 -0.018692 -0.013247 0.099986 -1.611737 -2.662063 -0.681480 0.009585 -0.284154 -0.732292 -0.136179 -0.035915 -2.863147 -6.505959 -2.797473 0.006657 -0.615901 -1.691850 -0.483985 0.090506 -0.625205 -2.369552 -1.555088 0.007268 -0.152834 -0.607057 -0.266102,
