Low-band skewness and kurtosis
 -1.323336 4.236559,
 -1.108142 3.754450,
 -0.918470 3.231024,
 -0.995078 3.867537,

High-band variance
 102.580284,

Skewness, kurtosis, variance, mean, maximum and minimum of the reconstructed texture
 120.000000 255.000000 240.608704 548.092773 -1.573151 4.669522

Auto-correlations of the low-frequency bands at each scale
 115.440460 107.379623 103.499588 102.831482 103.703888 106.107910 111.026833 142.218872 120.419289 102.537277 95.153793 101.052811 118.398567 141.174149 256.315704 266.463928 273.439392 275.364471 272.072021 266.829163 261.680542 339.878815 379.118622 411.440887 424.418457 411.440887 379.118622 339.878815 261.680542 266.829102 272.072021 275.364471 273.439392 266.463928 256.315704 141.174118 118.398567 101.052811 95.153801 102.537270 120.419289 142.218872 111.026833 106.107903 103.703903 102.831482 103.499588 107.379631 115.440460,
 115.401878 112.582123 112.504242 113.825600 114.653503 115.868690 118.619743 123.665909 109.984467 99.491776 95.578735 98.983025 109.593170 124.481277 187.449112 192.255386 195.963974 197.245712 195.152328 192.191086 189.908691 237.562820 261.126282 280.707123 288.731781 280.707123 261.126282 237.562820 189.908691 192.191086 195.152328 197.245743 195.963959 192.255386 187.449142 124.481277 109.593170 98.983047 95.578735 99.491776 109.984482 123.665909 118.619743 115.868690 114.653511 113.825600 112.504234 112.582123 115.401894,
 105.788849 104.719002 105.211731 106.615211 107.873978 109.510536 112.078316 116.926544 110.847672 106.496399 105.590958 108.307922 114.678909 123.188324 150.720764 154.217453 157.277786 158.957275 158.425827 157.239548 156.360397 177.176819 189.734406 200.397308 204.863663 200.397339 189.734406 177.176819 156.360397 157.239548 158.425812 158.957306 157.277786 154.217422 150.720764 123.188324 114.678902 108.307915 105.590958 106.496399 110.847679 116.926544 112.078323 109.510536 107.873978 106.615211 105.211716 104.719009 105.788857,
 11.985865 17.019344 18.408228 17.444807 21.392946 29.876101 33.403111 15.912943 17.420385 16.825392 21.300667 30.978966 35.545567 30.850271 16.850105 16.964693 21.669073 32.251495 37.636852 31.905706 23.483692 17.998346 22.440046 32.593399 38.700531 32.593399 22.440048 17.998346 23.483694 31.905703 37.636852 32.251495 21.669075 16.964697 16.850107 30.850271 35.545570 30.978970 21.300667 16.825392 17.420385 15.912943 33.403107 29.876101 21.392942 17.444805 18.408226 17.019346 11.985865,

Auto-correlations of the modulus of each oriented sub-band
 0.724544 0.818362 0.886959 0.912398 0.882663 0.805088 0.702860 0.782825 0.896131 0.984823 1.015976 0.977675 0.884126 0.763053 0.865397 1.024204 1.140241 1.186242 1.147375 1.026582 0.856745 0.892761 1.106522 1.315413 1.410326 1.315413 1.106522 0.892761 0.856746 1.026582 1.147375 1.186242 1.140241 1.024204 0.865397 0.763053 0.884126 0.977675 1.015976 0.984823 0.896131 0.782825 0.702860 0.805088 0.882663 0.912398 0.886959 0.818362 0.724544,
 10.686173 11.181455 11.824297 12.467545 12.923120 13.207872 13.406247 12.802929 13.824022 15.037051 15.988854 16.280495 16.119333 15.824479 15.422986 17.004448 18.795769 19.908730 19.634657 18.591413 17.515629 17.378498 19.042322 20.861681 21.780254 20.861681 19.042320 17.378498 17.515629 18.591412 19.634657 19.908726 18.795769 17.004446 15.422986 15.824479 16.119333 16.280495 15.988853 15.037048 13.824021 12.802929 13.406247 13.207872 12.923119 12.467545 11.824296 11.181453 10.686173,
 41.731133 43.333271 44.916252 45.674057 45.191647 43.912685 42.550343 49.018089 53.152763 57.454277 59.447090 57.718697 53.748528 49.911980 56.419605 63.656361 71.454521 75.108353 71.624382 64.052216 57.039452 59.890427 68.540916 78.039360 82.571754 78.039360 68.540916 59.890423 57.039452 64.052216 71.624382 75.108353 71.454521 63.656361 56.419594 49.911980 53.748528 57.718689 59.447090 57.454288 53.152763 49.018078 42.550346 43.912678 45.191647 45.674057 44.916252 43.333271 41.731125,
 14.453378 14.383251 14.189058 13.731842 12.999675 12.248034 11.698764 16.639662 17.215534 17.614807 17.394129 16.297224 14.833178 13.636217 18.059090 19.544735 20.996565 21.440079 20.124584 17.929619 16.031488 17.838297 19.921904 22.219536 23.363884 22.219534 19.921904 17.838297 16.031488 17.929617 20.124586 21.440077 20.996565 19.544737 18.059090 13.636218 14.833178 16.297226 17.394129 17.614805 17.215534 16.639664 11.698766 12.248034 12.999675 13.731840 14.189058 14.383253 14.453375,
 0.610621 0.788337 0.935295 0.990842 0.926671 0.771685 0.588108 0.633351 0.821784 0.976146 1.034035 0.968119 0.806387 0.612090 0.659826 0.880040 1.070609 1.148976 1.071617 0.876039 0.648978 0.670140 0.921170 1.155583 1.257227 1.155583 0.921170 0.670140 0.648978 0.876039 1.071617 1.148976 1.070609 0.880040 0.659826 0.612090 0.806387 0.968119 1.034035 0.976147 0.821784 0.633351 0.588108 0.771685 0.926671 0.990841 0.935295 0.788337 0.610621,
 5.950859 6.253456 6.591947 6.923889 7.160373 7.268315 7.268768 7.217974 7.862858 8.527964 8.984719 9.110141 8.965775 8.664120 8.680006 9.721115 10.791240 11.350254 11.122728 10.449711 9.683054 9.698146 10.817200 11.958114 12.507572 11.958114 10.817200 9.698145 9.683054 10.449709 11.122726 11.350254 10.791239 9.721116 8.680003 8.664121 8.965777 9.110143 8.984719 8.527964 7.862858 7.217974 7.268769 7.268314 7.160374 6.923889 6.591946 6.253455 5.950859,
 23.071695 24.227732 25.503525 26.260616 26.001854 24.966223 23.846952 26.545269 29.350508 32.383305 33.988407 33.062939 30.410662 27.752707 30.319773 35.149967 40.374352 42.951981 40.902290 35.993843 31.325472 32.430401 38.161877 44.370502 47.281700 44.370502 38.161877 32.430401 31.325472 35.993843 40.902290 42.951984 40.374348 35.149967 30.319769 27.752707 30.410662 33.062939 33.988407 32.383305 29.350508 26.545267 23.846956 24.966223 26.001856 26.260616 25.503529 24.227734 23.071692,
 8.325212 8.465101 8.476162 8.327015 8.038240 7.694263 7.389307 9.364075 9.887324 10.228981 10.221411 9.770307 9.027498 8.316033 10.103756 11.135256 12.071527 12.431668 11.812921 10.567580 9.387190 10.122334 11.462586 12.853227 13.515506 12.853224 11.462586 10.122334 9.387190 10.567578 11.812921 12.431668 12.071527 11.135257 10.103756 8.316033 9.027498 9.770307 10.221411 10.228979 9.887324 9.364075 7.389308 7.694263 8.038240 8.327015 8.476161 8.465101 8.325211,
 0.348771 0.487241 0.606298 0.653081 0.603006 0.481791 0.342485 0.356205 0.498861 0.621789 0.671554 0.622925 0.499686 0.355605 0.367206 0.526640 0.671642 0.733756 0.675630 0.530092 0.367414 0.375498 0.551815 0.720964 0.794878 0.720964 0.551815 0.375498 0.367414 0.530092 0.675630 0.733756 0.671642 0.526640 0.367206 0.355605 0.499686 0.622925 0.671554 0.621789 0.498861 0.356205 0.342485 0.481791 0.603006 0.653081 0.606298 0.487241 0.348771,
 2.136777 2.361230 2.594734 2.806461 2.965233 3.040062 3.036425 2.806653 3.190620 3.554777 3.778372 3.839262 3.770121 3.613601 3.543894 4.124468 4.696475 4.958622 4.808242 4.436010 4.030527 4.027545 4.633386 5.260492 5.556429 5.260492 4.633386 4.027545 4.030528 4.436010 4.808242 4.958622 4.696475 4.124467 3.543894 3.613600 3.770121 3.839262 3.778372 3.554777 3.190620 2.806653 3.036425 3.040062 2.965233 2.806461 2.594734 2.361230 2.136777,
 7.632732 8.361323 9.276617 9.867792 9.802607 9.317486 8.872281 9.299569 10.853968 12.710242 13.786530 13.382958 12.024663 10.714664 11.245110 13.816286 16.784887 18.350197 17.311007 14.681352 12.217970 12.484046 15.536464 18.953892 20.580153 18.953892 15.536466 12.484046 12.217970 14.681350 17.311007 18.350197 16.784885 13.816285 11.245108 10.714664 12.024663 13.382958 13.786530 12.710242 10.853968 9.299569 8.872281 9.317484 9.802605 9.867791 9.276618 8.361323 7.632732,
 3.485040 3.555122 3.581166 3.538092 3.434695 3.305337 3.175105 3.956612 4.265695 4.508263 4.565554 4.376870 4.021029 3.660812 4.361559 4.959778 5.536114 5.792197 5.495935 4.829377 4.179399 4.468750 5.230276 6.031367 6.408281 6.031367 5.230276 4.468750 4.179399 4.829377 5.495935 5.792197 5.536114 4.959778 4.361559 3.660811 4.021030 4.376870 4.565554 4.508262 4.265695 3.956612 3.175105 3.305337 3.434695 3.538092 3.581165 3.555122 3.485040,

Pairwise cross-correlations of the modulus of all oriented sub-bands at the same scale (size QxQ)
 1.410326 2.198716 3.395658 2.459967 2.198716 21.780251 34.208969 10.592536 3.395658 34.208969 82.571724 34.645477 2.459967 10.592536 34.645477 23.363892,
 1.257227 1.322330 2.148625 1.556972 1.322330 12.507571 19.270802 5.290782 2.148625 19.270802 47.281704 19.527681 1.556972 5.290782 19.527681 13.515509,

Cross-correlations of the modulus of all oriented sub-bands with all oriented sub-bands at the coarser scale (size QxQ)
 1.078841 1.462734 2.405246 1.667420 1.627102 9.615501 15.509924 5.776989 2.678035 15.183736 33.519085 16.094456 1.808809 5.760079 16.343870 10.792811,
 0.834214 0.842374 1.042535 0.949578 0.952051 4.446195 6.996958 2.636028 1.731828 7.047739 14.917569 7.432094 1.137906 2.726064 7.646082 5.351551,

Cross-correlations of the real part of each oriented sub-band with both the real and imaginary part of all phase-doubled oriented sub-bands at the next coarser scale (Q matrices of size 1x2Q, which are computed and stored in a matrix of size Qx2Q)
 0.267200 -0.185945 -0.255981 -0.287718 -0.020638 -0.007535 -0.033522 -0.014259 -0.039622 -4.711045 -6.796949 -1.653639 -0.012648 -0.225365 -0.717199 -0.168344 -0.333892 -7.504562 -16.994022 -7.720150 -0.000643 -0.408812 -1.893722 -0.733953 -0.162688 -1.693042 -6.808551 -5.262078 -0.002424 -0.101715 -0.835015 -0.467543,
 0.264087 -0.040970 -0.098776 -0.097095 -0.055192 -0.030579 -0.033386 0.006481 0.064163 -1.575045 -1.924917 -0.398495 -0.018830 -0.158162 0.073317 -0.005229 -0.138900 -2.189396 -4.693745 -2.381577 -0.002756 0.107282 0.647111 0.030520 -0.029816 -0.359570 -2.023767 -1.847236 -0.023914 0.105029 0.291358 0.011469,
