Low-band skewness and kurtosis
 -1.233521 3.916342,
 -0.989729 3.477523,
 -0.820466 3.327789,
 -0.426544 2.795704,

High-band variance
 101.544556,

Skewness, kurtosis, variance, mean, maximum and minimum of the reconstructed texture
 136.000000 255.000000 240.766495 523.029846 -1.526736 4.457225

Auto-correlations of the low-frequency bands at each scale
 74.898705 73.719887 73.581657 73.386086 72.354042 71.288612 71.231438 78.770966 64.154999 54.381012 51.135101 54.680134 64.733986 79.521683 227.502869 230.945023 234.692871 237.112000 236.628784 234.712341 232.968643 348.188080 372.685791 391.750183 399.310059 391.750183 372.685791 348.188080 232.968643 234.712311 236.628784 237.112000 234.692871 230.945023 227.502853 79.521706 64.733986 54.680119 51.135094 54.381023 64.154984 78.770958 71.231445 71.288605 72.354027 73.386093 73.581642 73.719879 74.898705,
 78.022163 76.582542 76.006096 75.233559 73.132118 71.074150 70.273468 75.121330 66.003532 60.297817 58.131832 58.641655 62.669289 70.130600 156.770447 157.919830 159.864243 161.276398 160.421448 158.853973 157.825119 226.868973 240.440918 251.083984 255.492065 251.084000 240.440918 226.868973 157.825119 158.853989 160.421448 161.276398 159.864273 157.919830 156.770462 70.130600 62.669285 58.641666 58.131832 60.297813 66.003517 75.121346 70.273483 71.074150 73.132126 75.233559 76.006104 76.582542 78.022163,
 71.644516 71.813675 72.832115 74.046021 74.617439 75.154266 76.078430 75.917130 70.575874 67.308449 66.123520 66.399635 68.690704 72.947121 122.789803 122.253654 121.907669 121.069069 118.808281 116.349380 114.641045 155.028961 162.785629 168.932175 171.516052 168.932175 162.785629 155.028961 114.641045 116.349380 118.808281 121.069069 121.907669 122.253654 122.789803 72.947113 68.690697 66.399643 66.123520 67.308441 70.575874 75.917130 76.078423 75.154266 74.617439 74.046043 72.832123 71.813660 71.644516,
 11.986298 12.025147 12.030458 14.460013 21.123745 29.678408 33.525570 11.979188 11.538848 13.776667 21.026426 30.340532 34.526405 29.905706 11.440659 13.404025 20.800974 30.955954 35.502087 30.383375 20.711424 13.487614 20.619383 30.884146 36.050266 30.884144 20.619387 13.487616 20.711418 30.383373 35.502087 30.955954 20.800974 13.404029 11.440660 29.905706 34.526405 30.340538 21.026423 13.776667 11.538853 11.979193 33.525566 29.678402 21.123747 14.460015 12.030456 12.025153 11.986300,

Auto-correlations of the modulus of each oriented sub-band
 0.565015 0.673979 0.754087 0.783154 0.752504 0.671646 0.563437 0.617917 0.740505 0.832257 0.866185 0.831393 0.739412 0.617880 0.690699 0.843327 0.960830 1.004394 0.957682 0.838724 0.686933 0.727366 0.913411 1.066983 1.128247 1.066983 0.913411 0.727366 0.686933 0.838724 0.957682 1.004394 0.960830 0.843327 0.690699 0.617880 0.739412 0.831393 0.866185 0.832257 0.740505 0.617917 0.563437 0.671646 0.752505 0.783154 0.754087 0.673979 0.565015,
 7.687458 8.038061 8.498484 8.900992 9.149184 9.293648 9.406742 9.797578 10.608648 11.568844 12.216392 12.325371 12.129580 11.898952 12.302417 13.579419 15.044439 15.857533 15.540562 14.641857 13.807390 13.989773 15.317557 16.832077 17.579365 16.832077 15.317557 13.989773 13.807389 14.641856 15.540560 15.857533 15.044437 13.579421 12.302417 11.898949 12.129580 12.325371 12.216393 11.568844 10.608647 9.797578 9.406743 9.293648 9.149184 8.900991 8.498485 8.038061 7.687458,
 42.246136 43.516396 44.672459 45.208008 44.789238 43.722885 42.545254 53.097527 56.785664 60.114380 61.593010 60.374447 57.316589 53.896824 64.356750 71.036201 77.152039 79.825943 77.384476 71.527077 65.090553 69.655159 77.711983 85.163933 88.415276 85.163933 77.711998 69.655136 65.090553 71.527061 77.384468 79.825943 77.152031 71.036201 64.356758 53.896816 57.316586 60.374451 61.593006 60.114372 56.785671 53.097519 42.545258 43.722885 44.789242 45.208004 44.672459 43.516396 42.246136,
 9.253812 9.169514 9.086299 8.899556 8.535485 8.103314 7.768330 11.528472 11.783293 12.032877 11.983397 11.396759 10.514998 9.767469 13.384435 14.208472 15.114694 15.459434 14.698544 13.319283 12.121074 13.657537 14.928181 16.392603 17.123774 16.392603 14.928181 13.657537 12.121074 13.319281 14.698544 15.459434 15.114694 14.208471 13.384432 9.767469 10.514998 11.396759 11.983398 12.032874 11.783293 11.528472 7.768331 8.103314 8.535485 8.899556 9.086299 9.169514 9.253812,
 0.498989 0.685195 0.840652 0.904082 0.846790 0.695353 0.509776 0.527038 0.723061 0.886360 0.951754 0.889015 0.727008 0.530572 0.567192 0.786255 0.971376 1.045475 0.971864 0.786261 0.566158 0.588184 0.823895 1.029278 1.113794 1.029278 0.823895 0.588184 0.566158 0.786261 0.971864 1.045474 0.971376 0.786255 0.567192 0.530572 0.727008 0.889015 0.951754 0.886360 0.723061 0.527038 0.509776 0.695353 0.846790 0.904082 0.840652 0.685195 0.498989,
 3.902547 4.082311 4.270303 4.425296 4.525985 4.584991 4.614921 4.930707 5.398321 5.835190 6.083805 6.134371 6.081049 5.953501 6.325509 7.086504 7.820093 8.156004 7.973920 7.569696 7.118640 7.290951 8.056357 8.825834 9.202907 8.825835 8.056357 7.290951 7.118639 7.569696 7.973920 8.156004 7.820093 7.086503 6.325508 5.953501 6.081049 6.134370 6.083805 5.835190 5.398321 4.930707 4.614921 4.584991 4.525985 4.425296 4.270303 4.082311 3.902548,
 19.944853 20.684484 21.395985 21.759275 21.605145 21.137083 20.634312 25.301712 27.692595 29.737648 30.644958 30.025343 28.298756 26.212208 31.337200 35.800232 39.580013 41.180782 39.832741 36.320019 32.101955 34.416107 39.809059 44.393570 46.281712 44.393570 39.809059 34.416107 32.101952 36.320019 39.832741 41.180782 39.580013 35.800232 31.337200 26.212208 28.298759 30.025345 30.644957 29.737648 27.692595 25.301706 20.634312 21.137083 21.605145 21.759275 21.395985 20.684484 19.944853,
 4.304428 4.259292 4.190117 4.076769 3.922966 3.771724 3.637870 5.550843 5.708154 5.783604 5.727106 5.483891 5.082397 4.653006 6.568885 7.074558 7.517825 7.704709 7.369613 6.642242 5.892320 6.713697 7.508226 8.305658 8.691159 8.305658 7.508226 6.713697 5.892319 6.642241 7.369611 7.704709 7.517824 7.074558 6.568885 4.653007 5.082397 5.483891 5.727106 5.783604 5.708154 5.550843 3.637870 3.771724 3.922966 4.076769 4.190117 4.259292 4.304429,
 0.280404 0.406190 0.516325 0.561629 0.518760 0.411601 0.289349 0.295207 0.428441 0.545513 0.593185 0.546633 0.431833 0.301321 0.314005 0.460884 0.593680 0.649065 0.594878 0.462988 0.316869 0.323778 0.479547 0.624036 0.685280 0.624036 0.479547 0.323778 0.316869 0.462988 0.594878 0.649065 0.593680 0.460884 0.314005 0.301321 0.431833 0.546633 0.593185 0.545513 0.428441 0.295207 0.289349 0.411601 0.518760 0.561629 0.516325 0.406190 0.280404,
 1.573509 1.685208 1.797197 1.892698 1.955214 1.974629 1.958564 2.031028 2.301892 2.546992 2.685936 2.721868 2.678602 2.561537 2.643636 3.100872 3.538520 3.732038 3.623286 3.368235 3.061687 3.093996 3.572711 4.048399 4.276261 4.048399 3.572710 3.093996 3.061687 3.368234 3.623286 3.732038 3.538520 3.100872 2.643635 2.561538 2.678602 2.721868 2.685936 2.546992 2.301892 2.031028 1.958564 1.974629 1.955214 1.892698 1.797197 1.685208 1.573508,
 9.451558 10.258330 11.011273 11.436554 11.347454 10.848939 10.185852 11.876811 13.568791 15.095838 15.899459 15.625761 14.465420 12.910538 14.902944 17.756058 20.254961 21.430187 20.706282 18.498461 15.725299 16.635033 20.048328 22.950323 24.144836 22.950325 20.048332 16.635033 15.725299 18.498459 20.706282 21.430185 20.254961 17.756058 14.902942 12.910538 14.465418 15.625763 15.899459 15.095838 13.568790 11.876810 10.185852 10.848937 11.347452 11.436554 11.011273 10.258332 9.451558,
 2.432904 2.462182 2.462265 2.420341 2.348101 2.239763 2.101336 3.148875 3.284584 3.359160 3.363613 3.258155 3.009621 2.702255 3.791190 4.118866 4.388581 4.519178 4.353290 3.926793 3.448466 3.926018 4.420205 4.879258 5.094401 4.879258 4.420205 3.926018 3.448466 3.926793 4.353290 4.519179 4.388581 4.118865 3.791190 2.702255 3.009621 3.258155 3.363613 3.359160 3.284583 3.148875 2.101336 2.239763 2.348101 2.420341 2.462265 2.462181 2.432904,

Pairwise cross-correlations of the modulus of all oriented sub-bands at the same scale (size QxQ)
 1.128247 1.456867 2.264638 1.457879 1.456867 17.579369 34.076107 10.773505 2.264638 34.076107 88.415276 33.475430 1.457879 10.773505 33.475430 17.123770,
 1.113795 0.831293 1.167835 0.869098 0.831293 9.202907 17.603210 5.050925 1.167835 17.603210 46.281704 16.953766 0.869098 5.050925 16.953766 8.691158,

Cross-correlations of the modulus of all oriented sub-bands with all oriented sub-bands at the coarser scale (size QxQ)
 0.942149 0.897905 1.275397 0.932146 1.114748 6.784431 13.271361 4.795406 1.852134 13.036957 31.689240 13.053716 1.118677 4.588202 12.934110 6.626483,
 0.755555 0.551066 0.574168 0.515335 0.667607 2.791448 6.049731 2.408830 1.099469 5.465163 14.339094 6.415643 0.702418 2.016223 5.793812 3.186310,

Cross-correlations of the real part of each oriented sub-band with both the real and imaginary part of all phase-doubled oriented sub-bands at the next coarser scale (Q matrices of size 1x2Q, which are computed and stored in a matrix of size Qx2Q)
 0.352739 -0.048653 -0.122929 -0.040816 0.022382 -0.005944 0.004108 0.002462 0.096405 -4.780450 -8.335377 -2.210238 0.009583 0.238841 0.542631 0.048649 -0.061059 -9.033775 -20.739006 -7.942287 0.000221 0.531327 1.061799 -0.038247 0.103601 -2.273223 -7.455901 -3.958038 0.007771 0.137113 0.247010 -0.061651,
 0.335234 -0.006955 -0.056014 0.012172 0.017416 0.005607 0.001025 -0.007140 0.111458 -1.664000 -2.962245 -0.948944 0.005732 -0.210282 -0.454854 -0.137418 -0.024705 -3.133070 -8.390315 -3.979187 -0.000149 -0.434621 -1.278216 -0.499871 0.115703 -0.800633 -3.442793 -2.124485 0.007929 -0.110671 -0.481911 -0.229781,
