Low-band skewness and kurtosis
 -1.261095 4.059003,
 -1.047452 3.588694,
 -0.799585 2.873215,
 -0.138180 2.267926,

High-band variance
 101.197891,

Skewness, kurtosis, variance, mean, maximum and minimum of the reconstructed texture
 126.000000 255.000000 240.815826 519.430054 -1.519160 4.416999

Auto-correlations of the low-frequency bands at each scale
 70.748878 69.540977 69.559570 69.616074 68.733322 67.642464 67.148697 67.972092 57.432632 50.555855 48.097473 49.786201 55.829556 65.683304 225.049606 228.450378 231.596649 233.406342 232.730865 231.165451 230.668976 359.283813 376.860657 390.512817 395.947815 390.512817 376.860657 359.283752 230.668976 231.165451 232.730865 233.406311 231.596619 228.450409 225.049622 65.683289 55.829544 49.786179 48.097462 50.555866 57.432632 67.972092 67.148682 67.642456 68.733307 69.616074 69.559578 69.540993 70.748894,
 73.604187 72.723892 72.749893 72.644936 71.153175 69.458977 68.540489 68.025948 61.392700 57.547722 56.194168 56.374260 59.124123 64.707970 153.286850 154.601440 156.464600 157.654251 156.800400 155.731110 155.786224 230.788910 240.717178 248.690842 252.099274 248.690842 240.717178 230.788940 155.786224 155.731094 156.800400 157.654251 156.464600 154.601440 153.286880 64.707970 59.124130 56.374260 56.194168 57.547722 61.392700 68.025970 68.540482 69.458977 71.153175 72.644943 72.749893 72.723892 73.604202,
 64.838707 65.799629 67.298759 68.603127 68.812737 68.677826 68.773384 63.261135 59.642063 57.860703 57.709896 58.425529 60.643238 64.484047 116.739838 116.570343 116.825111 116.774445 115.494537 114.239502 113.913109 158.587097 164.170959 168.824539 170.874847 168.824539 164.170975 158.587097 113.913109 114.239487 115.494514 116.774437 116.825111 116.570358 116.739838 64.484047 60.643219 58.425510 57.709900 57.860706 59.642075 63.261135 68.773384 68.677803 68.812714 68.603119 67.298759 65.799637 64.838722,
 7.877756 12.248710 13.171425 12.179831 15.981036 24.866859 29.068842 12.450954 12.985102 11.724004 15.811694 25.124613 29.635572 23.609819 13.040100 11.306032 15.303294 25.372070 30.393015 24.099588 14.544380 11.276788 14.716880 24.880613 30.893492 24.880613 14.716879 11.276787 14.544380 24.099588 30.393015 25.372070 15.303294 11.306032 13.040100 23.609823 29.635576 25.124613 15.811699 11.724004 12.985102 12.450954 29.068838 24.866859 15.981037 12.179830 13.171422 12.248708 7.877757,

Auto-correlations of the modulus of each oriented sub-band
 0.540364 0.652972 0.737857 0.771666 0.743590 0.661150 0.546804 0.582213 0.704965 0.797495 0.832645 0.798950 0.706973 0.583328 0.629633 0.776994 0.893395 0.941170 0.901810 0.789578 0.641784 0.666359 0.837783 0.975991 1.030241 0.975991 0.837783 0.666359 0.641784 0.789578 0.901810 0.941170 0.893395 0.776994 0.629633 0.583328 0.706973 0.798950 0.832645 0.797495 0.704965 0.582213 0.546804 0.661150 0.743590 0.771666 0.737857 0.652972 0.540364,
 6.455712 6.730922 7.074761 7.374341 7.543885 7.621504 7.681912 8.545225 9.157875 9.845896 10.299526 10.364199 10.211617 10.051170 11.031693 11.979024 13.040201 13.613176 13.370889 12.724465 12.142162 12.598580 13.556710 14.656602 15.202026 14.656600 13.556710 12.598580 12.142164 12.724465 13.370889 13.613178 13.040204 11.979024 11.031692 10.051169 10.211617 10.364198 10.299528 9.845896 9.157874 8.545225 7.681913 7.621503 7.543885 7.374340 7.074760 6.730922 6.455712,
 41.424213 42.927452 44.202389 44.820805 44.556927 43.692066 42.725208 53.250183 56.650730 59.519478 60.832756 60.041294 57.736118 55.035599 66.501953 72.263901 77.152817 79.268150 77.559563 73.093079 67.842628 73.130684 79.904884 85.712532 88.123665 85.712540 79.904884 73.130676 67.842636 73.093071 77.559563 79.268143 77.152824 72.263901 66.501938 55.035606 57.736107 60.041283 60.832756 59.519478 56.650734 53.250179 42.725216 43.692066 44.556927 44.820808 44.202389 42.927456 41.424213,
 7.856028 7.897563 7.892010 7.763212 7.473704 7.091079 6.740675 9.873684 10.230793 10.519098 10.523733 10.090161 9.343219 8.597894 11.701913 12.581653 13.412866 13.723629 13.160589 11.997054 10.816887 12.167760 13.443903 14.708027 15.280172 14.708027 13.443903 12.167760 10.816887 11.997054 13.160590 13.723631 13.412864 12.581652 11.701913 8.597894 9.343219 10.090161 10.523733 10.519096 10.230792 9.873684 6.740674 7.091080 7.473705 7.763210 7.892009 7.897562 7.856029,
 0.488163 0.677645 0.834872 0.899051 0.841195 0.687337 0.497228 0.510319 0.708770 0.874669 0.943149 0.882700 0.720406 0.519881 0.540437 0.758034 0.942525 1.018653 0.949147 0.767199 0.547643 0.560566 0.792547 0.991561 1.072356 0.991561 0.792547 0.560566 0.547643 0.767199 0.949147 1.018653 0.942525 0.758034 0.540437 0.519881 0.720406 0.882700 0.943149 0.874669 0.708770 0.510319 0.497228 0.687337 0.841195 0.899051 0.834872 0.677645 0.488163,
 3.403847 3.515352 3.622427 3.712131 3.777313 3.818702 3.844099 4.455744 4.754535 5.015709 5.151490 5.169945 5.127745 5.041767 5.720906 6.232030 6.705774 6.891389 6.740728 6.459872 6.160594 6.470565 6.988220 7.516734 7.776026 7.516735 6.988220 6.470565 6.160594 6.459873 6.740728 6.891389 6.705774 6.232030 5.720906 5.041767 5.127744 5.169946 5.151490 5.015709 4.754534 4.455744 3.844099 3.818703 3.777313 3.712131 3.622427 3.515352 3.403847,
 19.981504 20.642056 21.143831 21.296009 20.989122 20.449165 19.888275 26.190439 28.117933 29.592442 30.109245 29.425911 27.944513 26.199492 33.013374 36.574409 39.404537 40.488766 39.305199 36.499905 33.098660 36.215702 40.545807 44.099644 45.552116 44.099644 40.545807 36.215702 33.098652 36.499901 39.305191 40.488762 39.404541 36.574413 33.013371 26.199492 27.944511 29.425909 30.109247 29.592440 28.117933 26.190437 19.888275 20.449163 20.989122 21.296009 21.143831 20.642059 19.981503,
 3.712888 3.738852 3.722807 3.649242 3.515077 3.360219 3.220200 4.844895 5.029638 5.133310 5.111932 4.905169 4.564150 4.214943 5.904644 6.348119 6.749085 6.934283 6.659195 6.051712 5.436822 6.174956 6.838988 7.529056 7.869663 7.529057 6.838988 6.174956 5.436822 6.051712 6.659195 6.934283 6.749085 6.348119 5.904644 4.214943 4.564150 4.905169 5.111932 5.133311 5.029638 4.844895 3.220200 3.360218 3.515078 3.649243 3.722808 3.738852 3.712888,
 0.267490 0.400399 0.515955 0.564084 0.521068 0.408984 0.276341 0.283076 0.421585 0.541954 0.592197 0.547212 0.429660 0.290698 0.303160 0.453582 0.586597 0.642615 0.591488 0.460760 0.309701 0.315991 0.474392 0.616002 0.674717 0.616002 0.474392 0.315991 0.309701 0.460760 0.591488 0.642615 0.586597 0.453582 0.303160 0.290698 0.429660 0.547212 0.592197 0.541954 0.421585 0.283076 0.276341 0.408984 0.521068 0.564084 0.515955 0.400399 0.267490,
 1.527246 1.602240 1.667566 1.712275 1.716372 1.701518 1.699633 1.970583 2.182511 2.345291 2.418431 2.421306 2.367918 2.281093 2.557273 2.909146 3.222147 3.325913 3.220693 3.038698 2.825584 2.942224 3.286969 3.633046 3.803347 3.633046 3.286969 2.942224 2.825584 3.038698 3.220693 3.325914 3.222147 2.909146 2.557273 2.281093 2.367918 2.421306 2.418430 2.345291 2.182511 1.970583 1.699633 1.701518 1.716372 1.712275 1.667566 1.602240 1.527246,
 10.909756 11.286414 11.598516 11.659622 11.335568 10.761133 10.122116 13.744184 14.995610 16.026337 16.434488 15.979088 14.885983 13.537254 17.051609 19.359207 21.245461 22.014120 21.272556 19.399763 17.079922 18.614948 21.431828 23.738712 24.674358 23.738708 21.431829 18.614948 17.079922 19.399761 21.272556 22.014120 21.245462 19.359207 17.051609 13.537251 14.885981 15.979086 16.434488 16.026337 14.995610 13.744184 10.122115 10.761132 11.335568 11.659622 11.598516 11.286416 10.909755,
 2.219826 2.239059 2.222839 2.146866 2.043700 1.924064 1.781359 2.868021 3.012169 3.073570 3.043125 2.915207 2.667854 2.373304 3.414695 3.735547 3.987663 4.102208 3.933542 3.516508 3.066411 3.505924 3.970138 4.415699 4.630619 4.415698 3.970138 3.505924 3.066411 3.516508 3.933542 4.102208 3.987663 3.735547 3.414694 2.373304 2.667854 2.915207 3.043125 3.073570 3.012168 2.868021 1.781358 1.924064 2.043700 2.146866 2.222839 2.239059 2.219826,

Pairwise cross-correlations of the modulus of all oriented sub-bands at the same scale (size QxQ)
 1.030241 1.082718 1.616869 1.160903 1.082718 15.202023 32.857967 10.637164 1.616869 32.857967 88.123657 32.561283 1.160903 10.637164 32.561283 15.280175,
 1.072355 0.727403 0.785838 0.756848 0.727403 7.776027 16.607359 5.220451 0.785838 16.607359 45.552113 16.539362 0.756848 5.220451 16.539362 7.869663,

Cross-correlations of the modulus of all oriented sub-bands with all oriented sub-bands at the coarser scale (size QxQ)
 0.916793 0.703888 0.757920 0.764780 0.939521 5.408000 11.622227 4.232838 1.508303 11.675732 29.832624 11.810988 0.970241 4.402373 12.062871 5.690711,
 0.731837 0.453212 0.415096 0.432161 0.571782 2.640981 5.734550 2.080600 0.845457 5.627558 15.100089 5.855287 0.628218 2.091818 5.975369 2.796703,

Cross-correlations of the real part of each oriented sub-band with both the real and imaginary part of all phase-doubled oriented sub-bands at the next coarser scale (Q matrices of size 1x2Q, which are computed and stored in a matrix of size Qx2Q)
 0.350022 -0.001443 -0.080155 -0.015851 -0.010101 0.001031 0.003840 0.013285 0.117288 -4.090362 -7.886743 -2.228799 -0.000554 -0.042157 -0.015202 0.103127 -0.025218 -8.620323 -20.352432 -7.822533 0.004108 -0.138153 0.043912 0.348492 0.113067 -2.376525 -7.329022 -3.753699 -0.002418 -0.035527 0.070914 0.174394,
 0.326615 0.015226 -0.041340 0.019323 -0.020794 0.000774 -0.005835 -0.003494 0.114315 -1.934957 -4.022475 -1.270447 -0.008215 0.035014 0.078625 0.027379 -0.007924 -4.172534 -11.124013 -4.589426 0.000020 0.087928 -0.121708 -0.195685 0.120157 -1.194725 -4.244778 -2.150628 -0.007138 0.014374 -0.230570 -0.217544,
