Low-band skewness and kurtosis
 -1.130111 3.628972,
 -0.851867 3.163361,
 -0.676697 2.796443,
 -0.104855 2.333728,

High-band variance
 104.754318,

Skewness, kurtosis, variance, mean, maximum and minimum of the reconstructed texture
 127.000000 255.000000 240.719208 498.769928 -1.441978 4.142177

Auto-correlations of the low-frequency bands at each scale
 57.559834 57.693867 58.719711 59.596867 59.431232 58.938763 58.890675 47.828457 38.922443 33.448147 31.778658 33.506016 38.991039 47.938957 203.790054 205.940048 208.302780 209.580688 208.516342 206.571762 205.491272 337.796753 353.470764 365.650635 370.516174 365.650604 353.470764 337.796753 205.491272 206.571732 208.516312 209.580719 208.302780 205.940048 203.790070 47.938946 38.991035 33.506035 31.778658 33.448135 38.922440 47.828457 58.890667 58.938751 59.431240 59.596863 58.719696 57.693855 57.559841,
 69.831276 69.696732 70.302826 70.745468 69.798370 68.527802 67.813797 54.064857 49.302528 46.986412 46.770390 47.637791 50.540310 55.814632 134.529480 135.795486 137.804520 139.230637 138.570175 137.540421 137.578903 210.294220 218.795242 225.889404 228.993805 225.889404 218.795242 210.294205 137.578934 137.540421 138.570129 139.230621 137.804520 135.795502 134.529449 55.814644 50.540321 47.637794 46.770393 46.986404 49.302525 54.064857 67.813797 68.527809 69.798370 70.745453 70.302826 69.696732 69.831276,
 64.014572 63.384235 63.369568 63.657734 63.550213 63.636444 64.276711 60.527290 57.821217 56.375977 55.994900 56.003223 57.107555 59.579144 102.999878 103.793556 105.064743 105.881798 105.119209 103.988060 103.487244 140.672684 145.198318 149.217178 151.072983 149.217194 145.198318 140.672684 103.487236 103.988075 105.119202 105.881798 105.064735 103.793549 102.999878 59.579140 57.107555 56.003212 55.994896 56.375973 57.821217 60.527290 64.276711 63.636452 63.550205 63.657734 63.369568 63.384235 64.014565,
 13.862958 17.685560 18.893017 19.516813 22.757385 28.403913 31.694195 17.578821 18.502447 19.140129 22.989155 29.059162 32.219658 29.476795 18.407530 18.959442 23.006443 29.715715 32.913631 29.518562 23.357220 19.145912 23.040949 29.770605 33.377296 29.770603 23.040949 19.145912 23.357225 29.518568 32.913631 29.715715 23.006443 18.959440 18.407530 29.476791 32.219658 29.059162 22.989155 19.140125 18.502451 17.578821 31.694195 28.403913 22.757385 19.516813 18.893015 17.685558 13.862959,

Auto-correlations of the modulus of each oriented sub-band
 0.519510 0.628348 0.708005 0.736392 0.704827 0.622652 0.512261 0.564085 0.687475 0.778880 0.810652 0.772204 0.676437 0.551956 0.617694 0.766773 0.882216 0.925131 0.878401 0.759781 0.609271 0.645498 0.816804 0.954400 1.008204 0.954400 0.816804 0.645498 0.609271 0.759781 0.878401 0.925131 0.882216 0.766773 0.617694 0.551956 0.676437 0.772204 0.810652 0.778880 0.687475 0.564085 0.512261 0.622652 0.704827 0.736392 0.708005 0.628348 0.519510,
 5.867285 6.120235 6.416812 6.652349 6.767783 6.798153 6.810797 7.810934 8.384843 8.983689 9.340258 9.349287 9.154380 8.935722 10.143891 11.064425 12.016800 12.480555 12.220341 11.577574 10.954425 11.526274 12.492309 13.521401 14.008231 13.521401 12.492310 11.526272 10.954426 11.577574 12.220342 12.480555 12.016802 11.064425 10.143889 8.935722 9.154380 9.349285 9.340259 8.983688 8.384843 7.810934 6.810797 6.798153 6.767783 6.652348 6.416811 6.120235 5.867285,
 40.360847 41.687172 42.796562 43.343693 43.135231 42.391453 41.520576 52.419777 55.523918 58.062389 59.162941 58.370007 56.176430 53.528969 66.149597 71.565865 76.021538 77.865181 76.216347 71.978081 66.860069 72.773933 79.276703 84.695129 86.906731 84.695114 79.276718 72.773933 66.860069 71.978081 76.216339 77.865181 76.021545 71.565857 66.149590 53.528969 56.176434 58.369999 59.162941 58.062389 55.523911 52.419777 41.520580 42.391453 43.135231 43.343693 42.796566 41.687172 40.360844,
 7.522951 7.577694 7.610896 7.565228 7.393324 7.129808 6.872311 9.529411 9.862578 10.145882 10.205705 9.893961 9.291221 8.658580 11.504764 12.300464 13.053123 13.366622 12.915067 11.906673 10.851449 12.124166 13.276710 14.407202 14.918727 14.407202 13.276710 12.124166 10.851449 11.906672 12.915067 13.366621 13.053123 12.300463 11.504764 8.658580 9.291221 9.893960 10.205705 10.145882 9.862577 9.529411 6.872310 7.129808 7.393324 7.565229 7.610896 7.577694 7.522951,
 0.511180 0.701966 0.858097 0.917368 0.852802 0.694350 0.504239 0.530979 0.730574 0.895064 0.958474 0.891351 0.725093 0.525895 0.558958 0.779055 0.964552 1.038053 0.962918 0.776001 0.555558 0.573341 0.808069 1.010841 1.093318 1.010841 0.808069 0.573341 0.555558 0.776001 0.962918 1.038053 0.964552 0.779055 0.558958 0.525895 0.725093 0.891351 0.958474 0.895063 0.730574 0.530979 0.504239 0.694350 0.852802 0.917368 0.858097 0.701966 0.511180,
 2.921491 3.022171 3.110149 3.168459 3.185052 3.165141 3.127356 3.848282 4.154650 4.403414 4.500002 4.460418 4.356454 4.211452 5.000117 5.529131 6.015004 6.189579 5.996565 5.663115 5.313942 5.673796 6.226029 6.783588 7.056868 6.783589 6.226029 5.673795 5.313942 5.663114 5.996565 6.189579 6.015004 5.529131 5.000116 4.211452 4.356454 4.460418 4.500002 4.403414 4.154650 3.848282 3.127356 3.165141 3.185052 3.168459 3.110149 3.022171 2.921491,
 19.854616 20.397133 20.827244 20.900192 20.457071 19.712679 18.957762 25.485067 27.271393 28.630697 29.060972 28.291927 26.677198 24.771997 31.924290 35.292866 37.910084 38.881489 37.724014 34.988796 31.604450 34.870632 39.030182 42.351460 43.687840 42.351460 39.030182 34.870632 31.604456 34.988800 37.724010 38.881489 37.910088 35.292866 31.924290 24.771999 26.677200 28.291927 29.060972 28.630697 27.271393 25.485064 18.957762 19.712681 20.457067 20.900188 20.827246 20.397133 19.854620,
 3.969993 3.986524 3.967121 3.907615 3.792934 3.643878 3.497092 4.869784 5.031101 5.150249 5.179659 5.026015 4.703186 4.341123 5.735189 6.150294 6.555328 6.772452 6.543276 5.967450 5.364459 5.976555 6.607978 7.259925 7.580219 7.259925 6.607978 5.976555 5.364459 5.967450 6.543277 6.772451 6.555327 6.150295 5.735189 4.341123 4.703186 5.026015 5.179659 5.150249 5.031102 4.869784 3.497093 3.643877 3.792934 3.907615 3.967122 3.986524 3.969993,
 0.270974 0.408841 0.525304 0.569281 0.517938 0.396430 0.257425 0.288159 0.435799 0.561377 0.609804 0.555653 0.426094 0.278035 0.306033 0.470660 0.615511 0.674483 0.614387 0.467913 0.302817 0.314787 0.490038 0.647709 0.713138 0.647709 0.490038 0.314787 0.302817 0.467913 0.614387 0.674483 0.615511 0.470660 0.306033 0.278035 0.426094 0.555653 0.609804 0.561377 0.435799 0.288159 0.257425 0.396430 0.517938 0.569281 0.525304 0.408841 0.270974,
 1.162306 1.167321 1.169878 1.174795 1.182270 1.184315 1.172170 1.680005 1.812644 1.910906 1.933372 1.903675 1.858510 1.797184 2.330149 2.624714 2.882675 2.960044 2.841551 2.654740 2.459749 2.698248 3.023493 3.345288 3.500826 3.345288 3.023493 2.698248 2.459749 2.654740 2.841551 2.960044 2.882675 2.624714 2.330149 1.797183 1.858510 1.903675 1.933372 1.910906 1.812643 1.680004 1.172170 1.184316 1.182270 1.174795 1.169878 1.167321 1.162306,
 9.339292 9.511098 9.704422 9.814546 9.728172 9.527537 9.301707 12.595695 13.426324 14.155425 14.534210 14.341358 13.706339 12.846835 16.327131 18.084745 19.533321 20.197666 19.725079 18.385635 16.629942 18.194773 20.434406 22.228411 22.967768 22.228415 20.434404 18.194773 16.629942 18.385635 19.725075 20.197668 19.533321 18.084742 16.327129 12.846835 13.706336 14.341358 14.534210 14.155427 13.426324 12.595695 9.301707 9.527536 9.728170 9.814546 9.704424 9.511097 9.339292,
 1.944895 1.992640 2.012862 2.004631 1.979172 1.942674 1.893535 2.513667 2.625243 2.703931 2.752176 2.724317 2.587898 2.397399 3.052301 3.294318 3.531636 3.686993 3.597623 3.285151 2.932044 3.223736 3.598169 3.978750 4.163658 3.978750 3.598169 3.223736 2.932044 3.285151 3.597623 3.686992 3.531637 3.294318 3.052301 2.397399 2.587897 2.724318 2.752176 2.703931 2.625243 2.513667 1.893535 1.942674 1.979172 2.004630 2.012863 1.992639 1.944895,

Pairwise cross-correlations of the modulus of all oriented sub-bands at the same scale (size QxQ)
 1.008204 0.913940 1.309791 0.984662 0.913940 14.008223 31.464180 10.435020 1.309791 31.464180 86.906693 32.484196 0.984662 10.435020 32.484196 14.918728,
 1.093318 0.736587 0.846491 0.769889 0.736587 7.056868 15.671659 5.170504 0.846491 15.671659 43.687836 16.166134 0.769889 5.170504 16.166134 7.580218,

Cross-correlations of the modulus of all oriented sub-bands with all oriented sub-bands at the coarser scale (size QxQ)
 0.917273 0.681761 0.772269 0.726313 0.823423 4.851377 10.972451 4.077242 1.301213 10.870617 28.650030 11.419674 0.859076 4.076640 11.545033 5.373337,
 0.771019 0.571945 0.373525 0.657509 0.622066 2.065133 4.627285 1.994923 0.971797 4.752362 12.602928 5.305094 0.707764 2.038059 5.261621 2.565387,

Cross-correlations of the real part of each oriented sub-band with both the real and imaginary part of all phase-doubled oriented sub-bands at the next coarser scale (Q matrices of size 1x2Q, which are computed and stored in a matrix of size Qx2Q)
 0.331050 0.007642 -0.058044 -0.010008 0.009090 -0.003801 0.001584 -0.000796 0.117519 -4.031477 -8.486039 -2.595778 0.000316 -0.268644 -0.759852 -0.210216 -0.012703 -8.848315 -22.285656 -8.519938 -0.001565 -0.658195 -1.822976 -0.472368 0.113287 -2.536326 -7.935235 -3.768809 0.003256 -0.207485 -0.520266 -0.121520,
 0.314992 0.028058 -0.017265 0.020242 0.007616 0.000800 0.000536 0.014028 0.124239 -1.200245 -2.102370 -0.497929 0.006211 0.039438 -0.048229 0.036521 -0.001173 -2.510975 -4.992010 -1.747563 0.003427 0.150839 0.055293 0.220246 0.113955 -0.641739 -1.610166 -0.843454 0.001284 0.066008 0.095637 0.159099,
