Low-band skewness and kurtosis
 -1.155832 3.681820,
 -0.842111 3.007745,
 -0.553767 2.454933,
 -0.019088 2.225875,

High-band variance
 102.899658,

Skewness, kurtosis, variance, mean, maximum and minimum of the reconstructed texture
 137.000000 255.000000 240.735367 503.382416 -1.450790 4.170245

Auto-correlations of the low-frequency bands at each scale
 57.984013 57.298706 57.627869 57.878338 57.122894 56.135223 55.773991 53.555599 43.828945 37.584702 35.336609 36.790771 42.240677 51.207500 211.095581 213.424362 215.715179 216.779068 215.529358 213.453995 212.247208 344.075195 360.292542 372.839569 377.824615 372.839569 360.292542 344.075195 212.247208 213.453995 215.529358 216.779068 215.715164 213.424362 211.095551 51.207489 42.240677 36.790775 35.336609 37.584694 43.828938 53.555607 55.773994 56.135227 57.122894 57.878338 57.627869 57.298695 57.984016,
 62.065502 62.304016 63.572662 64.869446 64.905319 64.713371 65.152191 47.423069 42.609978 40.471558 40.602459 41.966805 45.552757 51.708984 138.930191 139.972305 141.473679 142.262741 141.012955 139.557129 139.331345 218.228027 227.231888 234.549988 237.710098 234.550003 227.231888 218.228027 139.331345 139.557129 141.012939 142.262741 141.473709 139.972290 138.930176 51.708996 45.552765 41.966801 40.602459 40.471558 42.609962 47.423058 65.152199 64.713387 64.905327 64.869453 63.572662 62.304005 62.065502,
 74.678062 74.341103 74.516434 74.615936 73.789520 72.730301 71.956772 61.369362 58.901356 57.971924 58.325756 59.201862 61.223560 64.574356 100.683334 101.938492 103.622215 104.984268 105.057198 105.015434 105.747581 141.744614 146.628891 150.765274 152.621918 150.765274 146.628891 141.744598 105.747581 105.015457 105.057198 104.984268 103.622215 101.938477 100.683327 64.574356 61.223572 59.201855 58.325756 57.971916 58.901344 61.369362 71.956772 72.730309 73.789520 74.615936 74.516434 74.341103 74.678070,
 10.563388 14.112429 15.381615 16.330046 20.941774 28.130407 31.207090 13.942536 15.163228 16.122160 21.041109 28.594244 31.871269 27.897331 15.270367 16.130133 20.912048 29.021553 32.688316 28.230017 21.177931 16.616503 20.846701 28.771662 33.183323 28.771664 20.846701 16.616499 21.177935 28.230017 32.688313 29.021553 20.912054 16.130135 15.270362 27.897331 31.871269 28.594242 21.041113 16.122164 15.163224 13.942533 31.207090 28.130407 20.941774 16.330046 15.381617 14.112429 10.563383,

Auto-correlations of the modulus of each oriented sub-band
 0.528557 0.638184 0.718631 0.747168 0.714492 0.629974 0.517090 0.553554 0.671649 0.760753 0.794239 0.761130 0.672053 0.552891 0.598906 0.738733 0.847939 0.891063 0.851313 0.742672 0.600490 0.627353 0.789982 0.920722 0.971957 0.920722 0.789982 0.627353 0.600490 0.742672 0.851313 0.891063 0.847939 0.738733 0.598906 0.552891 0.672053 0.761130 0.794239 0.760753 0.671650 0.553554 0.517090 0.629974 0.714492 0.747168 0.718631 0.638184 0.528557,
 6.899323 7.107968 7.364096 7.567517 7.652938 7.663042 7.676343 8.893559 9.442033 10.012546 10.324088 10.273590 10.035604 9.806649 11.147472 12.070799 13.036460 13.486402 13.162938 12.454971 11.803528 12.419008 13.412409 14.492985 15.011002 14.492985 13.412410 12.419008 11.803528 12.454969 13.162938 13.486402 13.036460 12.070799 11.147471 9.806651 10.035603 10.273590 10.324087 10.012545 9.442034 8.893558 7.676344 7.663042 7.652937 7.567517 7.364095 7.107968 6.899323,
 40.727730 41.665539 42.557541 42.978333 42.659706 41.827866 40.936951 53.290550 56.049221 58.389351 59.340088 58.355949 55.951057 53.157162 66.751839 71.964264 76.342232 78.105988 76.276833 71.811249 66.545082 72.789482 79.289009 84.811310 87.086891 84.811287 79.289009 72.789482 66.545074 71.811234 76.276833 78.105988 76.342224 71.964264 66.751839 53.157166 55.951057 58.355949 59.340088 58.389343 56.049229 53.290550 40.936951 41.827866 42.659706 42.978329 42.557541 41.665546 40.727730,
 7.084490 7.065892 7.029013 6.915011 6.688868 6.401322 6.145079 9.257924 9.506437 9.703879 9.687646 9.323608 8.695324 8.045217 11.221350 11.958410 12.647878 12.906487 12.424771 11.407261 10.338535 11.728698 12.864113 13.967109 14.463223 13.967109 12.864113 11.728698 10.338535 11.407261 12.424771 12.906487 12.647878 11.958408 11.221350 8.045217 8.695324 9.323608 9.687646 9.703878 9.506437 9.257925 6.145079 6.401323 6.688868 6.915012 7.029013 7.065892 7.084490,
 0.487566 0.675786 0.831852 0.894825 0.836265 0.683286 0.496497 0.511220 0.707716 0.871018 0.936466 0.874106 0.713170 0.517963 0.541287 0.755697 0.936465 1.009550 0.939094 0.759285 0.545260 0.558704 0.785704 0.980777 1.059935 0.980777 0.785704 0.558704 0.545260 0.759285 0.939094 1.009550 0.936465 0.755697 0.541287 0.517963 0.713170 0.874106 0.936466 0.871018 0.707716 0.511220 0.496498 0.683286 0.836265 0.894825 0.831852 0.675786 0.487566,
 3.638760 3.752211 3.853569 3.922004 3.937830 3.907809 3.858314 4.670284 4.947012 5.176703 5.270826 5.236685 5.143031 5.011915 5.874562 6.351160 6.787250 6.936133 6.747165 6.444953 6.139120 6.524891 7.019674 7.532783 7.790174 7.532783 7.019673 6.524891 6.139120 6.444953 6.747165 6.936133 6.787251 6.351160 5.874562 5.011915 5.143031 5.236684 5.270826 5.176703 4.947012 4.670283 3.858314 3.907809 3.937830 3.922004 3.853569 3.752210 3.638761,
 22.964708 23.676834 24.164078 24.184269 23.608164 22.693312 21.775089 29.156525 30.985939 32.315849 32.646332 31.724745 29.941505 27.897400 35.700325 39.080841 41.655079 42.521790 41.209232 38.305923 34.785782 38.319027 42.555149 45.941814 47.304504 45.941814 42.555149 38.319027 34.785782 38.305923 41.209229 42.521790 41.655079 39.080837 35.700321 27.897400 29.941509 31.724743 32.646328 32.315849 30.985939 29.156525 21.775089 22.693316 23.608164 24.184267 24.164078 23.676836 22.964708,
 3.935592 3.942370 3.917401 3.837118 3.691818 3.509003 3.334887 5.073876 5.225319 5.308253 5.276769 5.064427 4.697095 4.303788 6.069937 6.482686 6.856189 7.023718 6.750509 6.137469 5.492504 6.258451 6.923036 7.589861 7.910977 7.589861 6.923035 6.258451 5.492504 6.137468 6.750508 7.023718 6.856190 6.482686 6.069937 4.303788 4.697095 5.064426 5.276770 5.308253 5.225319 5.073877 3.334887 3.509003 3.691818 3.837118 3.917401 3.942370 3.935592,
 0.274575 0.411215 0.527685 0.574018 0.526670 0.408831 0.270903 0.284087 0.425120 0.545550 0.593285 0.543930 0.421865 0.279732 0.295496 0.446787 0.578953 0.632299 0.577551 0.444037 0.292081 0.300186 0.458406 0.599801 0.658396 0.599801 0.458406 0.300186 0.292081 0.444037 0.577551 0.632299 0.578953 0.446787 0.295496 0.279732 0.421865 0.543930 0.593285 0.545550 0.425120 0.284087 0.270903 0.408831 0.526670 0.574018 0.527685 0.411215 0.274575,
 1.872832 1.903614 1.942724 1.975794 1.982747 1.971772 1.956896 2.370776 2.519550 2.631704 2.675321 2.668413 2.622525 2.543634 3.006170 3.284700 3.536237 3.613515 3.516816 3.362508 3.184059 3.395458 3.675420 3.961728 4.105155 3.961728 3.675419 3.395458 3.184059 3.362509 3.516816 3.613515 3.536237 3.284699 3.006170 2.543634 2.622525 2.668412 2.675321 2.631704 2.519549 2.370776 1.956896 1.971772 1.982747 1.975794 1.942724 1.903614 1.872832,
 9.772086 10.046382 10.315276 10.437413 10.304644 10.016402 9.701391 12.717752 13.667486 14.412482 14.682001 14.320194 13.515382 12.546053 15.999660 17.861031 19.303602 19.841280 19.213728 17.723633 15.870559 17.472099 19.786434 21.626030 22.363325 21.626026 19.786434 17.472099 15.870557 17.723633 19.213728 19.841280 19.303602 17.861029 15.999660 12.546052 13.515381 14.320194 14.682001 14.412480 13.667486 12.717751 9.701389 10.016400 10.304644 10.437412 10.315276 10.046380 9.772088,
 1.624157 1.649248 1.636530 1.581969 1.498475 1.409906 1.330716 2.125784 2.239153 2.282762 2.257318 2.154945 1.970714 1.758680 2.515902 2.773364 2.979366 3.081079 2.949638 2.613245 2.250374 2.568698 2.949776 3.320871 3.501706 3.320871 2.949776 2.568698 2.250374 2.613245 2.949638 3.081080 2.979366 2.773365 2.515902 1.758680 1.970714 2.154945 2.257318 2.282762 2.239153 2.125784 1.330716 1.409905 1.498475 1.581969 1.636529 1.649248 1.624156,

Pairwise cross-correlations of the modulus of all oriented sub-bands at the same scale (size QxQ)
 0.971957 1.057065 1.624449 1.146453 1.057065 15.010997 32.869759 10.616018 1.624449 32.869759 87.086884 31.635038 1.146453 10.616018 31.635038 14.463223,
 1.059935 0.672927 0.705263 0.665657 0.672927 7.790172 17.204639 5.411690 0.705263 17.204639 47.304501 17.067196 0.665657 5.411690 17.067196 7.910977,

Cross-correlations of the modulus of all oriented sub-bands with all oriented sub-bands at the coarser scale (size QxQ)
 0.892138 0.584639 0.596110 0.651342 1.082597 5.498747 12.055861 4.401504 1.782461 12.089888 30.155752 11.608723 1.040849 4.341621 11.641418 5.351442,
 0.729490 0.480787 0.335500 0.474062 0.544250 2.785645 5.872528 1.962163 0.736350 5.961482 14.964931 5.307621 0.525824 2.131062 5.733113 2.504685,

Cross-correlations of the real part of each oriented sub-band with both the real and imaginary part of all phase-doubled oriented sub-bands at the next coarser scale (Q matrices of size 1x2Q, which are computed and stored in a matrix of size Qx2Q)
 0.327641 -0.001811 -0.069725 -0.005517 0.019353 0.010279 -0.002077 -0.014502 0.110836 -3.753190 -7.593917 -2.366565 0.008205 -0.084924 -0.497614 -0.257063 -0.024401 -8.313858 -20.812506 -8.515298 0.001278 -0.348694 -1.744713 -0.881435 0.103746 -2.441508 -7.863825 -4.097323 0.007862 -0.153939 -0.766897 -0.405135,
 0.312277 0.044264 -0.027865 0.020309 0.017052 0.006307 -0.002258 -0.004723 0.116794 -1.848106 -4.011317 -1.142049 0.008671 -0.137742 -0.420592 -0.194776 -0.004799 -4.079817 -10.280735 -3.665933 0.003306 -0.410064 -1.330510 -0.621063 0.112945 -1.136284 -3.561128 -1.584576 0.009362 -0.146825 -0.532909 -0.255994,
