Low-band skewness and kurtosis
 -1.237281 3.953579,
 -0.947824 3.285842,
 -0.730502 2.850116,
 -0.396447 2.244940,

High-band variance
 101.662384,

Skewness, kurtosis, variance, mean, maximum and minimum of the reconstructed texture
 125.000000 255.000000 240.676193 522.188232 -1.511015 4.441119

Auto-correlations of the low-frequency bands at each scale
 74.508888 70.891548 69.816895 69.942047 70.017250 70.535782 72.478806 90.003891 73.112450 60.641079 55.633244 58.951366 69.947205 85.973816 229.069138 234.640244 238.774551 240.205444 238.079620 234.572342 231.681885 339.116089 367.203369 389.431396 398.262146 389.431335 367.203369 339.116089 231.681885 234.572311 238.079620 240.205429 238.774551 234.640228 229.069138 85.973801 69.947220 58.951374 55.633232 60.641068 73.112442 90.003914 72.478798 70.535789 70.017258 69.942047 69.816895 70.891541 74.508904,
 85.224014 84.222412 84.824554 85.729294 85.348579 84.742844 85.082886 79.686981 69.454514 62.579391 60.153027 61.732452 67.909424 77.832481 154.924576 157.578262 160.154358 161.466904 160.239319 158.584396 157.979294 222.778442 239.028107 252.143631 257.569122 252.143631 239.028107 222.778442 157.979294 158.584396 160.239319 161.466904 160.154358 157.578293 154.924606 77.832474 67.909416 61.732441 60.153023 62.579395 69.454521 79.686989 85.082870 84.742821 85.348587 85.729294 84.824554 84.222420 85.224014,
 84.239151 82.988739 82.568321 82.420181 81.700012 81.163704 81.524673 84.438103 79.236794 75.948822 74.932564 75.599754 78.422890 83.190361 120.944626 122.686058 124.749725 126.133324 125.649689 124.553810 123.843056 153.092133 161.466721 168.481384 171.482895 168.481384 161.466721 153.092133 123.843048 124.553802 125.649704 126.133301 124.749702 122.686066 120.944626 83.190361 78.422874 75.599754 74.932564 75.948807 79.236809 84.438095 81.524681 81.163704 81.700005 82.420189 82.568321 82.988754 84.239159,
 13.515900 17.004669 18.885735 20.547640 24.878162 30.940500 33.780445 16.942806 18.934212 20.491144 25.186514 31.911322 34.936466 32.022415 19.356104 20.782524 25.356503 32.820396 36.223495 32.397316 26.391577 21.696095 25.658974 32.881699 36.939709 32.881699 25.658970 21.696095 26.391573 32.397316 36.223499 32.820404 25.356503 20.782518 19.356106 32.022419 34.936470 31.911322 25.186516 20.491142 18.934208 16.942804 33.780445 30.940495 24.878160 20.547640 18.885735 17.004665 13.515898,

Auto-correlations of the modulus of each oriented sub-band
 0.620002 0.721168 0.794346 0.819738 0.788717 0.709129 0.602191 0.672096 0.788544 0.873806 0.899386 0.855733 0.758017 0.636421 0.731445 0.884400 0.998206 1.038790 0.991528 0.870152 0.711907 0.749391 0.942393 1.115654 1.189323 1.115654 0.942394 0.749391 0.711907 0.870152 0.991528 1.038790 0.998206 0.884400 0.731445 0.636421 0.758017 0.855733 0.899386 0.873806 0.788545 0.672096 0.602191 0.709129 0.788717 0.819738 0.794346 0.721168 0.620002,
 8.790001 9.119463 9.546573 9.953962 10.212480 10.338292 10.401201 10.755295 11.528508 12.433842 13.072565 13.171062 12.926637 12.613356 13.122741 14.380129 15.812264 16.628725 16.293726 15.347097 14.432144 14.690510 16.049318 17.575068 18.338720 17.575068 16.049318 14.690510 14.432144 15.347097 16.293726 16.628725 15.812265 14.380131 13.122739 12.613358 12.926635 13.171062 13.072562 12.433844 11.528507 10.755293 10.401201 10.338292 10.212481 9.953962 9.546572 9.119464 8.790000,
 40.675793 42.062229 43.457943 44.148754 43.713474 42.532299 41.266701 50.645702 54.404255 58.037071 59.675018 58.222355 54.716919 51.002773 61.026855 67.831253 74.442749 77.392273 74.558594 68.012749 61.210690 65.722427 74.047211 82.198669 85.861748 82.198662 74.047211 65.722427 61.210686 68.012733 74.558594 77.392273 74.442749 67.831268 61.026852 51.002766 54.716911 58.222355 59.675011 58.037079 54.404251 50.645706 41.266697 42.532295 43.713474 44.148754 43.457943 42.062237 40.675800,
 10.383658 10.279938 10.134127 9.857029 9.410085 8.911816 8.508062 12.562660 12.919585 13.205405 13.108103 12.393044 11.323562 10.368273 14.242680 15.320631 16.413071 16.799742 15.885633 14.218281 12.701269 14.341060 15.952902 17.711870 18.572453 17.711870 15.952902 14.341060 12.701271 14.218281 15.885633 16.799742 16.413071 15.320632 14.242678 10.368272 11.323560 12.393044 13.108103 13.205404 12.919585 12.562658 8.508062 8.911816 9.410087 9.857029 10.134125 10.279939 10.383658,
 0.547151 0.735090 0.891804 0.954054 0.892897 0.736784 0.547404 0.571014 0.768402 0.932355 0.997500 0.934312 0.770896 0.571639 0.601859 0.823056 1.012382 1.090108 1.015866 0.825607 0.601493 0.616334 0.858001 1.074938 1.166007 1.074938 0.858001 0.616334 0.601493 0.825607 1.015866 1.090107 1.012382 0.823056 0.601859 0.571639 0.770896 0.934312 0.997500 0.932355 0.768402 0.571014 0.547404 0.736784 0.892897 0.954054 0.891804 0.735090 0.547151,
 4.927460 5.139324 5.357316 5.538964 5.638403 5.634838 5.529173 5.941298 6.459539 6.931813 7.191784 7.207892 7.050129 6.758600 7.159605 8.010172 8.816712 9.170202 8.932962 8.395166 7.780585 7.953989 8.853480 9.742807 10.162090 9.742807 8.853480 7.953989 7.780586 8.395166 8.932961 9.170200 8.816712 8.010171 7.159605 6.758600 7.050129 7.207893 7.191783 6.931812 6.459539 5.941298 5.529173 5.634838 5.638403 5.538964 5.357316 5.139324 4.927460,
 20.936298 22.328169 23.774754 24.648348 24.544447 23.717789 22.634876 26.107122 29.204178 32.118088 33.575958 32.851116 30.562279 27.837040 31.759672 36.896542 41.643013 43.783669 42.078072 37.730968 32.847271 34.654625 40.693119 46.258202 48.670456 46.258205 40.693119 34.654629 32.847271 37.730972 42.078072 43.783669 41.643013 36.896542 31.759672 27.837042 30.562279 32.851112 33.575962 32.118088 29.204182 26.107122 22.634874 23.717789 24.544445 24.648348 23.774755 22.328169 20.936298,
 5.221963 5.368483 5.454800 5.419579 5.260756 5.054065 4.870036 6.296344 6.719645 7.029349 7.089595 6.814888 6.297482 5.764980 7.255549 8.057920 8.807510 9.147180 8.726035 7.771336 6.824319 7.482013 8.550329 9.658921 10.188381 9.658922 8.550331 7.482013 6.824319 7.771336 8.726033 9.147180 8.807512 8.057920 7.255549 5.764981 6.297482 6.814888 7.089595 7.029350 6.719645 6.296344 4.870036 5.054065 5.260756 5.419580 5.454800 5.368483 5.221963,
 0.345228 0.486929 0.604712 0.647255 0.592998 0.468925 0.326900 0.356230 0.505716 0.629382 0.674284 0.618537 0.489314 0.340966 0.367594 0.532620 0.674932 0.730729 0.668959 0.522197 0.356930 0.369173 0.546184 0.707146 0.775029 0.707146 0.546184 0.369173 0.356930 0.522197 0.668959 0.730729 0.674932 0.532621 0.367593 0.340966 0.489314 0.618537 0.674284 0.629382 0.505716 0.356230 0.326900 0.468925 0.592998 0.647255 0.604712 0.486929 0.345228,
 2.530576 2.657732 2.766804 2.825465 2.815199 2.741629 2.632086 2.993117 3.264239 3.489123 3.586048 3.544770 3.388775 3.155431 3.524533 4.007530 4.435847 4.583201 4.404892 4.055134 3.652349 3.807767 4.349185 4.874296 5.117126 4.874296 4.349185 3.807767 3.652349 4.055134 4.404893 4.583201 4.435846 4.007530 3.524533 3.155430 3.388775 3.544770 3.586048 3.489123 3.264238 2.993116 2.632086 2.741629 2.815199 2.825465 2.766804 2.657732 2.530576,
 9.828997 10.422009 10.955754 11.218861 11.016278 10.391674 9.570606 11.590034 13.124771 14.542958 15.221255 14.769192 13.445004 11.835585 13.845773 16.567926 19.108913 20.255976 19.296112 16.864304 14.130282 15.030778 18.337063 21.424519 22.774544 21.424519 18.337063 15.030778 14.130280 16.864304 19.296112 20.255976 19.108913 16.567924 13.845773 11.835585 13.445004 14.769194 15.221254 14.542957 13.124771 11.590034 9.570605 10.391674 11.016277 11.218861 10.955754 10.422009 9.828999,
 2.322976 2.370173 2.359893 2.280047 2.164281 2.054818 1.971794 2.683379 2.880595 3.010578 3.002146 2.846831 2.595453 2.354664 3.048113 3.454714 3.822721 3.975964 3.758931 3.280694 2.818745 3.121180 3.663412 4.226559 4.495251 4.226559 3.663411 3.121180 2.818745 3.280694 3.758932 3.975964 3.822721 3.454714 3.048113 2.354664 2.595453 2.846830 3.002146 3.010577 2.880595 2.683379 1.971794 2.054818 2.164281 2.280047 2.359893 2.370173 2.322976,

Pairwise cross-correlations of the modulus of all oriented sub-bands at the same scale (size QxQ)
 1.189323 1.651404 2.488761 1.691013 1.651404 18.338722 33.888290 10.857710 2.488761 33.888290 85.861763 33.286652 1.691013 10.857710 33.286652 18.572451,
 1.166008 1.050913 1.438893 1.114336 1.050913 10.162089 18.998209 5.805079 1.438893 18.998209 48.670456 18.299957 1.114336 5.805079 18.299957 10.188381,

Cross-correlations of the modulus of all oriented sub-bands with all oriented sub-bands at the coarser scale (size QxQ)
 0.987857 1.106069 1.483961 1.176602 1.312609 7.440275 13.664908 5.203032 2.107250 13.952817 31.189636 13.411525 1.315805 5.289046 13.253232 7.452976,
 0.800210 0.691139 0.702496 0.624316 0.855652 3.591348 6.665546 2.687520 1.301094 6.742578 14.711128 6.463309 0.851053 2.780474 6.327136 3.493244,

Cross-correlations of the real part of each oriented sub-band with both the real and imaginary part of all phase-doubled oriented sub-bands at the next coarser scale (Q matrices of size 1x2Q, which are computed and stored in a matrix of size Qx2Q)
 0.312062 -0.070419 -0.141057 -0.147351 -0.007550 -0.009984 0.011543 -0.005350 0.069993 -4.481159 -7.415099 -2.084836 -0.006551 0.207796 0.668437 0.114296 -0.156538 -8.543582 -19.293564 -8.433905 -0.006405 0.533150 1.582444 0.359610 -0.007208 -2.210099 -7.280367 -4.845705 -0.005122 0.151508 0.535293 0.146892,
 0.307652 0.003289 -0.062516 -0.013828 0.029606 0.002191 0.005614 0.020591 0.107851 -1.332155 -1.942198 -0.600477 0.014867 0.247614 0.145298 0.029347 -0.048320 -2.351169 -5.316243 -2.817420 -0.004634 0.476382 0.469902 0.377191 0.071926 -0.547666 -2.227340 -1.717581 0.003516 0.109674 0.231111 0.326168,
