Low-band skewness and kurtosis
 -11.515418 148.987961,
 -7.419504 66.385994,
 -4.424469 26.923098,
 -1.542410 9.581638,

High-band variance
 16.854849,

Skewness, kurtosis, variance, mean, maximum and minimum of the reconstructed texture
 -11.589460 141.726288 323.581055 253.333252 255.000000 0.000000,

Auto-correlations of the low-frequency bands at each scale
 9.043990 6.872515 8.273158 7.551087 2.580474 2.474097 8.834397 5.534486 22.443727 62.665375 84.066292 58.586758 21.584209 10.313920 6.118403 62.009541 168.031662 225.320221 166.378113 63.394878 11.832268 10.509245 86.604988 226.096542 302.229584 226.096512 86.604988 10.509245 11.832270 63.394875 166.378128 225.320221 168.031662 62.009544 6.118403 10.313920 21.584206 58.586758 84.066284 62.665363 22.443727 5.534486 8.834396 2.474097 2.580475 7.551087 8.273158 6.872515 9.043988,
 14.024080 5.456346 -2.060359 -2.055002 0.862800 5.808988 10.125784 12.037836 -2.049283 0.494652 9.215674 -0.387277 -3.711113 11.614069 1.128642 1.633255 58.318630 102.092888 57.346867 1.651685 3.669972 -3.591384 9.868644 102.964722 169.758347 102.964745 9.868644 -3.591384 3.669974 1.651685 57.346867 102.092888 58.318634 1.633256 1.128642 11.614070 -3.711113 -0.387276 9.215675 0.494651 -2.049282 12.037836 10.125786 5.808989 0.862800 -2.055001 -2.060359 5.456347 14.024080,
 9.992076 9.082026 7.809756 6.645946 5.705979 7.237397 7.304513 7.084897 3.111382 4.084892 6.180514 2.599573 3.741429 9.654875 7.022717 4.348478 20.541960 34.488285 20.377977 6.668105 11.734874 10.019033 9.318976 35.729015 57.335823 35.729015 9.318975 10.019032 11.734874 6.668105 20.377977 34.488285 20.541960 4.348477 7.022716 9.654874 3.741430 2.599573 6.180514 4.084892 3.111381 7.084897 7.304514 7.237397 5.705979 6.645946 7.809756 9.082025 9.992075,
 0.348867 0.888132 1.325731 1.878530 2.490756 2.968322 2.816070 0.519141 0.862472 1.600583 2.594353 2.799036 2.634433 2.405148 0.395600 1.112253 3.874407 6.222014 4.843580 2.270091 1.294772 0.511063 1.814388 5.984789 8.799338 5.984789 1.814388 0.511063 1.294772 2.270090 4.843580 6.222014 3.874407 1.112253 0.395600 2.405148 2.634433 2.799036 2.594353 1.600583 0.862472 0.519141 2.816070 2.968322 2.490756 1.878530 1.325731 0.888132 0.348867,

Auto-correlations of the modulus of each oriented sub-band
 17.426252 18.371420 19.002874 19.236893 19.045435 18.493984 17.699360 25.863155 29.118156 31.422525 32.260326 31.442972 29.220671 26.133516 34.756729 40.800529 45.183781 46.774834 45.139824 40.800926 34.890099 38.710960 46.009544 51.395012 53.408089 51.395012 46.009544 38.710957 34.890099 40.800926 45.139824 46.774834 45.183781 40.800533 34.756729 26.133516 29.220665 31.442972 32.260330 31.422520 29.118156 25.863153 17.699360 18.493984 19.045433 19.236893 19.002874 18.371420 17.426252,
 30.096861 33.780510 33.584259 29.340597 22.947292 16.979044 12.981753 34.066521 41.438324 44.379822 41.164814 33.210110 24.076317 16.872456 33.897305 44.537460 51.655907 51.637856 44.311054 33.240818 22.890013 29.476234 41.300117 51.691093 55.905712 51.691093 41.300121 29.476231 22.890015 33.240814 44.311058 51.637852 51.655899 44.537460 33.897305 16.872459 24.076315 33.210117 41.164814 44.379822 41.438335 34.066521 12.981754 16.979044 22.947294 29.340595 33.584255 33.780514 30.096861,
 16.877409 25.305595 34.689682 38.983013 34.751652 25.401520 16.922174 18.259224 28.892256 40.907700 46.443760 40.934299 28.922947 18.250408 19.206778 31.474737 45.462437 51.949318 45.464020 31.468311 19.181515 19.533810 32.415504 47.150379 54.007111 47.150372 32.415512 19.533806 19.181519 31.468311 45.464020 51.949310 45.462433 31.474733 19.206776 18.250408 28.922945 40.934299 46.443760 40.907696 28.892254 18.259222 16.922176 25.401518 34.751652 38.983013 34.689682 25.305597 16.877411,
 13.285250 17.354097 23.504669 30.060766 34.278534 34.360588 30.675112 17.496744 24.781609 34.092194 42.193039 45.367176 42.372154 35.107441 23.865984 34.252068 45.438614 52.867756 52.835716 45.701180 35.189529 30.724873 42.486855 52.916172 57.194977 52.916168 42.486855 30.724871 35.189529 45.701183 52.835716 52.867756 45.438610 34.252071 23.865980 35.107441 42.372147 45.367180 42.193039 34.092194 24.781609 17.496740 30.675112 34.360588 34.278534 30.060766 23.504669 17.354099 13.285250,
 16.653738 17.654741 18.545467 18.991404 18.912046 18.570368 18.304739 21.665436 25.161942 28.226746 29.547506 28.665253 26.352194 23.897465 29.132622 36.590569 43.185150 45.905838 43.449463 37.411865 30.748440 33.502060 42.820026 51.196266 54.664001 51.196266 42.820034 33.502056 30.748440 37.411865 43.449459 45.905838 43.185150 36.590569 29.132622 23.897467 26.352194 28.665247 29.547506 28.226746 25.161942 21.665434 18.304743 18.570368 18.912046 18.991404 18.545467 17.654743 16.653736,
 23.462042 26.494503 26.947206 24.402237 20.746000 18.258204 17.539598 27.488398 34.850910 38.521866 35.546185 28.253325 21.752209 18.737389 28.227287 39.633316 49.033478 49.352745 40.240677 28.720247 21.243780 25.201145 36.661373 49.874668 55.996490 49.874672 36.661377 25.201145 21.243778 28.720247 40.240677 49.352745 49.033478 39.633316 28.227287 18.737391 21.752209 28.253323 35.546185 38.521866 34.850910 27.488392 17.539598 18.258207 20.745998 24.402237 26.947212 26.494501 23.462044,
 16.665796 21.248016 28.788492 32.997803 29.196337 22.053112 18.318832 17.818199 24.437933 35.971851 42.670151 36.730274 25.512890 19.375071 19.037558 27.548540 42.608711 51.339989 43.213776 28.324223 20.012402 19.893902 29.145683 45.596954 54.933510 45.596962 29.145687 19.893902 20.012402 28.324223 43.213776 51.339989 42.608719 27.548540 19.037558 19.375071 25.512886 36.730274 42.670151 35.971851 24.437937 17.818199 18.318832 22.053106 29.196337 32.997799 28.788494 21.248018 16.665794,
 16.161900 17.565565 20.676844 24.739506 27.243101 26.520994 23.719450 17.515705 21.429266 28.847517 36.584229 39.295349 35.374950 28.686518 21.256758 29.240486 41.258030 50.480556 49.843273 40.482494 29.945814 26.503412 37.625916 50.799583 56.983944 50.799595 37.625916 26.503412 29.945818 40.482494 49.843266 50.480556 41.258030 29.240486 21.256758 28.686520 35.374950 39.295345 36.584229 28.847523 21.429266 17.515705 23.719450 26.520998 27.243097 24.739506 20.676847 17.565565 16.161900,
 7.778688 8.412337 8.641768 8.514835 8.241324 8.061542 8.098247 8.772006 9.758150 10.444101 10.572999 10.158327 9.507846 8.968047 10.621346 12.413505 14.098401 14.810087 14.095044 12.478376 10.857635 11.812585 14.124765 16.449848 17.489140 16.449848 14.124765 11.812586 10.857636 12.478378 14.095044 14.810087 14.098403 12.413502 10.621348 8.968046 9.507846 10.158326 10.572999 10.444101 9.758149 8.772006 8.098247 8.061543 8.241324 8.514834 8.641768 8.412337 7.778689,
 8.409228 9.197893 9.576690 9.255668 8.740937 8.632524 8.630230 9.386095 10.970059 12.171550 11.752514 10.254254 9.271136 8.927591 10.001624 12.194922 14.793834 15.168874 12.817614 10.501106 9.493959 9.978447 11.856232 15.096503 17.025917 15.096503 11.856232 9.978449 9.493959 10.501108 12.817613 15.168873 14.793834 12.194922 10.001624 8.927590 9.271135 10.254253 11.752514 12.171550 10.970059 9.386097 8.630229 8.632524 8.740936 9.255668 9.576691 9.197893 8.409228,
 9.654642 10.653314 11.823883 12.409116 11.803189 11.095255 10.937231 10.205966 11.726971 14.029540 15.151402 13.602281 11.551700 10.800594 10.512853 12.449123 15.948503 17.880318 15.550043 12.175478 10.720037 10.656536 12.590262 16.576982 19.091688 16.576984 12.590261 10.656536 10.720037 12.175478 15.550043 17.880314 15.948503 12.449122 10.512854 10.800593 11.551700 13.602281 15.151401 14.029540 11.726970 10.205966 10.937231 11.095257 11.803189 12.409117 11.823883 10.653313 9.654642,
 8.038215 8.208264 8.612434 9.260108 9.655105 9.388621 8.636403 8.313444 8.888859 10.047227 11.498541 12.061694 11.045471 9.470221 8.955939 10.355769 12.811395 15.109989 14.929485 12.432546 10.054066 9.759132 12.038490 15.335845 17.154648 15.335845 12.038492 9.759132 10.054066 12.432546 14.929485 15.109989 12.811395 10.355769 8.955938 9.470220 11.045471 12.061694 11.498539 10.047227 8.888859 8.313444 8.636403 9.388619 9.655105 9.260108 8.612432 8.208263 8.038216,

Pairwise cross-correlations of the modulus of all oriented sub-bands at the same scale (size QxQ)
 53.408077 48.620155 42.876686 50.388184,
 48.620155 55.905701 49.975674 47.338478,
 42.876686 49.975674 54.007118 49.375793,
 50.388184 47.338478 49.375793 57.195011,
 54.664001 50.374905 47.299877 51.816116,
 50.374905 55.996490 51.045750 48.394318,
 47.299877 51.045750 54.933498 50.748238,
 51.816116 48.394318 50.748238 56.983955,

Cross-correlations of the modulus of all oriented sub-bands with all oriented sub-bands at the coarser scale (size QxQ)
 48.402851 45.932079 42.423279 46.736023,
 46.250702 50.966267 47.459332 44.622105,
 42.297295 46.717182 49.041401 45.847942,
 47.956760 45.559475 47.408688 51.522182,
 24.067139 22.966797 23.396412 22.690855,
 23.157103 24.065706 24.788969 22.145033,
 22.357784 23.314680 25.014700 22.419149,
 23.787148 22.515100 24.892591 23.979567,

Cross-correlations of the real part of each oriented sub-band with both the real and imaginary part of all phase-doubled oriented sub-bands at the next coarser scale (Q matrices of size 1x2Q, which are computed and stored in a matrix of size Qx2Q)
 -19.324141 -8.573896 -0.839526 -9.010734 -0.020620 -0.098164 -0.022515 -0.028791,
 -8.258093 -20.589067 -9.197224 -0.683286 0.114804 -0.338622 -0.120962 0.025933,
 -0.734414 -9.265811 -20.326828 -8.993567 0.047639 -0.165765 -0.077786 0.002355,
 -8.622914 -0.727557 -8.839901 -21.025223 -0.016544 -0.004352 0.018272 -0.157224,
 -10.277368 -4.433732 -0.498836 -4.499609 -0.310766 0.279907 0.085726 0.052983,
 -4.479918 -9.890436 -5.001047 -0.488572 0.083620 0.468484 0.190925 0.011676,
 -0.417091 -4.773413 -10.440327 -4.517143 0.086200 0.330985 0.268488 -0.041426,
 -4.561588 -0.551932 -4.331106 -10.166037 -0.163224 0.103579 0.190344 -0.000928,
