Low-band skewness and kurtosis
 -11.361782 145.688843,
 -6.919664 57.116211,
 -3.906644 22.441429,
 -1.107993 6.287867,

High-band variance
 17.555490,

Skewness, kurtosis, variance, mean, maximum and minimum of the reconstructed texture
 -11.443665 138.412125 328.343842 253.296875 255.000000 0.000000,

Auto-correlations of the low-frequency bands at each scale
 1.989202 -3.432170 -1.233997 5.944020 7.810228 6.614840 7.387916 -1.504630 11.400182 52.389763 79.897049 57.644974 17.709433 3.029208 0.882359 54.463608 163.470932 225.349960 165.106155 56.623234 3.045036 4.432046 80.929710 226.102509 305.991028 226.102509 80.929710 4.432046 3.045035 56.623230 165.106155 225.349960 163.470917 54.463612 0.882359 3.029208 17.709429 57.644974 79.897049 52.389767 11.400181 -1.504630 7.387916 6.614841 7.810228 5.944021 -1.233997 -3.432171 1.989202,
 8.824224 3.527408 -3.119386 -5.972677 -4.817494 1.649287 4.860677 5.036297 -8.609796 -3.440043 8.627802 -0.288479 -7.537209 0.145024 -6.031403 -6.558724 51.609356 99.890831 57.103622 -1.801549 -5.706894 -9.551562 4.680888 98.281982 165.651428 98.281990 4.680888 -9.551562 -5.706895 -1.801549 57.103611 99.890816 51.609356 -6.558724 -6.031402 0.145025 -7.537208 -0.288479 8.627802 -3.440043 -8.609797 5.036298 4.860677 1.649287 -4.817493 -5.972678 -3.119388 3.527408 8.824224,
 2.899472 -0.200679 -2.407880 -1.449060 0.774701 2.980756 3.477992 2.885702 -3.056370 -2.715194 1.401187 -0.768819 -1.099637 3.334593 -0.021111 -2.330478 15.941773 31.714878 15.371001 -2.993840 -0.355488 -2.125716 -0.907593 30.198341 54.624161 30.198341 -0.907593 -2.125716 -0.355488 -2.993840 15.371001 31.714878 15.941773 -2.330478 -0.021111 3.334593 -1.099637 -0.768819 1.401187 -2.715194 -3.056370 2.885701 3.477992 2.980756 0.774701 -1.449060 -2.407880 -0.200679 2.899472,
 1.024328 1.162313 0.662762 0.519279 0.675507 0.646206 0.565850 1.088365 0.612523 0.356787 0.824963 0.567750 -0.088125 -0.076695 0.448721 0.363113 2.436139 4.465015 2.630750 -0.139763 -0.496595 -0.194616 0.439572 4.409171 7.338396 4.409171 0.439571 -0.194616 -0.496595 -0.139763 2.630751 4.465015 2.436139 0.363113 0.448721 -0.076695 -0.088125 0.567750 0.824963 0.356787 0.612522 1.088364 0.565850 0.646206 0.675507 0.519279 0.662762 1.162313 1.024328,

Auto-correlations of the modulus of each oriented sub-band
 15.043332 16.612339 17.651951 17.970081 17.480871 16.270533 14.533642 24.714750 28.849348 31.753864 32.793594 31.711845 28.786848 24.656013 35.195351 42.260525 47.314236 49.156689 47.309361 42.288662 35.289558 39.926178 48.297894 54.334293 56.555935 54.334293 48.297901 39.926178 35.289558 42.288658 47.309368 49.156696 47.314228 42.260532 35.195343 24.656013 28.786848 31.711845 32.793594 31.753864 28.849350 24.714750 14.533645 16.270533 17.480871 17.970081 17.651951 16.612341 15.043332,
 29.994781 34.365322 34.139603 29.213428 21.785315 14.676381 9.519129 34.372021 42.832535 46.090584 42.323338 33.280029 22.902790 14.484238 34.017845 46.089455 54.058758 53.900173 45.598969 33.184250 21.480011 28.946787 42.253235 53.903172 58.635780 53.903172 42.253235 28.946787 21.480011 33.184246 45.598969 53.900177 54.058758 46.089455 34.017841 14.484238 22.902790 33.280029 42.323338 46.090588 42.832535 34.372021 9.519131 14.676379 21.785311 29.213425 34.139603 34.365322 29.994778,
 14.807704 25.321831 36.503216 41.654152 36.938427 25.801907 15.081274 16.433996 29.509405 43.620308 50.086651 43.996838 29.939394 16.682983 17.585024 32.538002 48.774033 56.157043 48.997490 32.796188 17.736191 18.057228 33.739159 50.746029 58.388550 50.746029 33.739159 18.057228 17.736191 32.796188 48.997490 56.157051 48.774033 32.538006 17.585022 16.682985 29.939392 43.996841 50.086655 43.620308 29.509409 16.433996 15.081274 25.801903 36.938427 41.654148 36.503216 25.321835 14.807704,
 8.957110 14.275267 21.788778 29.600815 34.602936 34.516949 29.597645 13.843246 22.672033 33.565571 42.918873 46.592812 42.933510 33.985374 21.001986 33.193558 46.031662 54.471806 54.457241 46.177319 33.731388 28.644623 42.370129 54.299217 59.118862 54.299217 42.370132 28.644623 33.731392 46.177319 54.457241 54.471802 46.031662 33.193562 21.001986 33.985374 42.933502 46.592812 42.918877 33.565571 22.672033 13.843245 29.597645 34.516949 34.602940 29.600817 21.788780 14.275269 8.957110,
 8.621477 9.929222 10.901525 11.199975 10.698688 9.640805 8.442482 15.484596 19.914736 23.458548 24.670523 22.934284 19.053474 14.616584 23.786753 32.962452 40.620388 43.566013 40.345005 32.519840 23.359762 27.800406 39.424824 49.289185 53.242207 49.289185 39.424824 27.800406 23.359762 32.519836 40.344994 43.566013 40.620388 32.962456 23.786751 14.616585 19.053474 22.934284 24.670523 23.458544 19.914736 15.484596 8.442483 9.640805 10.698688 11.199977 10.901525 9.929222 8.621477,
 17.303814 21.853294 22.499199 18.380089 12.389663 8.023639 6.231613 22.323801 31.961603 36.904602 33.122677 23.126547 13.362404 7.784093 22.840572 37.008762 48.395927 48.948505 37.916046 23.021955 12.129026 18.345463 33.087780 48.931549 56.012817 48.931549 33.087784 18.345463 12.129025 23.021955 37.916046 48.948513 48.395927 37.008762 22.840572 7.784093 13.362404 23.126547 33.122677 36.904602 31.961603 22.323803 6.231611 8.023638 12.389663 18.380089 22.499201 21.853298 17.303818,
 7.052784 13.273334 22.176151 26.972321 23.018320 14.446417 7.814752 8.626279 17.998051 31.416645 38.354992 31.741047 18.359535 8.597270 9.658341 21.831465 39.268410 48.169617 39.270893 21.785624 9.405029 9.887922 23.252586 42.365002 52.151783 42.365009 23.252588 9.887922 9.405029 21.785624 39.270893 48.169613 39.268410 21.831465 9.658341 8.597270 18.359535 31.741045 38.354992 31.416647 17.998051 8.626279 7.814752 14.446416 23.018316 26.972321 22.176153 13.273335 7.052785,
 4.742414 6.702970 10.737361 16.180847 20.008179 19.485538 15.244263 7.109976 11.931792 20.447474 29.297844 32.582390 27.881481 18.942453 11.026636 20.504395 33.912743 43.976696 43.279789 32.515007 19.506727 16.054144 29.316463 44.086258 50.805824 44.086258 29.316463 16.054142 19.506731 32.515007 43.279789 43.976696 33.912746 20.504395 11.026635 18.942451 27.881477 32.582390 29.297850 20.447475 11.931792 7.109976 15.244263 19.485537 20.008175 16.180849 10.737361 6.702971 4.742414,
 3.635077 4.131882 4.489200 4.604720 4.416205 3.977947 3.449129 4.546406 5.983607 7.215964 7.747288 7.344381 6.249609 4.960264 6.792449 9.673327 12.290988 13.433361 12.444524 9.962810 7.214258 8.258024 11.915285 15.324800 16.787035 15.324800 11.915285 8.258024 7.214258 9.962810 12.444524 13.433361 12.290988 9.673329 6.792449 4.960263 6.249609 7.344380 7.747287 7.215964 5.983605 4.546405 3.449129 3.977947 4.416206 4.604720 4.489199 4.131881 3.635077,
 4.714715 5.738708 6.071084 5.390778 4.200822 3.130314 2.458522 5.561609 8.083399 9.628270 8.851601 6.463194 4.245598 3.024161 5.651172 9.528441 13.122000 13.477321 10.247900 6.276517 3.793746 4.830371 8.639298 13.438015 15.819728 13.438015 8.639298 4.830371 3.793746 6.276518 10.247899 13.477321 13.121999 9.528441 5.651172 3.024161 4.245598 6.463194 8.851601 9.628269 8.083398 5.561609 2.458522 3.130314 4.200823 5.390778 6.071083 5.738708 4.714715,
 2.727667 3.978954 5.973222 7.104318 5.993154 3.967740 2.839511 2.935934 4.947733 8.417402 10.431226 8.491338 5.066527 3.172687 3.265507 5.995560 10.875505 13.751026 10.926649 6.103197 3.448949 3.493031 6.507474 11.973571 15.228294 11.973571 6.507474 3.493031 3.448949 6.103197 10.926652 13.751026 10.875505 5.995559 3.265507 3.172687 5.066527 8.491338 10.431225 8.417401 4.947733 2.935934 2.839511 3.967740 5.993153 7.104318 5.973223 3.978954 2.727667,
 2.929179 3.430824 4.370627 5.702306 6.626853 6.319083 5.072466 3.166694 4.387883 6.734985 9.389312 10.365731 8.799074 6.126728 4.042489 6.638388 10.757904 14.118702 13.850044 10.276868 6.354782 5.401425 9.282567 14.099170 16.454958 14.099170 9.282567 5.401425 6.354782 10.276868 13.850043 14.118702 10.757904 6.638388 4.042489 6.126728 8.799074 10.365730 9.389311 6.734985 4.387882 3.166694 5.072465 6.319083 6.626853 5.702306 4.370627 3.430824 2.929179,

Pairwise cross-correlations of the modulus of all oriented sub-bands at the same scale (size QxQ)
 56.555939 52.088745 46.020885 52.403511,
 52.088745 58.635773 52.736633 49.832371,
 46.020885 52.736633 58.388557 53.204437,
 52.403511 49.832371 53.204437 59.118851,
 53.242207 50.585823 44.925251 47.202518,
 50.585823 56.012817 49.385956 45.433952,
 44.925251 49.385956 52.151768 47.573246,
 47.202518 45.433952 47.573246 50.805820,

Cross-correlations of the modulus of all oriented sub-bands with all oriented sub-bands at the coarser scale (size QxQ)
 49.723568 47.617115 42.206123 44.749588,
 48.000656 52.486244 47.074055 43.531113,
 43.784657 48.312527 49.348049 45.367790,
 47.588154 46.135635 46.806000 49.190845,
 23.545681 21.665699 20.220375 22.783972,
 23.165146 23.777399 22.263277 22.596781,
 20.450794 21.199045 22.413074 22.412521,
 21.102839 19.512535 20.829655 23.107861,

Cross-correlations of the real part of each oriented sub-band with both the real and imaginary part of all phase-doubled oriented sub-bands at the next coarser scale (Q matrices of size 1x2Q, which are computed and stored in a matrix of size Qx2Q)
 -21.412159 -9.896162 -0.780384 -9.439277 -0.333055 -0.059851 0.052103 0.099161,
 -9.622545 -22.670929 -9.377967 -0.771884 -0.171353 0.052238 -0.022007 0.043909,
 -0.759188 -9.609409 -21.360643 -9.549788 0.046389 0.050645 -0.246936 -0.048670,
 -8.999217 -0.736677 -9.172712 -22.067532 0.003680 -0.014834 -0.103989 0.005007,
 -12.913114 -5.866125 -0.459377 -5.341285 -0.077573 -0.109879 -0.031572 0.039098,
 -5.750215 -12.881555 -5.321609 -0.508695 -0.109931 -0.165205 -0.037725 0.009063,
 -0.512860 -5.458259 -12.224539 -5.242929 -0.054286 0.040024 -0.110079 -0.345032,
 -5.599728 -0.509015 -5.412153 -11.948170 -0.105367 0.041339 -0.161296 -0.439152,
