Low-band skewness and kurtosis
 -11.489244 148.788467,
 -7.158375 60.637997,
 -4.457827 26.246906,
 -1.653032 9.032856,

High-band variance
 17.107906,

Skewness, kurtosis, variance, mean, maximum and minimum of the reconstructed texture
 -11.564738 141.262772 322.510834 253.330246 255.000000 0.000000,

Auto-correlations of the low-frequency bands at each scale
 7.855254 4.399196 7.429128 11.176801 8.839599 6.077755 8.111599 7.071646 17.979443 56.546688 80.706390 57.048244 17.483208 3.933936 9.783967 59.489777 163.662460 222.000092 162.934662 57.309151 5.499444 10.222005 83.544327 223.881516 300.816772 223.881516 83.544334 10.222004 5.499444 57.309147 162.934662 222.000092 163.662476 59.489777 9.783964 3.933935 17.483208 57.048244 80.706390 56.546688 17.979445 7.071645 8.111600 6.077755 8.839601 11.176803 7.429129 4.399197 7.855253,
 10.800680 8.999388 4.532973 4.793221 4.092717 2.982668 5.813743 12.334534 -0.579508 1.614246 13.151732 3.598129 -4.283981 7.314732 11.365789 9.335216 57.409374 99.276245 56.968700 4.347854 5.625806 8.104614 18.562248 100.643066 162.785538 100.643066 18.562252 8.104612 5.625806 4.347854 56.968697 99.276245 57.409374 9.335216 11.365789 7.314732 -4.283980 3.598129 13.151735 1.614246 -0.579507 12.334534 5.813743 2.982668 4.092719 4.793221 4.532971 8.999389 10.800681,
 5.003326 5.348273 5.652638 6.713319 9.660025 12.252866 10.689883 4.062162 2.268376 6.178839 9.029135 5.621537 6.418512 10.691140 3.961251 5.067609 23.999664 36.976421 20.833221 5.565950 8.231290 5.582354 8.700283 37.152756 59.079796 37.152756 8.700283 5.582354 8.231290 5.565950 20.833221 36.976421 23.999660 5.067608 3.961250 10.691140 6.418512 5.621537 9.029134 6.178840 2.268376 4.062162 10.689883 12.252866 9.660025 6.713319 5.652638 5.348273 5.003326,
 0.246536 1.013798 1.386738 2.007149 2.737148 2.562677 1.963555 0.765980 0.960727 1.536793 2.573544 2.328810 1.732569 2.025606 0.775444 0.951377 3.517789 6.003844 3.880162 1.229183 1.469835 0.914121 1.240925 5.328228 8.672029 5.328228 1.240925 0.914121 1.469834 1.229183 3.880162 6.003844 3.517789 0.951377 0.775444 2.025606 1.732569 2.328810 2.573543 1.536793 0.960728 0.765980 1.963555 2.562677 2.737148 2.007149 1.386738 1.013798 0.246536,

Auto-correlations of the modulus of each oriented sub-band
 19.119310 20.096558 20.764269 20.968960 20.610691 19.726473 18.460068 28.244175 31.333050 33.546024 34.304386 33.314449 30.775398 27.267790 37.759480 43.604279 47.896374 49.453030 47.709911 43.141972 36.957783 41.663605 48.986038 54.440773 56.494999 54.440773 48.986046 41.663597 36.957790 43.141964 47.709911 49.453022 47.896366 43.604282 37.759480 27.267792 30.775394 33.314449 34.304386 33.546024 31.333050 28.244173 18.460070 19.726473 20.610691 20.968960 20.764269 20.096560 19.119310,
 31.430233 34.952606 34.864304 30.809303 24.600931 18.847336 14.927764 36.264118 43.179955 45.965664 42.749886 34.891243 26.086294 19.287783 36.735226 46.804707 53.684872 53.576263 46.219677 35.449856 25.699234 32.482510 43.674919 53.830944 58.061111 53.830944 43.674923 32.482510 25.699236 35.449856 46.219677 53.576263 53.684872 46.804707 36.735226 19.287783 26.086288 34.891243 42.749882 45.965672 43.179955 36.264118 14.927764 18.847332 24.600931 30.809299 34.864304 34.952610 31.430233,
 19.427238 28.442211 38.594208 43.103924 38.433697 28.306755 19.136133 20.837345 32.016994 44.825916 50.613934 44.718113 31.967411 20.696508 21.819090 34.577850 49.323624 56.073490 49.266163 34.563961 21.764330 22.161562 35.514084 50.958958 58.090141 50.958958 35.514088 22.161562 21.764328 34.563957 49.266163 56.073479 49.323624 34.577850 21.819090 20.696510 31.967409 44.718113 50.613934 44.825916 32.016994 20.837345 19.136133 28.306755 38.433693 43.103924 38.594208 28.442211 19.427238,
 16.308298 19.693584 25.040314 31.027987 34.994724 34.860977 30.756845 20.168589 26.565609 35.193005 43.027386 46.215485 43.065830 35.400055 25.832083 35.553093 46.475025 53.963524 53.999844 46.642151 35.867069 31.955139 43.562065 54.130329 58.513077 54.130322 43.562065 31.955137 35.867069 46.642143 53.999844 53.963524 46.475025 35.553093 25.832083 35.400055 43.065826 46.215485 43.027386 35.193005 26.565615 20.168585 30.756847 34.860977 34.994728 31.027985 25.040312 19.693584 16.308296,
 15.199502 16.850456 18.303511 19.124008 19.234129 18.975048 18.735916 21.240339 24.946093 28.074617 29.374470 28.393469 25.838972 22.958662 28.859922 36.189098 42.421391 44.866543 42.313194 36.139748 29.073969 32.388443 41.695847 49.790516 53.101185 49.790524 41.695847 32.388443 29.073969 36.139744 42.313190 44.866543 42.421391 36.189098 28.859921 22.958662 25.838972 28.393467 29.374470 28.074617 24.946098 21.240341 18.735916 18.975048 19.234129 19.124008 18.303511 16.850456 15.199500,
 20.896532 24.696276 25.865667 23.303566 19.281694 16.686296 16.246319 24.831295 31.883915 35.963341 33.312962 26.096781 19.771797 16.858622 25.909519 35.887997 44.724827 45.232738 36.566120 26.030052 19.305275 23.224445 33.154545 45.102066 50.954906 45.102070 33.154545 23.224445 19.305275 26.030052 36.566113 45.232738 44.724827 35.887997 25.909519 16.858622 19.771795 26.096779 33.312962 35.963345 31.883915 24.831295 16.246317 16.686295 19.281693 23.303566 25.865673 24.696278 20.896532,
 17.666893 23.479103 30.524105 33.396832 29.048962 22.119865 18.327042 19.214584 27.078007 37.700302 42.570892 36.173702 25.385433 19.019148 20.252850 29.827320 43.764439 50.786301 42.799477 28.694206 19.912539 20.474030 30.497822 45.886990 54.210918 45.887001 30.497826 20.474030 19.912539 28.694202 42.799469 50.786301 43.764439 29.827326 20.252850 19.019148 25.385427 36.173698 42.570892 37.700302 27.078007 19.214584 18.327040 22.119865 29.048962 33.396832 30.524105 23.479103 17.666893,
 14.231358 16.638681 19.750084 23.153929 25.072039 24.016142 21.516132 16.065857 19.966320 26.025642 32.443871 34.504711 30.556036 24.814678 19.019485 25.818409 35.973854 44.299763 43.434937 34.650753 25.626698 22.962454 32.370686 44.219112 50.234512 44.219116 32.370686 22.962454 25.626698 34.650753 43.434937 44.299763 35.973858 25.818415 19.019487 24.814678 30.556036 34.504707 32.443871 26.025642 19.966320 16.065857 21.516132 24.016144 25.072039 23.153929 19.750088 16.638685 14.231359,
 6.685129 7.287090 7.871326 8.333205 8.554260 8.474032 8.116654 7.577399 8.633327 9.671903 10.263976 10.136514 9.431502 8.512714 9.303029 11.401400 13.421424 14.344538 13.637891 11.822622 9.857925 10.512216 13.178942 15.752960 16.870520 15.752960 13.178941 10.512216 9.857925 11.822622 13.637891 14.344539 13.421424 11.401400 9.303029 8.512713 9.431501 10.136514 10.263976 9.671903 8.633327 7.577399 8.116653 8.474032 8.554262 8.333205 7.871325 7.287090 6.685129,
 6.539911 7.381911 7.675000 7.418354 7.061538 6.715013 6.282698 7.313850 9.011059 9.993597 9.431108 8.100522 7.052884 6.389216 7.519849 10.026763 12.453179 12.598875 10.394152 8.012841 6.614019 7.100687 9.432426 12.657047 14.389894 12.657047 9.432426 7.100687 6.614019 8.012841 10.394153 12.598875 12.453179 10.026761 7.519849 6.389215 7.052883 8.100522 9.431108 9.993597 9.011058 7.313849 6.282698 6.715013 7.061539 7.418354 7.675000 7.381911 6.539911,
 7.282799 8.288091 9.863906 10.781375 10.261381 9.147141 8.485555 7.825533 9.337161 11.972490 13.580460 12.310902 9.916094 8.552365 8.307429 10.331316 14.036706 16.352549 14.275643 10.646538 8.652685 8.604556 10.855087 15.031714 17.597027 15.031714 10.855087 8.604556 8.652685 10.646538 14.275644 16.352547 14.036706 10.331316 8.307429 8.552365 9.916094 12.310902 13.580459 11.972490 9.337159 7.825532 8.485555 9.147141 10.261381 10.781375 9.863906 8.288090 7.282799,
 6.922209 7.222650 8.124980 9.633770 10.844572 10.841632 9.931800 7.293652 8.159052 10.112405 12.582656 13.744987 12.676924 10.624146 8.184304 10.168024 13.501246 16.515839 16.520523 13.690166 10.593695 9.547042 12.583316 16.502853 18.542749 16.502851 12.583316 9.547042 10.593693 13.690166 16.520525 16.515837 13.501245 10.168023 8.184305 10.624145 12.676923 13.744987 12.582656 10.112405 8.159052 7.293653 9.931800 10.841631 10.844571 9.633770 8.124979 7.222650 6.922210,

Pairwise cross-correlations of the modulus of all oriented sub-bands at the same scale (size QxQ)
 56.494972 51.953568 46.214275 51.868477,
 51.953568 58.061111 52.271622 49.878193,
 46.214275 52.271622 58.090145 52.971455,
 51.868477 49.878193 52.971455 58.513062,
 53.101189 47.526287 45.116364 46.609505,
 47.526287 50.954910 47.732693 43.442860,
 45.116364 47.732693 54.210918 47.747200,
 46.609505 43.442860 47.747200 50.234516,

Cross-correlations of the modulus of all oriented sub-bands with all oriented sub-bands at the coarser scale (size QxQ)
 48.599998 44.187218 42.416565 43.928585,
 47.392277 48.256367 46.801365 43.109840,
 44.493855 45.552402 49.174011 45.378693,
 47.748005 44.004398 47.126823 48.101265,
 23.129580 20.775009 22.785402 24.174158,
 21.369205 20.759083 22.655937 22.758881,
 21.284004 20.103579 23.943132 24.250853,
 21.777639 19.074696 22.436226 24.071186,

Cross-correlations of the real part of each oriented sub-band with both the real and imaginary part of all phase-doubled oriented sub-bands at the next coarser scale (Q matrices of size 1x2Q, which are computed and stored in a matrix of size Qx2Q)
 -17.501554 -8.389071 -0.715048 -8.428741 -0.092330 -0.136807 -0.010210 -0.064560,
 -7.629807 -19.020147 -8.525512 -0.871904 -0.143284 -0.113335 -0.150265 -0.028811,
 -0.655468 -8.392885 -20.216810 -9.138483 -0.002114 -0.063420 -0.124418 0.025962,
 -7.623141 -0.794408 -9.075562 -19.712242 0.049041 -0.034942 0.070376 -0.048498,
 -8.917363 -3.664476 -0.377962 -3.951856 0.203524 -0.070101 -0.024926 0.008832,
 -3.726274 -8.004025 -3.780208 -0.446545 0.261493 0.025695 -0.123921 0.013937,
 -0.312689 -3.789912 -8.923064 -4.259403 0.023189 -0.162385 0.441785 0.474266,
 -3.956589 -0.411403 -4.194520 -9.065298 -0.064688 -0.073489 0.476308 0.381977,
