Low-band skewness and kurtosis
 -11.403393 146.441010,
 -7.197045 61.404270,
 -4.653568 30.194664,
 -0.974822 14.165579,

High-band variance
 17.251904,

Skewness, kurtosis, variance, mean, maximum and minimum of the reconstructed texture
 -11.485017 139.333755 327.246826 253.306946 255.000000 0.000000,

Auto-correlations of the low-frequency bands at each scale
 6.659709 2.102896 5.451604 12.214163 12.690720 11.136870 13.010734 5.397880 17.616016 57.714260 83.919449 61.153851 22.455004 10.300219 9.994314 60.210239 166.143661 226.405914 167.230240 62.147491 12.809189 14.888497 86.422653 227.259888 305.339813 227.259888 86.422653 14.888496 12.809189 62.147484 167.230240 226.405884 166.143661 60.210239 9.994313 10.300218 22.455004 61.153854 83.919449 57.714256 17.616016 5.397879 13.010735 11.136870 12.690722 12.214163 5.451603 2.102897 6.659709,
 11.784747 9.770335 4.417077 4.165530 5.749295 7.083367 9.919255 6.179719 -3.553477 1.779476 15.801388 9.090972 -0.093149 6.346121 0.411380 3.426024 56.966080 102.481277 63.342503 7.169881 0.522676 -0.897012 16.700607 104.106705 166.572495 104.106712 16.700607 -0.897012 0.522676 7.169881 63.342495 102.481277 56.966080 3.426024 0.411380 6.346121 -0.093149 9.090971 15.801388 1.779477 -3.553477 6.179719 9.919255 7.083367 5.749294 4.165530 4.417077 9.770337 11.784749,
 8.109475 9.007976 8.970516 8.387839 6.528358 6.302200 7.221481 10.991281 6.304209 6.316842 9.122356 4.034693 1.308736 6.211269 9.312140 4.681006 21.435778 38.029968 21.492636 2.307593 5.878536 7.284556 5.913699 36.216713 61.177677 36.216713 5.913699 7.284556 5.878536 2.307593 21.492636 38.029968 21.435778 4.681006 9.312140 6.211269 1.308736 4.034692 9.122356 6.316842 6.304208 10.991281 7.221481 6.302199 6.528358 8.387839 8.970516 9.007975 8.109475,
 -0.559683 0.284090 1.395523 1.995513 1.998586 2.458576 2.976444 -0.112677 0.508618 1.644354 2.410040 2.028406 1.831841 1.816023 0.883299 1.730988 4.507432 6.631560 4.856533 2.341097 1.398024 1.616625 2.987526 7.043732 9.927437 7.043732 2.987526 1.616624 1.398024 2.341097 4.856533 6.631560 4.507432 1.730989 0.883299 1.816023 1.831840 2.028406 2.410039 1.644354 0.508618 -0.112677 2.976444 2.458575 1.998587 1.995513 1.395523 0.284090 -0.559683,

Auto-correlations of the modulus of each oriented sub-band
 17.867966 19.555952 20.793144 21.365229 21.164474 20.255466 18.818737 27.243584 31.159922 33.981514 35.094715 34.240490 31.672190 27.986559 37.540577 44.090057 48.824360 50.610535 48.975090 44.398403 38.006680 42.340466 50.063622 55.653690 57.715855 55.653683 50.063633 42.340466 38.006680 44.398403 48.975082 50.610535 48.824356 44.090065 37.540577 27.986559 31.672184 34.240490 35.094715 33.981510 31.159925 27.243582 18.818737 20.255466 21.164474 21.365229 20.793144 19.555952 17.867962,
 30.035898 34.197052 34.461697 30.707783 24.964836 19.628775 15.778219 34.363655 42.121655 45.382477 42.298672 34.604530 26.028553 19.313250 34.640854 45.531712 53.006344 53.028179 45.548096 34.626961 24.712048 30.708706 42.445553 53.098301 57.543701 53.098293 42.445557 30.708704 24.712049 34.626957 45.548100 53.028179 53.006332 45.531715 34.640854 19.313253 26.028551 34.604530 42.298668 45.382473 42.121658 34.363655 15.778219 19.628773 24.964836 30.707783 34.461697 34.197052 30.035894,
 18.309429 27.433769 37.677834 42.727833 38.786892 28.964815 19.426712 19.910400 31.335722 44.241398 50.435051 45.108299 32.554031 20.849199 21.164568 34.278244 49.097897 56.055264 49.573483 34.954430 21.699699 21.814436 35.593884 51.051582 58.138813 51.051582 35.593891 21.814436 21.699701 34.954430 49.573490 56.055264 49.097897 34.278252 21.164566 20.849199 32.554031 45.108299 50.435055 44.241398 31.335728 19.910397 19.426712 28.964815 38.786892 42.727840 37.677834 27.433773 18.309427,
 13.718831 18.515394 25.217976 32.193169 36.617050 36.376419 31.841345 18.323908 26.106628 35.789585 44.201927 47.486935 44.047245 35.947334 24.844795 35.605049 47.147095 54.854385 54.807346 47.176250 35.979183 31.631493 43.872913 54.758762 59.223957 54.758762 43.872913 31.631493 35.979191 47.176247 54.807350 54.854385 47.147095 35.605053 24.844795 35.947338 44.047245 47.486927 44.201927 35.789577 26.106630 18.323904 31.841347 36.376415 36.617058 32.193169 25.217970 18.515398 13.718831,
 16.460527 17.154270 18.011740 18.672081 18.805605 18.454191 17.915617 20.139095 23.356424 26.618372 28.392948 27.739616 25.218008 22.230484 26.350286 33.394657 40.146179 43.290802 40.938633 34.670025 27.730986 30.137636 39.213791 47.721329 51.362797 47.721329 39.213791 30.137636 27.730989 34.670025 40.938625 43.290802 40.146179 33.394657 26.350285 22.230488 25.218002 27.739616 28.392948 26.618372 23.356424 20.139093 17.915621 18.454191 18.805609 18.672077 18.011736 17.154276 16.460527,
 22.271984 25.736084 26.962309 24.721956 20.658840 17.169106 15.333298 25.397614 32.910255 37.616890 35.443226 28.115576 20.826750 16.663948 26.033823 37.055061 47.097763 48.185097 39.183079 27.430048 19.521793 23.418903 34.544415 47.907299 54.306690 47.907310 34.544418 23.418903 19.521795 27.430044 39.183071 48.185097 47.097767 37.055061 26.033819 16.663948 20.826750 28.115572 35.443226 37.616890 32.910263 25.397614 15.333299 17.169106 20.658838 24.721956 26.962311 25.736084 22.271984,
 15.708591 20.737459 28.166309 31.891439 27.994326 20.574266 15.297504 16.701443 24.539503 35.960567 41.610458 35.543091 24.311295 16.552908 17.523365 27.801176 42.799099 50.393440 42.394447 27.594090 17.494892 17.850090 29.016697 45.404007 54.052700 45.404007 29.016701 17.850090 17.494892 27.594090 42.394444 50.393433 42.799103 27.801178 17.523365 16.552908 24.311293 35.543091 41.610458 35.960567 24.539503 16.701439 15.297504 20.574266 27.994326 31.891439 28.166309 20.737459 15.708591,
 14.208602 15.072095 17.661863 21.293379 23.683428 23.053551 20.272820 14.734864 17.797455 24.094479 31.006294 33.608112 30.009975 23.578896 17.167452 24.013550 34.645180 43.141712 42.670490 34.004799 24.127100 21.184402 31.252447 43.315681 49.101322 43.315689 31.252447 21.184402 24.127100 34.004799 42.670483 43.141712 34.645180 24.013554 17.167448 23.578896 30.009970 33.608112 31.006292 24.094479 17.797455 14.734862 20.272818 23.053551 23.683426 21.293379 17.661867 15.072096 14.208603,
 9.505067 9.867345 10.216107 10.422168 10.476538 10.599807 10.929641 10.738252 11.696383 12.595807 12.992257 12.737166 12.223963 11.883804 12.633348 14.786773 16.863199 17.732578 16.872778 15.010949 13.250377 13.862478 16.601351 19.386908 20.636925 19.386908 16.601351 13.862478 13.250377 15.010946 16.872776 17.732578 16.863201 14.786773 12.633348 11.883804 12.223963 12.737168 12.992257 12.595806 11.696383 10.738253 10.929641 10.599805 10.476538 10.422168 10.216107 9.867344 9.505065,
 8.395359 9.279881 9.891765 9.846607 9.484466 9.184868 9.013682 9.923394 11.620193 12.822946 12.341413 10.930463 9.878411 9.470978 10.753497 13.357604 16.054722 16.221251 13.745910 11.199286 9.949530 10.523324 12.909760 16.471409 18.428526 16.471409 12.909759 10.523324 9.949530 11.199287 13.745910 16.221251 16.054722 13.357604 10.753497 9.470979 9.878410 10.930461 12.341412 12.822946 11.620193 9.923394 9.013682 9.184869 9.484466 9.846607 9.891766 9.279879 8.395359,
 6.917592 7.984870 10.085412 11.531302 10.598974 8.767578 8.214931 7.673009 9.017468 11.932505 13.973157 12.388068 9.564575 8.517310 8.314481 9.990354 13.813094 16.470549 14.118017 10.294751 8.730897 8.689688 10.500226 14.756818 17.602133 14.756818 10.500224 8.689688 8.730897 10.294751 14.118015 16.470549 13.813096 9.990353 8.314482 8.517308 9.564576 12.388068 13.973156 11.932503 9.017467 7.673008 8.214931 8.767579 10.598973 11.531302 10.085413 7.984870 6.917592,
 8.203511 9.049781 9.970436 10.649406 10.786591 10.551379 10.572236 9.015903 9.942750 11.370797 12.818705 13.152035 12.217024 11.271400 9.926967 11.363872 13.931503 16.191223 15.855903 13.487835 11.517934 10.921570 13.011781 16.258606 18.055161 16.258606 13.011780 10.921570 11.517933 13.487836 15.855902 16.191223 13.931501 11.363872 9.926967 11.271400 12.217024 13.152035 12.818703 11.370796 9.942749 9.015901 10.572235 10.551380 10.786591 10.649406 9.970436 9.049781 8.203511,

Pairwise cross-correlations of the modulus of all oriented sub-bands at the same scale (size QxQ)
 57.715851 52.076504 46.692020 52.984421,
 52.076504 57.543705 51.897301 50.155823,
 46.692020 51.897301 58.138817 53.370754,
 52.984421 50.155823 53.370754 59.223911,
 51.362804 48.258667 44.267265 45.135017,
 48.258667 54.306679 49.160572 44.350655,
 44.267265 49.160572 54.052700 47.025177,
 45.135017 44.350655 47.025177 49.101318,

Cross-correlations of the modulus of all oriented sub-bands with all oriented sub-bands at the coarser scale (size QxQ)
 48.746056 46.904217 43.980652 44.272770,
 46.266918 49.761993 46.856934 42.215210,
 42.858696 47.180790 49.959644 44.316071,
 46.855659 45.575581 47.665966 47.716648,
 25.813583 23.388367 21.042486 23.294415,
 25.916616 24.907516 22.894812 23.523552,
 24.293539 23.549984 23.909866 24.006472,
 23.955486 21.557087 21.985888 23.567842,

Cross-correlations of the real part of each oriented sub-band with both the real and imaginary part of all phase-doubled oriented sub-bands at the next coarser scale (Q matrices of size 1x2Q, which are computed and stored in a matrix of size Qx2Q)
 -18.506918 -9.071804 -0.698240 -8.145495 0.094116 0.087258 -0.023858 0.000731,
 -8.509729 -20.642052 -8.587439 -0.817045 0.109188 0.008925 0.070586 0.009927,
 -0.705070 -9.148473 -19.457863 -8.529004 0.035123 -0.104181 0.374809 0.153594,
 -7.720784 -0.829902 -8.279524 -19.009518 0.023647 -0.001670 0.189607 0.150397,
 -10.577718 -5.248020 -0.406148 -4.208001 0.429577 0.001335 -0.033013 -0.200589,
 -4.909578 -10.851991 -4.451015 -0.484038 0.060474 -0.153069 -0.147810 -0.005666,
 -0.469011 -4.550170 -9.686581 -3.975393 0.053547 -0.152873 -0.073463 0.129261,
 -4.423841 -0.532442 -4.170436 -8.872051 0.337435 -0.016144 0.047890 -0.045468,
