Low-band skewness and kurtosis
 -11.402289 146.758835,
 -6.846561 55.400600,
 -3.728397 19.370756,
 -0.999308 6.688517,

High-band variance
 17.476980,

Skewness, kurtosis, variance, mean, maximum and minimum of the reconstructed texture
 -11.478179 139.209366 326.170746 253.308060 255.000000 0.000000,

Auto-correlations of the low-frequency bands at each scale
 4.269379 -1.086827 -0.678179 2.297110 2.120485 2.551598 4.830409 -1.259404 11.242351 51.993805 78.438019 55.855289 16.011406 -0.167163 -1.271370 51.520641 161.268341 223.897018 163.930878 54.675388 -0.567527 0.897054 77.454536 223.596375 303.929474 223.596375 77.454536 0.897053 -0.567527 54.675385 163.930862 223.897018 161.268341 51.520645 -1.271371 -0.167164 16.011406 55.855286 78.438026 51.993805 11.242350 -1.259404 4.830409 2.551598 2.120486 2.297110 -0.678180 -1.086827 4.269379,
 9.260307 6.182980 -3.155816 -8.094184 -4.071663 4.207138 5.733696 3.972124 -7.073456 -3.852541 5.075624 -2.793348 -7.799726 0.922484 -5.225576 -5.237132 51.891384 97.170700 52.961636 -5.518970 -7.023447 -9.613852 2.772768 96.495567 163.842484 96.495567 2.772769 -9.613853 -7.023446 -5.518970 52.961628 97.170700 51.891384 -5.237132 -5.225576 0.922484 -7.799725 -2.793347 5.075624 -3.852542 -7.073456 3.972124 5.733696 4.207137 -4.071662 -8.094183 -3.155817 6.182980 9.260307,
 4.337485 5.155010 2.190657 -1.500940 -1.339837 2.683645 4.232549 3.475559 0.349962 0.470098 1.173144 -2.481558 -1.679902 2.914224 1.993660 -0.586506 15.959954 29.828178 14.603696 -0.936458 2.377733 2.230187 1.815450 29.351656 51.769596 29.351656 1.815451 2.230188 2.377733 -0.936458 14.603696 29.828178 15.959954 -0.586506 1.993660 2.914223 -1.679903 -2.481558 1.173144 0.470099 0.349962 3.475559 4.232548 2.683645 -1.339837 -1.500940 2.190657 5.155010 4.337485,
 0.960347 0.929827 0.677163 0.587028 1.047673 1.569194 1.508003 1.574177 1.224625 0.861871 0.457288 0.182312 0.666491 1.183189 1.198479 1.521101 3.238935 4.112477 2.183496 0.380978 0.373898 0.329240 1.151305 4.572168 6.990060 4.572168 1.151305 0.329240 0.373898 0.380978 2.183496 4.112477 3.238935 1.521102 1.198479 1.183189 0.666491 0.182312 0.457288 0.861872 1.224625 1.574177 1.508003 1.569194 1.047673 0.587028 0.677163 0.929827 0.960347,

Auto-correlations of the modulus of each oriented sub-band
 15.348044 16.786236 17.719101 17.975283 17.490858 16.368801 14.804996 25.423937 29.320547 32.008732 32.872948 31.683630 28.748531 24.719025 36.119503 42.948597 47.787605 49.458733 47.500389 42.459797 35.546463 40.651035 48.888710 54.845001 57.041557 54.844994 48.888718 40.651031 35.546455 42.459789 47.500389 49.458733 47.787601 42.948605 36.119499 24.719023 28.748531 31.683634 32.872948 32.008732 29.320551 25.423937 14.804997 16.368801 17.490858 17.975283 17.719101 16.786236 15.348044,
 31.342655 35.810143 35.493362 30.253017 22.332150 14.756981 9.424321 35.678982 44.327946 47.680222 43.863155 34.495934 23.568075 14.672239 35.328671 47.638702 55.706291 55.624695 47.251644 34.445763 22.185070 30.085131 43.808735 55.618729 60.344822 55.618729 43.808735 30.085131 22.185070 34.445763 47.251644 55.624695 55.706291 47.638706 35.328671 14.672239 23.568075 34.495930 43.863155 47.680222 44.327946 35.678974 9.424321 14.756981 22.332150 30.253017 35.493362 35.810143 31.342659,
 15.045136 24.991650 35.579254 40.229870 35.511562 24.935875 14.867711 16.391027 28.928417 42.517040 48.543602 42.426369 28.880007 16.290638 17.304495 31.707659 47.475655 54.545586 47.405617 31.673742 17.258772 17.620392 32.706429 49.262867 56.756607 49.262867 32.706432 17.620392 17.258772 31.673742 47.405624 54.545586 47.475643 31.707661 17.304495 16.290640 28.880007 42.426373 48.543602 42.517040 28.928417 16.391027 14.867714 24.935873 35.511566 40.229870 35.579247 24.991653 15.045135,
 8.909374 13.782856 21.008873 28.739281 33.889221 34.119850 29.518766 13.667249 22.080317 32.716354 41.995354 45.810959 42.406300 33.673904 20.649561 32.508518 45.160309 53.552185 53.647224 45.524921 33.240959 28.148932 41.651176 53.455067 58.231228 53.455067 41.651176 28.148932 33.240963 45.524921 53.647224 53.552177 45.160309 32.508526 20.649561 33.673904 42.406300 45.810955 41.995354 32.716354 22.080318 13.667248 29.518770 34.119846 33.889221 28.739281 21.008877 13.782857 8.909374,
 11.117943 11.670218 11.973218 11.880482 11.352538 10.562783 9.743092 16.664295 20.267937 23.396309 24.613491 23.207834 19.875671 16.100016 24.989008 33.206440 40.492809 43.518932 40.621075 33.333336 25.002817 29.419476 40.113480 49.578194 53.453716 49.578205 40.113480 29.419476 25.002817 33.333336 40.621067 43.518932 40.492809 33.206444 24.989006 16.100014 19.875671 23.207834 24.613489 23.396309 20.267939 16.664295 9.743092 10.562782 11.352538 11.880482 11.973218 11.670221 11.117944,
 19.283001 23.433584 23.402885 18.674746 12.633671 8.758420 7.525431 23.107677 32.293785 36.987022 32.993393 23.183138 14.255231 9.809610 23.609982 36.937668 48.155605 48.721680 37.834896 23.711525 14.242632 19.860718 33.331615 48.755684 55.857349 48.755684 33.331615 19.860718 14.242632 23.711525 37.834892 48.721680 48.155613 36.937668 23.609982 9.809610 14.255231 23.183138 32.993393 36.987022 32.293785 23.107677 7.525431 8.758420 12.633671 18.674746 23.402889 23.433584 19.283001,
 12.031713 17.282698 24.558901 27.960854 23.589113 15.598674 10.100743 12.473230 20.809872 33.058296 39.231266 32.458660 19.650894 11.099735 12.733535 23.726326 40.315758 48.957405 40.054531 23.153303 12.027210 12.620090 24.726484 43.165852 52.900841 43.165859 24.726484 12.620090 12.027210 23.153299 40.054531 48.957405 40.315762 23.726326 12.733534 11.099736 19.650890 32.458656 39.231262 33.058300 20.809872 12.473230 10.100743 15.598673 23.589111 27.960854 24.558903 17.282700 12.031713,
 8.960605 10.049610 13.237433 18.266022 22.150547 21.805487 17.654907 10.366006 14.640047 22.954119 31.997648 35.509235 30.766037 21.705423 13.990756 23.270002 36.875214 47.240944 46.571060 35.580750 22.462437 19.058718 32.314068 47.317173 54.158367 47.317177 32.314072 19.058718 22.462437 35.580750 46.571056 47.240944 36.875221 23.270002 13.990756 21.705421 30.766033 35.509232 31.997648 22.954119 14.640047 10.366006 17.654909 21.805485 22.150543 18.266022 13.237435 10.049610 8.960605,
 5.327946 5.513613 5.503160 5.325999 5.023178 4.711011 4.544603 6.480134 7.220842 7.847500 7.985588 7.402919 6.349963 5.361931 8.252762 10.320118 12.320951 13.148319 12.133375 9.876662 7.555497 9.106089 12.109981 15.045959 16.336733 15.045959 12.109980 9.106089 7.555497 9.876662 12.133375 13.148319 12.320951 10.320118 8.252762 5.361931 6.349963 7.402918 7.985588 7.847500 7.220841 6.480134 4.544603 4.711011 5.023178 5.325999 5.503161 5.513613 5.327946,
 6.057556 6.939659 7.054692 6.121544 4.959443 4.403214 4.444701 7.038018 9.020747 10.227144 9.264638 6.984451 5.244322 4.588199 7.326806 10.252776 13.244229 13.442686 10.463747 7.204674 5.429835 6.613617 9.436449 13.438224 15.592310 13.438224 9.436448 6.613617 5.429835 7.204674 10.463748 13.442686 13.244228 10.252776 7.326806 4.588198 5.244322 6.984451 9.264638 10.227141 9.020746 7.038017 4.444701 4.403213 4.959443 6.121544 7.054690 6.939659 6.057556,
 5.647315 6.555706 7.857736 8.365089 7.252861 5.662219 4.894796 5.871440 7.258274 9.777743 11.118338 9.393936 6.601093 5.223034 5.994384 7.937745 11.775797 14.025778 11.627665 7.615719 5.641152 5.938287 8.153612 12.650759 15.362163 12.650757 8.153612 5.938287 5.641152 7.615719 11.627665 14.025778 11.775797 7.937744 5.994384 5.223034 6.601094 9.393938 11.118337 9.777743 7.258273 5.871440 4.894796 5.662219 7.252861 8.365089 7.857736 6.555705 5.647315,
 5.723944 6.031281 6.448740 7.141018 7.563801 7.111027 6.159268 6.025352 6.551886 7.986531 9.891377 10.478639 8.995224 6.921951 6.418335 7.976655 11.139835 13.986378 13.577772 10.339078 7.273218 6.961667 9.778067 13.927544 16.143585 13.927544 9.778067 6.961667 7.273218 10.339078 13.577772 13.986378 11.139835 7.976656 6.418335 6.921951 8.995224 10.478636 9.891377 7.986531 6.551886 6.025352 6.159268 7.111027 7.563801 7.141019 6.448740 6.031281 5.723944,

Pairwise cross-correlations of the modulus of all oriented sub-bands at the same scale (size QxQ)
 57.041538 53.019005 45.538067 51.968498,
 53.019005 60.344822 52.854671 50.128628,
 45.538067 52.854671 56.756573 52.167110,
 51.968498 50.128628 52.167110 58.231243,
 53.453712 50.443687 45.963505 49.605656,
 50.443687 55.857349 49.911888 47.485893,
 45.963505 49.911888 52.900841 49.466446,
 49.605656 47.485893 49.466446 54.158360,

Cross-correlations of the modulus of all oriented sub-bands with all oriented sub-bands at the coarser scale (size QxQ)
 50.026287 47.532749 43.347095 47.249943,
 48.758934 52.744434 48.277660 46.193226,
 43.485897 47.237034 49.104671 46.915333,
 47.821468 45.777576 47.263699 51.132744,
 23.427729 21.924540 20.854902 22.057043,
 22.926653 23.145380 22.249657 21.650101,
 21.170538 21.504972 22.508270 22.100986,
 22.603678 20.929230 21.936626 23.406462,

Cross-correlations of the real part of each oriented sub-band with both the real and imaginary part of all phase-doubled oriented sub-bands at the next coarser scale (Q matrices of size 1x2Q, which are computed and stored in a matrix of size Qx2Q)
 -22.184120 -10.142498 -0.768874 -9.527481 0.002589 -0.028956 -0.005000 0.042767,
 -9.882245 -23.515121 -9.368158 -0.676406 -0.007532 -0.083843 -0.057167 -0.007268,
 -0.815617 -9.828282 -21.539297 -9.441256 -0.007919 -0.022542 -0.012507 -0.007586,
 -9.489523 -0.730477 -9.293962 -22.194094 -0.025667 0.009507 0.027707 0.056769,
 -11.652386 -5.109488 -0.514178 -5.411822 0.234502 0.234973 0.014389 0.129169,
 -4.976516 -11.733525 -5.162394 -0.498970 0.111632 0.517051 0.014595 -0.016957,
 -0.464883 -5.174051 -11.569060 -5.225750 -0.010624 0.227023 -0.042998 -0.023156,
 -5.328125 -0.455356 -5.146094 -12.085425 0.036842 0.033125 -0.029488 0.197908,
