Low-band skewness and kurtosis
 -11.433539 147.517578,
 -7.071283 60.026184,
 -4.232995 24.053255,
 -0.985781 7.309501,

High-band variance
 17.486782,

Skewness, kurtosis, variance, mean, maximum and minimum of the reconstructed texture
 -11.490843 139.479874 326.899841 253.308716 255.000000 0.000000,

Auto-correlations of the low-frequency bands at each scale
 10.243821 5.575311 5.760038 7.507214 4.790970 3.503181 6.612934 6.786613 19.365664 57.510696 80.491226 55.140800 15.674639 3.535796 7.920376 59.458000 165.690735 224.811539 163.198242 55.994633 5.867953 9.633078 82.584457 225.493134 304.687286 225.493134 82.584465 9.633077 5.867952 55.994633 163.198242 224.811508 165.690735 59.458000 7.920376 3.535795 15.674639 55.140797 80.491226 57.510696 19.365665 6.786611 6.612934 3.503181 4.790970 7.507215 5.760040 5.575312 10.243821,
 15.402390 7.626254 3.376380 3.186969 0.567440 2.364547 8.134331 9.267593 -3.522312 3.285818 13.166144 -0.129068 -5.363645 9.668589 0.940030 1.280885 57.491684 100.495354 55.248878 1.728187 4.766268 0.057128 11.579829 100.326180 165.295151 100.326202 11.579828 0.057128 4.766270 1.728188 55.248878 100.495369 57.491684 1.280885 0.940031 9.668589 -5.363644 -0.129067 13.166144 3.285818 -3.522312 9.267593 8.134332 2.364547 0.567442 3.186970 3.376379 7.626254 15.402388,
 6.879815 6.120255 3.561442 4.111495 8.348773 11.283139 9.266634 7.491843 4.368489 4.091754 5.280401 2.843643 2.850944 6.074401 3.912598 4.738064 22.260071 34.906620 19.198530 1.086988 1.187304 0.563138 5.220881 35.783062 58.002357 35.783062 5.220881 0.563138 1.187304 1.086988 19.198530 34.906620 22.260071 4.738065 3.912598 6.074401 2.850944 2.843642 5.280400 4.091754 4.368489 7.491843 9.266633 11.283139 8.348773 4.111495 3.561442 6.120255 6.879816,
 0.637225 0.976943 1.358317 2.205067 2.291145 1.886146 1.691281 0.308180 -0.120360 0.537835 2.019382 1.927503 1.515779 1.920737 0.355146 0.140978 2.818109 5.688540 4.084893 1.532659 1.309088 0.802546 1.430378 5.616321 8.825201 5.616321 1.430378 0.802546 1.309088 1.532659 4.084893 5.688540 2.818109 0.140978 0.355146 1.920737 1.515779 1.927503 2.019382 0.537835 -0.120360 0.308180 1.691281 1.886145 2.291145 2.205067 1.358317 0.976943 0.637225,

Auto-correlations of the modulus of each oriented sub-band
 17.667091 19.036604 19.900770 20.106586 19.610302 18.519609 17.016741 26.665512 30.391354 33.010899 33.923660 32.874817 30.130236 26.299326 36.539085 43.089176 47.833916 49.589077 47.821682 43.032146 36.409618 40.970619 48.875084 54.644833 56.793278 54.644833 48.875088 40.970619 36.409618 43.032146 47.821682 49.589077 47.833923 43.089180 36.539085 26.299326 30.130236 32.874817 33.923656 33.010899 30.391359 26.665512 17.016741 18.519609 19.610302 20.106586 19.900770 19.036606 17.667091,
 31.368681 35.582417 35.486843 30.867048 23.833719 17.202110 12.538168 35.239155 43.309452 46.592705 43.092461 34.476616 24.718376 17.018951 34.881947 46.247566 53.989956 53.960873 45.998360 34.223228 23.402275 30.239353 42.659988 53.808773 58.420784 53.808773 42.659996 30.239347 23.402279 34.223221 45.998360 53.960869 53.989964 46.247574 34.881943 17.018951 24.718376 34.476616 43.092461 46.592705 43.309452 35.239155 12.538170 17.202110 23.833719 30.867054 35.486843 35.582417 31.368681,
 18.249985 27.559744 37.700928 42.144333 37.274151 26.672457 16.975683 19.686695 31.388512 44.339916 50.128994 44.051617 30.772169 18.787712 20.580692 34.056274 49.117363 55.941807 48.979694 33.750504 20.122898 20.752916 34.936268 50.839100 58.098022 50.839100 34.936272 20.752916 20.122898 33.750496 48.979683 55.941807 49.117363 34.056274 20.580692 18.787712 30.772167 44.051624 50.128994 44.339912 31.388514 19.686691 16.975683 26.672453 37.274151 42.144333 37.700924 27.559750 18.249987,
 14.044467 18.621431 25.063292 31.749842 35.909966 35.560177 31.096720 18.473194 26.191765 35.862114 44.244061 47.456161 43.974770 35.824169 24.893795 35.798466 47.529022 55.338783 55.266212 47.495689 36.076328 31.702864 44.198944 55.316658 59.870308 55.316658 44.198944 31.702864 36.076328 47.495689 55.266216 55.338779 47.529011 35.798470 24.893795 35.824169 43.974770 47.456158 44.244061 35.862114 26.191767 18.473194 31.096720 35.560177 35.909962 31.749846 25.063292 18.621431 14.044467,
 17.473488 18.479713 18.943277 18.726326 17.900438 16.719923 15.421674 22.086176 25.930580 28.864029 29.723471 28.068768 24.584770 20.511713 28.404102 36.504128 43.306652 45.965824 43.131210 36.186180 27.985014 31.721289 42.071999 50.935429 54.525684 50.935429 42.071999 31.721287 27.985014 36.186180 43.131199 45.965824 43.306656 36.504128 28.404102 20.511709 24.584770 28.068762 29.723467 28.864029 25.930584 22.086176 15.421675 16.719923 17.900436 18.726326 18.943281 18.479713 17.473486,
 21.335213 24.210455 24.168139 20.868736 16.372297 13.027485 11.444932 24.458775 31.831924 35.356194 32.053677 24.213278 16.884697 12.664871 24.273184 35.711990 45.058247 45.315685 36.021305 24.181587 15.926744 20.601170 32.293133 45.524834 51.692551 45.524841 32.293133 20.601170 15.926744 24.181583 36.021297 45.315689 45.058247 35.711990 24.273184 12.664874 16.884697 24.213278 32.053677 35.356201 31.831928 24.458778 11.444931 13.027485 16.372295 20.868736 24.168139 24.210455 21.335211,
 16.255190 20.811579 27.453997 30.673780 26.299290 18.793495 14.212417 16.986961 24.426373 35.323936 40.827736 34.244709 22.484118 15.047060 17.287670 27.235994 42.055309 49.833714 41.423569 26.052170 16.114746 16.982037 27.935301 44.575771 53.553013 44.575771 27.935301 16.982037 16.114744 26.052170 41.423569 49.833714 42.055309 27.235992 17.287666 15.047060 22.484116 34.244709 40.827740 35.323936 24.426373 16.986961 14.212417 18.793495 26.299290 30.673780 27.453997 20.811577 16.255190,
 12.855110 14.417335 17.557875 21.640440 24.267075 23.544222 20.256716 13.868078 18.184500 25.398861 32.830555 35.514477 31.497925 24.124889 17.061167 25.563450 37.340813 46.380241 45.819572 36.353935 25.055799 21.826275 33.586132 46.752068 52.917934 46.752071 33.586136 21.826275 25.055799 36.353935 45.819572 46.380241 37.340813 25.563450 17.061167 24.124889 31.497919 35.514477 32.830555 25.398859 18.184498 13.868078 20.256716 23.544222 24.267075 21.640440 17.557878 14.417335 12.855110,
 6.122495 6.645354 7.006608 7.114318 6.981434 6.684852 6.350033 6.952191 7.972209 8.864144 9.211137 8.836417 8.004447 7.141119 8.342544 10.375646 12.341924 13.184119 12.310907 10.345042 8.359561 9.118980 11.804324 14.514962 15.733232 14.514962 11.804324 9.118980 8.359561 10.345043 12.310905 13.184118 12.341924 10.375644 8.342545 7.141119 8.004445 8.836417 9.211136 8.864142 7.972208 6.952190 6.350033 6.684852 6.981434 7.114318 7.006608 6.645355 6.122494,
 7.811044 8.606477 8.693799 8.028884 7.290012 6.742273 6.230452 8.572788 10.281194 11.267069 10.486200 8.748965 7.411694 6.676054 8.768118 11.388936 13.995735 14.138811 11.609650 8.842166 7.277412 8.141580 10.689852 14.241420 16.128111 14.241421 10.689850 8.141578 7.277412 8.842166 11.609650 14.138811 13.995735 11.388936 8.768118 6.676054 7.411694 8.748964 10.486199 11.267070 10.281193 8.572787 6.230453 6.742273 7.290013 8.028883 8.693799 8.606477 7.811043,
 7.190006 8.042482 9.485003 10.719595 10.424513 8.933109 7.531648 7.307164 8.721438 11.402777 13.450610 12.350501 9.538319 7.565536 7.379678 9.434393 13.400579 16.153500 14.022563 9.931975 7.515547 7.446446 9.912805 14.507571 17.367149 14.507571 9.912804 7.446446 7.515547 9.931975 14.022561 16.153500 13.400580 9.434392 7.379677 7.565537 9.538319 12.350499 13.450608 11.402778 8.721437 7.307163 7.531648 8.933108 10.424513 10.719593 9.485003 8.042481 7.190005,
 7.505906 7.991521 8.882273 10.099387 10.645513 9.864907 8.423791 7.777181 8.751869 10.735038 12.993020 13.529170 11.782976 9.372838 8.281406 10.266660 13.694114 16.577782 16.118551 12.853151 9.630249 9.064941 12.104840 16.230106 18.363205 16.230106 12.104840 9.064941 9.630249 12.853151 16.118553 16.577782 13.694111 10.266660 8.281405 9.372838 11.782979 13.529170 12.993020 10.735038 8.751869 7.777181 8.423791 9.864908 10.645513 10.099386 8.882273 7.991520 7.505906,

Pairwise cross-correlations of the modulus of all oriented sub-bands at the same scale (size QxQ)
 56.793278 52.114960 46.564140 52.907757,
 52.114960 58.420795 52.861599 50.618587,
 46.564140 52.861599 58.098015 53.677971,
 52.907757 50.618587 53.677971 59.870285,
 54.525673 47.798874 45.532986 48.861679,
 47.798874 51.692543 48.052029 44.427288,
 45.532986 48.052029 53.553020 47.995056,
 48.861679 44.427288 47.995056 52.917938,

Cross-correlations of the modulus of all oriented sub-bands with all oriented sub-bands at the coarser scale (size QxQ)
 48.538200 45.296787 43.152668 45.301563,
 47.213287 48.935238 46.831055 44.066425,
 43.633621 45.611835 49.178139 45.962151,
 48.015404 44.917309 48.108444 50.098160,
 23.189049 21.653708 21.945177 23.462019,
 21.572880 22.247910 22.255728 22.070251,
 21.310940 22.072641 23.405081 23.536182,
 22.176710 20.726021 22.634905 24.395578,

Cross-correlations of the real part of each oriented sub-band with both the real and imaginary part of all phase-doubled oriented sub-bands at the next coarser scale (Q matrices of size 1x2Q, which are computed and stored in a matrix of size Qx2Q)
 -19.787830 -8.787799 -0.765658 -9.309856 -0.034610 0.023039 -0.007898 0.006881,
 -8.505631 -20.259312 -8.773843 -0.806477 -0.081996 -0.056355 -0.080027 -0.011171,
 -0.790902 -8.995563 -20.080799 -9.162663 -0.018620 -0.073354 -0.203256 -0.065559,
 -8.780262 -0.881251 -8.708018 -21.298395 0.006197 0.002492 -0.080714 -0.061350,
 -10.155896 -4.219521 -0.490806 -4.830338 -0.092149 0.030670 0.013485 0.044525,
 -4.312545 -9.511075 -4.712934 -0.471779 -0.043275 0.120346 -0.099334 -0.037366,
 -0.479045 -4.306530 -10.704683 -4.683534 -0.018118 0.105177 0.076002 0.198049,
 -4.848233 -0.459347 -4.876822 -10.733260 -0.032780 0.009218 0.276432 0.320136,
