Low-band skewness and kurtosis
 -11.336539 145.030426,
 -6.908547 57.373180,
 -3.665670 19.220753,
 -0.596234 4.990164,

High-band variance
 17.501244,

Skewness, kurtosis, variance, mean, maximum and minimum of the reconstructed texture
 -11.426405 137.988159 329.229675 253.291916 255.000000 0.000000,

Auto-correlations of the low-frequency bands at each scale
 0.810174 -0.180760 3.393945 5.261528 0.290149 -2.777210 0.922496 -1.783293 13.406538 55.829941 80.930229 54.449722 11.859025 -2.991316 -0.380065 53.992207 164.636856 226.607697 164.745255 53.836479 -1.413191 1.640473 79.231140 226.314209 306.982941 226.314209 79.231148 1.640473 -1.413191 53.836468 164.745285 226.607697 164.636841 53.992207 -0.380065 -2.991316 11.859022 54.449722 80.930222 55.829933 13.406538 -1.783292 0.922496 -2.777210 0.290150 5.261529 3.393945 -0.180760 0.810174,
 8.498896 1.023949 -4.688988 -5.737092 -4.229228 2.711497 8.387137 2.764825 -10.432719 -3.839539 7.164811 -4.865651 -10.487789 3.738791 -5.715874 -5.711230 53.003647 98.989166 51.800255 -5.876920 -3.244999 -6.822204 4.435989 97.652367 166.079620 97.652367 4.435989 -6.822205 -3.245000 -5.876919 51.800255 98.989166 53.003651 -5.711230 -5.715875 3.738792 -10.487790 -4.865650 7.164811 -3.839539 -10.432719 2.764825 8.387139 2.711497 -4.229227 -5.737092 -4.688988 1.023949 8.498895,
 4.532179 2.113764 -0.502006 -2.450555 -1.315218 2.475529 2.898405 5.107061 -1.615056 -2.595803 -0.412374 -1.906145 -0.620831 2.498977 2.215738 -1.166212 15.086910 29.827168 16.186243 -0.353238 0.229366 -0.550805 1.306902 30.437798 52.811874 30.437798 1.306902 -0.550805 0.229366 -0.353238 16.186241 29.827168 15.086910 -1.166212 2.215739 2.498977 -0.620830 -1.906145 -0.412374 -2.595803 -1.615056 5.107060 2.898405 2.475528 -1.315218 -2.450555 -0.502007 2.113764 4.532179,
 0.619473 0.706160 0.696445 0.438483 0.002032 0.201535 0.686473 0.700542 0.268461 0.319699 0.516397 0.224172 0.669459 1.373821 0.667740 0.472661 2.289545 4.071384 2.940351 1.602519 1.490547 1.069895 1.567282 4.511442 6.821192 4.511443 1.567282 1.069895 1.490547 1.602519 2.940351 4.071384 2.289545 0.472661 0.667740 1.373821 0.669459 0.224172 0.516397 0.319699 0.268461 0.700542 0.686473 0.201535 0.002032 0.438483 0.696445 0.706160 0.619473,

Auto-correlations of the modulus of each oriented sub-band
 14.739244 16.279581 17.391989 17.864323 17.588909 16.640888 15.204601 25.070814 29.128700 32.034096 33.128395 32.135448 29.344376 25.406351 36.108154 43.041100 48.033966 49.866779 48.039112 43.089016 36.238174 41.015835 49.233162 55.192516 57.394478 55.192516 49.233162 41.015831 36.238174 43.089005 48.039112 49.866779 48.033966 43.041107 36.108154 25.406351 29.344370 32.135448 33.128395 32.034092 29.128700 25.070814 15.204601 16.640888 17.588909 17.864323 17.391989 16.279583 14.739244,
 29.756916 34.279362 34.264599 29.363329 21.704128 14.342681 9.228334 34.437973 42.950352 46.377834 42.729149 33.553417 22.868668 14.282537 34.367046 46.453209 54.459732 54.405521 46.119938 33.511692 21.580839 29.305603 42.743996 54.427708 59.128162 54.427708 42.743999 29.305603 21.580837 33.511692 46.119934 54.405521 54.459732 46.453213 34.367046 14.282537 22.868668 33.553413 42.729149 46.377834 42.950352 34.437965 9.228335 14.342681 21.704130 29.363329 34.264603 34.279362 29.756916,
 13.824396 24.500406 35.813080 40.753681 35.817398 24.775826 14.460664 15.460404 28.600443 42.792477 49.089916 42.843819 28.842594 15.918675 16.633200 31.554533 47.843418 55.132824 47.894573 31.702234 16.874567 17.138340 32.691463 49.728390 57.367596 49.728390 32.691463 17.138340 16.874565 31.702230 47.894566 55.132824 47.843418 31.554533 16.633200 15.918675 28.842598 42.843826 49.089916 42.792477 28.600445 15.460404 14.460664 24.775827 35.817406 40.753681 35.813076 24.500406 13.824396,
 8.941327 14.006311 21.254784 28.877319 33.889431 34.106907 29.737413 13.927288 22.349463 32.912235 42.111401 45.902760 42.643848 34.260822 21.148899 32.882435 45.418949 53.773632 53.921612 45.994194 34.022846 28.862289 42.142048 53.794861 58.519573 53.794861 42.142048 28.862286 34.022846 45.994186 53.921616 53.773632 45.418945 32.882439 21.148895 34.260826 42.643841 45.902760 42.111397 32.912235 22.349466 13.927286 29.737413 34.106907 33.889431 28.877317 21.254782 14.006311 8.941327,
 11.162518 11.698513 12.279463 12.562506 12.280145 11.454273 10.283635 17.756380 21.832899 25.331276 26.730534 25.277773 21.613752 17.147743 26.258211 35.476330 43.282761 46.394852 43.273685 35.453579 26.148006 30.594067 42.403378 52.395794 56.396255 52.395802 42.403378 30.594067 26.148006 35.453571 43.273682 46.394852 43.282768 35.476330 26.258209 17.147743 21.613749 25.277773 26.730534 25.331278 21.832899 17.756376 10.283635 11.454274 12.280145 12.562506 12.279463 11.698513 11.162517,
 18.022966 21.316214 21.413931 17.483402 12.196938 8.491950 6.839550 22.324553 30.532959 34.782585 31.017162 21.823336 13.364504 8.809175 22.493692 35.164391 45.895077 46.331589 35.664623 22.007490 12.721871 18.254932 31.347330 46.391052 53.413143 46.391060 31.347330 18.254932 12.721869 22.007486 35.664619 46.331585 45.895081 35.164391 22.493690 8.809175 13.364504 21.823332 31.017164 34.782585 30.532961 22.324551 6.839551 8.491949 12.196938 17.483398 21.413933 21.316214 18.022966,
 9.356732 15.083464 23.799303 28.454657 24.222992 15.897704 10.203150 10.656481 19.544794 32.965389 40.009335 33.273434 20.190086 11.293896 11.700342 23.336044 40.754074 49.858440 40.902779 23.675795 12.032701 12.202927 24.947203 43.904408 53.826141 43.904411 24.947206 12.202927 12.032702 23.675798 40.902775 49.858433 40.754074 23.336044 11.700340 11.293898 20.190084 33.273434 40.009335 32.965393 19.544794 10.656479 10.203150 15.897704 24.222992 28.454659 23.799303 15.083466 9.356732,
 6.627402 8.075338 12.126078 18.022715 22.442923 22.366056 18.334635 8.509352 13.374117 22.439562 32.183121 36.232101 31.806356 22.719999 12.737880 22.735764 36.938526 47.848530 47.549522 36.606224 23.078341 18.717537 32.653618 48.028160 55.024261 48.028168 32.653618 18.717537 23.078341 36.606224 47.549522 47.848530 36.938526 22.735764 12.737880 22.720003 31.806353 36.232101 32.183121 22.439562 13.374118 8.509352 18.334637 22.366056 22.442919 18.022715 12.126080 8.075336 6.627402,
 4.397120 4.208719 4.070622 3.998799 3.930507 3.804060 3.584560 5.687043 6.271794 6.799321 6.931746 6.456739 5.559045 4.582744 7.572247 9.627406 11.587374 12.307971 11.198790 8.955714 6.713514 8.229409 11.160076 14.116308 15.442164 14.116310 11.160075 8.229409 6.713514 8.955714 11.198790 12.307970 11.587374 9.627404 7.572247 4.582744 5.559045 6.456739 6.931746 6.799320 6.271794 5.687043 3.584560 3.804061 3.930506 3.998799 4.070622 4.208719 4.397120,
 6.804185 7.291893 7.208868 6.206895 4.852025 3.837833 3.285591 8.033909 9.829128 10.879316 9.899371 7.449502 5.208578 3.944904 8.261902 11.368874 14.312250 14.496013 11.479870 7.746731 5.343951 7.112441 10.446883 14.661727 16.742872 14.661727 10.446883 7.112441 5.343951 7.746731 11.479870 14.496012 14.312250 11.368874 8.261902 3.944904 5.208578 7.449502 9.899371 10.879316 9.829125 8.033909 3.285591 3.837833 4.852025 6.206894 7.208868 7.291892 6.804185,
 4.724995 5.616096 7.184400 7.935359 6.677510 4.805098 3.725207 4.985393 6.527626 9.524972 11.217553 9.161695 5.886514 4.067398 5.105452 7.322196 11.724196 14.376183 11.528758 6.956601 4.530013 4.944642 7.532311 12.596400 15.746457 12.596400 7.532310 4.944642 4.530013 6.956601 11.528758 14.376183 11.724196 7.322195 5.105452 4.067398 5.886515 9.161695 11.217553 9.524972 6.527625 4.985393 3.725207 4.805098 6.677510 7.935359 7.184400 5.616096 4.724994,
 4.132334 4.054722 4.405151 5.403973 6.307901 6.256417 5.402573 4.269020 4.715152 6.348057 8.664731 9.660335 8.373714 6.097709 4.696899 6.475997 9.951637 13.086664 12.875197 9.605425 6.169149 5.496952 8.696044 13.069003 15.330659 13.069003 8.696044 5.496952 6.169150 9.605426 12.875197 13.086665 9.951637 6.475997 4.696899 6.097709 8.373714 9.660335 8.664730 6.348058 4.715152 4.269020 5.402573 6.256417 6.307901 5.403974 4.405151 4.054722 4.132333,

Pairwise cross-correlations of the modulus of all oriented sub-bands at the same scale (size QxQ)
 57.394474 52.599487 45.667252 52.329552,
 52.599487 59.128166 52.831890 49.835339,
 45.667252 52.831890 57.367565 52.390266,
 52.329552 49.835339 52.390266 58.519588,
 56.396244 50.544846 47.483055 51.803894,
 50.544846 53.413139 49.230141 46.994179,
 47.483055 49.230141 53.826134 50.108921,
 51.803894 46.994179 50.108921 55.024261,

Cross-correlations of the modulus of all oriented sub-bands with all oriented sub-bands at the coarser scale (size QxQ)
 51.672165 46.671749 43.367619 47.649605,
 49.676109 51.233921 48.412167 46.320648,
 44.887325 46.672318 50.077682 47.528191,
 49.265167 45.054375 48.042473 51.735809,
 23.219292 23.562853 21.242323 22.069931,
 21.128098 23.640751 21.536175 19.980234,
 19.970552 22.664511 22.738848 21.169670,
 21.609108 22.262312 22.113951 22.699926,

Cross-correlations of the real part of each oriented sub-band with both the real and imaginary part of all phase-doubled oriented sub-bands at the next coarser scale (Q matrices of size 1x2Q, which are computed and stored in a matrix of size Qx2Q)
 -22.202927 -9.856137 -0.710829 -9.957072 -0.294061 0.087941 -0.025586 0.012386,
 -9.448246 -22.765213 -9.224162 -0.753854 -0.024571 0.322250 0.091008 -0.004874,
 -0.716599 -9.733650 -21.391394 -9.648398 0.003516 0.169705 0.082239 -0.100163,
 -9.672420 -0.762348 -9.226631 -22.697739 -0.185796 0.000673 -0.080343 -0.129771,
 -12.440800 -5.433984 -0.533581 -5.172689 -0.072800 0.027704 -0.017450 0.023836,
 -5.564406 -12.168829 -5.420699 -0.492641 0.013928 0.058189 0.144944 0.002148,
 -0.514435 -5.308502 -12.209473 -5.326190 0.004753 0.100361 0.191684 -0.050652,
 -5.365604 -0.498201 -5.387089 -11.965877 -0.045354 0.030954 -0.033212 -0.053463,
