Low-band skewness and kurtosis
 -11.303750 144.403763,
 -6.664144 51.834171,
 -3.563292 17.537649,
 -0.713680 7.105360,

High-band variance
 17.624687,

Skewness, kurtosis, variance, mean, maximum and minimum of the reconstructed texture
 -11.382019 136.984329 330.526520 253.281113 255.000000 0.000000,

Auto-correlations of the low-frequency bands at each scale
 0.770785 -0.555267 1.954147 3.405669 -1.516353 -4.537311 -0.305399 -4.505472 11.255369 53.582523 78.190819 51.197186 9.641199 -1.565576 -2.865126 51.391518 163.514130 226.098358 162.795624 51.778294 0.868792 1.807597 77.027664 225.805466 308.105377 225.805466 77.027664 1.807597 0.868791 51.778290 162.795624 226.098343 163.514130 51.391510 -2.865127 -1.565576 9.641199 51.197186 78.190819 53.582527 11.255369 -4.505472 -0.305400 -4.537309 -1.516352 3.405669 1.954146 -0.555268 0.770785,
 9.859975 5.740681 -1.662758 -6.567575 -8.035116 -1.779597 4.632737 6.556541 -8.740821 -5.169367 4.697152 -7.061245 -12.686973 0.443250 -1.133072 -4.980960 50.557705 97.046745 52.185986 -4.303410 -3.494854 -4.002458 6.403796 97.031746 164.338440 97.031746 6.403797 -4.002457 -3.494854 -4.303410 52.185986 97.046745 50.557705 -4.980960 -1.133072 0.443250 -12.686973 -7.061245 4.697152 -5.169367 -8.740822 6.556540 4.632737 -1.779596 -8.035116 -6.567575 -1.662757 5.740681 9.859975,
 4.735737 2.535995 -0.050158 0.846582 1.912686 3.948265 6.973063 3.723840 -1.254900 -1.246396 1.971547 -1.931033 -2.652621 4.070212 4.879081 1.661550 16.722691 29.874962 13.584008 -2.325167 3.036297 4.608446 3.253963 29.723827 51.758743 29.723827 3.253963 4.608446 3.036297 -2.325167 13.584010 29.874962 16.722691 1.661550 4.879081 4.070212 -2.652620 -1.931032 1.971547 -1.246396 -1.254900 3.723839 6.973064 3.948265 1.912687 0.846582 -0.050158 2.535995 4.735737,
 1.044670 1.214417 0.836760 0.573025 1.118043 1.565091 1.256903 1.819347 1.222628 0.569242 0.384001 0.506279 1.153268 1.763810 0.999175 0.541999 2.331682 4.095430 2.493127 0.563854 0.670680 -0.089594 0.282025 4.202901 7.204760 4.202901 0.282025 -0.089594 0.670680 0.563854 2.493127 4.095430 2.331682 0.541999 0.999175 1.763810 1.153268 0.506280 0.384001 0.569242 1.222628 1.819347 1.256903 1.565091 1.118043 0.573025 0.836759 1.214417 1.044670,

Auto-correlations of the modulus of each oriented sub-band
 15.514410 16.895275 17.853399 18.155338 17.682487 16.516895 14.873907 25.831905 29.923384 32.913483 34.097233 33.140888 30.283701 26.173597 37.189083 44.316189 49.520073 51.548756 49.838951 44.850113 37.790203 42.574841 51.043800 57.153034 59.403061 57.153023 51.043808 42.574841 37.790203 44.850109 49.838951 51.548767 49.520073 44.316189 37.189083 26.173597 30.283697 33.140888 34.097233 32.913483 29.923389 25.831905 14.873907 16.516895 17.682487 18.155338 17.853399 16.895277 15.514408,
 29.763870 34.323338 34.182274 29.092575 21.368612 14.080630 9.022756 34.282974 42.933937 46.425411 42.634212 33.322788 22.697296 14.325398 34.198555 46.369530 54.592690 54.537418 46.057358 33.377213 21.665394 29.265228 42.622635 54.515060 59.370789 54.515060 42.622635 29.265223 21.665390 33.377213 46.057365 54.537411 54.592690 46.369537 34.198555 14.325398 22.697294 33.322792 42.634212 46.425411 42.933941 34.282974 9.022756 14.080630 21.368614 29.092575 34.182274 34.323338 29.763870,
 15.598635 26.036077 37.305328 42.303143 37.106735 25.478556 14.630079 16.962139 29.994070 44.280346 50.702858 44.192066 29.653389 16.314528 17.849859 32.780228 49.278545 56.738541 49.252491 32.624249 17.530704 18.071009 33.751808 51.105980 58.952900 51.105980 33.751816 18.071009 17.530704 32.624245 49.252491 56.738533 49.278545 32.780231 17.849857 16.314529 29.653383 44.192066 50.702858 44.280346 29.994072 16.962137 14.630079 25.478550 37.106739 42.303143 37.305328 26.036081 15.598632,
 10.153370 15.007532 22.232182 29.900742 34.914024 34.979446 30.293297 15.342727 23.868351 34.597141 43.903763 47.686699 44.242443 35.503452 22.919231 34.942543 47.696590 56.127888 56.240349 48.120495 35.792431 30.818417 44.446934 56.298172 61.065178 56.298172 44.446934 30.818417 35.792431 48.120495 56.240356 56.127888 47.696583 34.942543 22.919231 35.503452 44.242439 47.686707 43.903755 34.597137 23.868353 15.342725 30.293297 34.979446 34.914032 29.900745 22.232182 15.007532 10.153370,
 11.769940 12.443705 12.829560 12.671192 11.949169 10.978206 10.155228 18.182171 21.881216 24.912495 25.774927 23.886654 20.133614 16.114428 26.264086 34.874790 42.281277 45.048607 41.658249 33.842041 25.010237 29.937117 41.192871 51.034161 55.050419 51.034161 41.192871 29.937117 25.010233 33.842041 41.658249 45.048607 42.281277 34.874790 26.264086 16.114426 20.133614 23.886650 25.774927 24.912497 21.881216 18.182173 10.155228 10.978207 11.949169 12.671192 12.829560 12.443705 11.769940,
 18.590130 22.671024 22.940096 18.636162 12.909238 9.149074 8.015682 22.952082 31.908379 36.482216 32.408611 22.546209 13.565418 9.114122 23.216831 36.402077 47.459316 47.815529 36.722832 22.503736 12.960730 18.824060 32.308182 47.719017 54.839813 47.719025 32.308182 18.824060 12.960728 22.503738 36.722828 47.815529 47.459316 36.402081 23.216827 9.114122 13.565417 22.546207 32.408611 36.482224 31.908381 22.952082 8.015681 9.149074 12.909238 18.636162 22.940100 22.671024 18.590132,
 11.896459 17.531862 25.810558 30.101974 25.670559 16.953783 10.912005 13.188796 21.824951 34.643154 41.218033 34.282158 20.917704 11.933121 13.969953 25.299595 42.214897 50.935013 41.945847 24.646536 13.098196 13.922216 26.430059 45.168785 54.891933 45.168785 26.430059 13.922216 13.098196 24.646536 41.945847 50.935013 42.214897 25.299595 13.969953 11.933121 20.917706 34.282158 41.218033 34.643154 21.824951 13.188796 10.912005 16.953783 25.670555 30.101974 25.810562 17.531862 11.896459,
 9.457753 10.715786 13.931187 18.696844 22.097044 21.369450 17.502977 11.124022 14.915492 22.652924 31.340256 34.601078 29.794722 21.379704 14.178979 22.587938 35.653389 46.065952 45.301266 34.326820 21.949577 18.631113 31.020124 45.856480 52.943005 45.856483 31.020128 18.631109 21.949577 34.326813 45.301266 46.065948 35.653393 22.587942 14.178978 21.379707 29.794720 34.601074 31.340260 22.652925 14.915493 11.124021 17.502977 21.369450 22.097044 18.696844 13.931188 10.715786 9.457751,
 5.491299 5.801769 6.050536 6.172591 6.156312 6.051993 5.907352 6.509341 7.454741 8.318827 8.713828 8.458418 7.742713 6.920097 8.343259 10.477758 12.467346 13.339869 12.588357 10.688430 8.601128 9.468780 12.292742 14.944789 16.073511 14.944792 12.292742 9.468780 8.601128 10.688430 12.588357 13.339869 12.467346 10.477757 8.343258 6.920097 7.742713 8.458417 8.713826 8.318827 7.454741 6.509340 5.907352 6.051993 6.156311 6.172591 6.050536 5.801769 5.491299,
 4.921263 5.953641 6.252742 5.666756 4.844416 4.353874 4.315223 5.640747 7.551516 8.735649 8.025218 6.310341 5.039669 4.556146 5.991151 8.683188 11.449175 11.622753 9.044234 6.334851 4.970863 5.591464 8.040171 11.677393 13.653863 11.677393 8.040169 5.591463 4.970863 6.334851 9.044235 11.622753 11.449176 8.683188 5.991151 4.556146 5.039670 6.310340 8.025217 8.735647 7.551516 5.640747 4.315224 4.353874 4.844416 5.666756 6.252742 5.953640 4.921263,
 6.264669 7.372898 8.717414 9.468565 8.695162 7.296322 6.458626 6.416151 8.093664 10.703980 12.239701 10.710819 8.016521 6.507341 6.504766 8.717119 12.598626 14.960382 12.629462 8.679367 6.538729 6.542780 8.965650 13.424388 16.147745 13.424388 8.965649 6.542780 6.538730 8.679369 12.629462 14.960382 12.598626 8.717119 6.504766 6.507342 8.016521 10.710819 12.239701 10.703980 8.093662 6.416150 6.458626 7.296323 8.695162 9.468565 8.717415 7.372897 6.264669,
 5.735076 6.017530 6.578666 7.469367 8.163666 8.171070 7.692563 6.009820 6.820551 8.406385 10.336514 11.103131 10.088117 8.461417 6.805599 8.598125 11.668182 14.356352 14.126999 11.351796 8.627653 7.896157 10.639855 14.456962 16.465485 14.456962 10.639855 7.896157 8.627653 11.351798 14.127000 14.356352 11.668180 8.598125 6.805599 8.461417 10.088117 11.103131 10.336514 8.406385 6.820549 6.009821 7.692563 8.171071 8.163666 7.469367 6.578665 6.017529 5.735076,

Pairwise cross-correlations of the modulus of all oriented sub-bands at the same scale (size QxQ)
 59.403046 53.772110 47.308289 54.829838,
 53.772110 59.370785 53.621254 51.290695,
 47.308289 53.621254 58.952862 54.230228,
 54.829838 51.290695 54.230228 61.065163,
 55.050415 50.135101 46.959167 49.977928,
 50.135101 54.839809 50.911255 46.902161,
 46.959167 50.911255 54.891933 49.257961,
 49.977928 46.902161 49.257961 52.943001,

Cross-correlations of the modulus of all oriented sub-bands with all oriented sub-bands at the coarser scale (size QxQ)
 51.417595 47.851215 44.892025 47.027622,
 49.076206 51.540005 48.764950 45.266136,
 45.034889 47.808788 51.109062 47.021465,
 49.650127 46.582352 49.548187 51.534004,
 23.198908 19.957914 21.473402 23.323795,
 22.246262 20.750769 22.367226 22.221069,
 21.266394 20.041592 23.608004 23.077229,
 22.154030 18.835646 22.073477 23.912806,

Cross-correlations of the real part of each oriented sub-band with both the real and imaginary part of all phase-doubled oriented sub-bands at the next coarser scale (Q matrices of size 1x2Q, which are computed and stored in a matrix of size Qx2Q)
 -22.297138 -9.944510 -0.742655 -10.175028 0.045670 -0.012305 0.002655 0.022520,
 -9.533068 -23.282152 -9.999600 -0.813955 0.034267 -0.049812 -0.059810 0.004193,
 -0.714211 -10.256336 -22.548923 -9.851147 -0.007124 -0.022770 -0.185315 -0.019892,
 -9.577102 -0.861121 -9.407210 -23.298180 -0.014352 -0.009684 -0.072681 -0.019864,
 -11.283711 -4.957251 -0.473662 -5.210071 0.382972 0.104885 -0.021429 0.036444,
 -4.788502 -10.982359 -4.873842 -0.523800 0.117643 0.044506 0.100155 0.019391,
 -0.445954 -4.896996 -11.816853 -5.444417 0.012393 -0.000148 0.012667 -0.135863,
 -5.161551 -0.534741 -5.604835 -11.802136 0.186883 0.016024 -0.155973 -0.149627,
