Low-band skewness and kurtosis
 -11.291566 144.065353,
 -6.717739 53.245216,
 -3.553480 17.169764,
 -0.839811 7.062936,

High-band variance
 17.699320,

Skewness, kurtosis, variance, mean, maximum and minimum of the reconstructed texture
 -11.382019 136.984329 330.526520 253.281113 255.000000 0.000000,

Auto-correlations of the low-frequency bands at each scale
 4.486097 1.127148 1.292318 2.997300 1.104372 0.717930 4.239494 -0.223559 14.002416 54.307285 78.594437 52.890457 11.484405 -2.735923 -1.396813 53.364067 164.446518 226.341751 163.200684 51.077351 -3.779507 -1.161802 76.856064 226.020004 307.989685 226.020004 76.856064 -1.161802 -3.779508 51.077347 163.200684 226.341751 164.446518 53.364067 -1.396812 -2.735924 11.484404 52.890450 78.594444 54.307274 14.002417 -0.223558 4.239494 0.717930 1.104372 2.997300 1.292317 1.127149 4.486097,
 6.170338 0.375320 -5.727684 -5.835679 -4.111998 0.392755 6.376184 2.668011 -9.458998 -3.506214 8.369301 -2.557703 -10.516809 1.359977 -4.911374 -5.033434 52.596996 98.666023 52.429062 -6.164500 -5.464157 -7.647728 3.673000 96.083656 163.913086 96.083656 3.673000 -7.647728 -5.464158 -6.164500 52.429062 98.666023 52.597000 -5.033434 -4.911373 1.359977 -10.516809 -2.557703 8.369302 -3.506215 -9.458998 2.668011 6.376184 0.392755 -4.111998 -5.835678 -5.727685 0.375321 6.170338,
 3.918300 3.772849 0.448442 -1.819360 -1.436811 1.024437 3.589340 1.878889 -2.271399 -2.258215 -0.272599 -3.328882 -2.811041 3.154257 -2.217214 -4.129352 14.349739 29.962305 14.760076 -2.305669 0.945585 -2.013717 -0.925413 29.731588 53.526558 29.731588 -0.925413 -2.013717 0.945585 -2.305668 14.760076 29.962303 14.349739 -4.129352 -2.217214 3.154257 -2.811041 -3.328882 -0.272599 -2.258215 -2.271399 1.878889 3.589341 1.024437 -1.436811 -1.819360 0.448442 3.772849 3.918299,
 0.969899 1.576095 1.189313 0.031805 0.002085 1.160734 1.556613 0.841682 1.143921 1.005630 0.466244 -0.225082 0.094224 0.886486 0.286093 0.472790 2.719326 4.416159 2.099445 -0.242879 0.242828 -0.000474 0.174581 4.207114 7.424062 4.207114 0.174581 -0.000474 0.242828 -0.242879 2.099445 4.416160 2.719327 0.472790 0.286093 0.886486 0.094224 -0.225082 0.466244 1.005630 1.143921 0.841682 1.556613 1.160734 0.002085 0.031805 1.189313 1.576095 0.969899,

Auto-correlations of the modulus of each oriented sub-band
 14.665136 16.430950 17.645990 18.099070 17.696306 16.537266 14.840235 24.859928 29.102242 32.115932 33.228107 32.153091 29.182896 24.993467 35.852577 43.021706 48.188957 50.103035 48.230862 43.100113 35.960049 40.828339 49.356583 55.526760 57.802452 55.526760 49.356590 40.828339 35.960052 43.100113 48.230862 50.103035 48.188957 43.021713 35.852573 24.993467 29.182892 32.153095 33.228107 32.115932 29.102245 24.859928 14.840235 16.537268 17.696306 18.099070 17.645988 16.430950 14.665137,
 30.129423 34.980263 34.954193 29.892164 22.103275 14.641687 9.297135 34.791100 43.797382 47.375084 43.589954 34.177025 23.275143 14.461872 34.630501 47.252556 55.575256 55.513538 46.978996 34.035652 21.779968 29.516447 43.407413 55.471966 60.325436 55.471966 43.407421 29.516447 21.779968 34.035652 46.978996 55.513546 55.575256 47.252563 34.630501 14.461872 23.275143 34.177025 43.589954 47.375084 43.797386 34.791096 9.297136 14.641687 22.103275 29.892166 34.954193 34.980263 30.129419,
 14.490378 25.255920 36.657562 41.838833 36.980484 25.601986 14.620860 16.049231 29.391222 43.777710 50.306713 44.032597 29.664980 16.169506 17.122004 32.341869 48.904938 56.396194 49.043560 32.489441 17.190176 17.530514 33.466614 50.830563 58.632740 50.830563 33.466614 17.530514 17.190176 32.489441 49.043560 56.396194 48.904938 32.341877 17.122004 16.169504 29.664978 44.032597 50.306713 43.777710 29.391226 16.049229 14.620860 25.601986 36.980488 41.838833 36.657558 25.255922 14.490378,
 9.187073 14.854812 22.728872 30.877016 36.148941 36.218765 31.311558 14.733513 23.901400 35.142422 44.773449 48.629112 45.005013 35.905827 22.402575 34.945301 48.100334 56.720089 56.771088 48.376339 35.639561 30.377768 44.453938 56.625328 61.503807 56.625324 44.453938 30.377768 35.639561 48.376339 56.771088 56.720085 48.100334 34.945297 22.402575 35.905827 45.005013 48.629116 44.773449 35.142422 23.901405 14.733511 31.311562 36.218765 36.148941 30.877016 22.728870 14.854812 9.187073,
 7.903958 9.347737 10.514855 11.090798 10.946805 10.247503 9.305499 14.631772 19.404217 23.400980 25.121008 23.861872 20.294846 15.916047 23.949770 33.463856 41.457321 44.696468 41.680588 33.890121 24.555742 28.745586 40.650127 50.676052 54.669445 50.676064 40.650127 28.745586 24.555742 33.890118 41.680580 44.696468 41.457321 33.463860 23.949770 15.916049 20.294846 23.861870 25.121008 23.400978 19.404217 14.631772 9.305502 10.247503 10.946804 11.090797 10.514857 9.347737 7.903957,
 15.360003 20.088200 20.893990 16.895702 10.983432 6.576031 4.648028 19.180130 28.779142 33.906757 30.398508 20.878496 11.696193 6.516286 19.577568 33.359386 44.791676 45.499451 34.753593 20.538555 10.449055 15.791400 29.791792 45.347454 52.469700 45.347454 29.791792 15.791400 10.449055 20.538555 34.753593 45.499443 44.791679 33.359383 19.577566 6.516286 11.696192 20.878498 30.398508 33.906757 28.779142 19.180130 4.648028 6.576032 10.983432 16.895702 20.893991 20.088200 15.360002,
 6.639860 13.301416 22.018543 26.166073 21.741022 13.403340 7.523708 7.561707 17.501644 31.003428 37.649109 30.849892 17.771753 8.509948 8.513002 21.141081 38.652630 47.463345 38.575695 21.350895 9.118795 9.125481 22.684517 41.691437 51.427307 41.691441 22.684519 9.125481 9.118795 21.350895 38.575691 47.463341 38.652630 21.141081 8.513002 8.509947 17.771753 30.849886 37.649109 31.003431 17.501644 7.561707 7.523709 13.403340 21.741020 26.166073 22.018545 13.301416 6.639860,
 3.883106 6.062023 10.464620 16.219368 20.296310 20.109257 16.402746 5.845346 11.518437 21.005077 30.566847 34.157745 29.481003 20.549459 10.281096 20.960211 35.508888 46.239048 45.513603 34.294205 20.715397 16.333084 30.645855 46.276833 53.356522 46.276833 30.645859 16.333084 20.715397 34.294205 45.513596 46.239052 35.508896 20.960211 10.281096 20.549459 29.481003 34.157738 30.566847 21.005077 11.518437 5.845346 16.402746 20.109257 20.296310 16.219368 10.464620 6.062025 3.883107,
 3.494274 3.677625 3.705400 3.559791 3.383154 3.383980 3.632840 4.497000 5.513025 6.384218 6.677980 6.266775 5.455842 4.704120 6.438580 9.034130 11.453234 12.468886 11.483123 9.139290 6.662022 7.631106 11.119365 14.448910 15.883089 14.448910 11.119364 7.631106 6.662022 9.139291 11.483123 12.468886 11.453234 9.034128 6.438580 4.704120 5.455842 6.266775 6.677979 6.384218 5.513024 4.497000 3.632840 3.383980 3.383155 3.559791 3.705400 3.677625 3.494274,
 4.753471 5.916517 6.062447 4.923440 3.565332 2.967121 3.143004 5.588114 8.162302 9.657313 8.562604 5.908398 3.840480 3.151712 5.762137 9.544827 13.124133 13.333939 9.928518 5.978738 3.805835 4.936429 8.539110 13.338159 15.739928 13.338159 8.539109 4.936429 3.805835 5.978738 9.928518 13.333939 13.124132 9.544826 5.762137 3.151712 3.840480 5.908398 8.562604 9.657312 8.162301 5.588113 3.143004 2.967121 3.565332 4.923440 6.062447 5.916517 4.753470,
 3.507258 4.666873 6.535515 7.487838 6.383554 4.627600 3.762209 3.396146 5.378740 8.915012 10.848354 8.806637 5.410374 3.602170 3.397204 6.122600 11.160191 14.049936 11.111530 6.170399 3.504851 3.447405 6.469326 12.094751 15.422023 12.094750 6.469326 3.447405 3.504851 6.170399 11.111530 14.049937 11.160191 6.122600 3.397203 3.602169 5.410374 8.806638 10.848354 8.915012 5.378740 3.396146 3.762209 4.627600 6.383554 7.487839 6.535515 4.666873 3.507258,
 3.316435 3.384727 3.902374 4.904886 5.729470 5.717863 5.131225 3.418515 4.212636 6.183052 8.620209 9.625165 8.385009 6.278080 4.103274 6.344197 10.227722 13.542171 13.328836 9.981216 6.457354 5.407474 8.977822 13.637606 16.005386 13.637606 8.977822 5.407474 6.457354 9.981216 13.328835 13.542170 10.227721 6.344197 4.103274 6.278080 8.385008 9.625165 8.620209 6.183052 4.212637 3.418514 5.131226 5.717863 5.729471 4.904886 3.902374 3.384727 3.316435,

Pairwise cross-correlations of the modulus of all oriented sub-bands at the same scale (size QxQ)
 57.802467 53.494801 46.628483 54.035217,
 53.494801 60.325443 53.913338 51.864628,
 46.628483 53.913338 58.632744 54.532188,
 54.035217 51.864628 54.532188 61.503807,
 54.669449 49.042923 45.608620 49.473839,
 49.042923 52.469696 47.428822 45.006306,
 45.608620 47.428822 51.427319 48.349049,
 49.473839 45.006306 48.349049 53.356518,

Cross-correlations of the modulus of all oriented sub-bands with all oriented sub-bands at the coarser scale (size QxQ)
 51.049633 46.440037 42.815304 47.000668,
 49.103065 50.971828 47.644123 45.726112,
 44.631588 46.690468 49.359104 46.902954,
 49.782818 45.470932 47.941418 52.060677,
 23.578959 22.427803 20.966372 22.616638,
 21.994646 23.080994 21.500565 20.779680,
 20.431995 21.574352 22.440380 21.779318,
 22.146908 20.885757 21.834415 23.693241,

Cross-correlations of the real part of each oriented sub-band with both the real and imaginary part of all phase-doubled oriented sub-bands at the next coarser scale (Q matrices of size 1x2Q, which are computed and stored in a matrix of size Qx2Q)
 -22.093988 -9.930187 -0.800805 -10.010070 0.029392 0.027104 0.019739 -0.023316,
 -9.673843 -22.568985 -9.054818 -0.740640 -0.000186 0.062240 -0.036004 0.006027,
 -0.838589 -9.449932 -21.149658 -9.779269 -0.004733 0.009239 -0.079868 0.028998,
 -9.625533 -0.774878 -9.377347 -23.127712 0.007944 0.005103 -0.000147 -0.006154,
 -13.033837 -5.478276 -0.505521 -5.632634 -0.129330 -0.043997 0.000021 -0.125572,
 -5.574890 -12.724530 -5.446970 -0.470494 -0.074064 -0.179219 -0.047634 -0.007337,
 -0.485099 -5.586869 -12.099989 -5.262321 -0.024154 -0.110573 -0.027142 0.051049,
 -5.770247 -0.469293 -5.224289 -12.502578 -0.030792 -0.007058 0.025330 -0.066612,
