Low-band skewness and kurtosis
 -11.300344 144.280472,
 -6.719734 52.943584,
 -3.670526 18.972729,
 -0.566349 6.468946,

High-band variance
 17.694712,

Skewness, kurtosis, variance, mean, maximum and minimum of the reconstructed texture
 -11.382019 136.984329 330.526520 253.281113 255.000000 0.000000,

Auto-correlations of the low-frequency bands at each scale
 0.877738 -0.797749 2.120210 5.040576 1.680827 -1.233100 1.810993 -1.930109 12.270054 53.742340 78.878380 52.686150 10.265484 -3.438738 1.357510 53.882305 164.060928 226.085602 163.375565 52.258194 -0.418615 4.298326 79.223900 226.516739 307.979065 226.516739 79.223907 4.298326 -0.418615 52.258194 163.375565 226.085602 164.060928 53.882305 1.357509 -3.438739 10.265481 52.686157 78.878372 53.742329 12.270054 -1.930109 1.810993 -1.233101 1.680828 5.040576 2.120210 -0.797748 0.877737,
 7.855300 1.333820 -5.745893 -8.359992 -6.498002 0.396486 5.076766 3.993950 -10.311707 -4.537069 6.121003 -4.256757 -8.205244 4.632447 -3.956884 -5.207524 52.620201 98.376610 53.344955 -2.001669 -1.139680 -5.744057 6.210711 97.648056 164.687973 97.648071 6.210711 -5.744057 -1.139680 -2.001669 53.344955 98.376610 52.620201 -5.207524 -3.956884 4.632446 -8.205244 -4.256756 6.121003 -4.537070 -10.311707 3.993951 5.076766 0.396486 -6.498001 -8.359991 -5.745893 1.333820 7.855301,
 4.906658 4.091117 2.549178 1.173092 0.203159 3.464202 6.456308 3.497575 -1.046052 -0.698008 1.313259 -2.505991 -1.741085 3.507318 1.148562 -0.738220 15.521702 29.543230 15.259702 -0.191897 1.629936 1.068079 3.199893 30.953514 52.689156 30.953514 3.199893 1.068079 1.629936 -0.191897 15.259702 29.543228 15.521702 -0.738220 1.148562 3.507317 -1.741085 -2.505991 1.313259 -0.698008 -1.046052 3.497575 6.456308 3.464202 0.203159 1.173092 2.549178 4.091117 4.906657,
 0.188264 0.115272 0.121361 0.419912 0.451099 0.585601 1.111182 0.042115 -0.414888 -0.039465 0.777622 0.420979 0.234479 1.052993 0.410951 -0.052300 2.198292 4.538687 2.819480 0.527329 0.851029 0.789872 0.760078 4.467373 7.450710 4.467373 0.760078 0.789872 0.851029 0.527329 2.819479 4.538687 2.198293 -0.052300 0.410951 1.052993 0.234479 0.420979 0.777622 -0.039465 -0.414888 0.042115 1.111182 0.585601 0.451099 0.419912 0.121361 0.115272 0.188264,

Auto-correlations of the modulus of each oriented sub-band
 15.282805 16.811424 17.888868 18.300152 17.958504 16.969341 15.543111 25.735622 29.827181 32.756752 33.866074 32.887379 30.106209 26.172318 37.009647 44.042999 49.101700 50.988285 49.213062 44.276325 37.362625 42.185600 50.531063 56.534855 58.740860 56.534855 50.531067 42.185600 37.362625 44.276321 49.213066 50.988285 49.101688 44.042999 37.009647 26.172318 30.106209 32.887379 33.866074 32.756748 29.827181 25.735620 15.543111 16.969337 17.958504 18.300152 17.888868 16.811424 15.282803,
 29.584103 34.154526 34.044193 29.020817 21.422798 14.295010 9.411916 34.251179 42.850430 46.291874 42.512096 33.301979 22.827145 14.571028 34.237442 46.328743 54.448494 54.355885 45.947647 33.410835 21.796005 29.338879 42.603588 54.368702 59.171024 54.368702 42.603588 29.338879 21.796005 33.410835 45.947647 54.355888 54.448502 46.328751 34.237442 14.571028 22.827145 33.301975 42.512096 46.291874 42.850430 34.251179 9.411917 14.295010 21.422798 29.020821 34.044193 34.154530 29.584101,
 15.201685 26.109406 37.604607 42.785957 37.915211 26.555773 15.700569 16.944830 30.423079 44.885868 51.415054 45.168343 30.825804 17.394211 18.223402 33.538422 50.128300 57.595966 50.297588 33.776974 18.488073 18.784439 34.762405 52.108238 59.859818 52.108238 34.762405 18.784439 18.488073 33.776974 50.297596 57.595966 50.128300 33.538422 18.223398 17.394211 30.825800 45.168343 51.415051 44.885860 30.423080 16.944828 15.700569 26.555769 37.915211 42.785957 37.604607 26.109404 15.201685,
 9.312150 14.410115 21.742977 29.470472 34.473240 34.474251 29.836922 14.646659 23.170784 33.875526 43.206169 46.951023 43.408684 34.756004 22.100014 33.951672 46.672928 55.169064 55.217144 46.994450 34.819874 29.834587 43.253719 55.147449 60.006546 55.147449 43.253719 29.834587 34.819874 46.994446 55.217144 55.169064 46.672928 33.951672 22.100014 34.756012 43.408684 46.951027 43.206169 33.875526 23.170784 14.646659 29.836927 34.474247 34.473240 29.470472 21.742977 14.410117 9.312150,
 8.971520 9.950853 10.721896 10.894917 10.284275 9.166583 8.046152 15.891887 20.098421 23.649353 24.981108 23.348059 19.549862 15.222178 25.087181 34.060329 41.750206 44.797489 41.566494 33.734299 24.699301 29.461962 40.899155 50.797436 54.828213 50.797436 40.899155 29.461962 24.699306 33.734299 41.566494 44.797489 41.750210 34.060329 25.087177 15.222178 19.549862 23.348055 24.981112 23.649353 20.098421 15.891887 8.046151 9.166583 10.284275 10.894917 10.721896 9.950853 8.971520,
 17.385452 21.518879 22.140854 18.400854 12.858549 8.560698 6.357156 21.680632 30.526489 35.166821 31.625530 22.362696 13.489711 8.419303 22.279417 35.362907 46.238510 46.769802 36.201946 22.378836 12.654596 18.322903 31.779119 46.843357 53.775124 46.843357 31.779119 18.322903 12.654596 22.378834 36.201942 46.769794 46.238514 35.362907 22.279413 8.419303 13.489711 22.362694 31.625530 35.166821 30.526491 21.680632 6.357156 8.560698 12.858550 18.400854 22.140854 21.518879 17.385448,
 10.271247 15.739198 23.587362 27.447311 22.978569 14.418050 8.378132 11.064080 19.699289 32.430599 38.754375 31.837183 18.683630 9.653649 11.576098 23.034117 40.127552 48.797127 39.719410 22.466576 10.818365 11.529719 24.187067 43.092918 52.947250 43.092922 24.187067 11.529719 10.818365 22.466576 39.719402 48.797127 40.127556 23.034119 11.576099 9.653648 18.683630 31.837181 38.754379 32.430603 19.699289 11.064081 8.378131 14.418050 22.978569 27.447309 23.587362 15.739199 10.271247,
 7.335257 8.670929 12.269189 17.627239 21.390394 20.802757 16.974775 8.927961 13.323046 21.868862 31.165131 34.720741 30.032438 21.386814 12.793362 22.100559 35.812649 46.419159 45.822933 34.938847 22.066126 18.249790 31.441528 46.450047 53.406216 46.450047 31.441528 18.249790 22.066126 34.938847 45.822926 46.419155 35.812653 22.100559 12.793362 21.386814 30.032438 34.720737 31.165129 21.868866 13.323048 8.927961 16.974775 20.802757 21.390390 17.627239 12.269191 8.670928 7.335258,
 4.104147 4.039620 4.034511 4.087382 4.150019 4.180028 4.120892 5.246976 5.840120 6.473935 6.779697 6.508281 5.792128 4.961731 6.865512 8.865561 10.865197 11.764582 10.921180 8.867476 6.686488 7.705009 10.601531 13.470670 14.734750 13.470670 10.601531 7.705009 6.686489 8.867476 10.921182 11.764582 10.865199 8.865561 6.865511 4.961731 5.792128 6.508281 6.779697 6.473935 5.840120 5.246976 4.120891 4.180028 4.150019 4.087382 4.034511 4.039620 4.104148,
 5.113640 5.885302 5.925167 4.957887 3.884027 3.487435 3.539904 6.168782 8.144560 9.339674 8.309397 5.931556 4.159383 3.526277 6.405282 9.556158 12.701621 12.873032 9.707415 6.147238 4.202717 5.489678 8.636285 12.969973 15.219365 12.969973 8.636285 5.489677 4.202717 6.147238 9.707415 12.873032 12.701621 9.556158 6.405282 3.526277 4.159383 5.931556 8.309396 9.339674 8.144559 6.168781 3.539904 3.487435 3.884027 4.957887 5.925166 5.885301 5.113640,
 4.137823 5.327127 7.251390 8.226809 7.040642 5.224238 4.225512 4.414306 6.434310 9.831715 11.698210 9.690368 6.317791 4.351017 4.602377 7.447432 12.274965 15.016794 12.210985 7.369677 4.510211 4.629072 7.843346 13.298700 16.446774 13.298700 7.843346 4.629072 4.510211 7.369677 12.210986 15.016794 12.274967 7.447433 4.602377 4.351016 6.317790 9.690368 11.698209 9.831715 6.434311 4.414306 4.225512 5.224238 7.040642 8.226809 7.251390 5.327127 4.137823,
 3.681629 3.746500 4.268741 5.265402 6.209095 6.336596 5.523419 3.907735 4.533582 6.249144 8.449526 9.469958 8.360590 6.162181 4.455458 6.383284 9.837358 12.859716 12.705814 9.571768 6.199989 5.419074 8.657964 12.961811 15.154826 12.961811 8.657964 5.419074 6.199990 9.571768 12.705814 12.859716 9.837357 6.383283 4.455458 6.162181 8.360590 9.469958 8.449525 6.249144 4.533582 3.907735 5.523419 6.336596 6.209094 5.265402 4.268741 3.746500 3.681629,

Pairwise cross-correlations of the modulus of all oriented sub-bands at the same scale (size QxQ)
 58.740833 53.455349 47.425274 53.788883,
 53.455349 59.170994 53.737038 50.650082,
 47.425274 53.737038 59.859810 54.281456,
 53.788883 50.650082 54.281456 60.006561,
 54.828213 49.639572 45.473877 49.806561,
 49.639572 53.775124 48.839523 46.429352,
 45.473877 48.839523 52.947243 48.887234,
 49.806561 46.429352 48.887234 53.406204,

Cross-correlations of the modulus of all oriented sub-bands with all oriented sub-bands at the coarser scale (size QxQ)
 51.248245 47.066387 43.437218 47.265907,
 48.870434 50.990501 47.580566 45.546078,
 45.040165 47.661427 50.317654 47.684288,
 49.200672 45.630859 47.763622 51.482773,
 22.202805 21.775181 21.998306 22.022818,
 21.224771 22.517092 22.782984 20.558228,
 19.327885 20.985174 23.761950 21.404514,
 20.884689 20.436670 22.866219 22.819901,

Cross-correlations of the real part of each oriented sub-band with both the real and imaginary part of all phase-doubled oriented sub-bands at the next coarser scale (Q matrices of size 1x2Q, which are computed and stored in a matrix of size Qx2Q)
 -22.106775 -10.046144 -0.749143 -9.911387 0.001745 0.015195 -0.004174 0.005070,
 -9.541036 -23.031464 -9.710515 -0.836435 -0.074011 0.113145 -0.011024 0.005110,
 -0.726546 -9.920107 -22.581320 -9.701876 -0.019805 0.059346 0.030091 0.006599,
 -9.464904 -0.866688 -9.675368 -22.584846 0.024477 0.007824 0.022831 -0.017170,
 -11.564246 -4.997281 -0.446805 -5.233704 -0.214252 -0.044928 -0.001220 0.074809,
 -4.964037 -12.037511 -5.381373 -0.475128 -0.143666 0.073531 -0.161097 0.005062,
 -0.472072 -5.578612 -12.206798 -5.520491 0.008366 -0.003592 -0.300609 -0.105405,
 -5.151257 -0.479783 -5.340326 -12.274859 -0.031586 -0.035642 -0.062832 -0.049637,
