Low-band skewness and kurtosis
 -11.290751 144.028534,
 -6.699777 53.034580,
 -3.433214 15.878261,
 -0.899775 6.316398,

High-band variance
 17.655567,

Skewness, kurtosis, variance, mean, maximum and minimum of the reconstructed texture
 -11.382019 136.984329 330.526520 253.281113 255.000000 0.000000,

Auto-correlations of the low-frequency bands at each scale
 -0.149759 -5.095100 -3.773029 -0.229571 -2.236437 -4.349251 -0.301630 -1.612047 10.734989 51.319439 76.862404 51.328777 8.940573 -4.819353 0.203524 53.368366 163.731033 225.857010 163.070236 51.127201 -3.084575 1.118349 78.133430 226.401276 308.046143 226.401245 78.133430 1.118349 -3.084574 51.127201 163.070236 225.857010 163.731018 53.368378 0.203524 -4.819353 8.940574 51.328789 76.862404 51.319439 10.734988 -1.612047 -0.301630 -4.349250 -2.236435 -0.229570 -3.773029 -5.095101 -0.149759,
 3.691380 -0.636379 -6.191037 -7.468758 -5.207808 0.491867 4.663653 2.411037 -11.307508 -8.221941 1.895520 -6.504109 -9.843187 2.887774 -2.349602 -4.421729 50.357784 95.142235 50.605816 -5.161286 -4.325379 -5.899844 5.496872 96.798759 164.007965 96.798759 5.496872 -5.899844 -4.325380 -5.161285 50.605812 95.142235 50.357784 -4.421729 -2.349602 2.887773 -9.843185 -6.504107 1.895520 -8.221942 -11.307508 2.411038 4.663653 0.491867 -5.207807 -7.468757 -6.191038 -0.636379 3.691380,
 4.694023 2.708492 -0.566234 -2.448721 -2.457207 0.641475 2.882007 3.333845 -2.336691 -3.682900 -1.566130 -3.569357 -2.246802 2.915164 -1.059195 -2.986995 13.343178 28.077139 15.043490 -0.520480 0.421049 -2.199364 1.010163 29.506201 51.244144 29.506201 1.010162 -2.199364 0.421049 -0.520481 15.043490 28.077139 13.343177 -2.986995 -1.059195 2.915164 -2.246802 -3.569357 -1.566129 -3.682900 -2.336691 3.333845 2.882007 0.641475 -2.457207 -2.448721 -0.566234 2.708491 4.694022,
 1.074378 1.115045 0.565610 0.178404 0.530571 1.133807 1.372296 0.970038 0.901263 0.424154 0.128306 -0.097240 0.212471 0.945873 0.464266 0.757019 2.224176 3.406127 1.940278 0.388339 0.691449 0.520431 0.971206 3.852927 6.071223 3.852927 0.971206 0.520431 0.691449 0.388339 1.940278 3.406127 2.224176 0.757019 0.464266 0.945873 0.212471 -0.097240 0.128306 0.424154 0.901263 0.970038 1.372296 1.133807 0.530571 0.178404 0.565610 1.115045 1.074378,

Auto-correlations of the modulus of each oriented sub-band
 14.186090 15.674395 16.749781 17.227795 17.005342 16.145723 14.820782 25.300873 29.384331 32.318966 33.440269 32.444687 29.590166 25.531872 36.740105 43.851952 48.985638 50.892830 49.035946 43.917637 36.778759 41.735466 50.250988 56.404217 58.670811 56.404217 50.250988 41.735466 36.778763 43.917637 49.035946 50.892822 48.985638 43.851959 36.740105 25.531876 29.590166 32.444687 33.440269 32.318966 29.384331 25.300873 14.820782 16.145723 17.005342 17.227795 16.749781 15.674396 14.186088,
 29.238094 33.619804 33.375587 28.263519 20.546303 13.349751 8.520707 34.367970 42.912075 46.238400 42.350880 32.920746 22.149076 13.679199 34.438805 46.690056 54.810139 54.668663 46.106133 33.249146 21.243963 29.251255 42.867138 54.804436 59.640533 54.804436 42.867142 29.251255 21.243963 33.249142 46.106140 54.668663 54.810139 46.690056 34.438805 13.679199 22.149075 32.920746 42.350880 46.238400 42.912083 34.367970 8.520705 13.349749 20.546303 28.263519 33.375587 33.619812 29.238092,
 13.770388 24.430656 35.944431 41.173847 36.266861 25.009068 14.454530 15.563249 28.755283 43.226002 49.808556 43.493931 29.209784 16.069969 16.848228 31.885796 48.503407 56.049889 48.657043 32.138359 17.118696 17.403635 33.118446 50.498646 58.351650 50.498646 33.118446 17.403633 17.118696 32.138351 48.657043 56.049889 48.503410 31.885798 16.848228 16.069969 29.209782 43.493931 49.808556 43.226002 28.755283 15.563249 14.454530 25.009068 36.266869 41.173847 35.944431 24.430658 13.770387,
 8.441247 13.566165 21.022537 28.899748 34.087353 34.327297 29.861992 13.880614 22.627092 33.588203 43.071434 46.932423 43.521416 34.842361 21.607281 33.847576 46.824341 55.368828 55.453316 47.245174 34.844860 29.654819 43.458569 55.475971 60.311684 55.475971 43.458572 29.654819 34.844860 47.245174 55.453312 55.368828 46.824341 33.847580 21.607279 34.842361 43.521412 46.932423 43.071434 33.588203 22.627092 13.880614 29.861992 34.327293 34.087360 28.899748 21.022537 13.566168 8.441246,
 7.493219 8.625566 9.641501 10.184295 10.105074 9.589475 8.915927 14.324640 18.793316 22.580606 24.195807 23.003277 19.736132 15.814316 23.913269 33.132751 40.924221 44.054886 41.057049 33.502151 24.622177 28.830847 40.382805 50.231735 54.195011 50.231735 40.382805 28.830847 24.622177 33.502151 41.057049 44.054886 40.924221 33.132751 23.913269 15.814317 19.736132 23.003273 24.195807 22.580612 18.793316 14.324639 8.915927 9.589475 10.105072 10.184296 9.641503 8.625566 7.493221,
 16.195234 20.057968 20.575529 16.854305 11.464811 7.478413 5.715778 20.766134 29.698305 34.446980 30.923019 21.618473 12.805585 7.975100 21.569420 34.856937 45.947437 46.574680 35.912678 21.944054 12.212234 17.788801 31.403261 46.673191 53.699772 46.673191 31.403261 17.788801 12.212234 21.944054 35.912678 46.574680 45.947437 34.856937 21.569422 7.975100 12.805586 21.618473 30.923018 34.446980 29.698303 20.766134 5.715778 7.478413 11.464810 16.854305 20.575527 20.057968 16.195234,
 8.095848 14.445245 24.055586 29.062042 24.108400 14.569953 8.476637 9.645115 19.263380 33.582039 40.970856 33.548801 19.401491 10.150361 10.978164 23.291620 41.594292 51.070694 41.531200 23.372314 11.332973 11.636707 24.908604 44.748993 55.119205 44.748997 24.908604 11.636705 11.332975 23.372311 41.531200 51.070694 41.594292 23.291620 10.978162 10.150363 19.401491 33.548798 40.970852 33.582043 19.263384 9.645113 8.476639 14.569952 24.108400 29.062042 24.055586 14.445245 8.095847,
 4.385608 6.503246 10.817248 16.480705 20.441168 20.230843 16.837513 6.917669 12.169894 21.310976 30.913639 34.719357 30.295109 21.816381 11.857496 21.856228 36.104149 47.053257 46.585167 35.599609 22.519222 18.194546 31.854391 47.298122 54.443218 47.298122 31.854391 18.194546 22.519222 35.599609 46.585167 47.053257 36.104149 21.856228 11.857496 21.816385 30.295111 34.719357 30.913637 21.310976 12.169896 6.917669 16.837511 20.230844 20.441168 16.480705 10.817250 6.503246 4.385608,
 3.434716 3.508137 3.578317 3.603724 3.575056 3.548185 3.568993 4.258482 5.137306 6.028232 6.417532 6.052421 5.227443 4.466761 5.900906 8.186497 10.525647 11.559111 10.573153 8.316393 6.108268 6.912763 9.957910 13.085258 14.482043 13.085258 9.957909 6.912763 6.108268 8.316393 10.573153 11.559111 10.525647 8.186495 5.900906 4.466761 5.227442 6.052421 6.417531 6.028232 5.137306 4.258482 3.568993 3.548185 3.575056 3.603724 3.578317 3.508137 3.434716,
 5.342516 5.965257 5.810341 4.823143 3.914032 3.798256 4.219553 6.337909 8.467957 9.565117 8.421049 6.043388 4.399804 4.110538 6.419992 9.843044 13.036826 13.131532 9.915543 6.316331 4.509165 5.518696 8.787135 13.227344 15.473695 13.227342 8.787135 5.518695 4.509165 6.316330 9.915543 13.131532 13.036825 9.843044 6.419991 4.110538 4.399804 6.043388 8.421049 9.565117 8.467957 6.337909 4.219554 3.798255 3.914032 4.823143 5.810340 5.965257 5.342515,
 3.998480 4.800270 6.476676 7.533438 6.678897 5.118365 4.292747 4.026448 5.756621 9.016781 10.945337 9.158763 5.985425 4.244277 4.075690 6.736953 11.535081 14.334310 11.618419 6.868831 4.199581 4.143366 7.212893 12.660362 15.827159 12.660362 7.212893 4.143366 4.199581 6.868831 11.618419 14.334310 11.535081 6.736953 4.075689 4.244277 5.985425 9.158763 10.945337 9.016781 5.756621 4.026448 4.292747 5.118365 6.678897 7.533438 6.476676 4.800269 3.998480,
 2.984485 3.134570 3.790639 4.899914 5.783854 5.754375 4.990329 3.052590 3.888270 5.851493 8.176451 9.095522 7.880190 5.803885 3.720227 5.895499 9.607234 12.690930 12.453457 9.270589 5.941905 4.978435 8.357530 12.777945 14.988264 12.777945 8.357530 4.978435 5.941905 9.270589 12.453457 12.690930 9.607233 5.895499 3.720227 5.803885 7.880190 9.095521 8.176451 5.851493 3.888271 3.052589 4.990329 5.754375 5.783854 4.899914 3.790638 3.134570 2.984485,

Pairwise cross-correlations of the modulus of all oriented sub-bands at the same scale (size QxQ)
 58.670818 53.750057 46.750755 54.106701,
 53.750057 59.640533 53.215187 50.964176,
 46.750755 53.215187 58.351643 53.830601,
 54.106701 50.964176 53.830601 60.311672,
 54.195011 50.239910 47.051323 49.965000,
 50.239910 53.699768 49.970150 47.086491,
 47.051323 49.970150 55.119202 50.816994,
 49.965000 47.086491 50.816994 54.443195,

Cross-correlations of the modulus of all oriented sub-bands with all oriented sub-bands at the coarser scale (size QxQ)
 51.093822 47.538151 44.566551 47.952229,
 48.822727 51.624851 49.043835 46.198639,
 44.350044 47.318115 51.295212 47.873318,
 49.142765 46.020477 49.361893 52.373356,
 22.224138 21.337963 20.830397 21.396494,
 21.291283 22.600298 21.961275 20.308344,
 20.479879 21.557356 23.418989 21.829756,
 21.337683 20.545931 22.242371 22.631104,

Cross-correlations of the real part of each oriented sub-band with both the real and imaginary part of all phase-doubled oriented sub-bands at the next coarser scale (Q matrices of size 1x2Q, which are computed and stored in a matrix of size Qx2Q)
 -22.084564 -9.923868 -0.758475 -9.788200 -0.004523 -0.007984 -0.002843 0.007815,
 -9.563992 -23.021957 -9.806180 -0.764254 0.005887 -0.016493 -0.002960 0.001067,
 -0.712937 -9.958057 -23.020424 -10.324581 -0.002068 0.003729 -0.004381 -0.005026,
 -9.393533 -0.771301 -10.097149 -23.410164 -0.007945 -0.004145 0.003064 0.001675,
 -11.522855 -5.332283 -0.493014 -5.191139 0.137941 -0.033417 -0.005528 -0.027500,
 -5.011644 -12.734004 -5.927788 -0.526505 0.016042 -0.053248 -0.004333 -0.001053,
 -0.476080 -5.932051 -13.221252 -5.469319 -0.005024 0.034179 0.013876 0.012825,
 -5.058023 -0.561506 -5.698050 -11.989746 0.099718 0.021909 0.001896 -0.016186,
