Low-band skewness and kurtosis
 -11.562215 150.587967,
 -7.155837 61.554344,
 -3.979799 21.620888,
 -0.573782 7.020599,

High-band variance
 16.848738,

Skewness, kurtosis, variance, mean, maximum and minimum of the reconstructed texture
 -11.624106 142.652267 320.339844 253.346085 255.000000 0.000000,

Auto-correlations of the low-frequency bands at each scale
 0.470877 -0.754893 4.302901 8.164483 4.455900 1.283143 4.335527 -2.080783 14.281311 56.232430 80.405647 54.823605 14.456685 1.529402 1.435438 56.187168 162.905441 221.319534 161.181396 55.273212 3.437341 5.466769 80.857346 221.839218 298.983765 221.839188 80.857346 5.466768 3.437341 55.273205 161.181412 221.319534 162.905426 56.187180 1.435437 1.529402 14.456683 54.823605 80.405647 56.232430 14.281311 -2.080783 4.335527 1.283143 4.455903 8.164484 4.302899 -0.754892 0.470877,
 11.858684 7.745986 0.507244 -2.890480 -3.150643 2.110235 7.541241 1.557565 -9.109969 -0.888408 10.168999 -1.175433 -5.367592 8.899205 -6.570011 -6.344576 52.674107 98.794434 54.638866 0.762263 3.124731 -4.458236 6.658826 96.911690 163.123474 96.911690 6.658826 -4.458237 3.124731 0.762263 54.638866 98.794426 52.674107 -6.344579 -6.570011 8.899205 -5.367591 -1.175433 10.168999 -0.888407 -9.109969 1.557565 7.541241 2.110236 -3.150642 -2.890480 0.507244 7.745986 11.858682,
 6.649859 7.755096 3.585561 -0.456967 -0.521205 1.493678 2.583595 5.963830 3.147611 2.397620 3.131821 -0.849865 -2.160996 2.010377 5.631849 3.285344 18.236279 31.980350 17.822544 1.739164 3.938087 5.554478 5.867288 32.007591 53.265778 32.007591 5.867288 5.554477 3.938088 1.739165 17.822544 31.980356 18.236280 3.285344 5.631848 2.010377 -2.160996 -0.849865 3.131821 2.397620 3.147611 5.963829 2.583595 1.493678 -0.521204 -0.456967 3.585561 7.755096 6.649859,
 1.556773 1.743886 1.826546 1.017896 0.337328 1.221177 1.945653 1.449098 1.043581 1.461190 1.342293 0.407870 1.192367 2.705706 0.966928 0.568559 3.056862 5.075452 3.168028 1.582685 2.359920 1.317052 1.276814 4.967150 7.971065 4.967150 1.276814 1.317052 2.359920 1.582685 3.168028 5.075452 3.056862 0.568559 0.966928 2.705706 1.192367 0.407870 1.342294 1.461190 1.043581 1.449098 1.945653 1.221177 0.337328 1.017896 1.826546 1.743886 1.556773,

Auto-correlations of the modulus of each oriented sub-band
 16.242020 17.765594 18.871969 19.362692 19.177694 18.427013 17.292183 25.362980 29.166601 31.934704 33.039738 32.244022 29.845247 26.455555 35.390488 41.840263 46.556011 48.353271 46.741600 42.249237 36.055588 40.110260 47.711605 53.282890 55.356602 53.282879 47.711605 40.110260 36.055588 42.249229 46.741600 48.353268 46.556007 41.840263 35.390484 26.455561 29.845247 32.244022 33.039738 31.934704 29.166603 25.362978 17.292183 18.427013 19.177698 19.362692 18.871969 17.765596 16.242020,
 29.332840 33.621502 33.737705 29.446112 22.733095 16.380007 12.059012 33.052830 40.978935 44.272572 41.081783 32.889404 23.492630 16.148670 32.824986 43.902763 51.389343 51.451584 43.901852 32.548180 22.067352 28.485344 40.577957 51.315006 55.698112 51.315002 40.577957 28.485344 22.067352 32.548180 43.901852 51.451584 51.389336 43.902763 32.824982 16.148670 23.492630 32.889408 41.081783 44.272572 40.978935 33.052826 12.059012 16.380009 22.733095 29.446112 33.737705 33.621502 29.332834,
 15.997281 25.969170 36.736835 41.581451 36.819145 25.999788 15.858230 17.325687 29.685026 43.167786 49.256161 43.273922 29.797319 17.364403 18.299740 32.381546 47.838127 54.823528 47.911522 32.472527 18.366978 18.693768 33.415066 49.594799 56.887428 49.594795 33.415066 18.693766 18.366978 32.472523 47.911530 54.823524 47.838123 32.381546 18.299740 17.364405 29.797314 43.273930 49.256157 43.167786 29.685028 17.325686 15.858230 25.999788 36.819145 41.581451 36.736835 25.969170 15.997281,
 10.959796 15.896605 22.863205 30.003799 34.449322 34.275700 29.947489 15.553540 23.719692 33.823025 42.460869 45.803894 42.468437 34.487907 22.372040 33.607235 45.534660 53.397923 53.389267 45.765438 34.458942 29.666948 42.256714 53.335777 57.841423 53.335777 42.256714 29.666943 34.458942 45.765438 53.389275 53.397930 45.534657 33.607235 22.372036 34.487911 42.468437 45.803894 42.460873 33.823021 23.719692 15.553540 29.947493 34.275700 34.449329 30.003799 22.863207 15.896605 10.959794,
 16.254478 16.623890 16.760172 16.437819 15.516785 14.187646 12.826707 20.869698 24.257900 27.373905 28.671535 27.293655 23.904514 20.007526 28.112425 36.100937 43.351513 46.485184 43.724060 36.645416 28.516390 32.287983 42.695343 51.960815 55.797882 51.960815 42.695343 32.287979 28.516392 36.645412 43.724060 46.485188 43.351521 36.100929 28.112425 20.007524 23.904510 27.293655 28.671535 27.373909 24.257900 20.869699 12.826706 14.187646 15.516784 16.437819 16.760176 16.623892 16.254478,
 22.054344 25.712402 25.675253 21.590218 16.253916 12.368853 10.316643 24.967569 33.197258 37.428185 33.862774 25.217428 17.327787 13.070508 25.123478 37.079647 47.367222 47.836697 37.865677 25.299303 17.018829 21.786209 33.682289 47.777252 54.428722 47.777252 33.682293 21.786209 17.018829 25.299301 37.865677 47.836697 47.367229 37.079651 25.123478 13.070510 17.327785 25.217424 33.862774 37.428188 33.197262 24.967569 10.316644 12.368852 16.253914 21.590218 25.675253 25.712406 22.054348,
 15.586278 20.137672 27.113464 30.338467 25.676197 17.660522 12.320683 16.014860 23.461926 34.962692 40.550293 33.676392 21.618567 13.910289 16.235901 26.058737 41.488228 49.378880 40.705982 25.086750 15.248579 16.043768 26.778084 43.822510 52.980286 43.822517 26.778084 16.043768 15.248579 25.086748 40.705975 49.378880 41.488228 26.058739 16.235901 13.910289 21.618565 33.676388 40.550293 34.962692 23.461927 16.014858 12.320686 17.660521 25.676197 30.338467 27.113464 20.137674 15.586278,
 13.391085 13.522804 15.845221 19.977036 22.918585 22.073660 18.214262 14.068456 17.035282 23.981653 31.949959 35.088993 30.945112 23.088358 16.718651 24.457682 36.517258 46.103828 45.757477 36.036419 24.406176 21.237820 32.950985 46.520245 52.839527 46.520245 32.950985 21.237820 24.406178 36.036419 45.757477 46.103828 36.517262 24.457682 16.718651 23.088360 30.945108 35.088993 31.949959 23.981653 17.035284 14.068453 18.214262 22.073660 22.918583 19.977036 15.845222 13.522804 13.391082,
 6.210671 6.383684 6.216938 5.806909 5.364183 5.137721 5.254009 7.050838 7.826896 8.309139 8.250240 7.612473 6.716213 5.994232 8.597195 10.620158 12.435393 13.124702 12.182868 10.152876 8.054948 9.392908 12.231621 14.936204 16.115301 14.936204 12.231621 9.392908 8.054949 10.152877 12.182868 13.124704 12.435393 10.620158 8.597195 5.994232 6.716212 7.612473 8.250240 8.309138 7.826895 7.050836 5.254009 5.137720 5.364183 5.806909 6.216938 6.383684 6.210671,
 6.840352 8.110874 8.398870 7.442213 6.145128 5.492763 5.655139 7.594296 9.846420 11.211590 10.297090 7.937767 6.037664 5.376670 7.817503 10.928721 14.006017 14.223382 11.238474 7.818968 5.932650 7.056734 10.037631 14.142906 16.286144 14.142906 10.037631 7.056734 5.932649 7.818970 11.238474 14.223382 14.006017 10.928721 7.817503 5.376670 6.037664 7.937767 10.297090 11.211588 9.846420 7.594296 5.655139 5.492764 6.145128 7.442212 8.398870 8.110874 6.840353,
 7.052567 8.333865 9.471831 9.850131 8.959608 7.545622 6.817335 7.318092 8.978592 11.208898 12.408904 10.879375 8.220224 6.795476 7.370226 9.522477 13.005503 15.075391 12.869082 9.071001 6.982521 7.228547 9.608697 13.779946 16.282513 13.779946 9.608697 7.228547 6.982521 9.071001 12.869082 15.075391 13.005503 9.522476 7.370226 6.795475 8.220224 10.879375 12.408904 11.208897 8.978592 7.318092 6.817335 7.545622 8.959607 9.850131 9.471831 8.333864 7.052567,
 6.448956 6.613893 6.838911 7.315020 7.633441 7.273692 6.568740 6.736329 7.202806 8.321082 9.769937 10.107540 8.723330 7.033082 7.088200 8.368870 10.960477 13.305758 12.782823 9.901537 7.465261 7.441326 9.662193 13.196198 15.177416 13.196198 9.662193 7.441326 7.465261 9.901537 12.782823 13.305758 10.960477 8.368870 7.088201 7.033082 8.723330 10.107540 9.769937 8.321080 7.202806 6.736329 6.568740 7.273692 7.633442 7.315020 6.838909 6.613893 6.448956,

Pairwise cross-correlations of the modulus of all oriented sub-bands at the same scale (size QxQ)
 55.356602 50.111267 44.058861 50.889332,
 50.111267 55.698116 50.689049 48.158356,
 44.058861 50.689049 56.887417 51.890156,
 50.889332 48.158356 51.890156 57.841427,
 55.797882 50.396374 46.664322 50.140221,
 50.396374 54.428722 49.556782 46.740154,
 46.664322 49.556782 52.980289 48.491890,
 50.140221 46.740154 48.491890 52.839523,

Cross-correlations of the modulus of all oriented sub-bands with all oriented sub-bands at the coarser scale (size QxQ)
 50.385983 46.469986 41.992317 45.403767,
 47.827618 49.933407 46.031013 43.173466,
 44.205395 46.576160 48.809711 45.241676,
 48.778927 45.539219 46.891232 49.532078,
 23.425953 22.803486 21.857195 22.022615,
 22.500288 23.486017 22.816046 21.079771,
 20.906311 22.074142 23.174541 21.432322,
 21.961252 21.304928 22.244072 22.379688,

Cross-correlations of the real part of each oriented sub-band with both the real and imaginary part of all phase-doubled oriented sub-bands at the next coarser scale (Q matrices of size 1x2Q, which are computed and stored in a matrix of size Qx2Q)
 -20.984329 -9.386220 -0.662532 -9.336315 -0.112119 -0.013279 0.011215 -0.049492,
 -8.992350 -21.613634 -8.950703 -0.753380 -0.045933 0.086846 0.043733 0.000476,
 -0.700347 -9.439624 -20.090738 -8.816207 0.001784 0.082233 0.021235 0.053881,
 -9.083885 -0.798568 -8.400486 -20.919252 -0.030353 -0.005669 0.026122 0.013981,
 -10.675182 -4.511937 -0.510060 -4.951434 0.308933 -0.142873 -0.016922 -0.265916,
 -4.610068 -10.594124 -4.927574 -0.519050 0.097002 -0.379528 -0.073268 -0.018206,
 -0.455606 -4.891117 -10.294074 -4.343313 -0.011019 -0.198312 0.171432 0.013790,
 -4.863760 -0.478324 -4.326442 -10.308734 0.072208 -0.014893 0.231672 -0.352103,
