Low-band skewness and kurtosis
 -11.566511 150.540161,
 -7.464995 66.588974,
 -4.976419 32.596188,
 -2.371348 13.428073,

High-band variance
 17.068361,

Skewness, kurtosis, variance, mean, maximum and minimum of the reconstructed texture
 -11.623982 142.646561 322.224792 253.340347 255.000000 0.000000,

Auto-correlations of the low-frequency bands at each scale
 12.833569 11.158422 14.807171 19.809231 20.086777 19.562832 21.900732 10.347149 23.322983 64.289070 90.644310 68.045456 27.434469 10.897715 10.603983 60.695141 166.119232 225.913620 167.310898 60.661560 6.667745 9.930049 83.186531 223.565491 300.610657 223.565491 83.186539 9.930050 6.667744 60.661545 167.310898 225.913620 166.119232 60.695141 10.603983 10.897714 27.434467 68.045456 90.644318 64.289078 23.322983 10.347149 21.900732 19.562828 20.086779 19.809231 14.807170 11.158424 12.833570,
 16.250422 12.640954 4.733276 5.286655 10.351031 16.634949 21.179062 13.282331 0.752447 5.879273 20.584450 14.148841 9.182166 19.583158 11.067062 7.717577 60.470943 106.123177 64.193939 11.077158 11.967505 9.401929 17.780159 102.683060 166.898941 102.683067 17.780159 9.401929 11.967508 11.077157 64.193932 106.123177 60.470951 7.717578 11.067061 19.583160 9.182165 14.148839 20.584450 5.879274 0.752449 13.282331 21.179062 16.634947 10.351030 5.286655 4.733276 12.640954 16.250420,
 11.558969 12.890875 14.837362 14.320465 12.202979 14.499507 17.219997 11.275637 8.573212 11.500003 14.356371 10.805425 10.989075 14.828383 9.361440 8.053218 25.691761 41.292416 28.816120 13.122785 13.104015 10.636871 13.597160 41.724495 63.186623 41.724491 13.597158 10.636871 13.104014 13.122787 28.816122 41.292416 25.691759 8.053218 9.361439 14.828383 10.989075 10.805425 14.356371 11.500002 8.573211 11.275637 17.219997 14.499507 12.202978 14.320467 14.837362 12.890875 11.558969,
 -1.042193 -1.068206 0.383417 3.481764 5.615513 5.020129 2.526985 -1.477488 -1.338850 1.562169 5.370022 5.799964 3.410430 1.028756 -1.607593 -0.606969 4.575404 9.042487 6.728413 1.616480 -0.729028 -1.412130 0.636215 7.183700 11.476923 7.183700 0.636215 -1.412130 -0.729028 1.616480 6.728413 9.042486 4.575405 -0.606970 -1.607593 1.028756 3.410429 5.799963 5.370022 1.562170 -1.338851 -1.477488 2.526985 5.020129 5.615512 3.481764 0.383417 -1.068206 -1.042193,

Auto-correlations of the modulus of each oriented sub-band
 20.037880 21.486652 22.663050 23.344255 23.421030 22.943689 22.046007 28.464308 31.821095 34.334957 35.365993 34.659653 32.479778 29.403608 37.586563 43.462379 47.829380 49.457390 47.826828 43.506290 37.706810 41.627193 48.752846 54.110729 56.144444 54.110729 48.752850 41.627193 37.706814 43.506290 47.826836 49.457378 47.829372 43.462379 37.586559 29.403608 32.479778 34.659653 35.365993 34.334957 31.821098 28.464308 22.046007 22.943689 23.421034 23.344255 22.663048 21.486658 20.037880,
 32.819157 36.615036 36.746174 33.056953 27.456842 22.406187 19.201618 36.815468 43.781860 46.658688 43.748501 36.521603 28.487192 22.460373 37.100376 46.907127 53.600250 53.567944 46.697613 36.625568 27.594376 33.340240 43.994652 53.668713 57.674473 53.668716 43.994663 33.340240 27.594376 36.625565 46.697613 53.567944 53.600250 46.907116 37.100372 22.460375 28.487186 36.521603 43.748501 46.658695 43.781864 36.815468 19.201618 22.406185 27.456844 33.056957 36.746178 36.615044 32.819157,
 19.021872 26.921831 35.802479 39.790726 36.043781 27.936295 20.880264 20.363565 30.236626 41.610329 46.770267 41.708221 30.961439 21.818855 21.472595 32.691204 45.876934 51.975323 45.891563 33.062057 22.267010 22.149054 33.712330 47.457462 53.934757 47.457455 33.712334 22.149054 22.267008 33.062057 45.891563 51.975323 45.876926 32.691212 21.472593 21.818855 30.961437 41.708221 46.770267 41.610329 30.236626 20.363565 20.880264 27.936293 36.043781 39.790726 35.802479 26.921833 19.021872,
 16.473108 20.246948 25.828129 31.901922 36.044491 36.357224 32.955956 20.271635 26.731298 35.235493 42.928177 46.206673 43.473183 36.483120 25.775690 35.186295 45.742844 53.025871 53.155628 46.221199 36.100140 31.850008 42.898609 53.025589 57.257233 53.025585 42.898609 31.850006 36.100140 46.221188 53.155624 53.025871 45.742832 35.186295 25.775686 36.483120 43.473179 46.206669 42.928177 35.235493 26.731300 20.271635 32.955959 36.357216 36.044498 31.901922 25.828129 20.246948 16.473108,
 21.164322 22.814735 24.050781 24.706436 24.823801 24.502073 23.809040 24.705564 28.289639 31.510778 33.146160 32.511562 30.013885 26.810797 30.951975 37.948227 44.326618 47.151924 44.823082 38.695164 31.718029 34.388874 43.389957 51.593273 55.041023 51.593277 43.389961 34.388874 31.718025 38.695160 44.823082 47.151924 44.326618 37.948227 30.951973 26.810797 30.013885 32.511562 33.146164 31.510778 28.289639 24.705564 23.809040 24.502069 24.823795 24.706436 24.050781 22.814735 21.164324,
 25.514999 29.577436 30.814835 28.889048 25.936106 23.787111 22.455700 27.739317 35.017376 39.267067 37.293785 31.504461 26.400532 23.494959 28.636295 38.450562 47.328602 48.131557 40.449539 31.159206 25.158966 27.355766 36.564312 47.966644 53.618111 47.966644 36.564316 27.355766 25.158966 31.159201 40.449539 48.131557 47.328594 38.450562 28.636286 23.494961 26.400528 31.504461 37.293777 39.267067 35.017384 27.739317 22.455700 23.787106 25.936106 28.889048 30.814837 29.577442 25.514999,
 20.404783 24.562857 29.575136 31.858274 29.056723 24.540623 21.807388 20.990633 26.905458 35.457443 39.688641 34.918350 27.053572 22.318794 21.579290 28.839018 40.569538 46.918140 40.218746 29.001730 22.412399 22.112045 29.675789 42.531197 50.018330 42.531204 29.675789 22.112045 22.412399 29.001730 40.218746 46.918140 40.569538 28.839018 21.579288 22.318794 27.053572 34.918343 39.688641 35.457443 26.905458 20.990633 21.807392 24.540619 29.056717 31.858274 29.575140 24.562857 20.404787,
 20.149033 21.179531 23.163080 26.395596 29.062519 29.107508 26.996078 20.289104 22.967379 28.494253 35.081535 37.883263 34.715027 28.856936 21.740252 27.844822 37.763657 46.119030 45.762943 37.459057 28.252245 25.049723 34.322533 45.893463 51.665012 45.893471 34.322533 25.049723 28.252241 37.459057 45.762939 46.119030 37.763660 27.844822 21.740252 28.856936 34.715027 37.883263 35.081535 28.494255 22.967379 20.289103 26.996078 29.107504 29.062517 26.395592 23.163080 21.179533 20.149033,
 7.279061 7.931033 8.489350 8.944571 9.223763 9.349366 9.426737 8.913078 9.979232 10.818121 11.159828 10.829312 10.066370 9.325716 10.589715 12.547898 14.260782 14.902241 14.011045 12.127769 10.242511 11.171282 13.696593 16.127630 17.196327 16.127630 13.696593 11.171283 10.242511 12.127771 14.011044 14.902239 14.260782 12.547900 10.589715 9.325716 10.066368 10.829312 11.159827 10.818122 9.979232 8.913077 9.426738 9.349367 9.223763 8.944571 8.489350 7.931032 7.279063,
 8.384830 9.870508 10.954863 11.264380 11.105403 10.936203 10.907588 9.772768 11.923101 13.581167 13.776782 12.791491 11.652454 10.897921 10.865331 13.673579 16.315516 16.951958 15.223610 12.838423 11.076039 11.228075 13.909619 17.055191 18.621122 17.055191 13.909619 11.228075 11.076040 12.838423 15.223610 16.951954 16.315516 13.673578 10.865331 10.897921 11.652454 12.791491 13.776782 13.581167 11.923100 9.772766 10.907588 10.936203 11.105404 11.264380 10.954862 9.870505 8.384830,
 8.075033 9.779898 11.580917 12.403538 11.760749 10.719886 10.330401 9.051466 11.021517 13.635201 15.022844 13.668393 11.469458 10.305605 9.764030 11.973470 15.422781 17.477728 15.403309 12.131649 10.285303 10.156259 12.373432 16.146008 18.542097 16.146008 12.373429 10.156259 10.285305 12.131650 15.403309 17.477728 15.422781 11.973468 9.764032 10.305605 11.469458 13.668392 15.022844 13.635198 11.021514 9.051465 10.330400 10.719886 11.760752 12.403538 11.580916 9.779896 8.075033,
 6.783556 7.538822 8.495847 9.563334 10.349731 10.567112 10.427704 7.681179 8.572435 9.957781 11.586131 12.341829 11.678120 10.593246 8.798002 10.094404 12.398389 14.644382 14.578797 12.464827 10.549398 9.876547 11.776068 14.702652 16.394047 14.702652 11.776068 9.876547 10.549398 12.464828 14.578797 14.644382 12.398388 10.094404 8.798003 10.593245 11.678120 12.341829 11.586131 9.957780 8.572434 7.681178 10.427705 10.567112 10.349731 9.563334 8.495845 7.538821 6.783557,

Pairwise cross-correlations of the modulus of all oriented sub-bands at the same scale (size QxQ)
 56.144444 51.277073 44.919140 50.948311,
 51.277073 57.674438 50.164810 48.827667,
 44.919140 50.164810 53.934750 50.685860,
 50.948311 48.827667 50.685860 57.257217,
 55.041016 49.414856 44.946308 47.979610,
 49.414856 53.618111 46.348225 44.642406,
 44.946308 46.348225 50.018318 46.180740,
 47.979610 44.642406 46.180740 51.664993,

Cross-correlations of the modulus of all oriented sub-bands with all oriented sub-bands at the coarser scale (size QxQ)
 48.968666 45.436604 41.278503 44.732979,
 47.587673 49.341026 45.027134 43.272240,
 42.934113 44.692833 45.432190 44.189877,
 47.367027 44.409653 44.811329 47.752583,
 23.767376 23.800552 23.179184 23.572500,
 22.566504 24.468422 23.962530 22.079144,
 20.585760 22.207226 23.256979 21.782427,
 22.091509 22.617596 23.012854 22.639708,

Cross-correlations of the real part of each oriented sub-band with both the real and imaginary part of all phase-doubled oriented sub-bands at the next coarser scale (Q matrices of size 1x2Q, which are computed and stored in a matrix of size Qx2Q)
 -18.323036 -8.683049 -0.785571 -8.182263 0.322022 -0.093491 -0.067637 -0.210685,
 -8.308789 -19.018642 -7.477258 -0.718762 -0.147748 0.068760 0.014211 0.017514,
 -0.741184 -7.755548 -16.736704 -7.578045 -0.034414 0.137562 0.232214 0.111233,
 -7.949182 -0.736437 -7.431683 -17.938965 0.350597 -0.021854 0.097972 -0.074093,
 -8.314283 -4.024279 -0.340900 -3.381226 0.519775 0.012516 0.077958 -0.075873,
 -4.066663 -8.566620 -3.307729 -0.419880 0.134405 -0.238959 -0.252059 0.009832,
 -0.433772 -3.743018 -6.781546 -2.962466 -0.019095 -0.103054 -0.755204 0.336507,
 -3.448831 -0.417994 -2.914535 -6.722815 0.267134 0.040379 -0.122849 0.306419,
