Low-band skewness and kurtosis
 -11.399573 146.700119,
 -6.848225 55.772610,
 -3.469114 16.462116,
 -0.269335 6.685464,

High-band variance
 17.449656,

Skewness, kurtosis, variance, mean, maximum and minimum of the reconstructed texture
 -11.475820 139.139557 327.329468 253.304962 255.000000 0.000000,

Auto-correlations of the low-frequency bands at each scale
 1.362872 -3.471445 -1.689891 2.809496 1.385409 -1.789742 -0.827484 -2.993932 10.616877 52.762268 80.235161 56.002949 12.604352 -4.681821 -3.276938 50.964539 162.221024 225.551224 164.210480 52.395985 -3.685950 -1.583977 76.103889 223.998734 305.183929 223.998734 76.103897 -1.583978 -3.685950 52.395985 164.210495 225.551224 162.221008 50.964539 -3.276938 -4.681821 12.604350 56.002949 80.235161 52.762260 10.616878 -2.993931 -0.827484 -1.789741 1.385409 2.809497 -1.689890 -3.471446 1.362873,
 8.838197 2.412052 -8.282100 -12.166343 -6.926723 3.993597 8.912512 6.858725 -8.067926 -7.119013 2.367156 -5.941552 -9.774994 2.373931 -4.536620 -6.177320 50.696907 97.181976 51.017212 -8.564926 -8.555531 -11.855449 0.340900 95.696999 165.141724 95.696999 0.340900 -11.855449 -8.555531 -8.564926 51.017204 97.181969 50.696918 -6.177321 -4.536620 2.373931 -9.774995 -5.941553 2.367156 -7.119013 -8.067927 6.858724 8.912512 3.993597 -6.926723 -12.166343 -8.282101 2.412052 8.838195,
 3.436116 2.643617 1.246287 0.364612 0.489689 1.369537 1.294943 3.668545 -1.758310 -1.876197 0.400297 -1.962606 -1.225586 3.343349 1.164357 -2.158529 13.603700 27.659401 13.871076 -0.732937 2.243509 0.443431 0.930655 28.008188 49.762138 28.008186 0.930655 0.443432 2.243509 -0.732937 13.871074 27.659397 13.603700 -2.158529 1.164357 3.343348 -1.225586 -1.962606 0.400297 -1.876198 -1.758310 3.668544 1.294943 1.369536 0.489689 0.364612 1.246286 2.643616 3.436116,
 0.491407 0.266116 -0.036637 -0.372235 -0.227715 0.788164 1.395274 0.222677 -0.565601 -0.356601 0.311448 0.682689 1.653784 2.291701 -0.044458 -0.484159 1.717935 4.045161 3.274476 2.062086 1.921303 0.618991 1.026001 4.204158 6.663502 4.204158 1.026001 0.618991 1.921303 2.062086 3.274476 4.045161 1.717935 -0.484159 -0.044458 2.291702 1.653784 0.682689 0.311448 -0.356601 -0.565601 0.222677 1.395275 0.788164 -0.227715 -0.372235 -0.036637 0.266116 0.491407,

Auto-correlations of the modulus of each oriented sub-band
 14.930676 16.281641 17.189150 17.458826 16.994833 15.889021 14.351663 25.295055 29.353603 32.220219 33.227215 32.085224 29.077642 24.884569 36.156429 43.268639 48.363262 50.217995 48.319454 43.173313 36.003918 40.928448 49.435966 55.556767 57.805717 55.556767 49.435974 40.928448 36.003925 43.173313 48.319462 50.217991 48.363262 43.268646 36.156425 24.884573 29.077639 32.085224 33.227215 32.220219 29.353603 25.295055 14.351663 15.889020 16.994833 17.458826 17.189154 16.281641 14.930676,
 29.987282 34.338535 34.007427 28.726950 20.700672 13.061014 7.805529 34.567738 43.121033 46.451775 42.576241 33.064735 22.007702 13.090840 34.225582 46.492455 54.573933 54.473858 45.984680 33.056431 20.750898 28.840376 42.575760 54.455612 59.230324 54.455612 42.575760 28.840376 20.750898 33.056431 45.984684 54.473858 54.573933 46.492455 34.225578 13.090839 22.007698 33.064735 42.576241 46.451775 43.121033 34.567738 7.805529 13.061012 20.700676 28.726954 34.007420 34.338539 29.987282,
 13.353106 23.640644 34.639938 39.547668 34.764477 23.830956 13.475154 14.841902 27.730240 41.664627 47.873528 41.702019 27.798254 14.849428 15.842114 30.618692 46.698318 53.881329 46.692360 30.627386 15.819155 16.187044 31.667217 48.533783 56.093204 48.533783 31.667217 16.187044 15.819159 30.627384 46.692356 53.881329 46.698311 30.618694 15.842114 14.849428 27.798248 41.702023 47.873535 41.664627 27.730246 14.841902 13.475154 23.830954 34.764477 39.547668 34.639938 23.640648 13.353106,
 8.015974 12.914790 20.212492 27.979486 33.126396 33.389465 28.949873 12.981061 21.467400 32.125553 41.341377 45.090694 41.752907 33.232986 20.252293 32.153042 44.725571 52.982166 53.056610 45.091106 33.006203 27.963978 41.394493 53.032490 57.700863 53.032490 41.394497 27.963978 33.006210 45.091099 53.056618 52.982166 44.725571 32.153046 20.252291 33.232990 41.752899 45.090698 41.341381 32.125553 21.467402 12.981061 28.949873 33.389458 33.126396 27.979485 20.212490 12.914792 8.015974,
 9.288364 9.866417 10.386095 10.608226 10.418615 9.949634 9.430365 15.911716 19.902840 23.299259 24.589104 23.121515 19.713428 15.930506 24.794064 33.948818 41.814701 44.899044 41.613182 33.716846 24.744484 29.197117 40.969952 51.219299 55.388477 51.219299 40.969955 29.197117 24.744484 33.716846 41.613182 44.899040 41.814705 33.948818 24.794064 15.930507 19.713425 23.121515 24.589100 23.299255 19.902843 15.911713 9.430366 9.949634 10.418616 10.608227 10.386095 9.866418 9.288363,
 17.979576 22.017475 22.170689 17.877966 12.254379 8.726340 7.788961 22.676702 32.037266 36.688385 32.608604 22.649355 13.605780 9.302998 23.156065 37.136505 48.593018 49.023563 37.739262 23.013523 13.130015 18.877718 33.144585 49.171841 56.430183 49.171844 33.144585 18.877718 13.130014 23.013521 37.739262 49.023567 48.593021 37.136505 23.156065 9.302999 13.605780 22.649353 32.608604 36.688389 32.037266 22.676702 7.788962 8.726340 12.254378 17.877964 22.170689 22.017473 17.979576,
 8.618002 14.078937 22.481014 27.156055 23.203993 14.887891 9.072108 9.677692 18.198328 31.478506 38.740196 32.128586 18.805628 9.937139 10.492085 21.793180 39.359673 48.785183 39.745117 22.107748 10.589948 10.823704 23.335798 42.677685 52.859356 42.677685 23.335798 10.823704 10.589948 22.107748 39.745117 48.785183 39.359676 21.793179 10.492085 9.937139 18.805628 32.128582 38.740196 31.478502 18.198328 9.677692 9.072108 14.887891 23.203991 27.156059 22.481014 14.078935 8.618000,
 7.033899 8.526688 12.396854 18.131907 22.416517 22.109877 17.863142 8.997111 13.799550 22.972317 32.852718 36.760406 31.905737 22.538645 13.258250 23.269154 37.905296 49.048668 48.435810 36.888954 23.114759 19.037682 33.115238 49.062939 56.334938 49.062939 33.115238 19.037682 23.114759 36.888954 48.435810 49.048668 37.905296 23.269154 13.258248 22.538641 31.905737 36.760406 32.852718 22.972319 13.799549 8.997111 17.863140 22.109877 22.416513 18.131908 12.396854 8.526688 7.033900,
 4.160999 4.025599 3.933655 3.904826 3.864511 3.756295 3.622711 5.655194 6.227145 6.753351 6.959875 6.626315 5.859532 5.023048 7.515870 9.558196 11.458876 12.244706 11.347208 9.282764 7.105812 8.331083 11.272468 14.107104 15.348580 14.107104 11.272468 8.331083 7.105812 9.282764 11.347208 12.244706 11.458876 9.558195 7.515870 5.023048 5.859532 6.626315 6.959874 6.753351 6.227145 5.655194 3.622711 3.756295 3.864511 3.904826 3.933655 4.025599 4.160999,
 4.653616 5.406804 5.637253 5.035238 4.181017 3.564564 3.265242 6.126414 7.954102 9.133847 8.298696 6.258388 4.640101 3.856266 6.766932 9.648646 12.600473 12.766854 9.829132 6.617743 4.818549 6.062557 8.919079 12.937445 15.090335 12.937445 8.919080 6.062557 4.818549 6.617743 9.829132 12.766854 12.600472 9.648646 6.766932 3.856265 4.640101 6.258388 8.298696 9.133847 7.954102 6.126414 3.265242 3.564564 4.181017 5.035238 5.637253 5.406804 4.653616,
 3.841555 4.557951 6.149645 7.214888 6.462869 5.044401 4.319164 4.556060 5.920618 8.785912 10.582758 8.929058 6.154970 4.765325 5.065465 7.081940 11.179965 13.729433 11.204291 7.139972 5.103921 5.243812 7.547356 12.169471 15.076668 12.169471 7.547356 5.243811 5.103921 7.139972 11.204292 13.729433 11.179963 7.081940 5.065465 4.765325 6.154969 8.929058 10.582758 8.785912 5.920618 4.556060 4.319164 5.044401 6.462869 7.214888 6.149645 4.557951 3.841554,
 3.537964 3.563176 3.927021 4.889584 5.756615 5.713026 5.048757 4.049517 4.520823 6.035044 8.188870 9.161957 8.042630 6.133120 4.760802 6.361437 9.596533 12.593305 12.472114 9.470016 6.438694 5.747261 8.614315 12.716792 14.868356 12.716793 8.614315 5.747261 6.438694 9.470018 12.472114 12.593305 9.596534 6.361437 4.760802 6.133120 8.042630 9.161957 8.188870 6.035044 4.520823 4.049516 5.048757 5.713026 5.756614 4.889584 3.927021 3.563176 3.537964,

Pairwise cross-correlations of the modulus of all oriented sub-bands at the same scale (size QxQ)
 57.805740 53.081882 45.162102 52.105457,
 53.081882 59.230350 51.968079 49.300644,
 45.162102 51.968079 56.093224 51.486000,
 52.105457 49.300644 51.486000 57.700867,
 55.388466 52.166977 47.131878 51.657112,
 52.166977 56.430172 50.578602 49.199821,
 47.131878 50.578602 52.859348 50.843800,
 51.657112 49.199821 50.843800 56.334934,

Cross-correlations of the modulus of all oriented sub-bands with all oriented sub-bands at the coarser scale (size QxQ)
 51.760887 48.651218 43.918056 48.559395,
 49.429688 52.729496 48.222965 46.970833,
 43.855453 47.264717 49.687096 47.696739,
 48.502739 45.816750 47.714043 52.257317,
 22.788567 21.539951 21.068296 21.519358,
 22.217413 22.655407 22.087654 20.743542,
 20.318251 20.891968 22.325178 20.923653,
 22.047802 20.574478 22.216257 22.640100,

Cross-correlations of the real part of each oriented sub-band with both the real and imaginary part of all phase-doubled oriented sub-bands at the next coarser scale (Q matrices of size 1x2Q, which are computed and stored in a matrix of size Qx2Q)
 -23.069994 -10.429997 -0.804493 -10.052954 0.011779 0.003479 0.001327 -0.005727,
 -10.104716 -23.881165 -9.445215 -0.689683 0.006443 -0.002811 -0.016180 0.003564,
 -0.788196 -9.861686 -21.875732 -10.075772 -0.000796 -0.002714 -0.060577 -0.002686,
 -9.837036 -0.694554 -9.649232 -23.699894 0.001680 -0.000278 -0.015212 -0.018976,
 -11.863399 -5.510768 -0.493965 -5.307642 0.038848 0.102955 0.004537 0.029662,
 -5.319003 -12.727468 -5.380013 -0.456346 0.063853 0.240073 0.062601 0.036456,
 -0.555078 -5.560612 -12.102128 -5.457609 0.017404 0.030951 0.073990 0.004232,
 -5.276348 -0.472166 -5.361996 -12.412693 0.015202 -0.027961 0.008534 -0.070883,
