Low-band skewness and kurtosis
 -11.313182 144.534149,
 -6.828968 54.949581,
 -3.873976 21.620386,
 -0.459170 6.278421,

High-band variance
 17.822403,

Skewness, kurtosis, variance, mean, maximum and minimum of the reconstructed texture
 -11.391900 137.171326 330.511383 253.283554 255.000000 0.000000,

Auto-correlations of the low-frequency bands at each scale
 -0.946435 -2.960680 -0.086380 1.922209 -0.471064 1.103704 8.182487 -2.886605 11.246356 53.858234 79.443031 54.669018 16.333181 5.716001 1.552297 53.472813 164.271057 226.853287 165.124802 56.789688 6.287982 6.814831 80.237305 226.473862 307.789368 226.473862 80.237305 6.814831 6.287983 56.789688 165.124802 226.853317 164.271057 53.472816 1.552297 5.716001 16.333181 54.669018 79.443031 53.858227 11.246356 -2.886605 8.182487 1.103704 -0.471064 1.922210 -0.086380 -2.960680 -0.946436,
 7.900881 3.700467 -2.675889 -5.160013 -1.794151 4.943684 6.581970 1.721597 -9.674746 -4.968261 4.862558 -2.581093 -5.478640 3.725258 -7.502031 -5.057269 51.805107 97.068489 55.810516 1.400675 -2.599337 -7.829426 9.163264 100.353088 165.504318 100.353088 9.163266 -7.829425 -2.599337 1.400675 55.810516 97.068489 51.805107 -5.057269 -7.502031 3.725259 -5.478640 -2.581091 4.862558 -4.968263 -9.674746 1.721597 6.581971 4.943684 -1.794150 -5.160013 -2.675890 3.700467 7.900880,
 5.187814 2.423636 -2.082691 -3.185221 -0.523891 3.756937 5.977200 3.930882 -2.000584 -3.292622 0.116560 -1.663109 -1.374097 3.665399 0.932214 -2.122455 15.021091 31.578325 16.357346 -2.021841 -0.047342 -0.843920 0.277094 30.832247 55.149738 30.832247 0.277094 -0.843920 -0.047342 -2.021841 16.357347 31.578325 15.021091 -2.122455 0.932214 3.665398 -1.374097 -1.663109 0.116561 -3.292622 -2.000584 3.930882 5.977200 3.756938 -0.523891 -3.185220 -2.082691 2.423636 5.187814,
 0.922277 0.833083 0.768781 0.588362 0.638371 1.046259 0.891960 1.115565 0.391418 0.233999 0.654817 0.514233 0.626144 1.012513 1.158630 0.582886 2.227793 4.189600 2.772044 1.072206 1.454075 1.495886 1.340191 4.373277 6.994324 4.373278 1.340191 1.495886 1.454075 1.072206 2.772044 4.189600 2.227793 0.582886 1.158630 1.012513 0.626144 0.514233 0.654817 0.233999 0.391418 1.115565 0.891960 1.046259 0.638371 0.588362 0.768781 0.833083 0.922277,

Auto-correlations of the modulus of each oriented sub-band
 14.515665 16.345491 17.708200 18.374161 18.219208 17.290405 15.744828 25.323486 29.716076 32.875332 34.138981 33.231037 30.409670 26.293375 36.929077 44.240387 49.463650 51.397266 49.563171 44.474632 37.317532 42.127827 50.735832 56.903584 59.165150 56.903584 50.735832 42.127819 37.317532 44.474632 49.563171 51.397266 49.463646 44.240391 36.929077 26.293379 30.409666 33.231041 34.138977 32.875332 29.716076 25.323486 15.744829 17.290401 18.219204 18.374159 17.708200 16.345493 14.515665,
 29.723242 34.464375 34.590881 29.812658 22.381544 15.305040 10.323487 34.367321 43.049381 46.654995 43.142963 34.155308 23.728104 15.310228 34.503078 46.626667 54.749073 54.807182 46.626110 34.182346 22.400827 29.802839 43.161251 54.818058 59.534016 54.818050 43.161251 29.802839 22.400827 34.182346 46.626110 54.807182 54.749073 46.626671 34.503078 15.310228 23.728098 34.155308 43.142956 46.654991 43.049385 34.367321 10.323489 15.305040 22.381544 29.812658 34.590881 34.464375 29.723240,
 14.564724 24.857548 35.738297 40.458099 35.670082 25.247393 15.570074 16.233328 28.928514 42.727081 48.851128 42.681591 29.241690 17.005840 17.469809 31.857964 47.755539 54.936977 47.740734 32.038990 17.892187 18.063663 32.994534 49.603622 57.187313 49.603622 32.994534 18.063663 17.892187 32.038986 47.740734 54.936977 47.755535 31.857969 17.469809 17.005840 29.241690 42.681587 48.851128 42.727081 28.928514 16.233328 15.570074 25.247393 35.670082 40.458099 35.738297 24.857550 14.564724,
 9.011849 14.168593 21.451708 29.170742 34.351433 34.677509 30.268660 14.202046 22.822050 33.535847 42.908279 46.836613 43.559231 35.001606 21.713701 33.711899 46.450691 54.959446 55.128506 47.058624 34.840977 29.634947 43.185871 55.030418 59.836849 55.030418 43.185871 29.634947 34.840981 47.058617 55.128506 54.959446 46.450680 33.711899 21.713701 35.001610 43.559231 46.836624 42.908279 33.535847 22.822050 14.202047 30.268661 34.677505 34.351433 29.170742 21.451708 14.168594 9.011848,
 8.675364 9.356988 10.049258 10.456849 10.352251 9.764999 8.887744 14.514054 18.396206 21.776299 23.132946 21.743397 18.356869 14.424621 22.247486 30.912247 38.453968 41.435574 38.252594 30.715607 22.199629 26.136398 37.175507 46.945511 50.981506 46.945511 37.175507 26.136395 22.199629 30.715603 38.252594 41.435570 38.453979 30.912252 22.247486 14.424621 18.356869 21.743393 23.132946 21.776302 18.396206 14.514054 8.887745 9.764999 10.352250 10.456852 10.049258 9.356986 8.675364,
 17.377234 21.320177 21.758934 17.888039 12.321280 8.090723 6.095748 21.973595 30.985661 35.738651 32.206097 22.842836 13.767162 8.503599 22.662489 36.037037 47.138924 47.779938 37.167610 23.075556 13.013777 18.759075 32.544060 47.849995 54.830135 47.850002 32.544060 18.759073 13.013777 23.075554 37.167610 47.779934 47.138924 36.037033 22.662489 8.503599 13.767162 22.842836 32.206097 35.738651 30.985661 21.973597 6.095746 8.090722 12.321280 17.888039 21.758934 21.320177 17.377234,
 8.110986 14.833068 24.242468 29.109869 24.727583 15.780498 9.322917 9.634336 19.753651 33.901554 41.145775 34.195091 20.338297 10.351654 10.834375 23.785545 41.898331 51.161129 42.028206 24.049500 11.151436 11.379208 25.433870 45.081509 55.126213 45.081509 25.433876 11.379207 11.151439 24.049500 42.028202 51.161129 41.898331 23.785547 10.834374 10.351655 20.338297 34.195087 41.145775 33.901554 19.753649 9.634332 9.322918 15.780498 24.727583 29.109869 24.242468 14.833068 8.110985,
 5.020887 6.713438 11.001484 16.940886 21.217001 21.029842 17.107380 7.053779 11.897099 20.874651 30.381128 34.154449 29.670431 20.792728 11.103083 20.739586 34.562630 45.126625 44.683601 33.927483 20.831244 16.675577 30.074097 45.022556 51.852238 45.022556 30.074097 16.675577 20.831244 33.927483 44.683601 45.126625 34.562630 20.739586 11.103083 20.792728 29.670427 34.154449 30.381128 20.874653 11.897099 7.053779 17.107380 21.029842 21.216999 16.940887 11.001486 6.713438 5.020887,
 4.183015 4.228251 4.330253 4.451271 4.515897 4.504238 4.436337 5.456907 6.393331 7.316926 7.751506 7.394683 6.427703 5.313121 7.425688 10.021920 12.477137 13.536265 12.515596 10.006766 7.245771 8.435256 12.038195 15.420447 16.865589 15.420447 12.038195 8.435256 7.245771 10.006766 12.515596 13.536265 12.477137 10.021920 7.425688 5.313121 6.427703 7.394683 7.751505 7.316926 6.393330 5.456906 4.436337 4.504238 4.515897 4.451271 4.330253 4.228251 4.183015,
 6.436547 6.948826 6.731937 5.737195 4.727281 4.283821 4.331125 7.380811 9.542449 10.804712 9.761105 7.219231 5.090355 4.232218 7.353370 11.000288 14.549864 14.866700 11.437980 7.279722 4.869254 6.207610 9.934308 14.869896 17.358667 14.869896 9.934308 6.207609 4.869254 7.279723 11.437980 14.866700 14.549864 11.000287 7.353369 4.232218 5.090355 7.219231 9.761105 10.804711 9.542447 7.380811 4.331125 4.283821 4.727281 5.737195 6.731936 6.948826 6.436547,
 4.064431 4.746464 6.285062 7.465710 6.906706 5.420350 4.531397 4.301746 5.866439 8.917655 10.863988 9.223030 6.077453 4.382398 4.456554 6.849297 11.426418 14.198825 11.520101 6.842438 4.380818 4.455185 7.217560 12.499200 15.655414 12.499200 7.217560 4.455185 4.380819 6.842438 11.520101 14.198825 11.426419 6.849297 4.456554 4.382398 6.077453 9.223030 10.863988 8.917655 5.866438 4.301746 4.531397 5.420350 6.906706 7.465710 6.285063 4.746464 4.064431,
 3.680212 3.487566 4.020521 5.446376 6.799107 6.911609 5.901492 3.833022 4.445815 6.447578 9.138731 10.349496 8.991987 6.477199 4.442822 6.568063 10.472509 13.870663 13.651865 10.129520 6.378514 5.484044 9.065671 13.822023 16.229561 13.822023 9.065670 5.484044 6.378514 10.129521 13.651865 13.870663 10.472507 6.568063 4.442822 6.477199 8.991988 10.349496 9.138731 6.447578 4.445815 3.833021 5.901492 6.911609 6.799107 5.446376 4.020521 3.487566 3.680212,

Pairwise cross-correlations of the modulus of all oriented sub-bands at the same scale (size QxQ)
 59.165146 53.606895 46.657944 54.078960,
 53.606895 59.534004 52.891006 50.662716,
 46.657944 52.891006 57.187283 52.761185,
 54.078960 50.662716 52.761185 59.836834,
 50.981495 48.369324 44.932568 47.483223,
 48.369324 54.830128 50.539871 45.829529,
 44.932568 50.539871 55.126221 48.839790,
 47.483223 45.829529 48.839790 51.852238,

Cross-correlations of the modulus of all oriented sub-bands with all oriented sub-bands at the coarser scale (size QxQ)
 48.885700 47.906277 45.173485 46.506062,
 47.068844 52.213409 49.062611 44.614014,
 42.201241 47.111744 50.616356 45.889252,
 46.779446 46.295433 49.128578 50.295448,
 23.239336 22.051510 19.654661 21.250751,
 23.344706 24.581491 22.125029 21.359005,
 22.399992 23.311514 23.335531 22.672333,
 22.446072 21.257683 21.195967 22.587593,

Cross-correlations of the real part of each oriented sub-band with both the real and imaginary part of all phase-doubled oriented sub-bands at the next coarser scale (Q matrices of size 1x2Q, which are computed and stored in a matrix of size Qx2Q)
 -21.195681 -9.605715 -0.754260 -9.216817 0.244661 -0.028905 -0.004136 -0.126678,
 -9.195909 -22.989717 -9.575393 -0.733423 0.048458 -0.271794 -0.024118 0.022783,
 -0.732609 -10.154725 -21.423643 -9.251471 -0.010850 -0.129910 0.035056 -0.040158,
 -9.194172 -0.783668 -9.028577 -21.356173 0.116188 0.019522 0.030513 -0.249966,
 -12.002355 -5.692085 -0.568407 -5.167675 0.132503 0.095760 -0.008698 0.046812,
 -5.484669 -13.049743 -5.838088 -0.448339 0.061573 -0.036767 -0.107010 -0.001004,
 -0.504766 -5.647558 -12.815352 -5.320969 -0.044808 -0.061629 -0.240830 0.071929,
 -5.087725 -0.482377 -5.506524 -12.099512 -0.004591 0.009639 -0.061048 0.162282,
