Low-band skewness and kurtosis
 -11.295417 143.949829,
 -6.845644 55.452293,
 -3.734128 20.236547,
 -0.328052 6.173789,

High-band variance
 17.529415,

Skewness, kurtosis, variance, mean, maximum and minimum of the reconstructed texture
 -11.391068 137.174316 330.443970 253.283096 255.000000 0.000000,

Auto-correlations of the low-frequency bands at each scale
 -1.256719 -4.731343 -2.220364 1.397952 -0.313419 -0.631498 4.473812 -1.439646 11.797285 52.988018 78.800728 54.157688 13.713298 0.697994 3.568967 56.020618 164.993515 226.696396 165.457047 56.195652 3.091770 7.033362 82.472511 227.854004 308.104736 227.854004 82.472519 7.033362 3.091770 56.195644 165.457031 226.696396 164.993500 56.020622 3.568967 0.697994 13.713295 54.157688 78.800720 52.988022 11.797286 -1.439646 4.473811 -0.631498 -0.313418 1.397952 -2.220362 -4.731343 -1.256719,
 3.253451 -2.312663 -8.895769 -8.841919 -5.691336 -0.765966 3.172558 -0.210095 -12.293569 -8.179746 3.511953 -4.272182 -9.679017 -0.155855 -4.572628 -3.475664 51.881851 97.315804 54.668510 -1.881433 -5.730650 -6.744574 8.887376 100.051987 165.929962 100.052002 8.887376 -6.744574 -5.730649 -1.881433 54.668510 97.315804 51.881855 -3.475664 -4.572628 -0.155855 -9.679017 -4.272182 3.511953 -8.179746 -12.293567 -0.210095 3.172558 -0.765966 -5.691336 -8.841919 -8.895771 -2.312663 3.253451,
 5.132763 3.472662 0.181608 -1.447158 0.133649 4.410365 5.164315 6.211520 -1.498008 -4.548334 -2.108274 -3.193642 -0.668802 5.042203 1.186794 -3.269863 13.050564 29.226393 14.028316 -3.142663 0.409357 -2.264240 -1.772319 29.451126 54.400902 29.451122 -1.772319 -2.264240 0.409357 -3.142663 14.028316 29.226395 13.050566 -3.269863 1.186794 5.042203 -0.668802 -3.193643 -2.108274 -4.548333 -1.498008 6.211520 5.164315 4.410364 0.133649 -1.447158 0.181608 3.472662 5.132762,
 1.092036 0.915600 0.513608 0.272328 0.341763 0.610694 0.812120 1.312936 0.988529 0.852419 0.741380 -0.039307 -0.056076 1.128401 0.696923 0.611867 2.726054 4.256370 1.852921 -0.411876 0.512753 0.177726 0.116411 3.903455 6.915249 3.903455 0.116411 0.177726 0.512754 -0.411876 1.852921 4.256370 2.726054 0.611867 0.696924 1.128401 -0.056076 -0.039307 0.741380 0.852419 0.988529 1.312936 0.812120 0.610694 0.341763 0.272328 0.513608 0.915601 1.092036,

Auto-correlations of the modulus of each oriented sub-band
 13.533182 15.238711 16.490065 17.066397 16.838251 15.852524 14.275556 24.517366 28.775408 31.831636 33.009315 32.001110 29.056751 24.817961 35.830223 43.041428 48.219269 50.130390 48.250984 43.082527 35.845112 40.737450 49.317871 55.492886 57.762169 55.492886 49.317871 40.737450 35.845116 43.082527 48.250984 50.130383 48.219269 43.041431 35.830219 24.817966 29.056747 32.001110 33.009315 31.831635 28.775408 24.517361 14.275556 15.852523 16.838251 17.066395 16.490065 15.238712 13.533182,
 28.696367 33.285526 33.308308 28.458717 20.927744 13.696990 8.504711 33.710785 42.291462 45.792252 42.175442 33.055958 22.477875 13.881650 33.935463 46.043240 54.123425 54.112244 45.819332 33.262466 21.358086 29.066242 42.479675 54.182438 58.926289 54.182438 42.479675 29.066242 21.358086 33.262463 45.819332 54.112244 54.123425 46.043247 33.935463 13.881649 22.477875 33.055958 42.175442 45.792244 42.291466 33.710785 8.504712 13.696990 20.927748 28.458717 33.308308 33.285534 28.696367,
 14.176985 24.764990 36.019703 41.093685 36.426048 25.648020 15.325578 16.152534 29.231867 43.320564 49.663021 43.612221 29.876139 16.992382 17.599144 32.468735 48.598740 55.855595 48.755733 32.813259 18.044323 18.272041 33.769447 50.594025 58.140488 50.594025 33.769451 18.272041 18.044325 32.813255 48.755733 55.855602 48.598740 32.468735 17.599144 16.992382 29.876137 43.612221 49.663021 43.320568 29.231871 16.152534 15.325580 25.648018 36.426048 41.093685 36.019703 24.764992 14.176985,
 7.611969 13.026532 20.637789 28.621540 33.932804 34.274033 29.759584 13.088525 21.948599 32.902802 42.426380 46.406868 43.087532 34.365574 20.724558 32.943382 45.843857 54.424751 54.599800 46.460388 34.052010 28.722181 42.483025 54.432796 59.263168 54.432796 42.483025 28.722181 34.052010 46.460381 54.599808 54.424751 45.843857 32.943394 20.724558 34.365578 43.087532 46.406872 42.426376 32.902802 21.948599 13.088522 29.759584 34.274033 33.932804 28.621540 20.637787 13.026532 7.611970,
 7.037591 7.706074 8.496933 8.974901 8.878277 8.337043 7.721443 13.099717 17.195147 20.872351 22.440403 21.072441 17.500494 13.371904 21.818359 30.815392 38.639545 41.779652 38.570457 30.672106 21.594938 26.014664 37.529015 47.554974 51.627644 47.554974 37.529015 26.014664 21.594936 30.672104 38.570454 41.779652 38.639549 30.815392 21.818359 13.371905 17.500494 21.072441 22.440401 20.872349 17.195147 13.099717 7.721443 8.337043 8.878275 8.974901 8.496935 7.706075 7.037591,
 16.072996 19.850859 20.350651 16.476816 10.771938 6.493128 4.777910 20.399071 29.322912 34.219620 30.759447 21.170185 11.713992 6.324777 20.914452 34.437447 45.805119 46.616230 35.815338 21.210384 10.685971 16.731747 30.938261 46.661427 53.810066 46.661427 30.938261 16.731750 10.685971 21.210384 35.815331 46.616230 45.805119 34.437447 20.914452 6.324777 11.713993 21.170185 30.759447 34.219620 29.322908 20.399071 4.777910 6.493128 10.771938 16.476816 20.350655 19.850857 16.072996,
 8.171570 14.527921 23.783875 28.587341 24.019125 14.878938 8.400923 9.025187 19.120207 33.499138 40.842232 33.694729 19.545910 9.410094 9.913080 23.197104 41.858963 51.329967 41.936779 23.452061 10.186218 10.391184 24.928112 45.227928 55.555622 45.227928 24.928112 10.391184 10.186218 23.452061 41.936775 51.329967 41.858963 23.197104 9.913080 9.410093 19.545908 33.694725 40.842232 33.499138 19.120207 9.025187 8.400923 14.878938 24.019123 28.587341 23.783878 14.527920 8.171571,
 4.151351 5.389115 9.574246 15.541686 19.757141 19.464903 15.615534 5.478772 10.361142 19.694357 29.435730 33.126579 28.396929 19.431171 9.471607 19.564423 34.032688 44.896915 44.222198 32.975540 19.492691 15.221151 29.200050 44.813507 51.934856 44.813507 29.200050 15.221148 19.492691 32.975540 44.222191 44.896915 34.032688 19.564423 9.471607 19.431171 28.396929 33.126579 29.435730 19.694355 10.361140 5.478772 15.615534 19.464901 19.757141 15.541686 9.574247 5.389115 4.151350,
 4.184738 4.493901 4.644438 4.569697 4.332999 4.096319 3.965820 5.324857 6.334947 7.133254 7.371953 6.948157 6.131576 5.298022 7.225573 9.817907 12.112726 13.017012 12.025407 9.765097 7.321499 8.363917 11.859004 15.083089 16.451792 15.083088 11.859004 8.363917 7.321499 9.765097 12.025407 13.017013 12.112726 9.817907 7.225573 5.298021 6.131575 6.948155 7.371953 7.133254 6.334947 5.324857 3.965820 4.096320 4.332999 4.569696 4.644437 4.493901 4.184737,
 6.481521 7.610472 7.732231 6.625223 5.188124 4.240936 3.770742 7.568842 10.191025 11.572232 10.335656 7.541498 5.275985 4.213366 7.578589 11.604081 15.187506 15.266321 11.642407 7.458104 5.000350 6.352146 10.283911 15.281753 17.762005 15.281753 10.283911 6.352146 5.000350 7.458105 11.642407 15.266321 15.187503 11.604081 7.578589 4.213366 5.275984 7.541498 10.335656 11.572232 10.191023 7.568841 3.770742 4.240937 5.188124 6.625224 7.732231 7.610471 6.481521,
 4.701094 5.534544 7.316671 8.460623 7.206243 5.204422 4.228028 4.784659 6.354134 9.749125 11.950335 9.804531 6.310762 4.611717 4.875580 7.178184 12.105046 15.292212 12.187551 7.219996 4.832938 4.908393 7.556285 13.149878 16.737974 13.149878 7.556285 4.908393 4.832938 7.219996 12.187549 15.292214 12.105044 7.178184 4.875580 4.611717 6.310762 9.804531 11.950335 9.749125 6.354133 4.784659 4.228028 5.204422 7.206242 8.460623 7.316669 5.534544 4.701094,
 4.275121 4.646242 4.911226 5.583047 6.399360 6.453584 5.561443 4.635671 5.287322 6.852098 9.187070 10.442152 9.256261 6.805606 5.204829 7.088146 10.705884 14.122044 14.144532 10.750380 7.071595 6.228644 9.610771 14.247832 16.636423 14.247832 9.610771 6.228644 7.071595 10.750380 14.144532 14.122042 10.705884 7.088145 5.204829 6.805605 9.256261 10.442152 9.187070 6.852098 5.287322 4.635671 5.561443 6.453584 6.399360 5.583047 4.911226 4.646242 4.275121,

Pairwise cross-correlations of the modulus of all oriented sub-bands at the same scale (size QxQ)
 57.762165 52.756443 46.171638 52.880951,
 52.756443 58.926250 52.924229 49.994934,
 46.171638 52.924229 58.140488 52.910130,
 52.880951 49.994934 52.910130 59.263149,
 51.627628 48.483662 45.249546 47.630550,
 48.483662 53.810055 50.008404 45.691032,
 45.249546 50.008404 55.555626 49.505566,
 47.630550 45.691032 49.505566 51.934860,

Cross-correlations of the modulus of all oriented sub-bands with all oriented sub-bands at the coarser scale (size QxQ)
 49.360615 47.033024 44.072430 46.390392,
 47.059151 51.568924 48.967262 44.724487,
 42.631798 47.444923 51.786415 46.727146,
 47.061863 45.500015 48.624100 50.584751,
 23.350275 22.666801 20.680162 22.173962,
 23.003109 24.878197 22.983974 21.791880,
 21.910978 24.136011 24.662922 23.546164,
 22.349249 21.811243 22.375278 23.589495,

Cross-correlations of the real part of each oriented sub-band with both the real and imaginary part of all phase-doubled oriented sub-bands at the next coarser scale (Q matrices of size 1x2Q, which are computed and stored in a matrix of size Qx2Q)
 -21.274784 -9.762160 -0.748901 -9.318568 -0.006961 -0.039438 0.003933 -0.024726,
 -9.360848 -22.894388 -9.799352 -0.785071 -0.032239 -0.104370 0.010617 -0.001739,
 -0.745328 -10.032517 -22.672005 -9.892696 0.020071 0.008715 -0.053364 -0.068499,
 -9.030122 -0.812466 -9.707906 -22.172808 0.032959 0.017147 -0.032507 -0.111867,
 -12.605830 -5.853117 -0.473191 -5.299716 -0.215106 0.055125 -0.005903 0.012366,
 -5.692444 -13.492567 -5.927126 -0.455365 -0.028356 0.178863 -0.016414 0.014067,
 -0.446456 -5.906723 -13.543435 -5.513144 0.008413 0.081006 -0.201227 -0.161356,
 -5.239148 -0.485134 -5.818091 -12.398618 -0.116825 -0.007958 -0.145896 -0.222474,
