Low-band skewness and kurtosis
 -11.346686 145.373535,
 -6.865403 56.024807,
 -4.027778 23.335520,
 -0.488158 14.259824,

High-band variance
 17.541151,

Skewness, kurtosis, variance, mean, maximum and minimum of the reconstructed texture
 -11.420830 137.879913 329.336365 253.290619 255.000000 0.000000,

Auto-correlations of the low-frequency bands at each scale
 5.834076 0.424538 0.844865 6.169036 9.992639 12.718218 13.798055 2.201965 14.810878 55.110291 81.264107 58.656410 18.845150 3.508196 1.133384 54.480534 164.848419 226.660934 164.476089 53.366795 -0.699711 0.935007 77.429771 225.584854 307.016144 225.584854 77.429771 0.935007 -0.699711 53.366783 164.476074 226.660919 164.848419 54.480541 1.133384 3.508196 18.845148 58.656410 81.264107 55.110291 14.810880 2.201964 13.798055 12.718218 9.992639 6.169037 0.844865 0.424540 5.834076,
 11.127372 4.808948 -4.836520 -5.079072 0.532622 5.756515 6.212149 7.221997 -6.229618 -3.474176 10.358308 4.875429 -2.754091 3.012039 0.026485 -0.939098 53.220863 100.046654 58.536179 0.690045 -3.455373 -4.810566 8.289536 98.349281 164.000275 98.349289 8.289536 -4.810566 -3.455373 0.690045 58.536175 100.046654 53.220867 -0.939098 0.026485 3.012040 -2.754092 4.875430 10.358307 -3.474177 -6.229618 7.221998 6.212151 5.756515 0.532622 -5.079072 -4.836521 4.808949 11.127372,
 8.037136 9.186740 5.379569 1.966679 2.304497 3.817040 4.400405 6.000583 3.259149 2.956484 4.943101 1.424274 -1.163907 2.687727 2.201471 0.392338 17.954243 33.515469 18.309202 -0.553734 2.061864 2.063325 2.377790 32.446877 55.823238 32.446877 2.377790 2.063325 2.061864 -0.553735 18.309202 33.515469 17.954243 0.392338 2.201471 2.687727 -1.163908 1.424274 4.943101 2.956484 3.259148 6.000583 4.400405 3.817041 2.304497 1.966679 5.379569 9.186740 8.037136,
 0.706862 1.462443 1.162967 -0.232034 -0.291967 1.694605 2.408223 0.490174 0.657236 1.195936 0.601272 -0.749172 0.398080 2.489240 0.883135 1.033075 4.432524 6.433793 2.874710 0.205524 1.482289 1.179852 1.227788 6.421165 10.616854 6.421165 1.227788 1.179852 1.482289 0.205523 2.874710 6.433794 4.432523 1.033075 0.883135 2.489240 0.398080 -0.749172 0.601272 1.195936 0.657237 0.490174 2.408223 1.694605 -0.291967 -0.232034 1.162967 1.462442 0.706862,

Auto-correlations of the modulus of each oriented sub-band
 16.802929 18.343180 19.490803 20.017303 19.768211 18.758919 17.143316 26.810204 30.683580 33.461842 34.495914 33.481987 30.656029 26.641161 37.517040 44.270344 49.126865 50.887802 49.042446 44.089653 37.229496 42.203011 50.368656 56.286583 58.471561 56.286583 50.368656 42.202999 37.229496 44.089653 49.042446 50.887802 49.126865 44.270344 37.517040 26.641161 30.656025 33.481991 34.495914 33.461838 30.683580 26.810204 17.143316 18.758919 19.768211 20.017303 19.490801 18.343184 16.802927,
 31.836468 35.969868 35.729340 31.059956 24.140991 17.695959 13.110839 36.409958 44.503174 47.642166 44.040981 35.400120 25.616875 17.833927 36.377045 47.937595 55.629612 55.508472 47.503746 35.598602 24.522696 31.654287 44.370213 55.599022 60.183010 55.599022 44.370220 31.654287 24.522692 35.598602 47.503746 55.508469 55.629616 47.937595 36.377045 17.833927 25.616875 35.400120 44.040977 47.642166 44.503174 36.409958 13.110839 17.695959 24.140991 31.059956 35.729340 35.969868 31.836468,
 15.326509 25.005703 35.916813 41.241585 37.208988 27.112188 17.266716 16.993263 29.150509 42.894585 49.422115 43.848885 30.737053 18.481270 18.308359 32.265373 48.020866 55.353233 48.526817 33.116810 19.115656 19.061581 33.694633 50.078785 57.546925 50.078785 33.694637 19.061581 19.115658 33.116810 48.526821 55.353233 48.020866 32.265373 18.308355 18.481272 30.737053 43.848885 49.422115 42.894585 29.150509 16.993263 17.266718 27.112186 37.208988 41.241592 35.916813 25.005703 15.326509,
 11.362238 16.527521 24.123381 32.211849 37.550617 37.678734 32.725117 16.585365 25.303083 36.268696 45.798382 49.664017 46.080177 37.013016 23.913073 36.062492 48.958611 57.471752 57.536167 49.245129 36.681149 31.586437 45.359669 57.336006 62.151478 57.336006 45.359669 31.586437 36.681149 49.245117 57.536163 57.471752 48.958618 36.062492 23.913069 37.013023 46.080166 49.664017 45.798382 36.268700 25.303087 16.585365 32.725121 37.678734 37.550621 32.211849 24.123379 16.527523 11.362238,
 12.283937 13.192752 13.808542 13.872766 13.268542 12.201824 11.056153 17.256460 21.321817 24.700319 25.957880 24.478594 21.025215 17.092741 25.385223 33.799782 41.020279 43.877419 40.895260 33.688133 25.484758 29.655739 40.200077 49.443695 53.218040 49.443695 40.200077 29.655739 25.484758 33.688129 40.895252 43.877430 41.020279 33.799782 25.385223 17.092741 21.025215 24.478594 25.957880 24.700319 21.321814 17.256458 11.056154 12.201824 13.268542 13.872766 13.808543 13.192753 12.283939,
 20.334929 24.388958 25.136656 21.645618 16.452534 12.553126 10.597012 23.778622 32.455517 37.388645 34.375854 25.618019 17.151102 12.326527 24.245337 36.866177 47.750511 48.744743 38.683685 25.374456 16.052576 20.932806 33.818054 48.478004 55.329300 48.478016 33.818054 20.932806 16.052576 25.374456 38.683681 48.744740 47.750511 36.866177 24.245337 12.326525 17.151098 25.618019 34.375854 37.388645 32.455521 23.778622 10.597012 12.553125 16.452534 21.645620 25.136656 24.388958 20.334929,
 12.858099 17.643097 24.567953 28.117737 24.234776 16.508913 10.611545 13.215699 21.059187 32.562740 38.450817 32.245522 20.243284 11.634044 13.556129 24.076973 39.592541 47.614750 39.348511 23.640459 12.752404 13.470653 25.167408 42.355080 51.400993 42.355091 25.167412 13.470654 12.752404 23.640455 39.348511 47.614750 39.592541 24.076973 13.556129 11.634044 20.243284 32.245522 38.450817 32.562744 21.059187 13.215699 10.611544 16.508913 24.234776 28.117733 24.567953 17.643097 12.858099,
 10.345979 11.286088 14.168397 18.760155 22.017860 21.056547 16.783842 11.524700 15.149615 22.580040 30.823133 33.805927 29.028706 20.638567 14.674414 22.753366 35.152515 44.826107 44.010952 33.593651 21.697187 18.986816 30.823687 44.791363 51.350929 44.791374 30.823687 18.986816 21.697186 33.593651 44.010944 44.826107 35.152515 22.753366 14.674413 20.638567 29.028706 33.805927 30.823137 22.580044 15.149617 11.524700 16.783842 21.056547 22.017860 18.760151 14.168400 11.286089 10.345980,
 6.234072 6.395240 6.620657 6.787808 6.820792 6.746705 6.650108 6.941336 7.839808 8.813945 9.339315 9.132201 8.407905 7.601198 8.599153 10.857928 13.110446 14.209103 13.498039 11.511419 9.317061 9.999900 13.046476 15.958481 17.220322 15.958482 13.046474 9.999899 9.317062 11.511419 13.498039 14.209102 13.110447 10.857925 8.599153 7.601198 8.407905 9.132201 9.339315 8.813944 7.839808 6.941336 6.650108 6.746705 6.820791 6.787808 6.620657 6.395239 6.234071,
 6.781886 7.954389 8.268469 7.370844 6.293529 5.861955 5.969999 7.582078 9.890963 11.444191 10.589166 8.360383 6.773252 6.271866 7.906655 11.029545 14.343306 14.666618 11.649912 8.445807 6.857124 7.552323 10.326357 14.480921 16.747644 14.480921 10.326357 7.552323 6.857124 8.445807 11.649912 14.666618 14.343305 11.029545 7.906655 6.271867 6.773252 8.360383 10.589166 11.444190 9.890963 7.582077 5.970000 5.861955 6.293529 7.370844 8.268469 7.954388 6.781886,
 6.255902 7.150283 8.413586 9.049986 8.250911 6.825261 5.981859 6.529688 8.053559 10.575768 11.978774 10.402141 7.712615 6.253350 6.788323 8.888072 12.678650 14.938639 12.566198 8.672428 6.613041 6.844861 9.171979 13.550096 16.266211 13.550097 9.171979 6.844862 6.613040 8.672428 12.566200 14.938639 12.678650 8.888070 6.788324 6.253348 7.712615 10.402143 11.978772 10.575768 8.053559 6.529688 5.981858 6.825260 8.250911 9.049986 8.413587 7.150283 6.255902,
 6.989134 7.086678 7.364573 8.089776 8.673568 8.320171 7.412134 7.382211 7.845427 9.049301 10.705510 11.202970 9.857312 8.137888 7.906984 9.276492 11.956374 14.419297 14.034175 11.252199 8.773718 8.575328 10.936396 14.494787 16.453220 14.494787 10.936396 8.575328 8.773718 11.252199 14.034175 14.419297 11.956374 9.276492 7.906984 8.137889 9.857315 11.202970 10.705510 9.049300 7.845425 7.382210 7.412134 8.320171 8.673568 8.089776 7.364573 7.086677 6.989134,

Pairwise cross-correlations of the modulus of all oriented sub-bands at the same scale (size QxQ)
 58.471554 53.777061 46.543846 54.564823,
 53.777061 60.183006 52.932690 52.194138,
 46.543846 52.932690 57.546917 54.482605,
 54.564823 52.194138 54.482605 62.151489,
 53.218044 50.266132 45.187336 47.427216,
 50.266132 55.329296 48.306751 45.184036,
 45.187336 48.306751 51.401001 47.678104,
 47.427216 45.184036 47.678104 51.350922,

Cross-correlations of the modulus of all oriented sub-bands with all oriented sub-bands at the coarser scale (size QxQ)
 50.289276 48.053394 43.179333 45.562504,
 48.033199 52.050598 47.258293 43.929111,
 43.686180 47.524811 48.451122 45.040539,
 48.855667 47.510860 47.802906 50.093300,
 23.878403 22.985802 21.380163 22.292660,
 23.317764 24.419064 22.545757 21.435764,
 21.243181 22.047964 22.936544 22.012888,
 22.337269 20.891811 22.070871 23.027843,

Cross-correlations of the real part of each oriented sub-band with both the real and imaginary part of all phase-doubled oriented sub-bands at the next coarser scale (Q matrices of size 1x2Q, which are computed and stored in a matrix of size Qx2Q)
 -20.731909 -10.190468 -0.845196 -8.916600 -0.149500 -0.027764 0.015958 0.035754,
 -9.773163 -22.555653 -8.954059 -0.728662 -0.065886 0.027027 -0.086751 -0.046183,
 -0.893921 -9.180526 -20.286821 -9.340557 -0.008611 -0.029055 -0.179574 0.058719,
 -8.647938 -0.741591 -8.939920 -21.288273 -0.064052 -0.028823 -0.002871 0.213186,
 -11.393659 -5.361508 -0.474832 -4.760337 0.002151 0.052228 -0.010207 -0.162802,
 -5.217890 -11.741460 -4.961747 -0.473658 0.057673 0.284609 -0.027195 -0.096005,
 -0.461674 -5.084556 -11.191962 -4.812796 0.111678 0.107185 0.225333 0.108375,
 -4.907802 -0.511362 -4.881108 -10.734200 0.131776 -0.013561 0.311413 0.162104,
