Low-band skewness and kurtosis
 -11.314184 144.425735,
 -6.831005 55.437813,
 -3.577063 17.607327,
 -0.758669 5.040413,

High-band variance
 17.498217,

Skewness, kurtosis, variance, mean, maximum and minimum of the reconstructed texture
 -11.402279 137.409302 330.214630 253.286118 255.000000 0.000000,

Auto-correlations of the low-frequency bands at each scale
 0.287075 -3.924311 -1.880799 2.981179 3.102118 1.672716 2.317727 -1.574340 11.875338 53.658146 80.432091 56.000847 13.274457 -3.580476 0.901102 54.216961 164.734222 227.285049 165.346786 53.776371 -1.591989 2.731727 79.411644 226.800507 307.938507 226.800507 79.411659 2.731727 -1.591989 53.776371 165.346802 227.285065 164.734222 54.216961 0.901103 -3.580475 13.274456 56.000851 80.432083 53.658138 11.875339 -1.574340 2.317727 1.672715 3.102118 2.981179 -1.880799 -3.924311 0.287075,
 5.978206 1.229133 -7.140223 -9.005140 -4.909314 1.812122 6.226436 1.581668 -10.880909 -7.131248 4.354997 -3.532821 -9.404963 0.884037 -6.121389 -5.278573 51.818443 98.336166 53.821678 -5.241952 -7.923793 -9.866946 4.881293 98.490532 166.197495 98.490532 4.881293 -9.866946 -7.923792 -5.241951 53.821678 98.336166 51.818443 -5.278574 -6.121388 0.884037 -9.404962 -3.532821 4.354998 -7.131248 -10.880910 1.581668 6.226437 1.812122 -4.909314 -9.005140 -7.140224 1.229133 5.978205,
 1.294809 0.802388 -0.319676 0.484834 3.275906 5.263933 4.511105 2.280354 -3.470013 -3.554457 0.033689 -1.596010 -1.251401 3.642194 1.906359 -2.813576 13.579139 29.220741 14.031618 -2.347371 2.192617 1.566451 0.158124 28.974258 52.814602 28.974257 0.158124 1.566451 2.192617 -2.347371 14.031620 29.220741 13.579136 -2.813576 1.906359 3.642194 -1.251402 -1.596010 0.033689 -3.554457 -3.470012 2.280353 4.511105 5.263933 3.275906 0.484834 -0.319676 0.802388 1.294809,
 1.005173 0.857422 0.431712 0.828335 1.295146 1.075981 0.735108 0.723505 0.258953 0.226501 1.111842 1.169412 0.704063 0.638254 0.498834 0.217012 2.058055 4.074574 2.573088 0.527529 0.586287 0.549636 0.580262 3.776865 6.415376 3.776864 0.580262 0.549636 0.586287 0.527529 2.573089 4.074574 2.058054 0.217012 0.498834 0.638254 0.704063 1.169412 1.111842 0.226501 0.258953 0.723505 0.735108 1.075981 1.295146 0.828335 0.431712 0.857422 1.005173,

Auto-correlations of the modulus of each oriented sub-band
 14.388118 16.020252 17.152983 17.571669 17.174923 16.054430 14.426696 25.129412 29.280176 32.195881 33.219147 32.073872 29.047543 24.812181 36.428875 43.517982 48.570522 50.384094 48.457169 43.299294 36.123997 41.324402 49.815346 55.918594 58.159966 55.918594 49.815346 41.324402 36.123997 43.299290 48.457169 50.384094 48.570518 43.517982 36.428875 24.812181 29.047539 32.073875 33.219147 32.195877 29.280178 25.129408 14.426695 16.054430 17.174923 17.571667 17.152983 16.020256 14.388117,
 29.569420 34.044613 33.824539 28.764847 21.154593 13.941115 8.814914 34.393406 42.924374 46.246506 42.443428 33.240513 22.653746 14.081521 34.405205 46.495319 54.479046 54.354458 46.021484 33.465836 21.568466 29.374159 42.781162 54.442455 59.153854 54.442455 42.781162 29.374159 21.568468 33.465836 46.021484 54.354458 54.479038 46.495327 34.405201 14.081521 22.653744 33.240513 42.443428 46.246506 42.924381 34.393406 8.814912 13.941114 21.154593 28.764847 33.824539 34.044617 29.569416,
 14.005685 24.458090 35.642757 40.924416 36.554195 25.776308 15.148417 15.696767 28.713345 42.789894 49.297607 43.460815 29.707518 16.569857 16.955465 31.835941 47.994545 55.347229 48.346188 32.370697 17.429983 17.573019 33.157902 50.022530 57.578499 50.022530 33.157906 17.573019 17.429983 32.370697 48.346188 55.347229 47.994541 31.835941 16.955463 16.569857 29.707512 43.460815 49.297611 42.789886 28.713345 15.696768 15.148417 25.776308 36.554195 40.924416 35.642757 24.458090 14.005685,
 8.355328 13.684155 21.305826 29.332140 34.582687 34.679733 29.853861 13.688864 22.498026 33.444744 42.908661 46.694511 43.083244 34.146740 21.139841 33.284687 46.138752 54.614990 54.618958 46.321945 33.882298 28.853075 42.544750 54.494743 59.326794 54.494743 42.544750 28.853073 33.882301 46.321945 54.618958 54.614990 46.138752 33.284687 21.139841 34.146736 43.083244 46.694511 42.908661 33.444744 22.498024 13.688864 29.853865 34.679733 34.582687 29.332142 21.305822 13.684155 8.355328,
 8.661798 9.489858 10.342155 10.869487 10.853317 10.393095 9.751347 15.108541 19.088230 22.691055 24.278528 23.010859 19.599102 15.638235 23.726028 32.666000 40.535629 43.790260 40.681805 32.881088 23.931742 28.092306 39.620285 49.721378 53.841061 49.721378 39.620285 28.092306 23.931742 32.881088 40.681801 43.790260 40.535633 32.666000 23.726028 15.638235 19.599102 23.010859 24.278522 22.691055 19.088228 15.108541 9.751348 10.393095 10.853316 10.869486 10.342155 9.489857 8.661798,
 16.244797 20.857443 21.905184 18.261381 12.709953 8.753059 7.423838 20.967564 30.522982 35.886261 32.518948 22.813633 13.451356 8.517101 21.630323 35.509491 47.286949 48.204277 37.161533 22.404352 12.171257 17.667004 31.895092 47.924458 55.255718 47.924458 31.895094 17.667004 12.171256 22.404352 37.161530 48.204277 47.286961 35.509499 21.630323 8.517101 13.451356 22.813627 32.518948 35.886265 30.522984 20.967566 7.423838 8.753059 12.709951 18.261381 21.905188 20.857443 16.244797,
 7.920327 14.632718 23.659748 28.146013 23.789888 15.162717 9.133053 9.056723 18.966322 32.870464 39.733513 32.640049 18.981804 9.559545 9.982254 22.599573 40.700741 49.783443 40.420082 22.465750 10.119485 10.364733 23.970764 43.701187 53.855972 43.701187 23.970764 10.364733 10.119485 22.465748 40.420082 49.783443 40.700745 22.599573 9.982254 9.559545 18.981804 32.640049 39.733513 32.870464 18.966326 9.056723 9.133053 15.162716 23.789888 28.146013 23.659748 14.632720 7.920327,
 5.882566 7.584828 11.747188 17.538284 21.686846 21.322420 17.263325 7.661277 12.500653 21.609179 31.234344 34.932304 30.162909 21.164953 11.728667 21.586039 35.908070 46.786121 46.140465 34.879963 21.525736 17.450563 31.204866 46.778946 53.922489 46.778946 31.204866 17.450563 21.525736 34.879967 46.140457 46.786118 35.908073 21.586033 11.728667 21.164953 30.162909 34.932304 31.234344 21.609182 12.500653 7.661277 17.263325 21.322416 21.686844 17.538284 11.747189 7.584827 5.882565,
 3.279832 3.642982 4.152149 4.630300 4.917305 4.968018 4.831987 4.906955 6.024142 7.160236 7.802240 7.657852 6.901733 5.941656 7.552380 10.068832 12.417522 13.459002 12.599456 10.412851 7.987136 9.071424 12.396478 15.482256 16.796959 15.482256 12.396478 9.071424 7.987136 10.412852 12.599454 13.459002 12.417522 10.068832 7.552380 5.941656 6.901733 7.657852 7.802240 7.160236 6.024142 4.906955 4.831987 4.968018 4.917305 4.630300 4.152149 3.642982 3.279832,
 4.717602 5.712780 6.025964 5.418507 4.579127 3.990009 3.565972 6.068349 8.248687 9.597970 8.753067 6.655023 4.990658 4.066917 6.718059 9.999573 13.207325 13.382383 10.322259 6.922320 4.915125 6.080467 9.261549 13.569925 15.809873 13.569925 9.261549 6.080467 4.915125 6.922320 10.322258 13.382385 13.207325 9.999573 6.718059 4.066917 4.990658 6.655023 8.753067 9.597969 8.248686 6.068349 3.565972 3.990008 4.579128 5.418506 6.025963 5.712779 4.717602,
 3.237818 4.311249 6.704429 8.371427 7.518156 5.530801 4.304021 3.551069 5.391411 9.219623 11.762033 10.022079 6.499883 4.458982 3.995680 6.541390 11.594663 14.799537 12.101888 7.196916 4.510163 4.361350 7.249763 12.763436 16.062206 12.763436 7.249763 4.361350 4.510163 7.196916 12.101888 14.799537 11.594663 6.541389 3.995680 4.458982 6.499883 10.022078 11.762033 9.219622 5.391410 3.551069 4.304022 5.530801 7.518155 8.371427 6.704429 4.311249 3.237818,
 2.965965 3.018782 3.771457 5.299185 6.650386 6.769560 5.903522 3.352367 4.092766 6.182367 9.000393 10.323953 9.081360 6.814268 4.306079 6.356428 10.199457 13.713943 13.660033 10.329821 6.872676 5.751510 9.108276 13.712628 16.113195 13.712628 9.108276 5.751510 6.872676 10.329821 13.660033 13.713944 10.199455 6.356428 4.306079 6.814267 9.081360 10.323953 9.000393 6.182367 4.092766 3.352367 5.903522 6.769561 6.650386 5.299185 3.771457 3.018782 2.965965,

Pairwise cross-correlations of the modulus of all oriented sub-bands at the same scale (size QxQ)
 58.159966 53.233837 45.659859 52.759945,
 53.233837 59.153866 52.264679 50.090885,
 45.659859 52.264679 57.578487 52.957062,
 52.759945 50.090885 52.957062 59.326790,
 53.841049 50.722538 46.358009 49.600945,
 50.722538 55.255711 50.043854 47.352982,
 46.358009 50.043854 53.855972 49.970798,
 49.600945 47.352982 49.970798 53.922478,

Cross-correlations of the modulus of all oriented sub-bands with all oriented sub-bands at the coarser scale (size QxQ)
 51.060089 48.016632 44.077480 47.386822,
 48.805805 52.144146 48.447437 45.676384,
 43.507118 47.399323 50.302643 46.891518,
 48.349907 45.933491 48.130432 51.304390,
 24.052231 22.215059 21.100002 22.310581,
 23.368931 23.524208 22.372375 21.542500,
 21.607437 21.722265 23.498644 22.555138,
 22.855215 20.842371 22.384966 23.511841,

Cross-correlations of the real part of each oriented sub-band with both the real and imaginary part of all phase-doubled oriented sub-bands at the next coarser scale (Q matrices of size 1x2Q, which are computed and stored in a matrix of size Qx2Q)
 -21.989243 -10.229323 -0.728418 -9.664595 -0.017855 0.013526 -0.006331 0.009434,
 -9.792255 -23.390131 -9.408140 -0.709487 0.004953 0.018305 -0.011023 0.001089,
 -0.780136 -9.801723 -21.951822 -9.826845 0.008096 0.001089 -0.026977 -0.007649,
 -9.335540 -0.748791 -9.485990 -22.785290 0.003398 0.000113 -0.018518 0.006031,
 -12.764629 -5.769210 -0.516999 -5.364389 -0.040701 -0.041284 -0.016139 -0.010545,
 -5.677877 -12.766689 -5.308453 -0.466483 -0.011441 -0.005834 -0.115759 -0.006452,
 -0.453464 -5.464985 -12.105972 -5.407112 0.035561 -0.026674 -0.076139 0.011495,
 -5.399160 -0.511962 -5.415264 -12.292970 0.028658 -0.011381 0.009833 0.005953,
