Low-band skewness and kurtosis
 -11.304437 144.172546,
 -6.913136 56.809689,
 -3.841462 20.289181,
 -0.498594 9.427906,

High-band variance
 17.691820,

Skewness, kurtosis, variance, mean, maximum and minimum of the reconstructed texture
 -11.391900 137.171326 330.511383 253.283554 255.000000 0.000000,

Auto-correlations of the low-frequency bands at each scale
 4.860142 1.864445 2.694959 5.500260 4.636794 3.211663 3.640950 2.873241 15.180284 54.489799 80.508392 57.636871 16.738869 0.311872 5.158636 56.745155 164.876129 226.966141 166.499496 56.837685 2.552638 6.619938 81.873192 227.495377 307.940399 227.495377 81.873192 6.619938 2.552638 56.837677 166.499496 226.966110 164.876129 56.745155 5.158635 0.311872 16.738869 57.636871 80.508392 54.489796 15.180286 2.873241 3.640950 3.211663 4.636795 5.500260 2.694958 1.864444 4.860142,
 6.817238 3.548362 -2.293202 -4.998527 -3.304508 2.588930 7.823403 4.216206 -8.147159 -1.855128 9.024180 -1.813879 -9.527576 1.533846 -1.172724 -2.149886 55.405724 100.883636 54.994678 -4.698230 -6.351433 -5.962654 6.983469 100.190025 167.428696 100.190033 6.983469 -5.962654 -6.351434 -4.698230 54.994675 100.883644 55.405724 -2.149886 -1.172724 1.533846 -9.527576 -1.813879 9.024180 -1.855128 -8.147157 4.216207 7.823403 2.588930 -3.304507 -4.998527 -2.293202 3.548362 6.817238,
 3.817738 3.111766 1.574110 -0.330066 0.396605 5.142837 6.335590 5.235250 -0.130263 0.407560 2.173357 -1.904227 -0.741354 4.798175 4.296013 0.857942 17.749657 32.137348 15.561963 -0.963714 2.690852 3.268116 3.140199 31.843695 55.309952 31.843695 3.140199 3.268115 2.690852 -0.963714 15.561964 32.137348 17.749657 0.857942 4.296013 4.798176 -0.741355 -1.904227 2.173357 0.407560 -0.130263 5.235250 6.335589 5.142837 0.396605 -0.330066 1.574110 3.111766 3.817738,
 1.099364 1.279057 0.776433 0.760870 1.595488 1.997257 1.778291 0.998257 0.266248 0.152144 0.830944 1.208951 1.390017 1.501583 0.750528 -0.077891 2.436787 5.136639 3.312618 0.821100 0.808677 0.546015 0.460058 4.888182 8.526523 4.888182 0.460058 0.546015 0.808677 0.821100 3.312618 5.136638 2.436787 -0.077891 0.750528 1.501583 1.390017 1.208951 0.830944 0.152144 0.266248 0.998257 1.778291 1.997257 1.595488 0.760870 0.776433 1.279057 1.099364,

Auto-correlations of the modulus of each oriented sub-band
 15.830362 17.268194 18.240452 18.539322 18.069826 16.909639 15.244959 25.658442 29.434500 32.097603 33.020206 31.936342 29.094267 25.094189 36.234848 42.889587 47.658306 49.373207 47.542660 42.651413 35.850716 40.832226 48.906479 54.740528 56.892818 54.740528 48.906483 40.832222 35.850716 42.651409 47.542660 49.373199 47.658306 42.889587 36.234840 25.094189 29.094265 31.936342 33.020203 32.097599 29.434500 25.658442 15.244959 16.909637 18.069826 18.539320 18.240452 17.268194 15.830361,
 30.952597 35.856186 36.038887 31.128065 23.370823 15.893220 10.549232 35.325859 44.124981 47.807529 44.215538 34.983734 24.277012 15.644020 35.165329 47.341652 55.567291 55.608624 47.254597 34.640106 22.794790 30.266062 43.628239 55.408390 60.211956 55.408382 43.628239 30.266062 22.794788 34.640106 47.254597 55.608624 55.567284 47.341656 35.165321 15.644020 24.277006 34.983734 44.215538 47.807529 44.124981 35.325855 10.549232 15.893218 23.370829 31.128065 36.038879 35.856186 30.952595,
 16.425150 26.820753 37.501366 41.923988 36.829525 25.926006 15.602405 17.828485 30.669069 44.288448 50.137608 43.768940 30.017328 17.262129 18.731474 33.314098 49.095188 56.075039 48.807480 32.969196 18.442373 18.960623 34.159660 50.756668 58.266346 50.756668 34.159660 18.960623 18.442375 32.969193 48.807480 56.075039 49.095177 33.314102 18.731470 17.262131 30.017328 43.768948 50.137600 44.288452 30.669069 17.828485 15.602405 25.926006 36.829521 41.923988 37.501366 26.820753 16.425150,
 10.626020 15.513385 22.348949 29.528553 34.221012 34.190132 29.539722 15.349770 23.527273 33.655422 42.450176 45.993881 42.566532 34.003563 22.172333 33.647594 45.814411 53.884094 53.933983 46.003372 34.041832 29.387951 42.489929 53.937935 58.566628 53.937935 42.489929 29.387951 34.041832 46.003368 53.933979 53.884106 45.814407 33.647602 22.172333 34.003563 42.566525 45.993881 42.450176 33.655418 23.527275 15.349769 29.539726 34.190132 34.221016 29.528553 22.348948 15.513385 10.626019,
 11.873745 12.924857 13.530072 13.426521 12.586483 11.326166 10.032008 18.118019 22.134529 25.344633 26.332386 24.481159 20.615265 16.264917 26.441200 34.920227 42.115295 44.844913 41.572079 33.943974 25.207733 30.156639 41.057404 50.500034 54.348328 50.500034 41.057407 30.156639 25.207733 33.943974 41.572075 44.844913 42.115299 34.920235 26.441200 16.264915 20.615261 24.481155 26.332386 25.344637 22.134529 18.118019 10.032008 11.326167 12.586482 13.426519 13.530074 12.924858 11.873745,
 18.983591 22.916872 23.384508 19.437044 13.700075 9.443709 7.615941 23.383053 31.682117 36.049080 32.541332 23.421314 14.707235 9.924886 24.202295 36.491135 46.789730 47.292118 37.107235 23.752874 14.442321 20.323542 33.100819 47.492279 54.132767 47.492279 33.100819 20.323542 14.442318 23.752874 37.107235 47.292110 46.789734 36.491135 24.202295 9.924886 14.707233 23.421314 32.541332 36.049080 31.682123 23.383051 7.615941 9.443709 13.700072 19.437042 23.384506 22.916874 18.983591,
 11.426917 17.890081 26.083542 29.629955 24.633976 15.705749 9.631837 12.503637 21.739777 34.461369 40.603500 33.544960 20.173899 11.012698 13.146605 24.853636 41.639835 50.120083 41.242775 24.056408 12.300618 13.099817 25.853539 44.451355 54.012054 44.451355 25.853539 13.099817 12.300618 24.056408 41.242775 50.120079 41.639835 24.853640 13.146605 11.012698 20.173899 33.544960 40.603500 34.461369 21.739777 12.503637 9.631838 15.705749 24.633972 29.629955 26.083542 17.890081 11.426917,
 9.861192 11.422941 14.608808 19.092430 22.302208 21.694204 17.747429 11.146339 15.424675 23.344995 31.843994 35.035656 30.296162 21.406485 14.108184 23.135117 36.326199 46.480694 45.778301 34.846130 21.842974 18.549740 31.588114 46.421001 53.300304 46.421001 31.588114 18.549740 21.842974 34.846127 45.778301 46.480694 36.326199 23.135118 14.108184 21.406485 30.296158 35.035652 31.843994 23.344997 15.424675 11.146339 17.747429 21.694204 22.302204 19.092430 14.608808 11.422941 9.861193,
 4.276267 4.640971 4.909900 5.029308 4.980515 4.796897 4.565660 5.883448 6.962477 7.798668 8.033745 7.510427 6.467135 5.373054 7.814814 10.372235 12.578012 13.386985 12.287814 9.863135 7.259306 8.629902 12.098001 15.268267 16.607870 15.268266 12.098001 8.629901 7.259306 9.863135 12.287814 13.386985 12.578012 10.372235 7.814814 5.373054 6.467135 7.510427 8.033745 7.798667 6.962476 5.883447 4.565660 4.796897 4.980516 5.029308 4.909899 4.640969 4.276267,
 5.147308 5.980831 6.340292 5.776981 4.828540 4.171518 3.887626 6.615658 8.511807 9.737685 8.968805 6.816754 5.012197 4.131684 7.070721 10.073889 12.979918 13.195992 10.260814 6.904110 4.893735 6.176463 9.230780 13.241378 15.343218 13.241378 9.230780 6.176463 4.893736 6.904110 10.260814 13.195992 12.979919 10.073889 7.070721 4.131684 5.012197 6.816753 8.968805 9.737686 8.511806 6.615658 3.887625 4.171517 4.828541 5.776981 6.340292 5.980831 5.147308,
 4.049933 5.202257 7.241724 8.414890 7.549235 5.927135 4.866088 4.752798 6.548467 9.791145 11.662407 9.992238 7.028094 5.279205 5.350189 7.795832 12.231699 14.843136 12.344974 8.052328 5.605056 5.657929 8.397484 13.315200 16.240620 13.315200 8.397484 5.657929 5.605055 8.052328 12.344974 14.843136 12.231699 7.795831 5.350190 5.279206 7.028094 9.992237 11.662407 9.791147 6.548466 4.752798 4.866088 5.927135 7.549235 8.414889 7.241724 5.202257 4.049933,
 3.912983 4.633070 5.567854 6.671093 7.450331 7.212554 6.052878 4.478745 5.669378 7.731710 10.083918 10.987671 9.501214 6.935172 5.225124 7.512378 11.281556 14.524745 14.251777 10.717695 6.994341 6.196617 9.723640 14.389061 16.785900 14.389061 9.723640 6.196617 6.994341 10.717695 14.251775 14.524745 11.281556 7.512377 5.225123 6.935172 9.501215 10.987671 10.083916 7.731709 5.669377 4.478744 6.052878 7.212554 7.450330 6.671093 5.567854 4.633069 3.912983,

Pairwise cross-correlations of the modulus of all oriented sub-bands at the same scale (size QxQ)
 56.892799 52.837639 46.119850 52.168907,
 52.837639 60.211948 53.580891 50.351540,
 46.119850 53.580891 58.266338 52.974274,
 52.168907 50.351540 52.974274 58.566624,
 54.348316 49.980148 45.590988 48.667259,
 49.980148 54.132771 49.196968 45.391403,
 45.590988 49.196968 54.012039 49.210968,
 48.667259 45.391403 49.210968 53.300304,

Cross-correlations of the modulus of all oriented sub-bands with all oriented sub-bands at the coarser scale (size QxQ)
 49.962494 46.382202 43.409599 46.161652,
 49.081490 51.388111 48.338768 45.477978,
 43.915222 46.314594 50.046104 46.821266,
 47.612827 44.651901 47.902405 50.602139,
 23.476164 21.605938 21.534496 23.237455,
 22.149767 22.334854 22.344564 21.733494,
 21.331324 21.433220 23.182888 22.776888,
 22.597181 20.582695 22.284437 24.099806,

Cross-correlations of the real part of each oriented sub-band with both the real and imaginary part of all phase-doubled oriented sub-bands at the next coarser scale (Q matrices of size 1x2Q, which are computed and stored in a matrix of size Qx2Q)
 -21.366673 -9.850516 -0.771733 -9.481900 0.041819 -0.009852 -0.000324 0.003153,
 -9.415285 -22.286442 -9.104458 -0.844224 0.007604 0.055233 -0.016629 -0.011127,
 -0.816248 -9.423798 -21.161770 -9.609661 0.005612 0.029406 -0.066257 0.017605,
 -9.274226 -0.821066 -9.307180 -21.912046 0.032619 -0.012830 -0.007323 0.050673,
 -11.996387 -4.801695 -0.465759 -5.505301 0.299249 -0.098996 -0.026590 -0.009914,
 -4.933158 -10.661658 -4.662982 -0.533654 0.026367 -0.022657 0.139983 -0.017868,
 -0.422131 -4.591076 -11.167183 -5.353565 -0.023288 0.113507 0.401704 0.087132,
 -5.464980 -0.458775 -5.174941 -12.121007 0.108075 0.006518 0.134981 0.099418,
