Low-band skewness and kurtosis
 -11.291003 143.944016,
 -6.727969 53.693394,
 -3.486458 16.585793,
 -0.426075 6.395860,

High-band variance
 17.562334,

Skewness, kurtosis, variance, mean, maximum and minimum of the reconstructed texture
 -11.382852 136.981384 330.593964 253.281570 255.000000 0.000000,

Auto-correlations of the low-frequency bands at each scale
 3.384585 -1.780771 -1.557526 1.514431 0.320918 -0.909868 1.591294 -2.194973 10.566295 51.715855 78.566742 54.960838 13.916920 -0.997576 -3.180123 51.100311 163.011047 226.709335 165.174576 53.801651 -1.214373 -0.861353 77.138969 226.256271 308.259949 226.256271 77.138969 -0.861354 -1.214374 53.801643 165.174576 226.709320 163.011047 51.100319 -3.180123 -0.997576 13.916920 54.960838 78.566750 51.715855 10.566295 -2.194973 1.591294 -0.909869 0.320918 1.514431 -1.557524 -1.780770 3.384585,
 7.347142 5.238363 -3.027250 -8.936990 -5.330414 4.348773 7.007805 1.924393 -9.407786 -4.481381 4.050024 -6.318195 -10.456360 1.838782 -6.963225 -6.842307 51.919167 97.757889 51.289932 -7.244770 -6.489515 -10.356652 2.112900 96.974403 165.731293 96.974403 2.112900 -10.356651 -6.489515 -7.244770 51.289932 97.757889 51.919167 -6.842308 -6.963225 1.838781 -10.456361 -6.318195 4.050024 -4.481381 -9.407786 1.924393 7.007804 4.348772 -5.330412 -8.936991 -3.027251 5.238363 7.347142,
 2.015516 2.882284 1.517759 0.795778 1.182823 2.342600 2.194306 0.195440 -1.439136 0.614998 2.846755 -0.829818 -0.591572 4.092938 -2.211619 -3.043033 15.096874 29.435659 14.106755 -0.879705 3.525828 -0.129598 -0.247376 27.875034 50.569683 27.875034 -0.247377 -0.129598 3.525828 -0.879705 14.106757 29.435659 15.096874 -3.043033 -2.211619 4.092938 -0.591572 -0.829819 2.846755 0.614998 -1.439136 0.195440 2.194306 2.342600 1.182823 0.795778 1.517758 2.882284 2.015516,
 0.853809 0.915728 0.111806 0.100245 0.966792 1.378418 1.119201 1.383248 0.203925 -0.497313 0.351353 0.712814 0.454855 0.719540 1.086261 -0.051769 1.973096 4.646468 2.682663 -0.416683 -0.311787 -0.082052 -0.264426 4.297273 7.949838 4.297273 -0.264426 -0.082052 -0.311787 -0.416683 2.682663 4.646468 1.973096 -0.051769 1.086261 0.719540 0.454855 0.712813 0.351353 -0.497312 0.203925 1.383248 1.119201 1.378418 0.966792 0.100245 0.111806 0.915728 0.853809,

Auto-correlations of the modulus of each oriented sub-band
 14.655337 16.206991 17.229019 17.538044 17.065304 15.925541 14.344388 25.114870 29.277636 32.189262 33.207607 32.077507 29.097664 24.945347 36.173988 43.367813 48.494755 50.342121 48.423241 43.266327 36.103363 41.041782 49.616524 55.787979 58.055634 55.787979 49.616524 41.041782 36.103359 43.266327 48.423241 50.342117 48.494755 43.367813 36.173988 24.945347 29.097664 32.077507 33.207607 32.189262 29.277634 25.114870 14.344389 15.925539 17.065304 17.538044 17.229017 16.206993 14.655337,
 31.318600 36.190174 36.013580 30.568306 22.194605 14.138068 8.477756 35.761288 44.862823 48.410854 44.433819 34.621059 23.163254 13.834537 35.301392 48.140556 56.534084 56.427788 47.692043 34.351303 21.575342 29.780861 44.060898 56.333401 61.241322 56.333401 44.060905 29.780861 21.575342 34.351299 47.692043 56.427788 56.534084 48.140556 35.301395 13.834537 23.163254 34.621056 44.433819 48.410854 44.862827 35.761284 8.477757 14.138068 22.194609 30.568306 36.013580 36.190178 31.318600,
 14.805289 25.231165 36.167133 40.796707 35.515038 24.198534 13.713607 15.980802 29.039352 43.097462 49.239594 42.618896 28.293516 15.197683 16.717054 31.666780 48.012924 55.320850 47.761806 31.275362 16.306911 16.847145 32.494762 49.729916 57.557919 49.729916 32.494762 16.847143 16.306911 31.275358 47.761806 55.320850 48.012924 31.666780 16.717052 15.197682 28.293516 42.618896 49.239594 43.097462 29.039356 15.980803 13.713607 24.198528 35.515038 40.796707 36.167141 25.231167 14.805287,
 8.716038 13.820617 21.118143 28.795330 33.836510 33.979317 29.378725 13.622748 22.320057 33.099834 42.404675 46.191307 42.781288 34.061600 20.929678 33.099659 45.901020 54.322144 54.425049 46.311375 33.940224 28.769838 42.509674 54.381718 59.140240 54.381718 42.509674 28.769836 33.940224 46.311371 54.425049 54.322144 45.901020 33.099663 20.929678 34.061600 42.781284 46.191307 42.404675 33.099831 22.320057 13.622748 29.378729 33.979317 33.836510 28.795330 21.118141 13.820617 8.716036,
 8.566724 10.114782 11.263774 11.691276 11.321185 10.473241 9.632689 14.816361 19.435034 23.212362 24.644650 23.128651 19.567915 15.664882 23.758766 33.149120 41.108994 44.235008 41.023880 33.220299 24.329512 28.520500 40.244545 50.392544 54.499489 50.392551 40.244545 28.520504 24.329512 33.220299 41.023880 44.235012 41.108997 33.149124 23.758764 15.664882 19.567915 23.128647 24.644650 23.212362 19.435036 14.816361 9.632689 10.473240 11.321184 11.691276 11.263776 10.114782 8.566722,
 17.404299 22.304960 22.936028 18.693281 12.709936 8.539301 7.023496 21.184238 31.308531 36.466846 32.641083 22.618719 13.148248 8.210952 21.296326 35.906750 47.777363 48.411510 37.131145 22.145456 11.698614 17.123848 31.936995 48.271027 55.651485 48.271034 31.936995 17.123848 11.698614 22.145456 37.131145 48.411510 47.777374 35.906754 21.296324 8.210952 13.148248 22.618715 32.641083 36.466846 31.308535 21.184238 7.023496 8.539301 12.709935 18.693283 22.936028 22.304962 17.404299,
 8.612224 15.369957 24.394953 28.858576 24.428272 15.530211 9.133687 9.488185 19.368084 33.283825 40.403595 33.513241 19.619911 9.885936 10.211964 22.818087 40.955921 50.275032 41.169579 23.012772 10.441523 10.579242 24.283070 44.133183 54.244202 44.133183 24.283070 10.579243 10.441523 23.012772 41.169579 50.275040 40.955929 22.818087 10.211964 9.885936 19.619909 33.513233 40.403591 33.283833 19.368084 9.488185 9.133685 15.530211 24.428272 28.858576 24.394957 15.369959 8.612224,
 6.389024 8.680278 12.950489 18.599525 22.522644 21.928337 17.598843 8.200625 13.438352 22.746685 32.488060 36.171349 31.195812 21.801731 12.256043 22.377203 36.974876 48.051006 47.418571 35.872959 22.133429 17.966459 31.996422 47.885685 55.148582 47.885689 31.996428 17.966455 22.133430 35.872959 47.418571 48.051010 36.974880 22.377205 12.256042 21.801731 31.195812 36.171349 32.488056 22.746685 13.438353 8.200625 17.598846 21.928333 22.522642 18.599525 12.950490 8.680278 6.389024,
 2.816118 3.198114 3.699267 4.137367 4.399302 4.504864 4.526177 4.097674 5.287769 6.555576 7.312677 7.237676 6.547051 5.729091 6.443723 8.911224 11.396294 12.650598 11.955666 9.908518 7.693519 8.272418 11.378251 14.403135 15.724605 14.403135 11.378251 8.272418 7.693519 9.908518 11.955668 12.650599 11.396294 8.911224 6.443723 5.729090 6.547051 7.237677 7.312677 6.555575 5.287769 4.097674 4.526178 4.504865 4.399302 4.137366 3.699267 3.198115 2.816117,
 4.074494 5.053456 5.221044 4.545777 3.848267 3.559984 3.537140 4.847618 7.090270 8.470834 7.664099 5.746024 4.385834 3.819228 5.191351 8.334518 11.580891 11.855289 8.980282 5.908750 4.325630 4.902146 7.694784 11.826604 14.037503 11.826603 7.694784 4.902145 4.325630 5.908750 8.980282 11.855289 11.580891 8.334518 5.191351 3.819228 4.385834 5.746024 7.664099 8.470833 7.090270 4.847618 3.537140 3.559984 3.848267 4.545777 5.221044 5.053456 4.074494,
 2.414518 3.594772 5.585757 6.764184 6.146446 4.903808 4.275313 2.786795 4.652327 7.959977 9.837069 8.261861 5.544532 4.148367 3.287179 5.666895 10.140875 12.751037 10.254742 6.113060 4.008393 3.736693 6.221340 11.074234 14.003478 11.074233 6.221340 3.736693 4.008393 6.113060 10.254743 12.751035 10.140875 5.666895 3.287179 4.148367 5.544532 8.261860 9.837069 7.959975 4.652327 2.786795 4.275312 4.903808 6.146446 6.764184 5.585757 3.594773 2.414518,
 2.459921 2.712325 3.692195 5.175833 6.274113 6.271962 5.536687 3.141078 4.118624 6.208011 8.628728 9.599755 8.423071 6.434245 4.341043 6.535886 10.131854 13.150960 12.965097 9.925170 6.714999 5.822401 9.119074 13.353473 15.488486 13.353473 9.119074 5.822401 6.714999 9.925170 12.965097 13.150960 10.131851 6.535886 4.341042 6.434245 8.423070 9.599755 8.628728 6.208010 4.118624 3.141078 5.536687 6.271962 6.274113 5.175833 3.692195 2.712326 2.459921,

Pairwise cross-correlations of the modulus of all oriented sub-bands at the same scale (size QxQ)
 58.055618 53.873920 46.067654 53.130188,
 53.873920 61.241341 53.789017 50.949348,
 46.067654 53.789017 57.557899 52.696701,
 53.130188 50.949348 52.696701 59.140251,
 54.499477 50.935226 47.223511 50.503811,
 50.935226 55.651489 51.029026 47.649727,
 47.223511 51.029026 54.244209 50.652657,
 50.503811 47.649727 50.652657 55.148590,

Cross-correlations of the modulus of all oriented sub-bands with all oriented sub-bands at the coarser scale (size QxQ)
 51.015266 48.077522 44.394390 47.726685,
 49.545818 53.129002 49.481083 46.888416,
 44.129078 47.586941 50.625874 47.624100,
 48.579590 46.249947 48.793438 52.125118,
 23.155149 20.862644 19.940332 22.037853,
 22.138105 22.234505 21.067146 21.021311,
 20.862808 20.807238 21.582481 21.562534,
 22.128811 19.875427 20.967562 22.900419,

Cross-correlations of the real part of each oriented sub-band with both the real and imaginary part of all phase-doubled oriented sub-bands at the next coarser scale (Q matrices of size 1x2Q, which are computed and stored in a matrix of size Qx2Q)
 -22.846613 -10.210996 -0.810114 -10.100307 -0.021057 -0.031959 0.008849 0.000739,
 -9.925198 -23.968128 -9.712377 -0.735230 -0.021088 0.014300 0.042371 -0.005110,
 -0.783146 -10.161737 -22.134014 -10.032214 -0.005035 0.041268 0.086694 -0.007973,
 -9.867538 -0.701608 -9.609367 -23.550594 0.001651 -0.002334 0.020397 -0.003153,
 -12.613682 -5.266993 -0.435140 -5.856569 -0.058074 -0.073950 -0.000059 0.081751,
 -5.349037 -11.757992 -4.976915 -0.434507 -0.050550 0.049635 0.104849 0.003049,
 -0.546837 -5.096672 -11.341794 -4.961399 0.003556 0.106202 0.180648 0.023572,
 -5.908319 -0.491023 -4.922111 -12.417660 0.027289 -0.002589 0.012994 0.143913,
