Low-band skewness and kurtosis
 -11.374537 145.736237,
 -7.113198 61.012047,
 -4.263689 25.889805,
 -1.665684 11.499518,

High-band variance
 17.297531,

Skewness, kurtosis, variance, mean, maximum and minimum of the reconstructed texture
 -11.455947 138.609711 328.835052 253.298889 255.000000 0.000000,

Auto-correlations of the low-frequency bands at each scale
 10.074282 3.391498 0.883161 2.742591 2.907744 3.487041 6.848574 5.579378 17.432507 55.153633 79.771667 57.162533 17.598301 2.255950 6.142336 59.153606 165.826111 226.477066 167.640808 60.059929 4.643332 8.089602 85.259911 228.506378 306.867859 228.506363 85.259918 8.089602 4.643332 60.059921 167.640808 226.477066 165.826080 59.153606 6.142336 2.255951 17.598301 57.162533 79.771667 55.153629 17.432507 5.579377 6.848574 3.487041 2.907744 2.742591 0.883162 3.391498 10.074282,
 14.444333 9.339643 -0.315142 -1.835250 4.198309 12.098133 14.756507 6.276225 -2.011264 1.323057 9.712469 1.527198 -1.349285 11.964376 -2.588291 0.595419 57.154480 100.270088 55.552067 0.022043 2.682912 -3.354999 8.695499 100.625626 167.001617 100.625626 8.695499 -3.354999 2.682911 0.022043 55.552063 100.270103 57.154480 0.595419 -2.588291 11.964376 -1.349284 1.527198 9.712469 1.323058 -2.011264 6.276225 14.756504 12.098133 4.198308 -1.835250 -0.315141 9.339642 14.444332,
 9.710464 8.827491 4.790605 3.034607 4.934906 7.385345 8.397398 7.317975 4.204772 3.761247 6.531921 5.326628 4.232937 6.750330 3.214859 2.514562 19.441050 34.869267 22.354763 5.186925 4.846365 3.045444 6.090538 34.625114 56.230797 34.625114 6.090539 3.045444 4.846365 5.186925 22.354767 34.869270 19.441050 2.514562 3.214859 6.750330 4.232937 5.326627 6.531920 3.761246 4.204772 7.317975 8.397397 7.385346 4.934906 3.034607 4.790605 8.827491 9.710464,
 0.747377 2.392428 2.832870 1.878097 1.349963 1.955339 2.029308 0.706712 1.366469 2.077050 2.218416 1.392705 0.879938 0.881189 0.431791 0.529172 3.601522 6.274789 4.124459 0.944153 0.681944 0.708184 1.129895 5.984091 9.602736 5.984091 1.129895 0.708184 0.681945 0.944153 4.124459 6.274790 3.601522 0.529172 0.431791 0.881189 0.879938 1.392705 2.218417 2.077050 1.366469 0.706712 2.029308 1.955339 1.349963 1.878097 2.832870 2.392428 0.747377,

Auto-correlations of the modulus of each oriented sub-band
 16.483965 17.881977 18.868420 19.312548 19.172256 18.528019 17.519936 25.544811 29.211697 31.803089 32.730377 31.793350 29.305775 25.884745 35.438477 41.881680 46.553070 48.217754 46.412960 41.739868 35.432358 39.842918 47.545357 53.245060 55.380814 53.245060 47.545361 39.842918 35.432358 41.739864 46.412952 48.217751 46.553066 41.881680 35.438473 25.884748 29.305773 31.793354 32.730377 31.803089 29.211695 25.544809 17.519938 18.528019 19.172258 19.312548 18.868420 17.881977 16.483965,
 32.603825 36.780174 36.502155 31.678745 24.545938 18.021162 13.765777 36.698212 44.909760 48.085384 44.401527 35.543671 25.507950 17.696379 36.267994 48.006744 55.768219 55.645710 47.538738 35.394897 24.087364 31.279434 44.246868 55.610172 60.210773 55.610172 44.246868 31.279434 24.087364 35.394894 47.538734 55.645718 55.768219 48.006744 36.267994 17.696381 25.507954 35.543674 44.401531 48.085388 44.909760 36.698212 13.765778 18.021164 24.545938 31.678745 36.502151 36.780174 32.603825,
 17.115608 26.719612 37.343754 42.423332 38.362877 28.475830 19.042234 18.742502 30.803020 44.193787 50.439533 44.894176 32.019711 20.074179 20.001179 33.848877 49.237885 56.304977 49.593563 34.470261 20.679625 20.680330 35.171249 51.217693 58.486816 51.217693 35.171249 20.680330 20.679626 34.470261 49.593563 56.304977 49.237877 33.848877 20.001181 20.074179 32.019707 44.894176 50.439533 44.193787 30.803026 18.742502 19.042236 28.475830 38.362877 42.423332 37.343746 26.719612 17.115606,
 12.187192 16.776093 23.685472 31.092411 35.868340 35.900848 31.601645 16.470329 24.307665 34.403316 43.246429 46.704029 43.342808 35.294556 22.947237 33.976776 45.964966 53.956394 53.895256 46.148380 34.812634 29.997950 42.520058 53.707466 58.307652 53.707466 42.520058 29.997950 34.812634 46.148380 53.895256 53.956394 45.964962 33.976780 22.947235 35.294556 43.342808 46.704033 43.246429 34.403309 24.307671 16.470327 31.601648 35.900841 35.868343 31.092411 23.685472 16.776096 12.187192,
 15.950140 17.216862 18.254211 18.812017 18.727026 18.069517 17.035898 20.008261 23.877853 27.259531 28.890654 28.110355 25.404337 21.922216 27.094578 34.945663 41.854744 44.881680 42.522968 36.133736 28.581011 31.524096 41.450577 50.176723 53.767769 50.176723 41.450577 31.524092 28.581011 36.133732 42.522968 44.881676 41.854744 34.945663 27.094572 21.922213 25.404331 28.110355 28.890654 27.259531 23.877850 20.008261 17.035898 18.069519 18.727024 18.812019 18.254213 17.216862 15.950139,
 22.240629 25.798256 26.032204 23.035044 19.341822 17.042589 16.043318 24.853214 33.138382 37.379116 34.378941 26.885145 20.238745 16.887352 25.020945 37.082462 47.357357 47.982990 38.593948 26.718750 18.981731 22.363977 34.126350 47.997089 54.520596 47.997089 34.126350 22.363977 18.981731 26.718750 38.593945 47.982983 47.357357 37.082466 25.020945 16.887350 20.238745 26.885141 34.378941 37.379124 33.138382 24.853214 16.043316 17.042589 19.341820 23.035044 26.032204 25.798256 22.240629,
 15.906199 20.733488 27.960239 32.245762 29.399826 22.847225 17.994862 16.617659 24.273281 35.956772 42.452206 36.932030 25.830612 18.307686 17.387260 27.403442 42.964058 51.450260 43.425011 28.229456 18.350042 18.034176 28.925838 45.930809 55.154594 45.930809 28.925842 18.034176 18.350044 28.229454 43.425011 51.450260 42.964058 27.403442 17.387257 18.307686 25.830612 36.932030 42.452213 35.956772 24.273283 16.617661 17.994862 22.847223 29.399826 32.245762 27.960241 20.733492 15.906199,
 14.626294 16.268599 19.739063 24.669018 28.393307 28.258253 24.644217 16.327778 20.760818 28.460783 36.739975 40.191921 36.338741 28.452435 20.236221 28.895535 41.163162 50.697678 50.441299 40.839005 29.094675 25.512011 37.563831 51.068638 57.290672 51.068649 37.563831 25.512011 29.094675 40.838997 50.441299 50.697685 41.163162 28.895535 20.236221 28.452431 36.338737 40.191921 36.739975 28.460783 20.760820 16.327776 24.644217 28.258251 28.393307 24.669014 19.739063 16.268600 14.626296,
 6.894255 7.462675 7.926832 8.251675 8.368441 8.280375 8.096470 7.739727 8.687517 9.520525 9.955234 9.839064 9.336307 8.775230 9.140167 10.984776 12.801782 13.644477 12.997181 11.441276 9.892627 10.248336 12.576207 14.996323 16.109928 14.996323 12.576205 10.248336 9.892628 11.441276 12.997179 13.644477 12.801781 10.984776 9.140167 8.775230 9.336307 9.839061 9.955234 9.520525 8.687517 7.739727 8.096470 8.280375 8.368441 8.251675 7.926831 7.462674 6.894254,
 8.342671 9.393617 9.717120 9.533122 9.282657 9.060930 8.948911 9.233964 11.428583 12.722316 12.208889 10.765033 9.555739 8.934264 9.624940 12.645785 15.570598 15.859241 13.432299 10.698526 9.118925 9.447363 12.141461 15.837757 17.779940 15.837757 12.141461 9.447363 9.118925 10.698528 13.432298 15.859241 15.570598 12.645785 9.624940 8.934263 9.555740 10.765032 12.208889 12.722316 11.428580 9.233963 8.948910 9.060930 9.282656 9.533122 9.717120 9.393616 8.342670,
 5.862134 6.848973 8.437902 9.657373 9.379118 8.415857 7.903672 6.465355 7.879332 10.405850 12.150738 11.122437 9.087922 8.108956 7.147265 8.891091 12.295198 14.554511 12.684535 9.564955 8.092019 7.751056 9.531880 13.220251 15.606525 13.220254 9.531880 7.751056 8.092019 9.564955 12.684533 14.554510 12.295198 8.891091 7.147265 8.108956 9.087922 11.122437 12.150738 10.405850 7.879331 6.465355 7.903672 8.415857 9.379118 9.657373 8.437902 6.848973 5.862134,
 6.008796 6.744292 7.773844 8.975837 9.516847 8.978733 8.095754 6.502189 7.597597 9.342914 11.195556 11.577547 10.257210 8.668526 7.209260 9.019934 11.876458 14.256978 13.788021 11.173823 8.781159 8.133448 10.636022 14.074790 15.944260 14.074790 10.636022 8.133448 8.781158 11.173823 13.788019 14.256976 11.876460 9.019932 7.209260 8.668525 10.257210 11.577545 11.195556 9.342914 7.597597 6.502189 8.095754 8.978733 9.516846 8.975837 7.773845 6.744291 6.008796,

Pairwise cross-correlations of the modulus of all oriented sub-bands at the same scale (size QxQ)
 55.380795 52.051811 45.648033 51.377666,
 52.051811 60.210773 53.793350 50.196388,
 45.648033 53.793350 58.486816 53.043144,
 51.377666 50.196388 53.043144 58.307655,
 53.767765 49.756084 47.618832 51.077072,
 49.756084 54.520599 50.443584 48.381912,
 47.618832 50.443584 55.154598 51.642445,
 51.077072 48.381912 51.642445 57.290661,

Cross-correlations of the modulus of all oriented sub-bands with all oriented sub-bands at the coarser scale (size QxQ)
 48.946487 46.223469 43.046398 47.309734,
 48.961639 52.179001 49.180344 47.880939,
 44.782230 48.158443 51.083279 48.798817,
 47.895771 45.554985 47.864872 51.413349,
 22.693026 23.412394 20.968710 21.832455,
 22.278151 24.682306 22.080511 20.949749,
 21.314219 23.550808 22.759001 21.815058,
 22.448097 23.330835 22.683670 23.276129,

Cross-correlations of the real part of each oriented sub-band with both the real and imaginary part of all phase-doubled oriented sub-bands at the next coarser scale (Q matrices of size 1x2Q, which are computed and stored in a matrix of size Qx2Q)
 -19.626423 -9.232829 -0.735750 -8.839939 0.165724 0.143814 0.030820 0.139054,
 -8.824217 -21.540546 -9.124523 -0.641925 0.110948 0.183505 -0.053296 -0.009287,
 -0.794014 -9.381746 -20.972071 -9.184732 -0.019556 0.001891 -0.318711 -0.120999,
 -8.531922 -0.720430 -9.113681 -21.098614 -0.008672 -0.005846 -0.164158 0.070647,
 -10.040060 -4.789204 -0.506308 -4.379573 0.099964 -0.119915 0.010588 -0.169837,
 -4.755491 -10.765029 -4.310661 -0.450864 -0.175321 -0.166212 -0.056256 0.045753,
 -0.528359 -4.800495 -8.982951 -4.183650 0.045540 -0.141976 -0.181258 0.063405,
 -4.433400 -0.480260 -3.887537 -9.658297 0.396568 -0.047576 -0.056112 -0.237103,
