Low-band skewness and kurtosis
 -11.488688 148.772537,
 -7.087650 60.323147,
 -4.115140 24.075241,
 -0.568527 6.396795,

High-band variance
 17.209261,

Skewness, kurtosis, variance, mean, maximum and minimum of the reconstructed texture
 -11.576723 141.564240 321.860199 253.333694 255.000000 0.000000,

Auto-correlations of the low-frequency bands at each scale
 4.330712 3.736610 4.620976 4.466297 1.068107 1.735939 7.734410 -0.534403 16.016539 56.319706 79.060158 53.859985 15.120184 2.785682 1.532539 55.491085 162.466919 221.486893 161.556931 55.679478 3.939200 5.752083 80.394096 222.152420 299.958618 222.152374 80.394096 5.752083 3.939200 55.679466 161.556931 221.486862 162.466919 55.491089 1.532539 2.785682 15.120182 53.859985 79.060150 56.319714 16.016541 -0.534403 7.734410 1.735939 1.068107 4.466298 4.620978 3.736610 4.330712,
 5.899715 4.617228 -1.305184 -5.744406 -3.862074 3.967754 8.351614 0.484814 -7.937859 -1.261945 6.772469 -2.996641 -3.836493 10.931795 -5.688115 -4.345957 53.321144 97.429382 53.887146 2.120300 5.417264 -2.442286 8.441451 97.618202 163.189148 97.618202 8.441451 -2.442286 5.417264 2.120300 53.887138 97.429382 53.321144 -4.345956 -5.688115 10.931797 -3.836492 -2.996640 6.772469 -1.261945 -7.937859 0.484815 8.351613 3.967753 -3.862074 -5.744406 -1.305184 4.617228 5.899715,
 6.104213 6.855639 3.089605 0.600347 1.796528 3.882559 4.382338 3.267635 0.215605 0.218446 2.364638 0.186371 -0.560310 2.832938 -1.337035 -2.334086 15.849730 31.732529 18.561098 1.039338 1.284336 -1.183674 2.044906 32.259235 54.736340 32.259235 2.044906 -1.183674 1.284336 1.039338 18.561098 31.732525 15.849727 -2.334086 -1.337035 2.832938 -0.560310 0.186372 2.364638 0.218446 0.215605 3.267635 4.382337 3.882559 1.796528 0.600347 3.089605 6.855639 6.104214,
 0.652681 0.331866 0.076610 0.456565 1.039206 1.517359 1.666402 0.832746 -0.230352 -0.450822 0.328069 0.342226 0.620737 1.643404 1.082539 0.790859 2.869334 4.838080 2.675340 0.358795 0.972976 0.921488 1.234920 5.252653 8.425645 5.252653 1.234920 0.921488 0.972976 0.358795 2.675340 4.838080 2.869335 0.790859 1.082539 1.643403 0.620737 0.342226 0.328069 -0.450822 -0.230352 0.832746 1.666401 1.517359 1.039206 0.456565 0.076610 0.331866 0.652681,

Auto-correlations of the modulus of each oriented sub-band
 14.357496 16.067907 17.335114 17.970158 17.906099 17.233973 16.115101 24.049725 28.049414 30.971275 32.158524 31.357927 28.871498 25.329958 34.650272 41.296581 46.161438 48.010162 46.330692 41.687149 35.288273 39.597088 47.400417 53.123272 55.258419 53.123268 47.400417 39.597088 35.288269 41.687149 46.330700 48.010162 46.161438 41.296585 34.650276 25.329964 28.871500 31.357927 32.158524 30.971275 28.049417 24.049725 16.115103 17.233973 17.906099 17.970158 17.335114 16.067905 14.357493,
 29.078278 33.539810 33.433617 28.703676 21.695391 15.344636 11.219073 33.470066 41.761627 45.082108 41.584091 33.009163 23.341589 15.880295 33.646271 45.154564 52.851257 52.829941 45.006168 33.295925 22.482513 29.331064 41.846001 52.894978 57.380383 52.894978 41.846001 29.331062 22.482512 33.295925 45.006172 52.829941 52.851250 45.154572 33.646271 15.880295 23.341587 33.009163 41.584091 45.082108 41.761627 33.470066 11.219074 15.344636 21.695391 28.703676 33.433613 33.539814 29.078281,
 15.313445 25.177279 35.468613 40.023094 35.687019 25.839611 16.551302 17.021872 29.269808 42.380142 48.247166 42.562721 29.785101 17.967251 18.308525 32.241936 47.394417 54.221375 47.501919 32.528397 18.823137 18.951759 33.428665 49.279850 56.430939 49.279850 33.428669 18.951759 18.823137 32.528397 47.501919 54.221375 47.394417 32.241943 18.308525 17.967251 29.785101 42.562721 48.247173 42.380142 29.269806 17.021870 16.551302 25.839609 35.687023 40.023094 35.468613 25.177279 15.313446,
 10.115225 14.905644 21.795446 29.185556 34.184334 34.561066 30.520121 15.256704 23.275099 33.371162 42.251484 45.960812 42.868752 34.935055 22.496918 33.644936 45.608799 53.614140 53.736221 46.149071 34.821915 29.987444 42.565502 53.673611 58.195160 53.673611 42.565502 29.987442 34.821915 46.149071 53.736221 53.614136 45.608799 33.644936 22.496920 34.935055 42.868752 45.960812 42.251484 33.371159 23.275099 15.256703 30.520121 34.561066 34.184338 29.185558 21.795446 14.905646 10.115225,
 10.518871 11.786162 12.978882 13.735738 13.800681 13.189173 12.132621 15.834498 20.098827 23.901302 25.837395 25.180611 22.391222 18.633818 24.472170 33.075455 40.449238 43.658958 41.315899 34.681938 26.498318 29.697872 40.417130 49.422123 53.013950 49.422127 40.417130 29.697870 26.498318 34.681938 41.315895 43.658958 40.449238 33.075455 24.472170 18.633816 22.391216 25.180609 25.837393 23.901306 20.098827 15.834500 12.132620 13.189173 13.800681 13.735739 12.978884 11.786164 10.518871,
 17.966764 22.322441 22.981152 19.474415 14.650227 11.044895 8.818480 21.271662 30.164234 35.043449 31.895346 23.501711 15.674753 11.008721 21.964706 34.443352 45.231041 46.013229 36.137924 23.453125 14.624483 19.082338 31.491009 45.808823 52.542862 45.808823 31.491009 19.082338 14.624482 23.453123 36.137924 46.013229 45.231041 34.443356 21.964706 11.008721 15.674751 23.501709 31.895346 35.043457 30.164230 21.271662 8.818480 11.044897 14.650227 19.474415 22.981153 22.322441 17.966764,
 11.009950 16.675972 24.745363 29.000637 25.222906 17.350349 11.342919 11.728042 20.614079 33.275696 39.755489 33.481159 21.242212 12.537827 12.741494 24.208223 40.695461 49.210423 40.730076 24.578287 13.378457 13.454060 25.803879 43.685883 53.090816 43.685883 25.803879 13.454060 13.378457 24.578283 40.730076 49.210423 40.695469 24.208225 12.741494 12.537827 21.242212 33.481155 39.755489 33.275696 20.614079 11.728042 11.342919 17.350349 25.222906 29.000637 24.745367 16.675974 11.009948,
 8.372803 10.105992 14.148336 19.628954 23.464064 23.061920 19.296751 9.819470 14.853211 23.511595 32.537697 36.124485 31.917889 23.751696 14.063240 23.673872 36.902893 46.975018 46.595463 36.516495 24.262756 20.043818 32.935799 47.069672 53.554535 47.069672 32.935799 20.043818 24.262756 36.516495 46.595451 46.975018 36.902897 23.673872 14.063240 23.751696 31.917889 36.124485 32.537697 23.511597 14.853211 9.819471 19.296751 23.061920 23.464064 19.628958 14.148337 10.105993 8.372805,
 5.157984 5.208478 5.225101 5.254722 5.279142 5.234859 5.051018 6.211235 6.894183 7.539645 7.804853 7.484339 6.725940 5.860951 7.853193 9.839094 11.839666 12.703664 11.805305 9.746679 7.638683 8.733856 11.543957 14.418844 15.709766 14.418844 11.543955 8.733856 7.638683 9.746679 11.805305 12.703664 11.839666 9.839091 7.853194 5.860951 6.725940 7.484339 7.804853 7.539644 6.894182 6.211235 5.051018 5.234859 5.279142 5.254722 5.225101 5.208477 5.157984,
 7.314440 8.425430 8.488225 7.436488 6.264894 5.677999 5.634461 8.084473 10.499528 11.916376 10.894567 8.440889 6.473601 5.730749 8.291629 11.769231 15.143690 15.388108 12.205089 8.472828 6.370990 7.500854 10.874334 15.380034 17.650665 15.380034 10.874334 7.500854 6.370990 8.472828 12.205091 15.388108 15.143690 11.769229 8.291628 5.730750 6.473601 8.440889 10.894567 11.916376 10.499527 8.084473 5.634461 5.677999 6.264894 7.436488 8.488226 8.425430 7.314440,
 5.552453 6.469586 8.112136 9.100475 8.343383 6.836125 6.072070 5.687516 7.411599 10.530922 12.366666 10.760818 7.706081 6.025933 5.784549 8.319245 12.893400 15.550344 13.039874 8.478409 5.936351 5.858606 8.752452 13.963676 16.945414 13.963676 8.752450 5.858606 5.936351 8.478409 13.039874 15.550344 12.893400 8.319244 5.784550 6.025933 7.706081 10.760816 12.366666 10.530920 7.411598 5.687516 6.072070 6.836126 8.343384 9.100475 8.112136 6.469585 5.552453,
 5.086722 5.132254 5.570512 6.499654 7.264538 7.177706 6.396852 5.253898 5.781178 7.384383 9.443307 10.224833 9.018205 7.006440 5.555699 7.258144 10.508156 13.319511 13.069530 10.096240 7.012556 6.284441 9.229071 13.255208 15.314402 13.255210 9.229069 6.284441 7.012557 10.096240 13.069528 13.319511 10.508155 7.258144 5.555699 7.006440 9.018205 10.224833 9.443306 7.384383 5.781178 5.253897 6.396852 7.177706 7.264539 6.499653 5.570511 5.132253 5.086722,

Pairwise cross-correlations of the modulus of all oriented sub-bands at the same scale (size QxQ)
 55.258427 50.815712 44.623638 51.312534,
 50.815712 57.380367 51.541565 49.072365,
 44.623638 51.541565 56.430939 51.887085,
 51.312534 49.072365 51.887085 58.195148,
 53.013943 47.736763 45.227463 49.571972,
 47.736763 52.542862 48.524784 45.548363,
 45.227463 48.524784 53.090813 48.466068,
 49.571972 45.548363 48.466068 53.554527,

Cross-correlations of the modulus of all oriented sub-bands with all oriented sub-bands at the coarser scale (size QxQ)
 48.451294 45.300049 42.239193 45.753139,
 46.787407 49.822601 46.886757 44.684437,
 42.515957 46.211300 49.259789 46.363998,
 47.323345 44.639183 47.110310 50.570171,
 22.422680 23.201630 21.616743 21.226469,
 21.705969 24.431717 22.708679 20.366171,
 20.564932 23.265991 23.784216 21.284086,
 21.687984 22.486395 22.747835 22.250446,

Cross-correlations of the real part of each oriented sub-band with both the real and imaginary part of all phase-doubled oriented sub-bands at the next coarser scale (Q matrices of size 1x2Q, which are computed and stored in a matrix of size Qx2Q)
 -19.799934 -9.036302 -0.777267 -9.209266 0.003363 -0.173562 -0.034029 0.185370,
 -8.533572 -21.440748 -9.357907 -0.731814 -0.023072 -0.426921 -0.214517 -0.008556,
 -0.776711 -9.454294 -21.285336 -8.961130 -0.005560 -0.179913 -0.129459 0.050241,
 -8.900049 -0.743617 -9.051828 -21.025352 0.015542 -0.016322 0.016785 0.334410,
 -11.132901 -4.886580 -0.488457 -4.713780 -0.139683 -0.070436 -0.022773 0.020352,
 -4.912904 -12.152576 -5.768936 -0.449695 -0.015988 -0.418097 -0.139871 0.000609,
 -0.455716 -5.854160 -11.784001 -4.557874 0.005933 -0.200694 -0.197030 -0.119684,
 -4.854855 -0.476892 -4.626149 -10.494480 -0.084555 0.000742 -0.100563 -0.101545,
