Low-band skewness and kurtosis
 -11.361711 145.488220,
 -7.092734 60.583439,
 -4.273026 25.866833,
 -2.463616 15.461991,

High-band variance
 17.413584,

Skewness, kurtosis, variance, mean, maximum and minimum of the reconstructed texture
 -11.459887 138.771530 327.152649 253.302719 255.000000 0.000000,

Auto-correlations of the low-frequency bands at each scale
 5.727676 5.940049 8.516774 9.990211 7.326539 6.850165 10.486596 2.226510 19.917046 61.153362 83.863770 57.718708 17.955799 5.557539 2.194390 57.963100 167.118759 226.342209 163.904144 55.266262 3.197513 3.684914 79.943344 225.226486 304.956970 225.226486 79.943359 3.684914 3.197512 55.266262 163.904144 226.342209 167.118744 57.963108 2.194390 5.557539 17.955795 57.718708 83.863770 61.153355 19.917046 2.226510 10.486597 6.850165 7.326535 9.990210 8.516776 5.940049 5.727677,
 11.039072 6.141432 3.982121 4.720083 6.642486 8.210182 7.610143 5.494518 -7.315534 1.567721 13.609786 2.606631 -4.692345 4.508017 -0.484093 -2.098835 55.493988 101.404877 56.858223 1.061719 -0.061323 -1.919656 9.779961 99.947998 166.361298 99.947998 9.779963 -1.919655 -0.061324 1.061718 56.858219 101.404877 55.493988 -2.098834 -0.484092 4.508016 -4.692346 2.606632 13.609786 1.567721 -7.315533 5.494519 7.610142 8.210180 6.642486 4.720082 3.982122 6.141433 11.039072,
 8.131141 9.038438 6.165501 3.855693 5.194242 9.309839 11.484017 9.481579 6.345309 5.313471 6.634727 3.861532 6.085243 13.181079 7.058099 4.544790 20.858515 35.657970 19.949442 4.272466 9.109010 5.727883 4.974783 33.359467 56.994385 33.359467 4.974783 5.727883 9.109010 4.272466 19.949442 35.657974 20.858513 4.544790 7.058099 13.181079 6.085244 3.861532 6.634727 5.313471 6.345308 9.481579 11.484019 9.309839 5.194242 3.855693 6.165501 9.038438 8.131140,
 0.327935 0.682906 1.220335 2.044514 2.797057 2.820245 1.778363 0.616105 0.403229 1.065434 2.196772 2.375293 2.264209 1.827961 0.761284 0.696081 3.208147 5.603902 4.009971 1.944090 1.660953 1.200023 1.618238 5.361651 8.364216 5.361652 1.618238 1.200023 1.660953 1.944090 4.009970 5.603902 3.208147 0.696081 0.761284 1.827961 2.264209 2.375293 2.196772 1.065434 0.403229 0.616105 1.778363 2.820245 2.797057 2.044514 1.220335 0.682906 0.327935,

Auto-correlations of the modulus of each oriented sub-band
 17.603817 19.075752 20.172070 20.660673 20.410189 19.464449 17.998058 26.403103 30.217764 33.045910 34.215046 33.394413 30.791218 27.018557 36.312042 42.953316 47.858707 49.783127 48.137623 43.390511 36.762482 40.987053 48.973911 54.830288 57.012489 54.830288 48.973911 40.987049 36.762482 43.390507 48.137623 49.783127 47.858707 42.953316 36.312042 27.018559 30.791212 33.394413 34.215046 33.045906 30.217768 26.403101 17.998062 19.464447 20.410189 20.660673 20.172068 19.075756 17.603815,
 30.572712 34.882889 35.089809 30.859793 24.164164 17.781096 13.326360 34.525993 42.482071 45.826180 42.611732 34.320393 24.784601 17.244024 34.406429 45.615028 53.218796 53.270374 45.571461 33.998943 23.280958 29.939333 42.253963 53.207314 57.684078 53.207306 42.253963 29.939331 23.280960 33.998943 45.571453 53.270374 53.218796 45.615028 34.406429 17.244024 24.784595 34.320393 42.611725 45.826176 42.482071 34.525986 13.326363 17.781096 24.164167 30.859795 35.089809 34.882889 30.572706,
 16.902708 26.173401 36.140652 40.537502 35.974461 25.981934 16.928223 17.965336 29.464642 42.248955 48.029144 42.149113 29.323856 17.978907 18.713184 31.828981 46.721645 53.561771 46.679600 31.757776 18.720505 18.989277 32.677895 48.371460 55.630272 48.371460 32.677895 18.989275 18.720505 31.757772 46.679607 53.561771 46.721645 31.828983 18.713182 17.978907 29.323853 42.149113 48.029144 42.248955 29.464647 17.965334 16.928223 25.981928 35.974461 40.537510 36.140652 26.173403 16.902710,
 13.633274 18.473509 25.263840 32.299618 36.820396 36.790939 32.433010 18.109358 26.260361 36.328255 45.010895 48.518368 45.268661 37.074982 24.917006 36.343975 48.408363 56.385983 56.480457 48.776344 37.093063 32.264427 45.223312 56.494923 61.041447 56.494923 45.223312 32.264427 37.093071 48.776344 56.480457 56.385983 48.408363 36.343975 24.917006 37.074986 45.268658 48.518368 45.010899 36.328255 26.260365 18.109358 32.433010 36.790936 36.820400 32.299618 25.263836 18.473509 13.633274,
 19.527439 20.147858 20.430725 20.253923 19.648186 18.876736 18.283609 23.541122 27.078026 29.931139 30.759409 29.089870 25.793026 22.357178 29.674929 37.660042 44.566441 47.129982 43.953979 36.797428 28.943302 32.724316 42.998920 52.197300 56.000580 52.197308 42.998920 32.724316 28.943302 36.797432 43.953976 47.129982 44.566441 37.660042 29.674929 22.357178 25.793026 29.089870 30.759405 29.931143 27.078028 23.541121 18.283609 18.876734 19.648186 20.253923 20.430727 20.147860 19.527437,
 23.093565 26.089689 26.286720 22.991741 18.425665 15.129967 14.031864 25.987448 33.156891 37.119896 34.095524 26.181484 18.774073 14.948754 26.284756 37.207718 46.819279 47.437984 38.090195 26.090834 18.087315 22.881256 34.192421 47.548973 53.902740 47.548973 34.192421 22.881252 18.087315 26.090834 38.090191 47.437984 46.819283 37.207718 26.284756 14.948757 18.774069 26.181486 34.095516 37.119896 33.156898 25.987444 14.031865 15.129966 18.425667 22.991741 26.286720 26.089689 23.093565,
 18.319159 22.664339 29.603691 33.158779 28.945658 21.006413 15.870215 18.581928 25.679186 36.898830 42.785202 36.437725 24.380726 16.577782 18.534304 28.056255 43.010471 50.956291 42.781376 27.337942 17.388626 18.113050 28.753595 45.373852 54.237816 45.373859 28.753597 18.113050 17.388626 27.337942 42.781368 50.956291 43.010475 28.056255 18.534304 16.577782 24.380728 36.437721 42.785202 36.898838 25.679186 18.581928 15.870215 21.006413 28.945654 33.158779 29.603695 22.664341 18.319160,
 15.161368 15.683210 18.193630 22.334064 25.260616 24.525686 21.328579 15.618536 18.677759 25.499945 33.254604 36.082172 31.662891 24.276903 17.616056 24.929647 36.745834 46.267445 45.505394 35.403526 24.356655 21.277441 32.289658 45.912174 52.519745 45.912174 32.289658 21.277445 24.356655 35.403530 45.505386 46.267445 36.745834 24.929646 17.616056 24.276903 31.662891 36.082169 33.254604 25.499950 18.677759 15.618536 21.328577 24.525684 25.260614 22.334064 18.193634 15.683212 15.161369,
 7.924759 8.396768 8.883154 9.317724 9.623286 9.752673 9.691404 9.030651 9.948947 10.820506 11.393235 11.500576 11.219366 10.736635 10.567606 12.605197 14.607913 15.631217 15.125024 13.559326 11.830492 11.890856 14.543242 17.165119 18.331541 17.165119 14.543239 11.890856 11.830492 13.559328 15.125025 15.631217 14.607913 12.605196 10.567606 10.736633 11.219368 11.500575 11.393235 10.820504 9.948947 9.030651 9.691405 9.752673 9.623285 9.317726 8.883154 8.396766 7.924759,
 8.717219 9.652577 9.918006 9.484783 9.025831 8.836565 8.589761 9.492111 11.503886 12.642837 11.827912 10.005891 8.809481 8.434319 9.480362 12.431549 15.267060 15.389425 12.634995 9.730273 8.327357 8.810391 11.494711 15.294136 17.298962 15.294136 11.494711 8.810390 8.327357 9.730274 12.634995 15.389425 15.267058 12.431547 9.480363 8.434317 8.809482 10.005889 11.827912 12.642837 11.503884 9.492111 8.589761 8.836565 9.025831 9.484783 9.918006 9.652577 8.717218,
 6.744672 7.624719 8.925957 9.804906 9.192903 7.995535 7.510694 7.010592 8.168526 10.356217 11.860588 10.525364 8.323884 7.519301 7.258996 8.735902 11.945726 14.155307 12.012353 8.757048 7.508540 7.443479 8.992686 12.699965 15.240158 12.699965 8.992685 7.443479 7.508540 8.757048 12.012350 14.155307 11.945728 8.735902 7.258996 7.519301 8.323884 10.525363 11.860588 10.356216 8.168525 7.010591 7.510695 7.995535 9.192903 9.804906 8.925957 7.624719 6.744672,
 7.872890 8.643070 9.389819 10.048287 10.411426 10.291271 9.873835 8.160804 9.101409 10.644333 12.393307 13.128249 12.309280 10.846493 8.736803 10.487372 13.386787 15.925499 15.865902 13.435424 10.857093 9.841277 12.494251 16.002737 17.804623 16.002737 12.494250 9.841276 10.857093 13.435424 15.865903 15.925499 13.386787 10.487372 8.736801 10.846493 12.309280 13.128250 12.393306 10.644333 9.101408 8.160803 9.873835 10.291271 10.411427 10.048287 9.389818 8.643070 7.872890,

Pairwise cross-correlations of the modulus of all oriented sub-bands at the same scale (size QxQ)
 57.012505 51.832233 45.450760 53.421734,
 51.832233 57.684071 51.312077 50.681393,
 45.450760 51.312077 55.630257 52.672043,
 53.421734 50.681393 52.672043 61.041439,
 56.000572 50.304291 47.725388 49.723412,
 50.304291 53.902733 49.606018 45.661545,
 47.725388 49.606018 54.237804 48.755341,
 49.723412 45.661545 48.755341 52.519730,

Cross-correlations of the modulus of all oriented sub-bands with all oriented sub-bands at the coarser scale (size QxQ)
 50.846928 47.006512 43.739254 45.943665,
 48.658955 50.314911 47.414574 43.837795,
 44.446579 46.381031 48.996582 45.345215,
 50.286938 46.841763 49.036533 50.807590,
 25.237749 24.000795 21.560921 23.662884,
 23.491659 23.848808 21.742561 22.011137,
 22.578444 22.953457 22.496683 22.781694,
 23.429245 21.745567 21.353853 23.687176,

Cross-correlations of the real part of each oriented sub-band with both the real and imaginary part of all phase-doubled oriented sub-bands at the next coarser scale (Q matrices of size 1x2Q, which are computed and stored in a matrix of size Qx2Q)
 -20.593966 -9.240383 -0.740344 -9.245327 0.007379 0.171788 -0.013450 0.268599,
 -9.012652 -20.977947 -8.593845 -0.721064 0.190062 0.098201 -0.180927 0.026508,
 -0.766724 -9.025955 -19.492741 -9.004255 0.031131 -0.063787 -0.154169 0.144895,
 -8.946307 -0.792679 -8.442131 -21.205999 -0.094478 0.004295 0.036036 0.462828,
 -11.047896 -4.376126 -0.457865 -5.152808 0.078190 0.361157 0.001763 -0.165817,
 -4.626457 -9.550279 -4.364205 -0.519192 0.204379 0.649714 -0.065909 0.005054,
 -0.450162 -4.172150 -9.580275 -4.274234 0.021070 0.108103 -0.036889 0.059333,
 -5.159322 -0.443878 -4.271194 -10.441915 -0.019402 -0.021672 0.024133 -0.141120,
