Low-band skewness and kurtosis
 -11.341714 145.269104,
 -6.827757 55.440353,
 -3.832236 20.413874,
 -1.555014 10.703913,

High-band variance
 17.601034,

Skewness, kurtosis, variance, mean, maximum and minimum of the reconstructed texture
 -11.418136 137.793549 329.379700 253.290405 255.000000 0.000000,

Auto-correlations of the low-frequency bands at each scale
 8.656328 4.873326 3.253554 2.795939 -0.173152 0.226844 5.523621 5.876301 18.940880 56.841171 78.843872 52.379040 12.094758 -0.334434 4.353885 57.275238 165.800003 225.958740 162.858307 52.367001 -0.706004 3.094475 79.128410 226.012085 307.019836 226.012085 79.128418 3.094475 -0.706005 52.366997 162.858307 225.958740 165.800003 57.275238 4.353885 -0.334434 12.094756 52.379032 78.843880 56.841171 18.940884 5.876301 5.523622 0.226844 -0.173152 2.795940 3.253554 4.873327 8.656328,
 4.863919 0.309054 -4.710926 -5.542716 -3.311835 1.251414 2.704836 3.156633 -8.345818 -2.852993 6.947310 -3.534538 -10.120292 -1.008659 -3.258169 -0.857959 55.754211 98.765160 52.920467 -4.667382 -7.023870 -7.771876 7.348836 99.083931 165.064987 99.083946 7.348836 -7.771876 -7.023870 -4.667382 52.920467 98.765144 55.754219 -0.857958 -3.258169 -1.008660 -10.120292 -3.534539 6.947310 -2.852993 -8.345819 3.156633 2.704836 1.251414 -3.311834 -5.542716 -4.710927 0.309054 4.863919,
 1.523026 0.392089 -1.164787 -2.042708 -0.244126 3.627942 4.126425 2.986377 -1.828831 -1.007437 1.459731 -2.926175 -3.356114 2.285705 1.947184 -1.218576 16.718416 31.743954 13.688653 -5.107893 -0.761414 -0.589465 -1.085947 29.925558 54.832527 29.925558 -1.085947 -0.589465 -0.761414 -5.107893 13.688653 31.743948 16.718416 -1.218576 1.947184 2.285705 -3.356114 -2.926174 1.459731 -1.007437 -1.828831 2.986377 4.126426 3.627943 -0.244126 -2.042709 -1.164787 0.392089 1.523026,
 0.762329 0.539942 0.286479 0.690751 1.545398 1.928170 1.462388 0.851289 0.269093 0.075114 0.158983 -0.073986 0.364540 1.283020 0.628322 0.706195 2.736673 4.200805 2.137629 0.187627 0.607175 0.363296 0.940274 4.671232 7.509933 4.671233 0.940274 0.363296 0.607175 0.187627 2.137630 4.200805 2.736673 0.706195 0.628322 1.283020 0.364540 -0.073986 0.158983 0.075114 0.269093 0.851289 1.462388 1.928170 1.545398 0.690751 0.286479 0.539942 0.762329,

Auto-correlations of the modulus of each oriented sub-band
 15.386639 16.871576 17.852562 18.138428 17.629646 16.393820 14.604855 25.447842 29.440353 32.244396 33.228764 32.103325 29.108515 24.858686 36.100079 43.086143 48.098099 49.940456 48.084610 42.998631 35.861362 40.818760 49.262627 55.341488 57.577206 55.341488 49.262627 40.818760 35.861362 42.998623 48.084610 49.940456 48.098095 43.086147 36.100079 24.858686 29.108511 32.103325 33.228764 32.244392 29.440359 25.447840 14.604855 16.393822 17.629646 18.138428 17.852562 16.871580 15.386639,
 30.511278 34.985249 34.814224 29.787441 22.124432 14.769642 9.418877 35.280159 43.768871 47.072834 43.283024 34.057240 23.391636 14.697111 35.142891 47.196049 55.124233 54.986275 46.670391 34.099434 22.149494 29.984198 43.390324 55.012268 59.690166 55.012268 43.390335 29.984198 22.149494 34.099426 46.670391 54.986279 55.124233 47.196060 35.142891 14.697113 23.391636 34.057240 43.283024 47.072834 43.768871 35.280159 9.418879 14.769642 22.124432 29.787445 34.814220 34.985252 30.511276,
 15.258171 25.418892 36.225735 41.156971 36.401264 25.454842 15.014196 16.817032 29.403801 43.086426 49.356327 43.227619 29.420050 16.614136 17.848330 32.218761 48.025322 55.270718 48.101166 32.220394 17.729990 18.174723 33.243050 49.863205 57.449333 49.863205 33.243053 18.174723 17.729990 32.220394 48.101166 55.270718 48.025311 32.218761 17.848330 16.614136 29.420044 43.227619 49.356316 43.086426 29.403801 16.817032 15.014197 25.454840 36.401268 41.156971 36.225735 25.418892 15.258172,
 10.572886 16.065487 23.501791 31.151817 36.093266 36.054382 31.114319 15.886889 24.767658 35.527939 44.757263 48.469566 44.893730 35.858768 23.191406 35.415070 48.163639 56.550182 56.608749 48.360916 35.771511 30.788292 44.609833 56.517399 61.301105 56.517399 44.609833 30.788292 35.771515 48.360916 56.608749 56.550182 48.163628 35.415070 23.191406 35.858765 44.893730 48.469574 44.757259 35.527939 24.767658 15.886889 31.114325 36.054375 36.093266 31.151817 23.501791 16.065487 10.572886,
 10.045078 11.013907 11.712029 11.704071 10.788952 9.238423 7.599946 16.278709 20.160677 23.336531 24.309219 22.376678 18.282036 13.663717 24.068588 32.667091 39.930813 42.629154 39.238583 31.314558 22.214071 27.209631 38.488258 48.233940 52.185097 48.233944 38.488258 27.209631 22.214071 31.314558 39.238583 42.629154 39.930813 32.667095 24.068586 13.663717 18.282036 22.376677 24.309223 23.336531 20.160679 16.278711 7.599946 9.238422 10.788949 11.704071 11.712029 11.013907 10.045077,
 16.468351 20.518305 21.317879 17.714197 11.849533 6.825238 4.018542 20.565018 29.170189 33.875576 30.651495 21.398552 11.961530 6.160089 20.867779 33.746307 44.480579 45.197830 34.868282 20.845352 10.575336 16.574404 30.157066 45.114460 51.908318 45.114460 30.157070 16.574404 10.575336 20.845352 34.868282 45.197830 44.480583 33.746307 20.867779 6.160089 11.961528 21.398550 30.651491 33.875576 29.170187 20.565018 4.018542 6.825238 11.849532 17.714195 21.317881 20.518305 16.468351,
 8.363072 15.226294 24.587969 28.961262 23.857841 14.095260 7.051621 9.369274 19.341667 33.290524 40.080818 32.732525 18.485857 8.266005 10.040142 22.711227 40.626682 49.582344 40.315247 22.252842 9.416430 10.088157 23.903669 43.462894 53.425934 43.462894 23.903673 10.088157 9.416430 22.252842 40.315239 49.582344 40.626682 22.711227 10.040142 8.266005 18.485857 32.732525 40.080818 33.290520 19.341669 9.369274 7.051621 14.095260 23.857841 28.961262 24.587969 15.226294 8.363072,
 6.918671 8.812400 13.095874 18.542393 21.800190 20.468405 15.720406 8.249258 13.376743 22.565510 31.806377 34.807949 29.403486 19.846691 11.599320 21.803699 36.163124 46.769127 45.827625 34.275276 20.436653 16.700891 30.873692 46.571712 53.694050 46.571716 30.873692 16.700891 20.436655 34.275272 45.827621 46.769127 36.163132 21.803699 11.599319 19.846691 29.403481 34.807949 31.806377 22.565514 13.376744 8.249258 15.720407 20.468405 21.800190 18.542393 13.095874 8.812400 6.918671,
 4.416854 4.340145 4.452391 4.633348 4.755114 4.812168 4.891448 5.941359 6.870421 7.788224 8.166933 7.699829 6.657065 5.636113 8.252707 10.907138 13.370246 14.382027 13.234461 10.588864 7.793365 9.256460 12.938339 16.396372 17.878325 16.396372 12.938339 9.256458 7.793365 10.588864 13.234464 14.382028 13.370246 10.907138 8.252707 5.636114 6.657065 7.699830 8.166933 7.788223 6.870421 5.941359 4.891449 4.812168 4.755114 4.633348 4.452391 4.340144 4.416854,
 5.092564 5.646519 5.658357 4.967421 4.246671 3.997124 4.019969 6.182927 8.055178 9.153774 8.240774 6.053097 4.323766 3.653857 6.488873 9.727592 12.800124 12.950621 9.861174 6.238510 4.141754 5.471188 8.822928 13.204565 15.405634 13.204565 8.822928 5.471187 4.141754 6.238511 9.861174 12.950621 12.800125 9.727592 6.488872 3.653857 4.323766 6.053097 8.240774 9.153774 8.055177 6.182927 4.019969 3.997125 4.246671 4.967421 5.658356 5.646519 5.092564,
 4.415032 4.930588 6.400554 7.555255 6.938139 5.418756 4.382716 4.461376 5.854286 8.879088 10.881640 9.296937 6.210394 4.398866 4.531999 6.863298 11.415940 14.208451 11.617265 7.009984 4.448600 4.526048 7.341034 12.580922 15.690263 12.580922 7.341034 4.526048 4.448601 7.009984 11.617266 14.208451 11.415939 6.863298 4.531999 4.398866 6.210394 9.296937 10.881639 8.879088 5.854285 4.461375 4.382716 5.418756 6.938139 7.555256 6.400554 4.930588 4.415031,
 4.390141 4.266475 4.873914 6.251785 7.429045 7.350750 6.228925 4.676409 5.413225 7.444261 10.057298 11.174636 9.730340 7.192158 5.497252 7.698645 11.592255 14.965203 14.760478 11.204906 7.446341 6.654870 10.264949 15.034144 17.439943 15.034144 10.264947 6.654870 7.446341 11.204906 14.760478 14.965203 11.592255 7.698646 5.497252 7.192156 9.730340 11.174636 10.057298 7.444261 5.413225 4.676408 6.228925 7.350751 7.429045 6.251785 4.873914 4.266475 4.390139,

Pairwise cross-correlations of the modulus of all oriented sub-bands at the same scale (size QxQ)
 57.577209 53.180851 45.969379 53.635933,
 53.180851 59.690155 52.945972 51.397827,
 45.969379 52.945972 57.449329 53.590828,
 53.635933 51.397827 53.590828 61.301117,
 52.185081 47.686771 44.959812 48.177288,
 47.686771 51.908318 48.092556 44.728428,
 44.959812 48.092556 53.425934 49.279354,
 48.177288 44.728428 49.279354 53.694050,

Cross-correlations of the modulus of all oriented sub-bands with all oriented sub-bands at the coarser scale (size QxQ)
 49.096359 45.884418 43.405319 46.646488,
 47.416660 50.180866 47.830982 45.423218,
 42.682861 45.671398 49.600784 46.654350,
 47.917763 45.123619 48.628738 52.007011,
 24.553633 21.482008 20.172720 22.779083,
 22.967115 22.491123 21.170773 21.222483,
 22.476515 21.762117 22.777372 23.046738,
 23.722376 20.826462 22.082148 24.590872,

Cross-correlations of the real part of each oriented sub-band with both the real and imaginary part of all phase-doubled oriented sub-bands at the next coarser scale (Q matrices of size 1x2Q, which are computed and stored in a matrix of size Qx2Q)
 -21.241392 -9.397058 -0.830783 -9.630948 0.023955 0.051985 -0.022593 0.040227,
 -9.167482 -21.828619 -9.137811 -0.720501 0.008495 0.034943 -0.074911 0.001774,
 -0.772862 -9.367800 -21.405151 -9.948741 0.002806 -0.060384 -0.078966 -0.031799,
 -9.275234 -0.785245 -9.581777 -22.867023 0.005040 -0.012198 -0.061629 0.017079,
 -12.977597 -5.448632 -0.426852 -5.747307 0.077781 -0.016235 0.002140 -0.088009,
 -5.575266 -11.708716 -5.037354 -0.500555 -0.097580 -0.200978 -0.001927 0.022366,
 -0.473872 -4.920941 -12.111004 -5.681870 -0.035112 -0.116337 -0.040030 -0.080104,
 -5.683992 -0.486589 -5.589101 -12.930857 0.092038 0.013616 -0.022742 -0.276762,
