Low-band skewness and kurtosis
 -11.537175 149.929504,
 -7.247020 62.173531,
 -4.622826 27.934996,
 -1.581675 11.533501,

High-band variance
 17.079325,

Skewness, kurtosis, variance, mean, maximum and minimum of the reconstructed texture
 -11.575466 141.451614 324.565887 253.327530 255.000000 0.000000,

Auto-correlations of the low-frequency bands at each scale
 13.356487 4.087264 3.624407 7.745262 8.156818 8.625784 13.831175 7.431022 16.943445 55.519028 81.340202 60.609901 24.439844 13.844646 7.745424 58.458141 163.873276 224.125809 168.205994 65.876732 15.721696 13.849791 87.403198 226.728165 302.931061 226.728165 87.403198 13.849791 15.721696 65.876732 168.205978 224.125809 163.873260 58.458145 7.745421 13.844648 24.439842 60.609901 81.340202 55.519024 16.943449 7.431020 13.831177 8.625783 8.156819 7.745261 3.624406 4.087265 13.356486,
 15.216258 13.808001 6.294141 3.633022 7.519586 12.739615 13.388291 17.175848 4.004375 3.483956 12.951467 7.886144 4.109257 12.154256 13.953060 10.815817 57.675018 99.584267 61.779018 11.560019 9.825518 10.117248 21.558079 103.367180 164.212738 103.367180 21.558079 10.117248 9.825518 11.560019 61.779011 99.584267 57.675022 10.815817 13.953060 12.154257 4.109258 7.886145 12.951468 3.483956 4.004375 17.175848 13.388293 12.739615 7.519585 3.633023 6.294141 13.808001 15.216258,
 7.612923 7.972028 7.762318 7.877548 9.073524 13.155796 15.999539 9.974669 6.942532 8.041053 10.733646 8.328258 9.557118 15.061562 11.245612 10.472095 26.357889 39.414978 25.210987 9.119244 10.839333 10.081936 12.727427 40.475800 61.506489 40.475800 12.727427 10.081937 10.839332 9.119244 25.210989 39.414974 26.357887 10.472094 11.245612 15.061560 9.557118 8.328258 10.733645 8.041052 6.942531 9.974669 15.999537 13.155796 9.073524 7.877547 7.762319 7.972028 7.612924,
 -0.488855 0.243531 1.246982 2.254035 3.250496 3.719885 2.931844 -0.012210 0.347859 1.538695 2.747665 3.124219 3.358083 2.888417 0.471899 1.142972 4.030640 6.491064 5.262976 3.118949 1.904080 1.004325 2.482640 6.470038 9.250762 6.470038 2.482640 1.004325 1.904080 3.118949 5.262976 6.491064 4.030640 1.142972 0.471898 2.888417 3.358083 3.124220 2.747665 1.538696 0.347859 -0.012210 2.931844 3.719885 3.250496 2.254035 1.246982 0.243532 -0.488854,

Auto-correlations of the modulus of each oriented sub-band
 20.063091 20.943102 21.501204 21.600607 21.175264 20.286188 19.084383 28.453033 31.573820 33.810989 34.588604 33.655991 31.246408 27.918425 37.484562 43.383705 47.727501 49.326046 47.672791 43.287048 37.320374 41.502815 48.724178 54.091805 56.112011 54.091805 48.724178 41.502811 37.320377 43.287041 47.672791 49.326035 47.727493 43.383701 37.484558 27.918430 31.246407 33.655991 34.588596 33.810993 31.573822 28.453032 19.084385 20.286188 21.175266 21.600611 21.501204 20.943104 20.063087,
 33.819538 37.055344 36.584743 32.418957 26.533522 21.306038 17.883434 38.376816 45.235207 47.788700 44.357922 36.614948 28.170736 21.805065 38.561253 48.682510 55.542645 55.294674 47.894150 37.252243 27.738712 34.254879 45.420914 55.603230 59.854145 55.603230 45.420914 34.254875 27.738714 37.252243 47.894146 55.294674 55.542645 48.682510 38.561249 21.805069 28.170740 36.614952 44.357922 47.788700 45.235207 38.376804 17.883436 21.306038 26.533525 32.418957 36.584747 37.055344 33.819538,
 21.179722 28.488579 37.502964 42.135296 38.442543 29.547239 21.596071 22.703287 32.269169 43.993629 49.792313 44.649807 33.023777 23.016830 23.797880 35.082893 48.843651 55.488117 49.172794 35.470558 23.965458 24.250639 36.245884 50.760418 57.639462 50.760418 36.245888 24.250633 23.965456 35.470551 49.172794 55.488117 48.843643 35.082897 23.797880 23.016832 33.023773 44.649811 49.792313 43.993629 32.269169 22.703285 21.596073 29.547239 38.442543 42.135296 37.502960 28.488581 21.179718,
 17.153275 20.281752 25.494047 31.394667 35.321980 35.404507 31.877426 20.899576 27.016909 35.368114 42.936905 46.000935 43.197021 36.333588 26.613655 35.862926 46.297367 53.442856 53.462421 46.644184 36.753288 32.815083 43.680771 53.633385 57.798206 53.633385 43.680771 32.815083 36.753296 46.644176 53.462421 53.442863 46.297367 35.862926 26.613653 36.333588 43.197014 46.000935 42.936905 35.368107 27.016911 20.899572 31.877422 35.404503 35.321983 31.394670 25.494047 20.281754 17.153275,
 18.230793 19.345346 20.448875 21.161581 21.235861 20.780964 20.121176 22.659561 25.419548 27.950191 29.105854 28.269964 25.890005 23.063406 28.411461 34.560509 40.165230 42.525551 40.255188 34.569733 28.109247 31.077694 39.418549 47.009068 50.188972 47.009071 39.418549 31.077692 28.109247 34.569733 40.255188 42.525551 40.165230 34.560509 28.411459 23.063408 25.890003 28.269964 29.105854 27.950195 25.419550 22.659559 20.121176 20.780964 21.235861 21.161583 20.448877 19.345348 18.230791,
 24.663351 27.626894 28.413597 26.229822 23.135839 20.980696 19.833857 29.335817 35.478542 39.128868 36.747013 30.432318 24.818548 21.523018 31.155600 40.287197 48.622784 49.175072 41.122894 31.377411 24.838411 28.932798 38.226257 49.544296 55.155785 49.544300 38.226257 28.932798 24.838411 31.377411 41.122887 49.175068 48.622795 40.287197 31.155598 21.523020 24.818544 30.432314 36.747013 39.128872 35.478542 29.335817 19.833858 20.980692 23.135836 26.229822 28.413603 27.626894 24.663345,
 21.674799 25.608295 31.144245 34.219440 31.517525 26.339287 22.746815 23.399220 29.224606 38.298042 43.473888 38.612743 29.665087 23.886017 24.630981 32.235874 44.647099 51.831955 44.833557 32.436321 24.758204 25.088078 33.482361 47.301979 55.311195 47.301979 33.482365 25.088078 24.758204 32.436321 44.833549 51.831955 44.647099 32.235874 24.630981 23.886017 29.665087 38.612743 43.473888 38.298042 29.224606 23.399220 22.746815 26.339289 31.517525 34.219440 31.144251 25.608292 21.674799,
 17.719332 19.301525 21.948208 25.381609 27.564394 26.569134 23.683037 19.147011 22.261194 27.827223 34.049294 36.144413 32.227619 26.311329 21.517365 27.579386 37.052143 44.915672 44.117023 35.715874 27.013098 24.790993 33.560825 44.697636 50.323845 44.697636 33.560829 24.790993 27.013098 35.715866 44.117020 44.915672 37.052143 27.579390 21.517361 26.311331 32.227615 36.144409 34.049294 27.827223 22.261198 19.147005 23.683039 26.569134 27.564394 25.381609 21.948208 19.301529 17.719336,
 7.467645 8.301193 8.946000 9.326070 9.462300 9.419649 9.228803 8.872989 9.833841 10.642476 11.088082 11.054289 10.583704 9.865085 10.373586 12.088321 13.708906 14.449825 13.874072 12.369151 10.740314 11.175269 13.390531 15.603179 16.591864 15.603179 13.390531 11.175269 10.740312 12.369153 13.874075 14.449825 13.708904 12.088320 10.373587 9.865084 10.583706 11.054289 11.088082 10.642474 9.833839 8.872989 9.228803 9.419649 9.462301 9.326070 8.945999 8.301191 7.467645,
 8.044303 8.942938 9.499587 9.522076 9.329696 9.076946 8.667546 9.196661 10.715264 11.839175 11.727150 10.780789 9.890090 9.147264 9.875832 12.085721 14.286034 14.680182 12.955636 10.930737 9.506138 9.830256 12.006997 14.786579 16.298996 14.786579 12.006997 9.830256 9.506138 10.930737 12.955635 14.680183 14.286032 12.085721 9.875833 9.147264 9.890092 10.780789 11.727150 11.839173 10.715264 9.196660 8.667548 9.076947 9.329694 9.522076 9.499587 8.942936 8.044303,
 7.907511 9.250585 10.894672 11.814943 11.493872 11.064410 10.819695 8.851694 10.460688 12.781618 14.139273 13.151054 11.738078 10.910278 9.764826 11.682249 14.724002 16.610090 14.897978 12.346246 10.831397 10.468571 12.418732 15.648875 17.753687 15.648873 12.418734 10.468571 10.831398 12.346248 14.897978 16.610088 14.724000 11.682249 9.764827 10.910278 11.738076 13.151054 14.139273 12.781618 10.460688 8.851694 10.819695 11.064410 11.493872 11.814944 10.894671 9.250585 7.907510,
 7.581035 8.537575 9.505577 10.538479 11.291657 11.444366 11.133822 8.974367 9.922888 11.240382 12.849674 13.685516 13.160268 12.003471 10.304291 11.675374 13.954169 16.184904 16.264778 14.295832 12.239062 11.518209 13.575349 16.451023 18.043777 16.451023 13.575349 11.518209 12.239062 14.295832 16.264778 16.184902 13.954169 11.675374 10.304289 12.003471 13.160267 13.685515 12.849674 11.240382 9.922888 8.974365 11.133822 11.444365 11.291657 10.538479 9.505577 8.537575 7.581035,

Pairwise cross-correlations of the modulus of all oriented sub-bands at the same scale (size QxQ)
 56.112011 52.285709 46.177319 51.775032,
 52.285709 59.854118 53.236576 50.238045,
 46.177319 53.236576 57.639454 52.111916,
 51.775032 50.238045 52.111916 57.798199,
 50.188961 47.680035 45.456482 45.891815,
 47.680035 55.155785 50.338516 44.921692,
 45.456482 50.338516 55.311188 47.458267,
 45.891815 44.921692 47.458267 50.323845,

Cross-correlations of the modulus of all oriented sub-bands with all oriented sub-bands at the coarser scale (size QxQ)
 46.589790 46.095818 43.800354 44.004471,
 46.860901 51.167866 49.285660 44.718636,
 43.190449 47.879440 50.168068 45.534187,
 45.340435 45.263458 47.790127 47.594582,
 22.144184 21.250471 21.862036 22.685621,
 22.377533 23.383913 24.128586 23.364445,
 21.765015 22.298992 24.958120 24.180733,
 21.837294 20.349300 22.535622 23.708483,

Cross-correlations of the real part of each oriented sub-band with both the real and imaginary part of all phase-doubled oriented sub-bands at the next coarser scale (Q matrices of size 1x2Q, which are computed and stored in a matrix of size Qx2Q)
 -16.386253 -8.245592 -0.813806 -7.487079 0.197673 0.053134 0.007922 0.155463,
 -7.657960 -19.686956 -9.128984 -0.761233 0.177931 0.070117 0.024671 0.016827,
 -0.736406 -9.136204 -19.617752 -8.225143 -0.005326 -0.005086 0.000336 0.126154,
 -6.919655 -0.789440 -8.255739 -17.888247 0.016827 -0.013288 0.016065 0.356855,
 -7.415575 -3.581724 -0.500272 -3.594960 -0.149450 -0.275983 0.008303 -0.214208,
 -3.526392 -8.200109 -4.242656 -0.578136 -0.210056 -0.705420 -0.106349 -0.011034,
 -0.578052 -3.933987 -8.932575 -4.068143 -0.007801 -0.546294 0.438950 0.486366,
 -3.542415 -0.448699 -4.055920 -8.068105 0.196722 -0.121735 0.536412 0.364415,
