Low-band skewness and kurtosis
 -11.351474 145.371750,
 -6.917871 56.255615,
 -4.025041 22.518852,
 -1.334191 8.241112,

High-band variance
 17.425749,

Skewness, kurtosis, variance, mean, maximum and minimum of the reconstructed texture
 -11.428576 138.033401 329.082886 253.292953 255.000000 0.000000,

Auto-correlations of the low-frequency bands at each scale
 8.836320 5.726389 7.310805 8.118221 1.762387 -2.202542 2.891716 5.837599 17.616722 58.030491 82.623520 55.370735 12.837797 0.755509 6.720626 56.689079 165.285126 227.104889 165.140305 55.615662 4.605143 8.526079 81.319244 226.376862 306.936432 226.376846 81.319244 8.526078 4.605143 55.615650 165.140289 227.104874 165.285126 56.689079 6.720625 0.755509 12.837796 55.370735 82.623520 58.030483 17.616724 5.837598 2.891717 -2.202542 1.762389 8.118222 7.310804 5.726389 8.836320,
 2.943076 0.623329 -4.825558 -7.727028 -3.505241 7.623137 13.697223 2.629025 -5.313284 0.566520 7.564456 -3.192368 -4.424911 9.363083 -0.428003 3.541495 58.936245 99.697960 54.078861 0.900811 1.484620 -1.292563 12.815302 101.100792 165.579803 101.100792 12.815302 -1.292562 1.484619 0.900811 54.078861 99.697960 58.936249 3.541495 -0.428002 9.363083 -4.424910 -3.192368 7.564456 0.566519 -5.313284 2.629025 13.697221 7.623137 -3.505242 -7.727028 -4.825557 0.623329 2.943076,
 2.927790 3.292375 2.321237 0.206372 -0.060860 3.004230 5.471775 1.373956 -3.562129 -2.660064 1.494406 0.601260 1.023889 4.892788 0.194763 -1.861418 15.963028 32.892094 20.329557 2.560263 1.326851 -0.197469 4.035277 34.557842 57.374195 34.557842 4.035276 -0.197470 1.326851 2.560264 20.329557 32.892090 15.963027 -1.861418 0.194763 4.892789 1.023890 0.601259 1.494406 -2.660064 -3.562129 1.373957 5.471775 3.004230 -0.060860 0.206372 2.321238 3.292374 2.927790,
 0.979500 0.689745 0.473202 0.376189 0.597645 1.267384 1.456258 0.502204 -0.215229 0.460259 1.123689 0.336260 0.094944 0.983598 -0.278123 -0.482246 2.863539 5.436886 2.877305 -0.045583 0.507821 -0.161575 -0.004624 4.847561 8.500038 4.847561 -0.004624 -0.161575 0.507821 -0.045583 2.877305 5.436886 2.863539 -0.482246 -0.278123 0.983598 0.094944 0.336260 1.123689 0.460259 -0.215229 0.502204 1.456258 1.267384 0.597645 0.376190 0.473202 0.689745 0.979500,

Auto-correlations of the modulus of each oriented sub-band
 16.837755 18.636530 19.831232 20.258015 19.885952 18.855736 17.381514 27.293716 31.511047 34.451603 35.493259 34.415157 31.539625 27.521414 38.169353 45.202839 50.234108 52.069069 50.224838 45.238426 38.309692 43.024574 51.323994 57.315544 59.526062 57.315540 51.323994 43.024574 38.309692 45.238422 50.224838 52.069069 50.234100 45.202839 38.169346 27.521418 31.539623 34.415157 35.493259 34.451603 31.511051 27.293716 17.381514 18.855736 19.885954 20.258015 19.831230 18.636530 16.837755,
 30.361250 34.909538 34.849018 30.006500 22.700615 15.972045 11.531219 35.236305 43.654663 46.985550 43.314487 34.381596 24.268692 16.371712 35.406502 47.219967 55.069599 54.957066 46.793190 34.623981 23.327065 30.669621 43.630493 55.039516 59.680279 55.039516 43.630501 30.669615 23.327065 34.623974 46.793190 54.957066 55.069599 47.219975 35.406502 16.371712 24.268692 34.381599 43.314484 46.985546 43.654667 35.236301 11.531219 15.972043 22.700615 30.006500 34.849018 34.909542 30.361250,
 16.744711 26.576031 37.034969 41.622810 36.768562 26.287506 16.945642 18.445345 30.536930 43.782555 49.719784 43.576355 30.258665 18.472374 19.572575 33.287102 48.592888 55.554302 48.482601 33.119732 19.549183 19.956919 34.226982 50.320263 57.704151 50.320255 34.226986 19.956919 19.549183 33.119732 48.482605 55.554306 48.592884 33.287106 19.572575 18.472374 30.258659 43.576359 49.719788 43.782558 30.536934 18.445345 16.945642 26.287502 36.768562 41.622810 37.034969 26.576031 16.744711,
 11.708397 16.353247 22.780407 29.634003 34.296974 34.637650 30.758337 16.630499 24.245426 33.781963 42.246044 45.847179 42.864452 35.126305 23.341145 34.048222 45.633396 53.511013 53.684311 46.198658 35.051922 30.390312 42.667427 53.635818 58.157650 53.635818 42.667427 30.390312 35.051922 46.198658 53.684311 53.511013 45.633392 34.048225 23.341139 35.126308 42.864449 45.847179 42.246044 33.781963 24.245426 16.630499 30.758337 34.637646 34.296974 29.634007 22.780407 16.353247 11.708397,
 8.144360 9.547977 10.936418 11.915349 12.206411 11.847045 11.090868 14.698462 19.006927 22.846546 24.768831 23.995039 21.052887 17.283550 23.440300 32.008030 39.469524 42.699360 40.140293 33.188278 24.914198 28.218851 38.947857 48.212940 51.970036 48.212940 38.947857 28.218851 24.914198 33.188278 40.140285 42.699360 39.469524 32.008030 23.440300 17.283548 21.052887 23.995039 24.768827 22.846548 19.006929 14.698462 11.090868 11.847045 12.206409 11.915349 10.936418 9.547978 8.144360,
 15.545286 19.335604 20.295202 17.382877 13.074269 10.073957 8.746524 19.918194 27.880714 32.504780 29.719856 21.840538 14.573079 10.575971 20.984009 32.590405 42.732582 43.547531 34.102047 22.055906 13.825224 18.131872 29.860989 43.477005 49.953499 43.477013 29.860989 18.131868 13.825224 22.055906 34.102047 43.547531 42.732582 32.590405 20.984009 10.575972 14.573078 21.840536 29.719856 32.504780 27.880714 19.918194 8.746525 10.073956 13.074268 17.382877 20.295202 19.335606 15.545285,
 9.612237 16.096533 24.564123 28.942759 25.580790 18.574978 13.336805 11.384738 20.529371 33.203773 39.922882 34.280594 22.825060 14.577537 13.183439 24.610962 40.837009 49.460735 41.542805 25.997259 15.031012 14.533051 26.745451 44.193005 53.349144 44.193008 26.745451 14.533051 15.031010 25.997259 41.542805 49.460739 40.837002 24.610958 13.183439 14.577537 22.825060 34.280594 39.922882 33.203773 20.529371 11.384738 13.336805 18.574978 25.580786 28.942762 24.564125 16.096533 9.612238,
 6.553876 9.157946 13.954786 20.124329 24.584795 24.584414 20.827959 9.195658 15.111206 24.590166 34.258057 38.161438 33.849419 25.127192 14.343235 24.764072 38.720108 49.240623 48.825127 38.267952 25.245701 20.751741 34.410980 49.187027 55.933750 49.187038 34.410988 20.751741 25.245701 38.267952 48.825127 49.240623 38.720108 24.764074 14.343235 25.127192 33.849422 38.161430 34.258060 24.590166 15.111206 9.195657 20.827959 24.584414 24.584791 20.124329 13.954785 9.157948 6.553876,
 4.361817 4.817791 5.259903 5.479628 5.485210 5.463068 5.488221 5.115215 6.253170 7.361037 7.851101 7.540194 6.800113 6.089186 6.845210 9.321782 11.674266 12.640305 11.684176 9.558241 7.414097 8.059793 11.194089 14.246735 15.580145 14.246735 11.194088 8.059793 7.414098 9.558241 11.684176 12.640306 11.674266 9.321782 6.845210 6.089187 6.800113 7.540193 7.851101 7.361037 6.253170 5.115214 5.488221 5.463068 5.485210 5.479629 5.259902 4.817790 4.361816,
 6.406878 7.796975 8.414300 7.818988 6.737094 6.149234 6.194354 7.417276 10.105412 11.920273 11.351166 9.054023 7.030868 6.258127 7.814973 11.668275 15.353774 15.882025 12.775238 8.899673 6.611895 7.321585 11.033894 15.793365 18.179663 15.793365 11.033892 7.321585 6.611895 8.899673 12.775238 15.882024 15.353774 11.668275 7.814972 6.258127 7.030868 9.054021 11.351166 11.920273 10.105411 7.417276 6.194355 6.149235 6.737094 7.818988 8.414299 7.796975 6.406878,
 5.235831 6.720681 8.789337 9.650018 8.607375 7.113622 6.220958 5.309834 7.606187 11.315909 13.104971 11.070353 7.882987 6.085703 5.457127 8.471565 13.633749 16.389860 13.447582 8.607363 5.895951 5.671885 8.877216 14.530764 17.803986 14.530764 8.877215 5.671885 5.895951 8.607364 13.447582 16.389860 13.633749 8.471564 5.457127 6.085703 7.882987 11.070353 13.104971 11.315909 7.606186 5.309834 6.220958 7.113622 8.607377 9.650016 8.789337 6.720680 5.235831,
 4.142994 4.383776 5.009477 5.995227 6.762233 6.669451 6.030063 4.120799 4.861283 6.652879 8.871502 9.742830 8.544299 6.721995 4.578440 6.486388 10.004523 13.100892 12.864050 9.741481 6.715888 5.716673 8.783921 13.113364 15.392053 13.113364 8.783921 5.716674 6.715888 9.741482 12.864050 13.100890 10.004521 6.486387 4.578440 6.721994 8.544299 9.742830 8.871500 6.652879 4.861282 4.120798 6.030062 6.669451 6.762233 5.995227 5.009477 4.383775 4.142994,

Pairwise cross-correlations of the modulus of all oriented sub-bands at the same scale (size QxQ)
 59.526062 54.074795 46.759991 53.235157,
 54.074795 59.680279 53.047722 50.408367,
 46.759991 53.047722 57.704151 52.084015,
 53.235157 50.408367 52.084015 58.157665,
 51.970024 46.341320 43.880768 49.223938,
 46.341320 49.953499 46.793861 45.201618,
 43.880768 46.793861 53.349140 49.726543,
 49.223938 45.201618 49.726543 55.933746,

Cross-correlations of the modulus of all oriented sub-bands with all oriented sub-bands at the coarser scale (size QxQ)
 49.788288 45.011284 43.903568 48.460789,
 46.831944 48.185001 47.559589 46.673294,
 42.334316 44.271282 49.599522 47.740467,
 46.549206 42.557720 47.396160 51.639801,
 22.581682 23.244482 21.797562 21.251673,
 21.032549 23.952515 22.538464 19.648056,
 20.565783 23.752197 24.687719 21.526283,
 22.585146 23.450886 24.002136 23.344967,

Cross-correlations of the real part of each oriented sub-band with both the real and imaginary part of all phase-doubled oriented sub-bands at the next coarser scale (Q matrices of size 1x2Q, which are computed and stored in a matrix of size Qx2Q)
 -20.314520 -9.004261 -0.804021 -9.511946 0.180479 -0.005492 0.017402 0.053082,
 -8.528545 -20.873106 -8.833073 -0.845871 0.105643 -0.002998 0.107583 0.001277,
 -0.750134 -9.185941 -20.727257 -9.598886 0.004317 0.007937 0.003692 -0.120489,
 -9.135540 -0.810124 -9.293086 -21.825052 0.050831 -0.010307 -0.124083 -0.025609,
 -10.774920 -4.905708 -0.507693 -4.894406 0.024390 0.100018 -0.000136 0.101748,
 -4.755185 -11.975034 -5.656491 -0.450502 -0.057455 0.374892 -0.015748 -0.044037,
 -0.437937 -5.582333 -12.131787 -4.967778 -0.019759 0.240045 -0.120003 0.027339,
 -4.710108 -0.470743 -5.020667 -11.210188 0.017402 0.031525 -0.046015 0.322060,
