Low-band skewness and kurtosis
 -11.403644 146.960083,
 -6.776567 54.575054,
 -3.635659 17.835733,
 -0.570079 7.017897,

High-band variance
 17.540550,

Skewness, kurtosis, variance, mean, maximum and minimum of the reconstructed texture
 -11.466631 138.945587 327.412109 253.302994 255.000000 0.000000,

Auto-correlations of the low-frequency bands at each scale
 4.561580 -2.602386 -2.211651 1.273063 -0.480702 -2.212067 1.057382 -2.215471 10.296052 51.171352 76.827080 51.886951 10.664698 -2.980220 -2.156858 51.736950 162.052429 223.895844 161.950012 51.605484 -2.189557 0.074446 77.142593 224.256714 305.133484 224.256714 77.142593 0.074446 -2.189557 51.605484 161.950027 223.895844 162.052429 51.736950 -2.156858 -2.980220 10.664698 51.886955 76.827080 51.171352 10.296052 -2.215471 1.057382 -2.212066 -0.480699 1.273064 -2.211651 -2.602387 4.561580,
 7.723997 5.560265 -2.926030 -5.985503 -1.499861 6.336093 8.785679 5.461339 -3.971312 -1.972759 4.329568 -5.160438 -7.360688 4.332482 -4.284009 -3.194431 52.261044 95.293777 50.067989 -5.445592 -5.263730 -9.554832 3.024783 95.008392 162.042358 95.008400 3.024782 -9.554832 -5.263730 -5.445591 50.067989 95.293777 52.261044 -3.194431 -4.284009 4.332483 -7.360688 -5.160436 4.329568 -1.972759 -3.971312 5.461339 8.785679 6.336093 -1.499861 -5.985502 -2.926029 5.560265 7.723997,
 2.453898 3.258417 1.856823 3.121767 5.274498 5.584294 5.358371 1.732108 -1.145599 0.315243 4.847018 2.323832 0.096023 3.799816 1.964533 -0.237480 15.856596 30.405989 15.372516 -1.984798 0.192526 0.537527 1.218398 28.775352 50.854424 28.775352 1.218398 0.537527 0.192526 -1.984798 15.372513 30.405987 15.856596 -0.237480 1.964534 3.799816 0.096023 2.323832 4.847017 0.315243 -1.145599 1.732108 5.358371 5.584294 5.274498 3.121768 1.856823 3.258417 2.453898,
 0.901876 0.850533 0.689960 0.636474 0.638939 0.739125 0.837888 1.210538 0.702397 0.839074 1.230311 0.659446 0.439218 0.958417 0.995484 0.653873 2.873576 4.919344 2.827176 0.567727 0.871037 0.732351 0.831977 4.623729 7.747203 4.623729 0.831977 0.732351 0.871037 0.567727 2.827176 4.919344 2.873576 0.653874 0.995484 0.958417 0.439218 0.659445 1.230311 0.839074 0.702397 1.210538 0.837888 0.739125 0.638939 0.636474 0.689960 0.850533 0.901876,

Auto-correlations of the modulus of each oriented sub-band
 16.232422 17.539089 18.316860 18.410608 17.777641 16.538923 14.892585 26.050934 30.025389 32.781769 33.665096 32.415936 29.337868 25.108067 36.561913 43.638145 48.700855 50.505856 48.536045 43.321861 36.117382 41.139633 49.676266 55.845840 58.118946 55.845840 49.676273 41.139633 36.117382 43.321854 48.536045 50.505856 48.700855 43.638149 36.561913 25.108067 29.337868 32.415936 33.665096 32.781769 30.025389 26.050934 14.892587 16.538923 17.777641 18.410606 18.316862 17.539089 16.232422,
 30.827662 35.175949 34.753506 29.467289 21.628746 14.325806 9.426616 35.109112 43.714149 46.991425 43.043343 33.565781 22.692888 14.083487 34.620914 46.988121 55.126347 54.983402 46.419861 33.480488 21.308371 29.216862 42.995632 54.991390 59.823235 54.991383 42.995632 29.216858 21.308371 33.480488 46.419861 54.983402 55.126347 46.988121 34.620914 14.083487 22.692888 33.565781 43.043343 46.991425 43.714157 35.109112 9.426618 14.325806 21.628748 29.467293 34.753502 35.175949 30.827662,
 15.999442 26.159750 37.060360 41.879566 36.844509 25.693117 15.360826 17.310678 30.100231 44.031315 50.230556 43.786217 29.611811 16.677118 18.100416 32.827736 49.029335 56.309044 48.874062 32.528961 17.716454 18.241077 33.714966 50.812302 58.560383 50.812302 33.714973 18.241072 17.716454 32.528957 48.874062 56.309044 49.029335 32.827740 18.100414 16.677120 29.611805 43.786221 50.230556 44.031315 30.100231 17.310678 15.360826 25.693113 36.844509 41.879566 37.060360 26.159756 15.999442,
 10.351316 15.135587 22.214935 29.724245 34.573784 34.577667 30.009045 14.760460 23.163029 33.770367 42.964279 46.624924 43.157333 34.529617 21.635590 33.596085 46.309612 54.697506 54.732899 46.604446 34.336510 29.224911 42.833099 54.684441 59.468239 54.684441 42.833099 29.224909 34.336517 46.604439 54.732910 54.697506 46.309608 33.596085 21.635588 34.529621 43.157333 46.624928 42.964272 33.770367 23.163029 14.760459 30.009048 34.577663 34.573788 29.724245 22.214931 15.135588 10.351316,
 10.825175 12.122912 13.227071 13.788389 13.562883 12.624146 11.336763 16.785448 20.571281 23.858328 25.205704 23.769398 20.085781 15.687344 24.545273 32.872986 40.255856 43.343884 40.273193 32.504913 23.491512 28.085993 39.239220 49.114391 53.197468 49.114391 39.239220 28.085993 23.491514 32.504913 40.273193 43.343884 40.255863 32.872986 24.545273 15.687345 20.085781 23.769398 25.205700 23.858332 20.571283 16.785446 11.336763 12.624146 13.562883 13.788389 13.227071 12.122915 10.825173,
 17.527416 21.836763 22.739008 19.715540 15.187450 11.579226 9.363778 21.949049 30.978374 35.740601 32.493404 23.748016 15.300111 10.281770 22.671358 35.921730 46.909454 47.520439 37.104969 23.357103 13.608712 18.862684 32.431736 47.601444 54.525517 47.601444 32.431736 18.862684 13.608712 23.357103 37.104969 47.520439 46.909454 35.921730 22.671358 10.281771 15.300111 23.748016 32.493404 35.740601 30.978374 21.949051 9.363778 11.579226 15.187449 19.715540 22.739010 21.836763 17.527416,
 9.218223 15.438864 24.292603 29.609482 26.250862 17.952793 11.367575 10.121240 19.268070 32.671024 40.214081 34.097847 21.024778 11.566545 11.004361 22.734797 40.179424 49.682606 40.946117 23.651203 11.717085 11.573709 24.431837 43.497757 53.614582 43.497757 24.431837 11.573709 11.717086 23.651203 40.946117 49.682606 40.179432 22.734797 11.004360 11.566545 21.024780 34.097847 40.214081 32.671024 19.268070 10.121239 11.367577 17.952791 26.250858 29.609478 24.292603 15.438866 9.218223,
 8.801355 11.556602 16.532513 22.419245 25.825994 24.340370 19.232779 10.622190 16.107462 25.450811 34.777943 37.847393 32.375607 22.541988 14.083104 24.221611 38.513676 49.139313 48.223812 36.580444 22.582399 18.899960 33.002254 48.712933 55.868702 48.712940 33.002258 18.899960 22.582399 36.580444 48.223804 49.139305 38.513680 24.221611 14.083104 22.541988 32.375603 37.847397 34.777943 25.450813 16.107462 10.622189 19.232782 24.340366 25.825993 22.419247 16.532511 11.556602 8.801353,
 4.120700 4.746903 5.530162 6.255291 6.684184 6.730800 6.445732 5.483834 6.608898 7.887537 8.780442 8.834914 8.113040 7.046329 7.389373 9.684847 12.029826 13.237880 12.529344 10.380980 7.961064 8.457045 11.581928 14.618320 15.943861 14.618320 11.581928 8.457046 7.961063 10.380981 12.529341 13.237881 12.029828 9.684847 7.389373 7.046329 8.113040 8.834912 8.780442 7.887537 6.608898 5.483835 6.445731 6.730799 6.684184 6.255291 5.530163 4.746902 4.120700,
 4.547104 5.605812 6.104408 5.807410 5.225207 4.796685 4.605762 5.545048 7.601570 8.974012 8.471920 6.825963 5.431598 4.729123 5.982718 8.887809 11.769334 12.070191 9.573137 6.716806 5.032376 5.604873 8.338209 12.041358 13.969172 12.041358 8.338208 5.604873 5.032376 6.716806 9.573137 12.070190 11.769334 8.887809 5.982718 4.729124 5.431598 6.825963 8.471920 8.974012 7.601570 5.545048 4.605762 4.796685 5.225208 5.807410 6.104408 5.605811 4.547104,
 3.786796 5.081371 6.874970 7.882158 7.065804 5.457543 4.550059 4.208083 6.069917 9.027754 10.668039 9.092726 6.307127 4.717479 4.554884 6.901200 10.935241 13.244271 10.925328 7.004410 4.805076 4.759827 7.255199 11.703824 14.342956 11.703824 7.255199 4.759827 4.805076 7.004411 10.925328 13.244269 10.935239 6.901199 4.554884 4.717479 6.307127 9.092725 10.668037 9.027753 6.069916 4.208082 4.550059 5.457543 7.065804 7.882158 6.874970 5.081371 3.786796,
 3.575689 4.008289 4.700830 5.837248 6.911317 7.069830 6.340398 4.034706 4.918884 6.678111 8.913113 9.955429 8.866776 6.818325 4.696221 6.624437 9.962592 12.947193 12.825976 9.781878 6.626779 5.703329 8.766373 12.911106 15.084243 12.911104 8.766373 5.703329 6.626779 9.781878 12.825976 12.947193 9.962592 6.624437 4.696221 6.818324 8.866776 9.955431 8.913111 6.678110 4.918883 4.034705 6.340398 7.069830 6.911319 5.837247 4.700829 4.008288 3.575689,

Pairwise cross-correlations of the modulus of all oriented sub-bands at the same scale (size QxQ)
 58.118923 53.566490 46.794395 53.287296,
 53.566490 59.823215 53.683983 50.755287,
 46.794395 53.683983 58.560383 53.491261,
 53.287296 50.755287 53.491261 59.468227,
 53.197468 50.019707 46.225895 49.911911,
 50.019707 54.525520 49.866211 48.315956,
 46.225895 49.866211 53.614578 50.688293,
 49.911911 48.315956 50.688293 55.868694,

Cross-correlations of the modulus of all oriented sub-bands with all oriented sub-bands at the coarser scale (size QxQ)
 50.213573 48.005867 43.934093 48.008511,
 48.324200 52.166428 48.379929 46.750381,
 44.151482 48.199890 50.322216 48.383099,
 48.251945 46.688568 48.473171 52.094532,
 23.053745 20.672132 19.666265 21.107571,
 22.496262 21.974632 21.070461 20.537546,
 21.121853 20.551716 21.138510 20.793648,
 22.714140 19.976315 20.899868 22.442295,

Cross-correlations of the real part of each oriented sub-band with both the real and imaginary part of all phase-doubled oriented sub-bands at the next coarser scale (Q matrices of size 1x2Q, which are computed and stored in a matrix of size Qx2Q)
 -22.059834 -9.651081 -0.773788 -9.915380 0.028498 0.035373 0.011881 -0.005132,
 -9.592548 -22.591070 -9.640146 -0.729959 -0.053035 0.100914 -0.023282 0.004026,
 -0.782091 -9.717782 -22.336897 -10.054832 -0.023231 0.021291 -0.035186 0.000232,
 -9.541998 -0.691596 -9.726959 -23.407284 0.029620 -0.005578 0.022268 -0.014174,
 -11.603306 -5.179930 -0.454224 -5.126721 0.257063 0.067059 -0.000440 0.182287,
 -5.287005 -10.680987 -4.245641 -0.469713 0.116807 -0.035224 -0.122405 0.003486,
 -0.493134 -4.401634 -10.024969 -4.902883 0.005456 -0.149025 -0.164626 -0.002190,
 -5.035415 -0.501495 -4.697964 -11.413221 0.037177 -0.045907 -0.008687 0.235919,
