Low-band skewness and kurtosis
 -11.380447 146.132019,
 -6.896419 56.053795,
 -3.667259 18.783590,
 -0.676741 6.310862,

High-band variance
 17.422335,

Skewness, kurtosis, variance, mean, maximum and minimum of the reconstructed texture
 -11.447260 138.497421 328.589661 253.296539 255.000000 0.000000,

Auto-correlations of the low-frequency bands at each scale
 4.862934 3.575981 4.762379 6.316231 2.543866 -1.657002 -1.335773 -0.876616 15.040694 56.357338 81.342453 55.702484 12.579629 -4.114784 -0.194322 54.568172 164.677261 226.398132 164.673813 53.819618 -1.349339 2.076245 79.169449 225.857162 306.436462 225.857132 79.169449 2.076245 -1.349339 53.819611 164.673828 226.398132 164.677261 54.568172 -0.194322 -4.114784 12.579629 55.702488 81.342461 56.357338 15.040694 -0.876617 -1.335773 -1.657001 2.543867 6.316231 4.762380 3.575982 4.862933,
 3.702165 2.311169 -1.568137 -5.484626 -6.630774 0.264665 6.371947 -1.422824 -9.320390 -0.768632 8.021939 -6.502347 -12.711200 1.856502 -8.226656 -5.303729 55.026672 100.113380 51.181049 -7.719140 -5.372660 -9.483921 3.034599 97.651154 166.576797 97.651176 3.034599 -9.483922 -5.372660 -7.719138 51.181049 100.113380 55.026680 -5.303730 -8.226656 1.856502 -12.711200 -6.502346 8.021940 -0.768632 -9.320391 -1.422824 6.371946 0.264665 -6.630772 -5.484626 -1.568139 2.311169 3.702165,
 0.891457 1.906963 0.237886 -0.998595 0.157701 2.751522 2.958556 0.301260 -3.101986 -1.542138 1.470526 -2.527869 -3.311378 1.884790 -0.686040 -3.326122 14.772941 30.648140 14.134695 -3.762297 -0.167949 -0.811436 -0.830617 29.077156 53.299400 29.077156 -0.830617 -0.811436 -0.167949 -3.762297 14.134696 30.648142 14.772941 -3.326122 -0.686040 1.884790 -3.311378 -2.527869 1.470526 -1.542137 -3.101986 0.301260 2.958556 2.751523 0.157701 -0.998595 0.237886 1.906963 0.891458,
 1.051550 1.528047 1.175356 0.448195 0.515983 1.138889 0.994092 0.942542 0.768980 0.791963 0.645182 0.090817 0.211087 0.501016 1.007730 0.573706 2.466102 4.108315 2.037510 0.056777 0.371496 0.916181 0.722139 4.032651 6.914093 4.032651 0.722139 0.916181 0.371496 0.056777 2.037510 4.108315 2.466102 0.573706 1.007730 0.501016 0.211087 0.090817 0.645182 0.791963 0.768980 0.942542 0.994092 1.138889 0.515983 0.448195 1.175356 1.528047 1.051550,

Auto-correlations of the modulus of each oriented sub-band
 14.706436 16.391109 17.441065 17.689169 17.104843 15.842727 14.152708 24.646296 28.791561 31.662182 32.633541 31.479961 28.513153 24.407545 35.292027 42.315899 47.340076 49.166180 47.305450 42.280434 35.299835 40.112961 48.464924 54.493305 56.716301 54.493305 48.464935 40.112957 35.299835 42.280430 47.305454 49.166183 47.340076 42.315903 35.292027 24.407547 28.513151 31.479963 32.633545 31.662178 28.791565 24.646296 14.152708 15.842728 17.104843 17.689169 17.441065 16.391109 14.706436,
 29.773129 34.740471 34.727058 29.538326 21.465666 13.620835 7.998680 33.994221 43.073521 46.701435 42.924706 33.428310 22.304430 13.203203 33.565773 46.222816 54.565697 54.541985 46.029034 33.024296 20.593033 28.360212 42.314651 54.379150 59.229923 54.379150 42.314651 28.360212 20.593033 33.024296 46.029034 54.541985 54.565689 46.222816 33.565773 13.203204 22.304430 33.428314 42.924713 46.701435 43.073521 33.994221 7.998682 13.620835 21.465670 29.538328 34.727058 34.740471 29.773129,
 14.917761 25.668634 36.481205 40.946709 35.758873 24.451029 13.695517 16.245928 29.498072 43.270103 49.162678 42.737167 28.590061 15.316819 17.031706 32.087788 48.066517 55.076733 47.779358 31.602388 16.530748 17.140022 32.863293 49.723152 57.252239 49.723152 32.863297 17.140022 16.530750 31.602388 47.779358 55.076740 48.066513 32.087788 17.031706 15.316819 28.590061 42.737167 49.162678 43.270100 29.498077 16.245926 13.695519 24.451029 35.758873 40.946709 36.481205 25.668636 14.917761,
 9.160948 14.440103 21.615286 28.980097 33.667156 33.507545 28.746584 14.123039 22.669077 33.093010 41.997364 45.455715 41.861084 33.203449 21.121059 32.893486 45.278252 53.395206 53.333977 45.257221 33.195793 28.457428 41.748341 53.343773 58.026443 53.343773 41.748341 28.457428 33.195797 45.257221 53.333973 53.395206 45.278248 32.893490 21.121059 33.203449 41.861080 45.455715 41.997364 33.093010 22.669077 14.123037 28.746586 33.507545 33.667160 28.980097 21.615286 14.440105 9.160948,
 7.799144 9.591678 11.050376 11.660599 11.203745 9.930406 8.305713 14.340962 19.456137 23.850786 25.701048 24.160583 20.064089 15.113886 23.620708 33.511089 42.020824 45.553207 42.385117 34.165779 24.386831 28.674889 40.948997 51.408817 55.609562 51.408829 40.948997 28.674889 24.386831 34.165779 42.385117 45.553207 42.020824 33.511093 23.620708 15.113886 20.064089 24.160578 25.701048 23.850790 19.456139 14.340964 8.305712 9.930406 11.203745 11.660598 11.050376 9.591678 7.799145,
 14.490651 19.528616 20.592501 16.820322 11.088271 6.750091 4.605304 18.457029 28.374664 33.774933 30.366034 20.734854 11.401160 6.179796 18.984606 33.004078 44.727093 45.556110 34.660374 20.112030 9.938465 15.239471 29.405043 45.275620 52.506447 45.275623 29.405043 15.239470 9.938466 20.112030 34.660366 45.556110 44.727093 33.004082 18.984606 6.179796 11.401158 20.734854 30.366028 33.774933 28.374664 18.457029 4.605305 6.750090 11.088271 16.820322 20.592505 19.528620 14.490650,
 7.066926 13.980803 23.378361 28.116831 23.511560 14.241045 7.586044 7.969078 18.166252 32.278069 39.373714 32.327232 18.273230 8.374414 8.799756 21.717430 39.879250 49.075390 39.895477 21.733177 9.020779 9.213162 23.130175 42.935215 53.009399 42.935215 23.130177 9.213162 9.020780 21.733177 39.895473 49.075394 39.879257 21.717430 8.799756 8.374414 18.273228 32.327232 39.373714 32.278069 18.166252 7.969078 7.586044 14.241042 23.511560 28.116831 23.378361 13.980803 7.066926,
 4.788126 7.441932 12.399421 18.384859 22.235407 21.436697 16.812567 6.899109 12.883935 22.676331 32.390293 35.972218 31.034811 21.466894 11.533900 22.484882 37.228207 48.102177 47.521599 36.182514 22.102491 17.784786 32.454620 48.234062 55.313835 48.234077 32.454620 17.784788 22.102491 36.182514 47.521595 48.102177 37.228207 22.484882 11.533900 21.466894 31.034811 35.972214 32.390293 22.676334 12.883933 6.899109 16.812567 21.436697 22.235407 18.384859 12.399423 7.441932 4.788126,
 3.222947 3.460697 3.756393 3.947093 3.913318 3.702522 3.472255 4.288085 5.535443 6.808377 7.426952 7.055799 6.018224 4.912115 6.600348 9.488104 12.291724 13.538456 12.479317 9.898847 7.172105 8.169128 11.908900 15.501485 17.058811 15.501485 11.908900 8.169128 7.172105 9.898847 12.479317 13.538456 12.291724 9.488104 6.600348 4.912115 6.018224 7.055799 7.426952 6.808377 5.535442 4.288085 3.472255 3.702522 3.913318 3.947092 3.756394 3.460697 3.222947,
 4.305136 5.396016 5.644470 4.765248 3.616607 2.954803 2.723058 4.927824 7.449561 9.013164 8.046701 5.514909 3.485471 2.721875 4.940893 8.711792 12.381778 12.667961 9.239802 5.250214 3.067132 4.046082 7.671586 12.575033 15.069642 12.575033 7.671586 4.046082 3.067132 5.250214 9.239803 12.667963 12.381778 8.711792 4.940893 2.721875 3.485471 5.514909 8.046701 9.013164 7.449561 4.927823 2.723058 2.954803 3.616607 4.765248 5.644470 5.396016 4.305136,
 2.869969 3.917867 6.076253 7.451425 6.536156 4.473377 3.068273 2.854607 4.786903 8.464576 10.652782 8.862446 5.318771 3.146311 2.989933 5.740762 10.796412 13.724992 11.017716 6.045367 3.175356 3.128134 6.254807 11.863937 15.059321 11.863937 6.254807 3.128134 3.175356 6.045367 11.017716 13.724991 10.796412 5.740762 2.989933 3.146311 5.318771 8.862446 10.652782 8.464575 4.786903 2.854607 3.068272 4.473378 6.536156 7.451425 6.076253 3.917867 2.869969,
 2.576554 2.616361 3.576071 5.213941 6.379635 6.114459 4.846355 2.659475 3.600066 6.039804 8.948662 10.019975 8.395092 5.763988 3.419406 5.795164 10.034561 13.624887 13.311623 9.582201 5.772387 4.717731 8.411860 13.395911 15.930193 13.395911 8.411859 4.717731 5.772387 9.582201 13.311623 13.624887 10.034560 5.795164 3.419406 5.763988 8.395093 10.019975 8.948662 6.039804 3.600066 2.659475 4.846355 6.114459 6.379634 5.213941 3.576071 2.616361 2.576554,

Pairwise cross-correlations of the modulus of all oriented sub-bands at the same scale (size QxQ)
 56.716290 52.261433 45.356762 51.489666,
 52.261433 59.229923 52.550171 48.946449,
 45.356762 52.550171 57.252228 51.958111,
 51.489666 48.946449 51.958111 58.026463,
 55.609566 49.736191 46.111073 51.150452,
 49.736191 52.506439 48.740410 46.252239,
 46.111073 48.740410 53.009418 49.414082,
 51.150452 46.252239 49.414082 55.313828,

Cross-correlations of the modulus of all oriented sub-bands with all oriented sub-bands at the coarser scale (size QxQ)
 50.824905 46.116657 42.657459 47.118549,
 48.895351 50.524918 47.176613 45.860256,
 44.113842 45.829933 48.898800 47.093254,
 48.547562 44.071102 46.946335 51.711594,
 24.749184 22.331045 20.731501 22.703520,
 22.313187 22.561293 21.196758 20.527328,
 20.909405 21.391562 22.276869 21.452936,
 23.138277 20.975618 21.921558 23.656219,

Cross-correlations of the real part of each oriented sub-band with both the real and imaginary part of all phase-doubled oriented sub-bands at the next coarser scale (Q matrices of size 1x2Q, which are computed and stored in a matrix of size Qx2Q)
 -22.514437 -9.651978 -0.697878 -10.289684 -0.028788 -0.031764 -0.004502 -0.003784,
 -9.493705 -21.974184 -9.155927 -0.805301 -0.017281 -0.039132 -0.061023 0.004157,
 -0.765042 -9.350787 -21.460236 -9.696984 0.007856 -0.017481 -0.136863 -0.015600,
 -10.001209 -0.752190 -9.288122 -23.204594 0.009423 -0.003997 -0.046197 -0.035988,
 -13.793606 -5.545791 -0.451073 -6.038615 -0.060411 0.086258 0.002379 0.171820,
 -5.750768 -12.226183 -5.199134 -0.523872 0.098142 -0.021504 -0.179784 0.007216,
 -0.451647 -5.257452 -11.950982 -5.357821 0.005894 -0.007681 -0.312055 0.016683,
 -6.089231 -0.519729 -5.185382 -12.936295 -0.116605 0.039232 -0.041737 0.247119,
