Low-band skewness and kurtosis
 -11.408407 146.719330,
 -6.961386 57.200066,
 -3.825390 19.823141,
 -0.781994 7.263540,

High-band variance
 17.368307,

Skewness, kurtosis, variance, mean, maximum and minimum of the reconstructed texture
 -11.501314 139.736847 325.402252 253.314270 255.000000 0.000000,

Auto-correlations of the low-frequency bands at each scale
 4.730238 1.051489 1.697349 5.446551 6.047295 5.933283 7.266703 -2.163503 12.568157 53.776012 80.393616 58.433002 18.572826 1.916694 -1.578798 52.597801 162.124496 224.214066 164.902557 56.325161 0.971227 1.682123 78.543556 223.790848 303.318604 223.790848 78.543564 1.682123 0.971227 56.325161 164.902557 224.214050 162.124512 52.597801 -1.578799 1.916694 18.572828 58.433002 80.393616 53.776005 12.568158 -2.163503 7.266703 5.933283 6.047296 5.446552 1.697350 1.051489 4.730237,
 11.601925 5.955205 -2.389810 -4.734425 0.453225 7.899254 9.639974 7.543258 -5.548390 -1.186101 9.549457 1.271695 -5.130419 3.385218 -3.008265 -4.404942 52.845085 99.284492 55.351463 -2.887403 -4.140420 -7.128326 4.183465 96.805588 164.060318 96.805603 4.183465 -7.128326 -4.140420 -2.887403 55.351452 99.284500 52.845085 -4.404941 -3.008265 3.385218 -5.130419 1.271695 9.549457 -1.186101 -5.548390 7.543258 9.639974 7.899254 0.453226 -4.734425 -2.389810 5.955205 11.601923,
 5.886809 3.466974 1.956336 2.454365 2.375065 2.737087 3.974942 4.817055 0.492360 0.674544 3.753112 0.757499 -0.342258 4.216710 2.866669 1.670438 17.790916 31.978487 17.777603 1.458449 3.577341 2.636316 4.418302 32.044182 53.705189 32.044182 4.418302 2.636316 3.577342 1.458450 17.777603 31.978487 17.790915 1.670437 2.866669 4.216710 -0.342257 0.757499 3.753112 0.674544 0.492360 4.817054 3.974942 2.737088 2.375064 2.454365 1.956336 3.466974 5.886808,
 0.899172 1.264399 0.854278 0.728934 1.179294 1.173934 0.585043 1.051878 0.811895 0.306967 0.860038 1.072243 0.727173 0.686756 1.074782 0.920655 2.754765 5.288704 3.936436 1.374313 0.914533 1.128674 1.718483 5.589972 8.688866 5.589972 1.718483 1.128674 0.914533 1.374313 3.936437 5.288704 2.754765 0.920655 1.074782 0.686756 0.727173 1.072243 0.860038 0.306966 0.811895 1.051878 0.585043 1.173934 1.179294 0.728934 0.854278 1.264399 0.899172,

Auto-correlations of the modulus of each oriented sub-band
 16.868073 18.129730 18.979206 19.227863 18.781633 17.716967 16.217573 25.847542 29.530170 32.141468 33.064056 32.046452 29.357796 25.615625 35.867344 42.423740 47.158611 48.872368 47.091019 42.347488 35.829094 40.429176 48.305229 54.059677 56.195038 54.059673 48.305229 40.429176 35.829098 42.347488 47.091019 48.872368 47.158611 42.423752 35.867344 25.615625 29.357796 32.046452 33.064060 32.141468 29.530170 25.847540 16.217573 17.716967 18.781631 19.227863 18.979206 18.129732 16.868073,
 31.602051 36.052555 35.995560 31.171394 23.753754 16.705105 11.818166 35.765289 44.168961 47.598476 44.065945 35.142555 24.802170 16.535067 35.456577 47.294838 55.230846 55.256649 47.178333 34.900871 23.351873 30.600786 43.674374 55.131149 59.763988 55.131145 43.674374 30.600784 23.351873 34.900871 47.178333 55.256657 55.230839 47.294838 35.456577 16.535067 24.802170 35.142563 44.065941 47.598473 44.168964 35.765285 11.818166 16.705103 23.753756 31.171394 35.995556 36.052555 31.602051,
 16.205816 26.074602 36.455582 40.998619 36.420532 26.163717 16.417871 17.531099 29.825119 43.095245 48.973606 43.010483 29.823551 17.624508 18.416243 32.451782 47.831917 54.734234 47.764557 32.428940 18.446676 18.738100 33.394295 49.538540 56.856823 49.538540 33.394299 18.738098 18.446680 32.428936 47.764561 54.734234 47.831917 32.451782 18.416243 17.624508 29.823547 43.010475 48.973606 43.095245 29.825119 17.531099 16.417875 26.163713 36.420532 40.998619 36.455582 26.074602 16.205812,
 11.092700 15.708460 22.583099 29.906528 34.640213 34.610516 30.071899 15.435884 23.457233 33.653797 42.521408 46.008610 42.559399 34.143242 21.980162 33.350044 45.534275 53.600338 53.574150 45.676094 33.888149 29.101711 42.069729 53.464195 58.092705 53.464195 42.069729 29.101709 33.888149 45.676090 53.574158 53.600338 45.534275 33.350044 21.980162 34.143242 42.559395 46.008606 42.521404 33.653793 23.457233 15.435884 30.071903 34.610508 34.640213 29.906528 22.583099 15.708462 11.092699,
 13.098979 14.064888 14.898218 15.344221 15.168661 14.394329 13.265726 19.147404 22.930912 26.137053 27.431158 26.120600 22.827482 18.936640 27.235445 35.529770 42.629818 45.458878 42.539646 35.369617 27.071308 31.310642 42.017231 51.291843 55.052349 51.291851 42.017231 31.310642 27.071308 35.369617 42.539646 45.458878 42.629818 35.529770 27.235439 18.936640 22.827480 26.120600 27.431158 26.137056 22.930912 19.147404 13.265726 14.394328 15.168663 15.344221 14.898218 14.064889 13.098979,
 19.980694 23.759842 24.313606 20.822407 15.624126 11.574993 9.626148 24.424673 32.939949 37.429173 34.096302 25.251696 16.646172 11.691794 25.122725 37.878078 48.514458 49.073044 38.852329 25.410049 15.917379 21.389427 34.494228 49.254536 56.038551 49.254536 34.494228 21.389427 15.917379 25.410049 38.852325 49.073044 48.514458 37.878071 25.122723 11.691794 16.646172 25.251692 34.096302 37.429176 32.939949 24.424673 9.626149 11.574994 15.624126 20.822407 24.313608 23.759842 19.980694,
 11.292894 16.403908 24.103064 28.467457 25.091000 17.511225 11.711847 12.509528 20.131321 32.094608 38.764732 33.017582 21.008759 12.545303 13.266357 23.279985 39.058800 47.712849 39.653011 23.784597 13.183674 13.475455 24.699921 42.082111 51.357883 42.082115 24.699921 13.475455 13.183674 23.784597 39.653008 47.712856 39.058796 23.279985 13.266357 12.545304 21.008759 33.017582 38.764732 32.094612 20.131321 12.509526 11.711847 17.511221 25.090998 28.467457 24.103067 16.403910 11.292894,
 10.448431 11.964029 15.641340 20.856533 24.304695 23.201221 18.584063 12.319155 16.495653 24.559187 33.229740 36.267628 31.231998 22.341904 15.646779 24.279381 37.156162 47.082455 46.251865 35.536404 23.096140 20.095282 32.480701 46.811729 53.487232 46.811729 32.480705 20.095284 23.096140 35.536400 46.251858 47.082455 37.156166 24.279381 15.646781 22.341904 31.231995 36.267628 33.229740 24.559187 16.495653 12.319155 18.584063 23.201218 24.304695 20.856531 15.641340 11.964029 10.448432,
 4.875558 5.111311 5.388862 5.610435 5.722933 5.727640 5.578926 5.849067 6.826687 7.742567 8.186573 7.977474 7.307981 6.463238 7.698374 9.908755 11.993599 12.940111 12.186152 10.270920 8.149069 8.926702 11.816934 14.562271 15.760165 14.562271 11.816932 8.926700 8.149070 10.270920 12.186152 12.940111 11.993600 9.908756 7.698374 6.463238 7.307980 7.977474 8.186573 7.742566 6.826687 5.849066 5.578927 5.727640 5.722933 5.610435 5.388861 5.111311 4.875558,
 5.315057 5.972025 6.215455 5.752133 5.165453 4.889111 4.635700 6.224628 8.110907 9.417684 8.739525 6.840550 5.440770 4.831104 6.435012 9.385259 12.520862 12.868642 9.999320 6.864310 5.223795 5.905201 8.700122 12.788964 15.014666 12.788964 8.700122 5.905201 5.223795 6.864310 9.999320 12.868642 12.520863 9.385259 6.435012 4.831103 5.440769 6.840550 8.739525 9.417682 8.110907 6.224628 4.635701 4.889111 5.165453 5.752133 6.215455 5.972025 5.315057,
 5.626198 6.304935 7.884738 9.014244 8.177969 6.580111 5.672929 5.674438 7.124242 9.950327 11.661201 9.983580 7.177616 5.731655 5.694475 7.821361 11.843202 14.209799 11.780897 7.790646 5.741247 5.721339 8.082790 12.600382 15.314560 12.600384 8.082790 5.721339 5.741247 7.790647 11.780897 14.209799 11.843203 7.821360 5.694474 5.731657 7.177616 9.983579 11.661201 9.950327 7.124242 5.674437 5.672929 6.580111 8.177969 9.014244 7.884738 6.304934 5.626197,
 4.596148 5.086424 5.881901 6.846716 7.481117 7.257221 6.478687 4.906047 5.916418 7.626437 9.491765 10.122501 8.872681 7.008575 5.557718 7.569145 10.688521 13.301486 12.956537 10.056346 7.142703 6.508572 9.473872 13.318193 15.335748 13.318193 9.473871 6.508572 7.142703 10.056346 12.956539 13.301488 10.688520 7.569143 5.557718 7.008574 8.872681 10.122501 9.491764 7.626436 5.916418 4.906047 6.478685 7.257221 7.481117 6.846717 5.881901 5.086423 4.596148,

Pairwise cross-correlations of the modulus of all oriented sub-bands at the same scale (size QxQ)
 56.195023 52.287712 45.343399 51.615520,
 52.287712 59.763985 52.968956 49.980362,
 45.343399 52.968956 56.856812 51.980400,
 51.615520 49.980362 51.980400 58.092693,
 55.052361 51.192234 46.127266 49.809784,
 51.192234 56.038532 49.022472 47.180370,
 46.127266 49.022472 51.357887 48.363621,
 49.809784 47.180370 48.363621 53.487221,

Cross-correlations of the modulus of all oriented sub-bands with all oriented sub-bands at the coarser scale (size QxQ)
 50.595005 47.516193 42.261379 46.203365,
 49.665894 52.743561 47.437126 45.562046,
 44.466530 47.508659 48.679676 46.656307,
 48.483116 45.757763 46.726837 50.556679,
 23.349380 21.591221 21.139078 21.702856,
 22.845095 22.862949 22.223337 20.859249,
 20.605352 20.549225 22.061068 20.959585,
 21.987741 19.817228 21.576714 22.643015,

Cross-correlations of the real part of each oriented sub-band with both the real and imaginary part of all phase-doubled oriented sub-bands at the next coarser scale (Q matrices of size 1x2Q, which are computed and stored in a matrix of size Qx2Q)
 -21.468164 -10.039016 -0.778646 -9.306334 -0.038730 -0.021476 -0.016710 -0.069392,
 -9.765544 -22.685198 -8.731288 -0.736850 -0.003632 -0.131695 -0.049205 -0.014065,
 -0.836388 -9.255329 -19.761126 -8.869141 0.016362 -0.099316 -0.041387 -0.114670,
 -9.167960 -0.673664 -8.541948 -21.038916 0.007209 -0.012547 -0.023841 -0.190285,
 -11.203062 -5.157248 -0.481655 -4.791817 0.389199 -0.010311 0.020753 -0.202276,
 -5.139200 -11.383677 -4.574648 -0.423483 0.032731 0.011175 -0.035485 -0.023087,
 -0.504078 -4.774100 -10.537424 -4.879723 -0.010661 -0.004334 0.060333 -0.138164,
 -4.870708 -0.433499 -4.890973 -11.009664 0.283861 0.000197 0.058297 -0.296112,
