Low-band skewness and kurtosis
 -11.335730 145.019012,
 -6.862205 55.833130,
 -3.618674 17.951717,
 -0.821519 6.099868,

High-band variance
 17.671370,

Skewness, kurtosis, variance, mean, maximum and minimum of the reconstructed texture
 -11.418968 137.790482 329.447113 253.290863 255.000000 0.000000,

Auto-correlations of the low-frequency bands at each scale
 1.188649 -2.459494 -1.431554 1.389688 0.773711 1.304614 4.660529 -1.391040 11.776727 52.585167 79.043564 56.318150 16.432434 0.605834 0.275925 53.426636 163.380173 226.194229 165.936157 56.086456 0.313914 2.166914 79.394691 226.235565 306.938904 226.235565 79.394699 2.166914 0.313915 56.086445 165.936172 226.194229 163.380173 53.426640 0.275925 0.605835 16.432430 56.318150 79.043564 52.585167 11.776728 -1.391041 4.660529 1.304614 0.773711 1.389688 -1.431553 -2.459494 1.188649,
 5.737904 -0.174558 -7.697925 -8.893707 -4.893113 2.926576 7.342166 5.367482 -9.527452 -6.554531 4.065041 -4.204978 -7.137845 5.281463 -2.479998 -4.630685 51.621433 98.014099 53.504539 -3.336341 -4.037879 -7.753986 4.815104 97.859177 165.969421 97.859200 4.815104 -7.753986 -4.037879 -3.336341 53.504539 98.014099 51.621441 -4.630686 -2.479998 5.281463 -7.137845 -4.204978 4.065042 -6.554531 -9.527452 5.367482 7.342166 2.926576 -4.893113 -8.893707 -7.697925 -0.174558 5.737905,
 4.670530 2.546785 -0.722325 -0.376805 2.640262 5.177720 4.608740 5.616330 -1.052103 -2.858208 0.939746 -0.128351 -1.694023 0.801180 1.845123 -1.661990 14.357327 30.005241 15.811178 -3.219550 -2.684853 -2.134583 -0.266276 29.943598 53.032562 29.943598 -0.266276 -2.134583 -2.684853 -3.219550 15.811178 30.005241 14.357327 -1.661990 1.845123 0.801180 -1.694023 -0.128351 0.939746 -2.858207 -1.052103 5.616330 4.608739 5.177720 2.640261 -0.376805 -0.722324 2.546785 4.670530,
 0.791478 0.850497 1.244875 1.097287 0.804171 0.901641 0.665309 0.727828 0.297141 0.825231 1.089013 0.456538 0.338773 0.581382 0.445967 0.225419 2.383203 4.078694 2.369793 0.570440 0.682869 0.567412 0.784326 4.017936 6.556190 4.017936 0.784326 0.567412 0.682869 0.570440 2.369793 4.078694 2.383203 0.225419 0.445967 0.581382 0.338773 0.456538 1.089013 0.825231 0.297141 0.727828 0.665309 0.901641 0.804171 1.097287 1.244875 0.850497 0.791478,

Auto-correlations of the modulus of each oriented sub-band
 14.564203 15.985604 17.004051 17.421633 17.126884 16.170111 14.702760 24.670645 28.637106 31.466356 32.499466 31.443064 28.560387 24.492647 35.392487 42.353321 47.351597 49.152367 47.230717 42.118427 35.065266 39.974392 48.366196 54.459846 56.714394 54.459839 48.366196 39.974388 35.065266 42.118427 47.230717 49.152374 47.351597 42.353321 35.392487 24.492647 28.560387 31.443068 32.499462 31.466356 28.637108 24.670645 14.702760 16.170111 17.126888 17.421633 17.004051 15.985606 14.564203,
 30.200241 34.889648 34.949535 29.999763 22.257612 14.852014 9.700638 35.078899 43.775024 47.376656 43.776054 34.528130 23.726103 15.001078 35.194527 47.397274 55.560677 55.603657 47.297874 34.590752 22.519102 30.277201 43.813129 55.587173 60.328655 55.587173 43.813133 30.277201 22.519102 34.590740 47.297874 55.603649 55.560677 47.397278 35.194523 15.001080 23.726097 34.528137 43.776054 47.376656 43.775024 35.078899 9.700639 14.852014 22.257612 29.999762 34.949535 34.889652 30.200239,
 14.337249 24.750229 35.796654 40.588589 35.721764 25.057898 15.124647 15.979086 28.843573 42.775978 48.899284 42.619160 28.974689 16.505697 17.147556 31.735329 47.753777 54.918034 47.632221 31.772516 17.410398 17.653461 32.793983 49.529938 57.139835 49.529934 32.793991 17.653461 17.410398 31.772514 47.632217 54.918045 47.753777 31.735329 17.147556 16.505699 28.974689 42.619160 48.899284 42.775978 28.843571 15.979085 15.124647 25.057898 35.721771 40.588585 35.796650 24.750225 14.337249,
 8.751038 13.702717 20.921774 28.597095 33.699558 34.015549 29.714245 13.802901 22.219975 32.807423 42.036442 45.833111 42.563801 34.136787 21.061754 32.845768 45.410141 53.754501 53.856819 45.879124 33.843124 28.734167 42.072407 53.752316 58.490150 53.752316 42.072411 28.734169 33.843124 45.879116 53.856823 53.754501 45.410130 32.845768 21.061754 34.136787 42.563797 45.833118 42.036442 32.807419 22.219975 13.802898 29.714245 34.015541 33.699558 28.597095 20.921774 13.702717 8.751038,
 9.903108 10.720330 11.474219 11.833606 11.525022 10.534568 9.089519 15.921305 20.091457 23.560783 24.944141 23.519636 19.821728 15.210378 24.329615 33.521698 41.161884 44.179268 41.087994 33.263168 23.822208 28.358217 40.220547 50.133495 54.075455 50.133507 40.220547 28.358217 23.822206 33.263168 41.087990 44.179268 41.161888 33.521702 24.329615 15.210377 19.821728 23.519634 24.944141 23.560783 20.091457 15.921302 9.089520 10.534568 11.525021 11.833606 11.474220 10.720331 9.903108,
 17.942207 21.563229 21.988380 18.313753 13.051049 9.097417 6.931405 22.636034 31.341808 35.925323 32.384827 23.059706 14.003628 8.548453 23.155043 36.593296 47.664371 48.261795 37.523418 23.219475 12.766736 18.800924 32.978474 48.487900 55.550106 48.487911 32.978474 18.800924 12.766736 23.219473 37.523418 48.261795 47.664371 36.593296 23.155041 8.548453 14.003628 23.059704 32.384827 35.925323 31.341812 22.636034 6.931406 9.097415 13.051047 18.313755 21.988382 21.563232 17.942207,
 9.551702 15.254538 23.817356 28.591928 24.727873 16.504929 10.137921 10.725087 19.621515 32.923752 40.087879 33.541321 20.438589 10.928583 11.652864 23.433447 40.816921 50.036118 41.132065 23.831276 11.685656 12.011458 25.090370 44.101089 54.073284 44.101093 25.090370 12.011458 11.685656 23.831276 41.132061 50.036110 40.816921 23.433445 11.652865 10.928583 20.438585 33.541321 40.087875 32.923752 19.621517 10.725088 10.137921 16.504929 24.727875 28.591928 23.817352 15.254539 9.551702,
 6.774157 8.453214 12.575184 18.444084 22.714479 22.244991 17.497038 8.095792 13.128765 22.269915 32.027969 35.956566 31.099094 21.286554 11.704558 21.893976 36.282875 47.286278 46.837410 35.441216 21.324389 17.128994 31.424192 47.117767 54.260307 47.117767 31.424194 17.128994 21.324389 35.441212 46.837406 47.286278 36.282875 21.893976 11.704558 21.286556 31.099092 35.956562 32.027969 22.269918 13.128767 8.095792 17.497038 22.244991 22.714478 18.444082 12.575184 8.453214 6.774156,
 4.600108 5.018327 5.269294 5.274166 5.026531 4.621477 4.211811 5.743972 6.814584 7.631231 7.819534 7.248956 6.180182 5.059746 7.262956 9.617827 11.748919 12.557389 11.508607 9.200156 6.759903 7.916926 11.098845 14.127641 15.436528 14.127639 11.098845 7.916926 6.759903 9.200156 11.508609 12.557389 11.748919 9.617827 7.262956 5.059747 6.180181 7.248956 7.819534 7.631229 6.814583 5.743971 4.211811 4.621476 5.026531 5.274167 5.269294 5.018327 4.600108,
 5.339487 6.521628 7.080746 6.626117 5.700323 5.044568 4.705597 6.812498 9.193257 10.621246 9.881948 7.618610 5.622062 4.639610 7.165540 10.877464 14.159144 14.378284 11.227070 7.393230 4.989588 6.127340 9.873734 14.456369 16.703476 14.456369 9.873734 6.127340 4.989587 7.393230 11.227070 14.378284 14.159146 10.877465 7.165540 4.639610 5.622060 7.618609 9.881948 10.621246 9.193257 6.812498 4.705597 5.044567 5.700322 6.626117 7.080746 6.521628 5.339487,
 4.221900 5.347741 7.060522 8.184711 7.281906 5.348092 4.204893 4.468921 6.401456 9.583368 11.527268 9.734598 6.234041 4.159434 4.525439 7.290267 11.971526 14.726428 12.033614 7.133758 4.240047 4.410297 7.584927 12.997878 16.119028 12.997878 7.584926 4.410297 4.240047 7.133759 12.033614 14.726429 11.971525 7.290266 4.525439 4.159434 6.234041 9.734597 11.527268 9.583369 6.401455 4.468921 4.204894 5.348092 7.281906 8.184711 7.060522 5.347740 4.221899,
 3.772745 4.359282 5.020607 5.916503 6.541778 6.227892 5.207036 4.108682 5.223489 7.030323 9.051263 9.668362 8.166519 5.856816 4.580381 6.809371 10.316566 13.201219 12.793796 9.449411 5.991383 5.357336 8.751791 13.142810 15.362394 13.142810 8.751791 5.357337 5.991383 9.449411 12.793796 13.201219 10.316566 6.809371 4.580381 5.856816 8.166519 9.668362 9.051262 7.030322 5.223489 4.108682 5.207035 6.227893 6.541779 5.916503 5.020607 4.359281 3.772746,

Pairwise cross-correlations of the modulus of all oriented sub-bands at the same scale (size QxQ)
 56.714359 52.971638 45.535774 52.172272,
 52.971638 60.328667 52.964199 50.351078,
 45.535774 52.964199 57.139828 52.296745,
 52.172272 50.351078 52.296745 58.490162,
 54.075451 50.731285 46.869999 49.634655,
 50.731285 55.550098 50.298248 46.940777,
 46.869999 50.298248 54.073288 50.035049,
 49.634655 46.940777 50.035049 54.260296,

Cross-correlations of the modulus of all oriented sub-bands with all oriented sub-bands at the coarser scale (size QxQ)
 50.045185 47.122787 43.774216 46.979179,
 49.068230 52.755196 49.089890 45.987156,
 43.744610 47.126781 50.273617 47.266472,
 48.027813 45.722969 48.397316 51.266262,
 22.481272 22.543785 21.542933 21.356421,
 21.805244 23.957125 22.997629 20.781858,
 20.518789 22.579689 23.800709 21.674343,
 21.442688 21.348631 22.589293 22.548618,

Cross-correlations of the real part of each oriented sub-band with both the real and imaginary part of all phase-doubled oriented sub-bands at the next coarser scale (Q matrices of size 1x2Q, which are computed and stored in a matrix of size Qx2Q)
 -21.299719 -10.019883 -0.789333 -9.445053 0.020089 0.005249 -0.014942 -0.021328,
 -9.460195 -23.526003 -9.623102 -0.695766 0.002075 0.009272 -0.014712 -0.003980,
 -0.805455 -10.006348 -22.008503 -9.565364 -0.004234 0.002165 0.064987 0.052544,
 -9.169415 -0.735872 -9.511719 -22.187206 0.013664 0.000445 0.044327 0.062301,
 -11.842180 -5.571203 -0.533209 -5.010777 0.280481 -0.010158 -0.042708 -0.026261,
 -5.630718 -12.560132 -5.252310 -0.445115 0.124166 -0.087130 -0.039343 -0.011231,
 -0.575920 -5.484579 -11.971889 -5.677425 -0.006156 -0.069737 0.017686 0.045159,
 -5.021675 -0.501207 -5.528695 -12.248402 0.095039 0.000410 -0.025280 0.011665,
