Low-band skewness and kurtosis
 -11.512439 149.438293,
 -7.083965 60.073597,
 -3.952595 21.712151,
 -0.875409 7.084723,

High-band variance
 17.180712,

Skewness, kurtosis, variance, mean, maximum and minimum of the reconstructed texture
 -11.586640 141.760605 321.449127 253.337082 255.000000 0.000000,

Auto-correlations of the low-frequency bands at each scale
 0.329116 -2.586298 1.479472 6.243953 5.060474 3.776882 6.371265 -1.976814 11.867066 54.826584 82.007866 58.330032 17.199766 1.436674 0.946736 52.002388 160.703476 222.683472 162.939606 54.857964 1.510397 3.805251 77.176895 220.538651 299.656494 220.538620 77.176903 3.805251 1.510397 54.857956 162.939590 222.683472 160.703476 52.002396 0.946736 1.436674 17.199760 58.330032 82.007866 54.826584 11.867068 -1.976813 6.371267 3.776882 5.060472 6.243953 1.479473 -2.586298 0.329116,
 10.665341 7.655735 -4.661590 -10.912693 -5.878011 3.830815 7.199367 6.129277 -5.787755 -4.958965 4.302517 -2.252048 -5.965329 4.294599 -2.808257 -3.366149 51.249447 97.032578 55.039135 -1.109205 -2.300474 -5.767660 6.682743 97.354309 163.374176 97.354332 6.682744 -5.767660 -2.300475 -1.109204 55.039135 97.032593 51.249451 -3.366149 -2.808257 4.294599 -5.965328 -2.252047 4.302517 -4.958966 -5.787755 6.129277 7.199367 3.830816 -5.878010 -10.912693 -4.661592 7.655735 10.665339,
 2.459829 1.381961 1.682437 3.166171 3.593113 5.739384 7.786981 2.758456 -0.919726 -0.536920 1.722299 -0.951625 0.810366 7.182510 2.125300 0.678705 16.630032 29.880453 15.209014 0.340698 4.338540 2.780912 3.526362 31.096636 52.970329 31.096640 3.526363 2.780912 4.338541 0.340698 15.209014 29.880453 16.630032 0.678705 2.125300 7.182510 0.810366 -0.951624 1.722299 -0.536921 -0.919726 2.758456 7.786981 5.739385 3.593113 3.166171 1.682437 1.381961 2.459829,
 1.208831 0.670043 -0.421548 0.199629 1.615953 1.634005 1.096629 0.838572 -0.458129 -1.007013 0.512528 1.187317 0.624509 0.857798 0.257567 -0.695350 1.618354 4.739717 2.889294 -0.291870 -0.108697 -0.159704 -0.301991 4.266520 7.989688 4.266519 -0.301991 -0.159704 -0.108697 -0.291870 2.889294 4.739717 1.618354 -0.695350 0.257567 0.857798 0.624509 1.187318 0.512528 -1.007013 -0.458129 0.838572 1.096629 1.634005 1.615953 0.199629 -0.421548 0.670043 1.208832,

Auto-correlations of the modulus of each oriented sub-band
 15.628252 17.038151 18.002840 18.347616 18.001072 17.058443 15.702760 26.157101 30.005781 32.689709 33.607185 32.522366 29.728468 25.865347 37.049076 43.741657 48.486256 50.140938 48.250984 43.341125 36.595791 41.603619 49.652317 55.466072 57.610767 55.466072 49.652317 41.603619 36.595791 43.341118 48.250988 50.140938 48.486252 43.741657 37.049076 25.865351 29.728464 32.522366 33.607182 32.689709 30.005783 26.157101 15.702762 17.058441 18.001072 18.347616 18.002840 17.038153 15.628252,
 29.151743 33.368507 33.202660 28.489487 21.338657 14.557706 9.840185 33.649891 41.692226 44.899044 41.449791 32.880035 22.940290 14.907796 33.865017 45.248219 52.798450 52.774860 45.026348 33.232121 22.019772 29.322666 41.964718 52.939651 57.362286 52.939651 41.964718 29.322666 22.019775 33.232117 45.026348 52.774849 52.798450 45.248219 33.865013 14.907796 22.940290 32.880035 41.449787 44.899044 41.692226 33.649891 9.840186 14.557706 21.338659 28.489487 33.202663 33.368511 29.151739,
 14.390903 23.640450 33.731586 38.266651 33.915100 24.062597 14.751172 15.843080 27.514639 40.421730 46.255592 40.586613 27.914026 16.228292 16.931152 30.348436 45.270958 52.045296 45.368355 30.587378 17.172327 17.420784 31.477812 47.092972 54.188133 47.092972 31.477812 17.420784 17.172327 30.587378 45.368355 52.045288 45.270958 30.348436 16.931152 16.228292 27.914026 40.586609 46.255592 40.421730 27.514643 15.843080 14.751172 24.062601 33.915100 38.266655 33.731583 23.640450 14.390903,
 9.194537 13.739019 20.587095 28.007650 33.014164 33.311115 29.052340 14.087132 21.955320 32.029434 40.921318 44.620426 41.411221 33.241627 20.972893 32.066635 44.054279 52.093922 52.198551 44.488243 32.980309 28.185623 40.831535 52.026100 56.590385 52.026100 40.831535 28.185619 32.980305 44.488243 52.198551 52.093922 44.054272 32.066639 20.972893 33.241631 41.411221 44.620426 40.921318 32.029430 21.955320 14.087132 29.052345 33.311115 33.014168 28.007650 20.587095 13.739019 9.194537,
 9.257461 10.367791 11.231821 11.583298 11.380121 10.873533 10.340566 14.924693 18.968748 22.521347 24.072317 22.938389 19.885309 16.361851 23.515709 32.110466 39.687511 42.905270 40.142368 33.015079 24.792459 28.485088 39.345615 48.875549 52.782879 48.875549 39.345619 28.485088 24.792459 33.015079 40.142361 42.905270 39.687511 32.110466 23.515709 16.361851 19.885307 22.938385 24.072317 22.521351 18.968748 14.924692 10.340566 10.873535 11.380120 11.583298 11.231822 10.367790 9.257460,
 18.652735 23.137487 23.708036 19.657516 14.286865 11.024589 10.180705 23.026588 32.549015 37.648201 33.983887 24.456884 15.882137 11.686706 23.683359 37.211876 48.728428 49.474567 38.627426 24.649292 15.293418 20.244081 33.723141 49.205860 56.403263 49.205872 33.723145 20.244081 15.293418 24.649290 38.627419 49.474567 48.728428 37.211880 23.683359 11.686703 15.882136 24.456879 33.983883 37.648205 32.549015 23.026587 10.180706 11.024588 14.286864 19.657520 23.708042 23.137487 18.652735,
 10.329483 16.505125 24.411890 28.125237 23.979700 16.118650 10.739208 11.602819 20.517967 32.952648 38.981037 32.221359 19.751873 11.551373 12.555013 23.807056 40.240490 48.539085 39.679943 23.231033 12.417966 12.859532 24.897167 42.950619 52.441322 42.950619 24.897167 12.859533 12.417966 23.231031 39.679935 48.539085 40.240494 23.807056 12.555011 11.551374 19.751873 32.221359 38.981037 32.952652 20.517969 11.602819 10.739208 16.118650 23.979694 28.125237 24.411894 16.505127 10.329483,
 7.860545 9.577688 13.115146 18.100368 21.841362 21.715519 18.405190 9.786287 14.316738 22.430626 31.129919 34.627476 30.483067 22.505196 13.941642 23.009754 35.971992 45.916245 45.424931 35.257484 23.158373 19.455206 32.016060 46.163868 52.673183 46.163868 32.016060 19.455206 23.158375 35.257488 45.424927 45.916245 35.971992 23.009754 13.941639 22.505196 30.483067 34.627476 31.129919 22.430626 14.316739 9.786287 18.405188 21.715515 21.841362 18.100368 13.115146 9.577689 7.860545,
 4.309114 4.460336 4.748731 5.073246 5.261200 5.175235 4.783165 5.428256 6.212561 7.083652 7.645561 7.570413 6.859182 5.817450 7.264871 9.277528 11.259853 12.218510 11.548609 9.636645 7.448940 8.334613 11.149341 13.830932 14.983914 13.830931 11.149341 8.334612 7.448941 9.636646 11.548609 12.218510 11.259853 9.277528 7.264870 5.817450 6.859181 7.570413 7.645561 7.083652 6.212560 5.428255 4.783165 5.175235 5.261200 5.073246 4.748731 4.460336 4.309114,
 4.917090 5.805156 6.391508 6.229739 5.631238 5.088043 4.667069 5.891550 7.828367 9.260959 8.784957 6.997786 5.485361 4.749358 6.287548 9.198617 12.273888 12.615401 9.807618 6.708188 5.067692 5.778683 8.513743 12.541314 14.732920 12.541312 8.513743 5.778683 5.067692 6.708188 9.807618 12.615401 12.273887 9.198617 6.287548 4.749358 5.485362 6.997786 8.784956 9.260959 7.828366 5.891550 4.667069 5.088043 5.631238 6.229738 6.391508 5.805156 4.917090,
 4.129739 5.274871 7.692050 9.433539 8.744613 7.132426 6.172633 4.937424 6.786035 10.350575 12.679018 11.138103 8.207039 6.564162 5.749981 8.210176 12.818958 15.698464 13.261041 9.008486 6.680131 6.391661 9.061564 14.004644 16.996464 14.004644 9.061564 6.391659 6.680131 9.008487 13.261042 15.698464 12.818957 8.210176 5.749981 6.564162 8.207039 11.138103 12.679018 10.350574 6.786035 4.937423 6.172633 7.132426 8.744614 9.433539 7.692050 5.274871 4.129739,
 3.538732 4.184223 5.355575 6.639822 7.391416 7.261264 6.412158 4.278080 5.504665 7.653830 9.948923 10.848390 9.737826 7.610359 5.358663 7.654124 11.256589 14.267050 14.122879 11.125859 7.765269 6.737266 10.109692 14.340335 16.477713 14.340335 10.109691 6.737266 7.765269 11.125860 14.122879 14.267050 11.256589 7.654124 5.358663 7.610359 9.737826 10.848392 9.948923 7.653830 5.504664 4.278081 6.412158 7.261265 7.391416 6.639822 5.355575 4.184224 3.538732,

Pairwise cross-correlations of the modulus of all oriented sub-bands at the same scale (size QxQ)
 57.610748 51.958900 44.414532 51.498611,
 51.958900 57.362255 50.162888 48.376316,
 44.414532 50.162888 54.188137 50.187672,
 51.498611 48.376316 50.187672 56.590393,
 52.782883 50.172173 45.087795 48.682194,
 50.172173 56.403259 49.712551 47.054882,
 45.087795 49.712551 52.441307 48.418060,
 48.682194 47.054882 48.418060 52.673180,

Cross-correlations of the modulus of all oriented sub-bands with all oriented sub-bands at the coarser scale (size QxQ)
 49.687145 47.706272 43.574337 46.796288,
 47.179955 51.660404 47.353027 44.444565,
 41.706360 46.072655 48.217472 45.019619,
 46.971535 45.408104 46.637806 49.677578,
 21.838947 20.818512 21.456551 21.867054,
 21.791498 22.487181 23.109144 21.798325,
 20.177635 20.783010 23.607380 22.292238,
 21.079926 19.840151 22.740385 23.026365,

Cross-correlations of the real part of each oriented sub-band with both the real and imaginary part of all phase-doubled oriented sub-bands at the next coarser scale (Q matrices of size 1x2Q, which are computed and stored in a matrix of size Qx2Q)
 -21.184025 -9.829488 -0.733123 -9.090896 0.160560 -0.005956 0.005915 -0.230611,
 -9.413841 -22.768089 -9.053383 -0.711276 0.059526 0.067351 0.051804 -0.020656,
 -0.745875 -9.611908 -20.624599 -9.073855 0.000154 0.024550 -0.062862 -0.125577,
 -8.971781 -0.745903 -8.814695 -21.074970 0.082670 -0.025356 -0.043993 -0.364851,
 -10.680609 -4.924417 -0.471461 -4.996092 -0.245423 0.014369 0.053260 0.164873,
 -4.725509 -11.460943 -5.262403 -0.449586 0.067657 0.094790 -0.026101 -0.017188,
 -0.530985 -5.151547 -12.002380 -5.210920 0.004833 0.100894 -0.210428 0.095491,
 -4.884287 -0.461979 -5.299110 -11.667501 -0.240621 0.027758 0.023703 0.335631,
