Low-band skewness and kurtosis
 -11.431665 146.680450,
 -7.511877 68.043030,
 -5.438282 39.404633,
 -2.604127 16.449913,

High-band variance
 16.876072,

Skewness, kurtosis, variance, mean, maximum and minimum of the reconstructed texture
 -11.488621 139.276810 328.360901 253.307373 255.000000 0.000000,

Auto-correlations of the low-frequency bands at each scale
 26.670383 21.999117 23.617525 24.255644 16.446997 12.278188 21.092138 14.881168 28.110945 70.274078 94.318199 65.550369 23.876726 16.154360 14.817196 64.174210 171.376831 231.090561 169.398056 63.527035 17.956621 19.606354 87.996651 228.572906 306.938141 228.572906 87.996651 19.606352 17.956623 63.527023 169.398041 231.090561 171.376831 64.174217 14.817195 16.154360 23.876720 65.550369 94.318199 70.274071 28.110947 14.881166 21.092140 12.278188 16.446997 24.255648 23.617523 21.999119 26.670382,
 31.861906 27.500853 15.707805 10.313334 16.272621 27.749533 32.541355 27.226358 20.047941 21.425348 25.353075 16.214399 16.094688 29.358486 15.618176 19.532843 70.708313 108.675316 66.106583 16.701578 18.572819 11.587420 24.003670 107.423691 168.629074 107.423698 24.003672 11.587420 18.572819 16.701576 66.106575 108.675316 70.708321 19.532848 15.618176 29.358484 16.094687 16.214396 25.353075 21.425352 20.047945 27.226358 32.541359 27.749529 16.272617 10.313334 15.707806 27.500858 31.861906,
 9.664469 14.709710 15.137131 13.709142 17.715134 25.816931 29.893280 14.001921 16.022827 18.816587 19.787361 18.004377 19.959902 24.195328 13.327367 16.573801 35.321274 48.621277 35.512924 20.006136 19.767330 15.110293 19.994282 48.489151 69.210037 48.489151 19.994284 15.110291 19.767330 20.006136 35.512928 48.621277 35.321274 16.573801 13.327368 24.195328 19.959902 18.004374 19.787361 18.816587 16.022827 14.001921 29.893280 25.816929 17.715134 13.709141 15.137131 14.709708 9.664469,
 -1.642601 -2.617067 -1.819997 4.405358 11.254362 10.048709 2.295937 -2.006791 -2.991194 -0.023995 7.044874 10.150320 5.202706 -1.482236 -2.644481 -2.058355 5.065810 12.716805 10.497982 1.800563 -3.062311 -3.021302 -0.014791 10.066681 16.519072 10.066681 -0.014791 -3.021302 -3.062311 1.800564 10.497982 12.716805 5.065808 -2.058355 -2.644482 -1.482235 5.202707 10.150320 7.044874 -0.023997 -2.991194 -2.006790 2.295937 10.048711 11.254362 4.405358 -1.819998 -2.617067 -1.642601,

Auto-correlations of the modulus of each oriented sub-band
 25.554039 26.823412 27.726303 28.146978 28.047150 27.512362 26.678045 32.556671 36.094952 38.693913 39.768433 39.086288 36.919479 33.839512 41.236603 47.431019 52.018246 53.803356 52.292786 48.021343 42.138161 45.653736 52.983967 58.411350 60.451462 58.411346 52.983967 45.653736 42.138161 48.021339 52.292786 53.803356 52.018238 47.431026 41.236595 33.839512 36.919479 39.086288 39.768433 38.693913 36.094948 32.556671 26.678045 27.512362 28.047150 28.146980 27.726301 26.823414 25.554039,
 34.697338 38.232685 37.935184 33.789742 28.064125 23.365559 20.843153 37.496601 44.453045 47.231461 43.984245 36.531025 28.710421 23.309072 36.996056 46.854889 53.760990 53.648251 46.463070 36.342190 27.743044 33.108208 43.629341 53.574966 57.803719 53.574966 43.629341 33.108208 27.743048 36.342190 46.463070 53.648254 53.760983 46.854889 36.996052 23.309074 28.710417 36.531025 43.984245 47.231457 44.453041 37.496601 20.843155 23.365557 28.064125 33.789742 37.935188 38.232685 34.697338,
 24.912186 32.144394 39.971981 43.116501 38.724770 30.312391 23.531513 25.666340 34.921154 45.458141 50.070019 44.555904 33.522385 24.569603 26.040459 36.759315 49.432457 55.293716 48.979607 36.014492 25.438253 25.965786 37.184574 50.778282 57.277134 50.778278 37.184578 25.965784 25.438253 36.014492 48.979607 55.293716 49.432449 36.759319 26.040457 24.569603 33.522377 44.555908 50.070019 45.458145 34.921158 25.666336 23.531511 30.312391 38.724770 43.116501 39.971981 32.144394 24.912186,
 20.947285 23.739248 28.391014 33.894131 37.916775 38.422047 35.382637 23.707743 29.244967 36.914616 44.161671 47.420929 44.987305 38.538929 28.570839 37.144753 47.018646 54.017384 54.235729 47.712379 38.267258 34.294258 44.583958 54.191956 58.261627 54.191956 44.583965 34.294254 38.267258 47.712379 54.235729 54.017384 47.018646 37.144760 28.570837 38.538933 44.987301 47.420933 44.161671 36.914616 29.244970 23.707743 35.382637 38.422043 37.916782 33.894138 28.391008 23.739248 20.947281,
 23.276327 24.895409 26.083714 26.879467 27.267851 27.232172 26.847893 25.779905 28.699053 31.090662 32.327911 32.097416 30.712534 28.900223 30.051134 35.860210 41.038677 43.299736 41.521282 36.965218 32.014824 33.079479 40.429710 47.409435 50.430119 47.409439 40.429710 33.079483 32.014824 36.965214 41.521290 43.299744 41.038677 35.860210 30.051134 28.900219 30.712534 32.097416 32.327911 31.090664 28.699053 25.779905 26.847889 27.232170 27.267851 26.879467 26.083714 24.895409 23.276327,
 26.871038 30.346146 30.919165 28.975967 26.924084 25.989729 25.557209 28.870417 35.476604 38.971107 36.874130 31.866270 27.977678 26.072620 29.235744 38.098236 45.948524 46.508888 39.620899 31.681244 26.860294 28.152342 36.167107 46.247349 51.302238 46.247353 36.167107 28.152342 26.860294 31.681244 39.620895 46.508888 45.948528 38.098232 29.235744 26.072622 27.977674 31.866266 36.874126 38.971107 35.476601 28.870417 25.557209 25.989725 26.924078 28.975967 30.919167 30.346146 26.871038,
 20.700222 24.621702 29.390770 32.151096 30.887241 27.990612 25.636156 22.008699 27.171356 34.752182 39.353485 36.154171 29.963303 25.662743 23.073471 29.441786 39.779644 46.211338 40.725723 31.091444 25.035780 24.085257 30.922089 42.260902 49.194290 42.260906 30.922089 24.085257 25.035780 31.091438 40.725716 46.211330 39.779644 29.441786 23.073469 25.662745 29.963306 36.154163 39.353485 34.752182 27.171356 22.008699 25.636156 27.990612 30.887239 32.151096 29.390772 24.621702 20.700224,
 24.312523 26.633404 29.726536 33.522308 36.351677 36.417053 34.115257 26.359728 29.938747 35.559162 41.646427 44.035145 40.884029 35.250870 28.941229 34.995083 43.960285 51.296345 50.702179 43.015621 34.657112 32.093910 40.504108 50.872684 56.069366 50.872696 40.504116 32.093910 34.657112 43.015621 50.702171 51.296345 43.960285 34.995090 28.941225 35.250870 40.884029 44.035137 41.646431 35.559166 29.938747 26.359728 34.115257 36.417057 36.351677 33.522308 29.726536 26.633406 24.312523,
 5.476403 6.948849 8.290757 9.472052 10.468356 11.162362 11.377120 7.199570 8.690907 9.935127 10.902090 11.525917 11.710496 11.414051 9.177265 11.118868 12.773114 13.705464 13.617571 12.700411 11.419129 10.770797 12.900817 14.821308 15.658253 14.821307 12.900814 10.770797 11.419130 12.700411 13.617573 13.705464 12.773112 11.118868 9.177266 11.414050 11.710496 11.525917 10.902090 9.935126 8.690907 7.199569 11.377120 11.162363 10.468357 9.472051 8.290757 6.948848 5.476403,
 7.167419 8.890375 10.004633 10.438582 10.735336 10.983737 10.824390 8.668642 10.828865 12.336069 12.384215 11.790030 11.456841 11.067797 9.901953 12.257027 14.588061 14.964521 13.448109 11.950575 11.011477 10.646834 12.465609 14.966685 16.390884 14.966685 12.465609 10.646834 11.011476 11.950575 13.448109 14.964519 14.588061 12.257028 9.901953 11.067797 11.456843 11.790030 12.384214 12.336069 10.828865 8.668642 10.824389 10.983738 10.735334 10.438582 10.004632 8.890373 7.167418,
 5.068059 6.619595 8.461849 10.283035 11.286937 11.492245 11.082319 6.482481 8.136451 10.585409 12.781252 12.927926 12.084060 11.103587 7.974590 9.670832 12.632569 15.079233 14.005349 11.930114 10.516074 9.400375 11.040763 13.945010 16.076944 13.945010 11.040762 9.400375 10.516074 11.930116 14.005347 15.079233 12.632569 9.670832 7.974589 11.103587 12.084063 12.927926 12.781250 10.585408 8.136450 6.482480 11.082319 11.492246 11.286936 10.283033 8.461849 6.619593 5.068059,
 5.286611 7.323342 9.535391 11.762113 13.462589 14.238910 14.411716 7.390348 9.892244 12.606779 14.926193 15.795480 15.132806 14.058285 9.618339 12.601368 15.945705 18.266891 17.883776 15.536898 13.170740 11.650302 14.718327 18.147520 19.856243 18.147522 14.718327 11.650302 13.170740 15.536898 17.883774 18.266891 15.945705 12.601370 9.618338 14.058285 15.132804 15.795480 14.926193 12.606781 9.892244 7.390347 14.411716 14.238909 13.462589 11.762113 9.535391 7.323342 5.286611,

Pairwise cross-correlations of the modulus of all oriented sub-bands at the same scale (size QxQ)
 60.451473 53.088432 47.813107 53.918896,
 53.088432 57.803696 52.371941 49.258324,
 47.813107 52.371941 57.277122 51.411957,
 53.918896 49.258324 51.411957 58.261623,
 50.430111 45.265411 41.756248 47.829655,
 45.265411 51.302227 45.089783 46.336308,
 41.756248 45.089783 49.194290 46.796638,
 47.829655 46.336308 46.796638 56.069366,

Cross-correlations of the modulus of all oriented sub-bands with all oriented sub-bands at the coarser scale (size QxQ)
 48.035427 46.553574 42.706364 48.349506,
 44.671364 47.870010 44.695198 45.757801,
 42.129917 45.686489 46.114681 46.753689,
 45.548115 44.758110 44.743999 49.259132,
 22.028114 21.036501 19.912512 23.671558,
 21.219236 22.268658 20.554525 22.816309,
 20.500908 21.208309 20.906139 22.964920,
 23.205982 22.404465 21.978168 25.708313,

Cross-correlations of the real part of each oriented sub-band with both the real and imaginary part of all phase-doubled oriented sub-bands at the next coarser scale (Q matrices of size 1x2Q, which are computed and stored in a matrix of size Qx2Q)
 -17.178280 -7.254079 -0.670930 -8.044358 0.172311 -0.127539 -0.004699 0.218234,
 -7.230957 -16.191803 -7.033953 -0.759809 0.248585 -0.251343 -0.119175 0.002554,
 -0.656875 -7.217224 -15.909524 -7.289586 0.043911 0.004621 0.008161 -0.040396,
 -7.847581 -0.740697 -6.953324 -17.304146 -0.062197 0.001504 0.139438 0.262450,
 -5.811152 -2.498507 -0.313063 -3.263804 -0.802073 0.041875 0.035256 0.079050,
 -2.841612 -6.135867 -2.449569 -0.298341 -0.197955 0.484345 0.036270 0.108577,
 -0.464455 -2.942786 -5.164955 -2.320064 0.121458 0.200118 0.439999 0.642118,
 -2.851691 -0.202650 -2.428251 -6.267272 -0.224994 -0.068295 0.456940 0.630208,
