Low-band skewness and kurtosis
 -11.587344 151.283386,
 -7.131349 60.564056,
 -3.803188 19.604153,
 0.064132 7.052071,

High-band variance
 16.882673,

Skewness, kurtosis, variance, mean, maximum and minimum of the reconstructed texture
 -11.641838 143.036591 320.000885 253.349396 255.000000 0.000000,

Auto-correlations of the low-frequency bands at each scale
 1.659710 0.676037 4.984911 7.895231 4.319110 1.513169 3.472196 -0.265296 17.092419 59.982113 83.285477 55.578506 12.939183 -2.092124 -0.154600 55.305984 164.029510 222.560928 160.058563 51.221222 -1.981809 0.586955 76.524353 220.104019 298.653931 220.104019 76.524353 0.586955 -1.981809 51.221222 160.058548 222.560913 164.029495 55.305984 -0.154601 -2.092124 12.939185 55.578510 83.285477 59.982113 17.092419 -0.265297 3.472196 1.513170 4.319113 7.895232 4.984910 0.676038 1.659709,
 11.730026 5.865518 -4.557248 -7.749572 -2.854309 5.593930 8.999758 5.939620 -9.065571 -5.820776 5.395273 -2.644903 -7.446917 2.639416 -2.802528 -4.732009 52.183994 98.307945 52.942554 -5.252023 -6.424941 -8.058701 3.938249 96.774681 164.597000 96.774681 3.938249 -8.058701 -6.424940 -5.252022 52.942551 98.307953 52.184006 -4.732009 -2.802528 2.639416 -7.446917 -2.644902 5.395273 -5.820776 -9.065570 5.939618 8.999759 5.593930 -2.854308 -7.749572 -4.557248 5.865519 11.730026,
 2.721236 3.106426 2.259209 2.247730 3.136763 4.396482 4.586336 2.987047 -0.104125 2.013119 5.201804 1.320151 -0.261253 4.147561 0.776329 -0.169408 17.280832 31.195066 15.318478 -2.169940 0.406865 -1.311295 0.483292 29.275162 51.543755 29.275162 0.483293 -1.311295 0.406865 -2.169940 15.318478 31.195066 17.280832 -0.169408 0.776329 4.147561 -0.261254 1.320151 5.201803 2.013119 -0.104124 2.987047 4.586336 4.396483 3.136763 2.247730 2.259209 3.106426 2.721236,
 0.811289 1.516290 1.219782 0.257101 -0.178856 0.595041 1.638032 0.597617 0.693332 1.069983 0.924125 -0.331673 -0.155003 1.737653 0.363846 -0.009941 2.941024 5.299824 2.470182 -0.090170 1.362535 0.780669 0.128589 4.638333 8.463663 4.638333 0.128589 0.780669 1.362535 -0.090170 2.470182 5.299824 2.941025 -0.009940 0.363846 1.737653 -0.155003 -0.331673 0.924125 1.069983 0.693332 0.597617 1.638032 0.595041 -0.178856 0.257101 1.219782 1.516290 0.811289,

Auto-correlations of the modulus of each oriented sub-band
 15.373207 16.840052 17.892031 18.309792 17.964012 16.905436 15.304382 25.400742 29.269716 32.018814 33.015591 31.968397 29.116339 25.066320 35.792244 42.467964 47.249496 48.993713 47.204449 42.343109 35.541840 40.291588 48.315884 54.086636 56.207619 54.086628 48.315891 40.291588 35.541840 42.343109 47.204449 48.993713 47.249489 42.467968 35.792244 25.066320 29.116333 31.968397 33.015591 32.018814 29.269716 25.400742 15.304383 16.905434 17.964012 18.309792 17.892031 16.840054 15.373206,
 28.345819 32.231361 31.881706 27.227503 20.313850 13.797671 9.238226 32.511303 40.090286 42.924477 39.381107 31.008869 21.418839 13.708911 32.329632 43.248688 50.379894 50.173550 42.569866 31.154089 20.360498 27.555355 39.749615 50.333790 54.601089 50.333790 39.749622 27.555355 20.360498 31.154087 42.569866 50.173557 50.379894 43.248684 32.329632 13.708911 21.418839 31.008869 39.381107 42.924477 40.090290 32.511303 9.238226 13.797671 20.313850 27.227497 31.881706 32.231365 28.345818,
 13.974784 23.145201 33.195141 37.975113 33.950039 24.152462 14.749348 15.205964 26.697447 39.463432 45.493690 40.149860 27.547800 15.815783 16.126865 29.348703 44.113113 50.993294 44.536930 29.841709 16.464911 16.579374 30.500679 45.991871 53.040245 45.991871 30.500681 16.579372 16.464911 29.841705 44.536930 50.993294 44.113110 29.348709 16.126867 15.815784 27.547800 40.149868 45.493690 39.463432 26.697451 15.205963 14.749349 24.152458 33.950047 37.975113 33.195141 23.145205 13.974784,
 9.688652 14.727971 22.035213 29.685696 34.658657 34.793510 30.281479 14.631005 23.153786 33.665886 42.652756 46.233757 42.877098 34.416126 21.745403 33.517155 45.811203 53.828629 53.846561 46.022274 34.118721 29.199495 42.404194 53.764484 58.315483 53.764484 42.404194 29.199495 34.118721 46.022274 53.846561 53.828629 45.811195 33.517155 21.745401 34.416130 42.877098 46.233757 42.652756 33.665882 23.153786 14.631005 30.281481 34.793510 34.658657 29.685698 22.035213 14.727971 9.688651,
 12.670200 13.889353 14.614564 14.679900 14.072811 12.999928 11.752018 18.226221 22.318754 25.553528 26.608761 24.892195 21.150593 16.826370 26.022425 34.942768 42.362385 45.147251 41.807785 33.953152 24.807261 29.520514 41.107716 50.963188 54.936768 50.963196 41.107716 29.520514 24.807261 33.953148 41.807781 45.147251 42.362389 34.942768 26.022425 16.826370 21.150589 24.892195 26.608761 25.553532 22.318758 18.226219 11.752020 12.999927 14.072813 14.679900 14.614566 13.889353 12.670200,
 19.994884 24.725567 25.373119 21.326284 15.511543 11.138157 8.909061 23.767683 33.304913 38.185017 34.482208 24.829937 15.536606 10.143302 23.680161 37.318596 48.443874 48.993763 38.270573 24.033436 13.800660 19.366814 33.316204 48.620880 55.552513 48.620880 33.316204 19.366814 13.800660 24.033436 38.270569 48.993763 48.443874 37.318596 23.680159 10.143302 15.536606 24.829937 34.482208 38.185017 33.304913 23.767683 8.909061 11.138157 15.511544 21.326284 25.373119 24.725565 19.994884,
 10.890304 17.199747 25.755634 29.876259 25.258568 16.646034 10.465372 11.873432 21.174110 34.235443 40.606133 33.536610 20.432936 11.319474 12.470443 24.310423 41.291168 49.807163 40.762325 23.779680 12.084449 12.539303 25.338526 43.896965 53.529705 43.896969 25.338526 12.539303 12.084450 23.779678 40.762325 49.807163 41.291168 24.310425 12.470443 11.319475 20.432936 33.536602 40.606133 34.235447 21.174110 11.873430 10.465373 16.646034 25.258562 29.876259 25.755634 17.199751 10.890304,
 9.617436 11.468900 15.147944 20.342819 23.969717 23.120705 18.550318 10.905142 15.415282 23.952179 33.207607 36.659981 31.616264 22.263346 13.938845 23.349104 37.266987 47.977352 47.239964 35.888939 22.459929 18.735609 32.233646 47.664299 54.788143 47.664299 32.233646 18.735609 22.459929 35.888939 47.239964 47.977352 37.266991 23.349104 13.938845 22.263344 31.616264 36.659977 33.207607 23.952179 15.415280 10.905142 18.550320 23.120701 23.969717 20.342819 15.147944 11.468898 9.617435,
 3.589299 4.165911 4.688043 4.866238 4.591586 4.070432 3.637060 5.220201 6.481638 7.668250 8.156773 7.641197 6.489029 5.374560 7.365829 9.814302 12.161901 13.179946 12.196615 9.894385 7.540667 8.497130 11.624548 14.690003 16.033512 14.690004 11.624548 8.497130 7.540668 9.894387 12.196615 13.179946 12.161901 9.814302 7.365829 5.374560 6.489029 7.641197 8.156773 7.668250 6.481637 5.220200 3.637060 4.070432 4.591586 4.866238 4.688044 4.165911 3.589299,
 4.452529 5.325397 5.559987 4.921792 3.976552 3.339865 3.131940 5.497484 7.408379 8.615181 7.987509 6.111050 4.457296 3.698508 5.944392 8.949405 11.787687 12.071308 9.452689 6.273579 4.362290 5.301463 8.347503 12.255774 14.224796 12.255774 8.347503 5.301462 4.362290 6.273579 9.452688 12.071308 11.787687 8.949403 5.944392 3.698507 4.457296 6.111050 7.987508 8.615180 7.408378 5.497484 3.131939 3.339865 3.976552 4.921793 5.559988 5.325396 4.452530,
 3.549441 4.616699 6.250108 7.292763 6.571412 4.793056 3.419810 3.742353 5.384713 8.238291 10.001864 8.542421 5.569859 3.652956 3.881724 6.077897 10.145718 12.646751 10.343280 6.202367 3.825625 3.911051 6.403249 11.027594 13.816454 11.027594 6.403248 3.911051 3.825625 6.202366 10.343280 12.646751 10.145716 6.077896 3.881724 3.652957 5.569859 8.542421 10.001863 8.238291 5.384713 3.742353 3.419811 4.793056 6.571412 7.292763 6.250108 4.616699 3.549441,
 3.536155 4.133033 5.039452 6.172276 6.846368 6.379392 5.050167 4.274879 5.385782 7.318533 9.418729 10.113583 8.656656 6.263684 5.130648 7.314785 10.759585 13.576083 13.292942 10.120393 6.689537 6.088324 9.424582 13.642561 15.731696 13.642560 9.424582 6.088324 6.689537 10.120393 13.292943 13.576086 10.759584 7.314785 5.130648 6.263684 8.656655 10.113583 9.418729 7.318533 5.385782 4.274879 5.050167 6.379392 6.846368 6.172276 5.039451 4.133032 3.536155,

Pairwise cross-correlations of the modulus of all oriented sub-bands at the same scale (size QxQ)
 56.207611 49.820477 42.852798 51.713894,
 49.820477 54.601089 48.329384 47.367382,
 42.852798 48.329384 53.040234 49.825043,
 51.713894 47.367382 49.825043 58.315479,
 54.936749 51.238579 47.014900 50.578400,
 51.238579 55.552509 50.314251 47.686260,
 47.014900 50.314251 53.529705 50.205368,
 50.578400 47.686260 50.205368 54.788139,

Cross-correlations of the modulus of all oriented sub-bands with all oriented sub-bands at the coarser scale (size QxQ)
 50.737099 47.512394 43.348270 46.840366,
 46.650112 50.227001 46.215984 43.483475,
 41.925262 45.653584 47.644600 44.581184,
 48.683189 46.150326 47.686161 51.202267,
 23.662451 20.898401 19.585556 22.241625,
 22.842236 21.891195 20.505114 21.333813,
 21.173344 20.349375 21.132288 21.610147,
 22.365948 19.716440 20.478167 22.838715,

Cross-correlations of the real part of each oriented sub-band with both the real and imaginary part of all phase-doubled oriented sub-bands at the next coarser scale (Q matrices of size 1x2Q, which are computed and stored in a matrix of size Qx2Q)
 -21.557934 -9.511439 -0.743267 -9.721016 -0.070426 0.009561 0.016262 0.029779,
 -9.395976 -21.744934 -8.952452 -0.679244 -0.041325 0.131016 0.064579 -0.011746,
 -0.754955 -9.161169 -20.707010 -9.624095 -0.000449 0.125262 0.141669 0.071959,
 -9.351780 -0.686606 -9.076745 -22.647276 -0.028748 0.019501 0.075662 0.122490,
 -11.490518 -5.248033 -0.470510 -5.238596 -0.267221 0.129675 -0.037506 0.221772,
 -5.061839 -11.238965 -4.440787 -0.479058 -0.022587 -0.022735 -0.088720 -0.013586,
 -0.526769 -4.547150 -10.549464 -5.054249 -0.022493 -0.114813 -0.091347 0.025625,
 -5.210772 -0.415603 -4.988021 -11.666330 -0.159576 -0.003332 -0.089003 0.270430,
