Low-band skewness and kurtosis
 -11.407662 146.907440,
 -6.847672 55.783157,
 -3.558401 17.257915,
 -0.873563 7.424755,

High-band variance
 17.359509,

Skewness, kurtosis, variance, mean, maximum and minimum of the reconstructed texture
 -11.487931 139.457230 325.806458 253.310150 255.000000 0.000000,

Auto-correlations of the low-frequency bands at each scale
 -0.421107 -2.439905 1.615983 4.004641 -0.611437 -2.897672 2.144178 -4.684188 10.880920 54.768139 80.262199 53.424561 11.465282 -1.660051 -3.144617 51.138084 162.593201 224.544785 161.996811 51.722050 -1.281035 0.052883 76.037361 222.849182 303.745148 222.849182 76.037369 0.052883 -1.281036 51.722038 161.996811 224.544785 162.593201 51.138084 -3.144617 -1.660051 11.465282 53.424561 80.262199 54.768135 10.880921 -4.684187 2.144179 -2.897671 -0.611437 4.004642 1.615983 -2.439905 -0.421107,
 7.945177 3.136829 -5.406113 -9.465075 -7.165536 1.237428 6.242777 6.143623 -8.246181 -5.780528 3.288582 -5.904675 -8.872858 3.317331 -2.644014 -4.945041 50.989727 96.555603 51.561169 -5.472354 -5.975709 -8.921177 3.048923 95.799835 163.646530 95.799843 3.048923 -8.921177 -5.975709 -5.472354 51.561169 96.555603 50.989735 -4.945041 -2.644015 3.317332 -8.872858 -5.904675 3.288583 -5.780527 -8.246180 6.143622 6.242777 1.237428 -7.165538 -9.465075 -5.406112 3.136829 7.945177,
 1.123428 1.049621 1.047559 0.853018 0.728295 2.629623 4.391152 0.894439 -2.319657 -0.851567 1.455025 -2.341976 -2.510548 3.180773 0.390102 -0.773764 15.773118 28.984875 13.704591 -2.260116 1.183022 0.233197 1.372140 29.049625 50.760433 29.049625 1.372140 0.233197 1.183021 -2.260116 13.704591 28.984875 15.773118 -0.773764 0.390102 3.180772 -2.510548 -2.341977 1.455025 -0.851567 -2.319657 0.894440 4.391152 2.629623 0.728295 0.853018 1.047558 1.049622 1.123428,
 1.116261 1.104482 0.515503 0.313534 0.289826 0.167985 0.339704 1.006869 0.649263 0.427683 0.899894 0.491064 -0.121146 0.343558 0.201924 0.106531 2.207707 4.399857 2.559808 -0.071855 0.012118 -0.176294 0.128058 3.972408 6.974757 3.972408 0.128058 -0.176294 0.012118 -0.071855 2.559808 4.399857 2.207707 0.106531 0.201924 0.343558 -0.121146 0.491064 0.899894 0.427683 0.649263 1.006869 0.339705 0.167985 0.289826 0.313534 0.515503 1.104482 1.116261,

Auto-correlations of the modulus of each oriented sub-band
 15.446453 16.841055 17.814875 18.166508 17.780931 16.714989 15.138954 25.989195 30.038177 32.923447 33.977360 32.893082 29.920578 25.705633 36.950066 44.033825 49.113529 50.972050 49.086441 43.947910 36.768154 41.701199 50.196468 56.306274 58.550304 56.306274 50.196472 41.701199 36.768147 43.947903 49.086441 50.972050 49.113541 44.033825 36.950058 25.705633 29.920576 32.893082 33.977360 32.923447 30.038177 25.989191 15.138954 16.714989 17.780931 18.166508 17.814878 16.841055 15.446453,
 29.362431 33.743206 33.569092 28.584097 20.945793 13.668678 8.625919 33.849831 42.209190 45.538532 41.854324 32.732601 22.167730 13.696110 33.708469 45.581665 53.492405 53.433891 45.212940 32.751469 20.999907 28.685297 41.896088 53.441647 58.112522 53.441647 41.896088 28.685297 20.999910 32.751469 45.212936 53.433891 53.492413 45.581673 33.708466 13.696110 22.167730 32.732605 41.854324 45.538525 42.209190 33.849827 8.625921 13.668678 20.945797 28.584101 33.569092 33.743210 29.362429,
 14.371978 24.601328 35.482895 40.151382 35.120899 24.170811 14.060992 15.741040 28.435148 42.186619 48.221588 41.946583 28.160730 15.554236 16.675535 31.151842 47.003155 54.065483 46.886967 31.023350 16.592489 16.990995 32.109856 48.741039 56.222641 48.741039 32.109859 16.990995 16.592491 31.023350 46.886963 54.065483 47.003155 31.151838 16.675535 15.554236 28.160728 41.946590 48.221588 42.186619 28.435148 15.741039 14.060992 24.170809 35.120907 40.151382 35.482895 24.601328 14.371977,
 8.949249 13.739756 20.842733 28.427584 33.502083 33.826881 29.497673 13.784821 22.209526 32.814945 42.036888 45.858322 42.608360 34.110138 20.980581 32.904224 45.539017 53.886456 54.019138 46.044594 33.877182 28.710367 42.226917 53.947739 58.657494 53.947739 42.226921 28.710367 33.877186 46.044594 54.019150 53.886456 45.539017 32.904224 20.980577 34.110142 42.608353 45.858322 42.036888 32.814945 22.209526 13.784820 29.497675 33.826881 33.502083 28.427584 20.842737 13.739756 8.949248,
 10.015877 11.156842 11.802393 11.818192 11.240822 10.323162 9.388207 16.617941 20.792719 24.036345 25.021122 23.222824 19.464375 15.272895 25.207840 34.199543 41.708935 44.487659 41.066944 33.122505 24.016701 28.974747 40.553200 50.512444 54.534779 50.512444 40.553200 28.974747 24.016701 33.122505 41.066944 44.487659 41.708935 34.199543 25.207840 15.272895 19.464373 23.222824 25.021120 24.036345 20.792719 16.617939 9.388208 10.323162 11.240822 11.818192 11.802393 11.156842 10.015877,
 17.658102 22.166468 22.932386 19.097897 13.353823 8.955096 6.882011 22.444242 31.763090 36.601986 32.978119 23.332952 13.952041 8.632920 23.177118 36.865524 47.991760 48.546139 37.745121 23.286659 12.923453 18.962664 33.157513 48.657551 55.634045 48.657551 33.157513 18.962664 12.923454 23.286659 37.745113 48.546139 47.991760 36.865524 23.177116 8.632921 13.952041 23.332951 32.978119 36.601986 31.763092 22.444242 6.882011 8.955096 13.353821 19.097897 22.932386 22.166468 17.658102,
 10.152425 16.426952 25.010303 29.178030 24.292046 15.197205 8.818363 11.035232 20.114918 33.282166 39.961716 32.728611 19.179743 9.916790 11.592087 23.214539 40.419628 49.363716 40.108883 22.699116 10.951596 11.586961 24.298134 43.213047 53.206425 43.213051 24.298134 11.586961 10.951596 22.699114 40.108883 49.363716 40.419632 23.214539 11.592087 9.916790 19.179741 32.728611 39.961716 33.282166 20.114922 11.035232 8.818362 15.197206 24.292046 29.178030 25.010305 16.426954 10.152425,
 7.950788 9.964159 13.680196 18.824465 22.470976 21.779858 17.447313 9.632652 14.429614 22.997339 32.216122 35.768330 30.866489 21.558752 13.150650 22.788691 36.713680 47.430119 46.807156 35.504143 21.956224 18.194914 31.872961 47.307339 54.396252 47.307346 31.872961 18.194914 21.956224 35.504143 46.807144 47.430122 36.713680 22.788692 13.150650 21.558752 30.866489 35.768330 32.216122 22.997341 14.429614 9.632653 17.447315 21.779858 22.470974 18.824461 13.680198 9.964159 7.950788,
 3.590232 4.103544 4.555879 4.814742 4.850670 4.753005 4.613081 4.947006 5.996740 6.999724 7.506980 7.262700 6.472917 5.572315 7.056734 9.271384 11.417414 12.398392 11.579745 9.505056 7.297438 8.209567 11.151048 14.016005 15.263704 14.016005 11.151047 8.209567 7.297438 9.505055 11.579746 12.398392 11.417414 9.271384 7.056734 5.572315 6.472917 7.262699 7.506980 6.999724 5.996740 4.947006 4.613081 4.753005 4.850670 4.814742 4.555879 4.103544 3.590232,
 4.641313 5.608949 5.985622 5.383764 4.500582 4.072073 4.047116 5.499829 7.467854 8.798662 8.111735 6.095582 4.553627 4.032496 5.780632 8.711720 11.698584 11.973163 9.124928 5.960406 4.339532 5.125405 7.915260 11.920228 14.054516 11.920228 7.915259 5.125405 4.339533 5.960406 9.124928 11.973162 11.698584 8.711719 5.780632 4.032496 4.553627 6.095582 8.111735 8.798661 7.467854 5.499829 4.047116 4.072073 4.500582 5.383764 5.985622 5.608949 4.641313,
 3.834787 5.422177 7.614097 8.570853 7.339765 5.544460 4.732561 4.224479 6.353600 9.745493 11.503333 9.600516 6.461750 4.862426 4.562780 7.219844 11.828058 14.427545 11.807253 7.313072 4.891815 4.792303 7.627217 12.747605 15.728196 12.747605 7.627217 4.792302 4.891816 7.313072 11.807253 14.427545 11.828057 7.219844 4.562779 4.862426 6.461749 9.600515 11.503332 9.745492 6.353600 4.224479 4.732562 5.544460 7.339766 8.570853 7.614097 5.422177 3.834787,
 3.475676 4.150314 5.178578 6.210361 6.810327 6.536862 5.607406 3.856673 5.031229 7.063032 9.202675 9.936516 8.566787 6.404708 4.612795 6.855472 10.452887 13.432048 13.123652 9.887392 6.565738 5.731303 9.060410 13.432755 15.669023 13.432755 9.060410 5.731303 6.565738 9.887392 13.123652 13.432046 10.452887 6.855473 4.612795 6.404707 8.566787 9.936516 9.202675 7.063031 5.031228 3.856672 5.607406 6.536862 6.810327 6.210362 5.178578 4.150314 3.475677,

Pairwise cross-correlations of the modulus of all oriented sub-bands at the same scale (size QxQ)
 58.550293 52.777245 45.502659 53.157612,
 52.777245 58.112507 51.742443 49.601345,
 45.502659 51.742443 56.222630 51.825706,
 53.157612 49.601345 51.825706 58.657478,
 54.534779 50.831013 46.292690 50.452557,
 50.831013 55.634022 50.411411 47.953110,
 46.292690 50.411411 53.206429 49.503750,
 50.452557 47.953110 49.503750 54.396244,

Cross-correlations of the modulus of all oriented sub-bands with all oriented sub-bands at the coarser scale (size QxQ)
 51.264694 48.533089 44.103416 47.807388,
 48.251072 51.907295 47.842979 45.266342,
 43.139088 47.226818 49.677429 46.392490,
 48.356007 46.393337 47.916035 51.268517,
 22.826077 20.649912 21.250862 22.197964,
 21.803858 21.878122 22.495598 21.039158,
 20.436026 20.414635 22.627666 21.462343,
 21.780598 19.765965 22.248524 23.029131,

Cross-correlations of the real part of each oriented sub-band with both the real and imaginary part of all phase-doubled oriented sub-bands at the next coarser scale (Q matrices of size 1x2Q, which are computed and stored in a matrix of size Qx2Q)
 -22.378206 -9.808657 -0.770959 -9.988615 -0.018544 0.009688 -0.000104 -0.000559,
 -9.646978 -22.955946 -9.462520 -0.753421 0.021377 0.023954 0.014487 -0.012210,
 -0.764737 -9.796743 -21.626772 -9.757808 0.007579 0.006503 0.019476 0.004329,
 -9.662033 -0.718038 -9.344370 -22.943451 -0.018294 -0.003997 -0.007713 0.044603,
 -11.830778 -4.978474 -0.505860 -5.430186 0.247098 0.038066 -0.005747 -0.085837,
 -5.016990 -11.338602 -4.988308 -0.478178 0.138610 0.139161 -0.062329 -0.011442,
 -0.466215 -4.946927 -11.474620 -5.498048 -0.003703 0.036571 -0.022766 0.161439,
 -5.341609 -0.482733 -5.262908 -12.442353 0.068794 -0.021448 0.047698 0.058600,
