Low-band skewness and kurtosis
 -11.451920 147.852234,
 -7.077109 59.955410,
 -4.245942 23.990299,
 -2.274546 15.997239,

High-band variance
 17.247049,

Skewness, kurtosis, variance, mean, maximum and minimum of the reconstructed texture
 -11.523570 140.243454 324.873322 253.318863 255.000000 0.000000,

Auto-correlations of the low-frequency bands at each scale
 9.783581 2.157222 0.728723 2.921889 1.403106 2.263465 9.614184 9.897182 18.111223 54.947224 79.194206 55.483822 17.115484 6.222110 12.250626 59.590706 163.986832 223.864868 164.039627 57.860538 7.480261 12.206476 83.475220 224.633423 303.054688 224.633423 83.475220 12.206476 7.480260 57.860538 164.039627 223.864868 163.986832 59.590714 12.250626 6.222108 17.115484 55.483829 79.194206 54.947224 18.111223 9.897182 9.614184 2.263465 1.403108 2.921889 0.728723 2.157221 9.783581,
 13.350174 6.054241 -1.529074 -2.580931 2.112503 10.315759 16.481874 15.892329 -0.334823 -2.099241 5.060072 -1.677988 -3.740817 8.806032 8.186050 8.219668 57.621395 97.283989 55.706650 1.532422 -1.654771 -0.989609 15.684991 103.005623 165.102386 103.005623 15.684991 -0.989609 -1.654771 1.532422 55.706646 97.283989 57.621395 8.219668 8.186050 8.806032 -3.740817 -1.677989 5.060072 -2.099240 -0.334823 15.892329 16.481873 10.315758 2.112501 -2.580930 -1.529072 6.054242 13.350172,
 7.751546 10.345592 9.646554 7.160039 7.686170 10.855621 11.200927 9.658005 6.910823 6.106808 7.428531 5.299633 5.634049 9.107546 8.541230 7.539970 21.629160 34.369629 20.973301 5.334769 6.096243 6.137457 9.036389 35.414673 55.980923 35.414673 9.036389 6.137458 6.096242 5.334769 20.973301 34.369621 21.629160 7.539970 8.541231 9.107546 5.634049 5.299633 7.428529 6.106810 6.910823 9.658007 11.200926 10.855621 7.686170 7.160039 9.646554 10.345592 7.751546,
 0.234534 0.184099 0.881945 3.099174 4.144549 2.791450 1.562091 0.390731 -0.033229 0.876369 2.850921 2.631464 1.248811 1.344859 0.628813 0.778611 3.736885 6.667247 4.669282 1.605910 1.502925 1.251327 2.054676 6.527736 9.893583 6.527737 2.054675 1.251327 1.502925 1.605910 4.669282 6.667249 3.736885 0.778611 0.628813 1.344859 1.248812 2.631465 2.850921 0.876369 -0.033229 0.390730 1.562091 2.791450 4.144549 3.099174 0.881945 0.184099 0.234534,

Auto-correlations of the modulus of each oriented sub-band
 19.008673 19.884407 20.455101 20.580862 20.172773 19.260983 17.962940 28.283861 31.591236 33.918041 34.688931 33.626129 30.943214 27.216051 38.116711 44.370361 48.867752 50.470360 48.662922 43.915871 37.396988 42.221512 49.948185 55.581230 57.673851 55.581230 49.948185 42.221512 37.396988 43.915863 48.662922 50.470360 48.867744 44.370361 38.116707 27.216051 30.943214 33.626129 34.688927 33.918037 31.591242 28.283859 17.962944 19.260983 20.172773 20.580862 20.455103 19.884407 19.008669,
 31.863953 35.608364 35.399910 30.894293 24.213644 18.127003 14.058330 36.623863 43.943863 46.873997 43.399582 35.078995 25.769428 18.534115 36.913082 47.465851 54.642712 54.514580 46.872623 35.610374 25.276175 32.415359 44.175110 54.711697 59.051590 54.711697 44.175110 32.415356 25.276173 35.610371 46.872623 54.514580 54.642708 47.465851 36.913074 18.534117 25.769423 35.078995 43.399582 46.873989 43.943863 36.623859 14.058332 18.127001 24.213648 30.894295 35.399906 35.608364 31.863951,
 19.273174 27.595860 37.038876 41.158436 36.488361 26.905308 18.611506 20.624632 31.075642 43.211647 48.687107 42.783798 30.509819 20.020939 21.481062 33.511223 47.664356 54.218006 47.427483 33.186344 21.116140 21.655214 34.289852 49.228367 56.277046 49.228367 34.289852 21.655214 21.116140 33.186340 47.427483 54.218006 47.664356 33.511223 21.481058 20.020939 30.509819 42.783794 48.687099 43.211647 31.075642 20.624632 18.611504 26.905308 36.488365 41.158436 37.038872 27.595860 19.273174,
 15.004772 18.454971 24.074528 30.606392 35.342167 35.938274 32.292381 19.065441 25.745575 34.719501 43.010208 46.737743 44.005142 36.499336 25.142000 35.174118 46.317528 54.022091 54.308884 47.125828 36.323215 31.793720 43.587662 54.160671 58.509663 54.160671 43.587662 31.793715 36.323215 47.125824 54.308891 54.022091 46.317524 35.174118 25.142000 36.499336 44.005142 46.737740 43.010208 34.719501 25.745575 19.065441 32.292385 35.938274 35.342171 30.606392 24.074528 18.454973 15.004771,
 16.479141 17.388981 17.939146 18.001005 17.620895 17.040630 16.470509 20.665707 23.694525 26.145884 26.937693 25.658922 22.993319 20.064123 26.702152 33.660389 39.742012 42.056660 39.232910 32.881924 25.911501 29.390873 38.581856 46.941490 50.462605 46.941490 38.581863 29.390869 25.911501 32.881924 39.232899 42.056656 39.742012 33.660393 26.702156 20.064123 22.993319 25.658922 26.937689 26.145885 23.694525 20.665707 16.470509 17.040628 17.620893 18.001005 17.939148 17.388985 16.479141,
 23.037899 26.039343 26.677835 23.937197 19.649315 16.422834 15.084225 26.948364 33.692989 37.350445 34.483559 26.887253 19.788309 16.052372 27.628361 38.191395 47.149921 47.565460 38.552944 27.011156 19.173140 24.066944 35.161076 47.890602 53.869595 47.890602 35.161079 24.066944 19.173141 27.011156 38.552940 47.565460 47.149929 38.191395 27.628361 16.052376 19.788305 26.887253 34.483562 37.350445 33.692993 26.948359 15.084227 16.422834 19.649315 23.937197 26.677835 26.039343 23.037899,
 20.611504 24.740042 31.377945 34.994507 31.311928 24.224798 19.600302 21.319948 27.800650 38.612240 44.712185 38.879517 27.677980 20.494707 21.853020 30.664942 45.232342 53.456295 45.520508 30.725641 21.400402 21.922287 31.915405 48.105030 57.089832 48.105030 31.915405 21.922287 21.400404 30.725645 45.520508 53.456295 45.232346 30.664942 21.853020 20.494707 27.677980 38.879517 44.712185 38.612240 27.800653 21.319948 19.600304 24.224800 31.311926 34.994507 31.377945 24.740042 20.611502,
 18.144316 19.748302 22.303684 25.675064 28.081076 27.621431 24.759253 19.396151 22.899847 29.211178 36.186623 38.905628 35.098206 28.129040 21.850502 29.155563 40.183983 49.019783 48.438599 39.124569 28.468292 25.554752 36.292488 49.035828 55.146744 49.035835 36.292496 25.554752 28.468292 39.124565 48.438595 49.019791 40.183987 29.155567 21.850504 28.129036 35.098202 38.905624 36.186623 29.211182 22.899849 19.396152 24.759251 27.621426 28.081076 25.675064 22.303684 19.748306 18.144318,
 6.628030 7.344593 7.981278 8.383312 8.455364 8.235155 7.888831 7.308642 8.263327 9.119760 9.578879 9.460961 8.855160 8.084506 8.552055 10.274377 11.896331 12.647823 12.091485 10.585023 8.932346 9.415554 11.672706 13.875188 14.839760 13.875188 11.672706 9.415554 8.932346 10.585024 12.091485 12.647823 11.896332 10.274377 8.552053 8.084504 8.855160 9.460959 9.578879 9.119761 8.263327 7.308641 7.888831 8.235156 8.455363 8.383312 7.981277 7.344593 6.628029,
 7.765396 8.980097 9.522642 9.016058 8.168913 7.693569 7.492814 8.356556 10.510151 11.936746 11.401605 9.620091 8.141829 7.293947 8.361560 11.203936 13.995137 14.323020 11.885776 9.179438 7.459128 7.903077 10.508636 13.965453 15.853132 13.965453 10.508636 7.903077 7.459128 9.179439 11.885774 14.323020 13.995139 11.203935 8.361560 7.293946 8.141829 9.620091 11.401604 11.936746 10.510150 8.356556 7.492813 7.693569 8.168913 9.016058 9.522642 8.980096 7.765396,
 7.583954 8.848713 10.534980 11.509501 11.247011 10.412761 9.535677 8.138066 9.855556 12.506189 13.975277 12.812335 10.810053 9.444149 8.621931 10.708231 14.326762 16.455986 14.394170 11.144538 9.287493 9.014207 11.169532 15.097124 17.568083 15.097124 11.169530 9.014208 9.287493 11.144538 14.394170 16.455986 14.326762 10.708231 8.621931 9.444149 10.810052 12.812333 13.975277 12.506189 9.855556 8.138065 9.535675 10.412761 11.247009 11.509501 10.534980 8.848711 7.583954,
 6.428806 7.452849 8.463912 9.395930 10.029816 9.972223 9.267849 6.925490 8.333327 9.996771 11.698528 12.376229 11.372794 9.579962 7.777352 9.874617 12.674210 15.057907 14.864221 12.272823 9.499985 8.800817 11.613010 15.086452 16.910234 15.086454 11.613010 8.800817 9.499985 12.272823 14.864221 15.057908 12.674210 9.874616 7.777352 9.579962 11.372794 12.376229 11.698526 9.996771 8.333325 6.925489 9.267847 9.972223 10.029816 9.395930 8.463911 7.452849 6.428806,

Pairwise cross-correlations of the modulus of all oriented sub-bands at the same scale (size QxQ)
 57.673843 52.805832 46.073269 52.860184,
 52.805832 59.051571 52.022266 49.999317,
 46.073269 52.022266 56.277046 51.750790,
 52.860184 49.999317 51.750790 58.509644,
 50.462612 48.136307 46.313965 47.869534,
 48.136307 53.869591 50.452610 46.938690,
 46.313965 50.452610 57.089828 51.747528,
 47.869534 46.938690 51.747528 55.146740,

Cross-correlations of the modulus of all oriented sub-bands with all oriented sub-bands at the coarser scale (size QxQ)
 47.118950 46.624699 45.528015 47.265778,
 46.131531 50.557972 49.427334 46.031368,
 41.652496 46.109623 50.951271 47.168579,
 46.120953 45.473221 49.404545 51.391205,
 20.947432 20.290012 21.250517 21.738848,
 21.169806 21.968767 22.782999 21.847128,
 21.024818 22.100706 24.542856 23.769753,
 21.245491 20.571154 23.265553 23.943455,

Cross-correlations of the real part of each oriented sub-band with both the real and imaginary part of all phase-doubled oriented sub-bands at the next coarser scale (Q matrices of size 1x2Q, which are computed and stored in a matrix of size Qx2Q)
 -18.881887 -8.619469 -0.822624 -8.552216 -0.115277 -0.042746 0.001794 -0.011011,
 -8.308996 -20.384892 -9.002436 -0.758187 -0.065632 -0.004810 -0.068504 0.010614,
 -0.745279 -9.066287 -21.380194 -9.877254 -0.005171 -0.019919 -0.157082 -0.074088,
 -8.183055 -0.771626 -9.803432 -21.158915 -0.029643 -0.037842 -0.036845 -0.139748,
 -8.116564 -3.739909 -0.566337 -4.024778 -0.845515 0.094804 0.119514 0.149122,
 -3.674861 -8.714569 -4.149222 -0.529019 -0.290800 0.289475 -0.068133 0.017742,
 -0.473680 -3.959017 -10.243580 -5.050785 0.009875 0.121029 -0.437368 0.333441,
 -3.751226 -0.392447 -5.203063 -9.901854 -0.368949 0.012424 0.057702 0.489380,
