Low-band skewness and kurtosis
 -11.438440 147.807404,
 -6.861778 55.507172,
 -4.109769 24.515549,
 -1.027527 6.184324,

High-band variance
 17.388288,

Skewness, kurtosis, variance, mean, maximum and minimum of the reconstructed texture
 -11.488685 139.446167 326.883270 253.307571 255.000000 0.000000,

Auto-correlations of the low-frequency bands at each scale
 13.082260 6.836322 3.980789 2.635240 -1.565252 -2.973839 1.274278 7.243407 18.033730 55.658085 78.382561 52.265102 11.121858 -1.849766 3.706247 55.267902 163.572968 224.364777 162.474167 52.380363 -0.675277 2.591659 78.143379 224.411316 304.859100 224.411316 78.143387 2.591659 -0.675278 52.380356 162.474167 224.364777 163.572968 55.267910 3.706247 -1.849767 11.121856 52.265091 78.382576 55.658085 18.033731 7.243407 1.274278 -2.973839 -1.565253 2.635240 3.980790 6.836324 13.082260,
 15.579278 8.350682 -2.088730 -6.753511 -6.975584 -2.031625 4.914113 13.691711 0.241662 0.899167 6.926472 -5.919126 -12.508210 -0.439098 5.044971 4.588162 56.320145 96.833260 51.297077 -3.471891 -3.550219 -1.318869 10.895567 97.906448 162.121597 97.906448 10.895568 -1.318869 -3.550219 -3.471891 51.297066 96.833260 56.320145 4.588162 5.044971 -0.439098 -12.508210 -5.919124 6.926473 0.899166 0.241662 13.691711 4.914113 -2.031625 -6.975582 -6.753511 -2.088730 8.350682 15.579277,
 5.562725 2.903628 -1.124087 -2.206783 0.845522 5.216917 5.810380 5.203503 3.183456 1.274799 -0.108565 -2.474500 1.106406 7.178873 1.717022 5.057799 21.278700 30.646418 14.328158 -0.248307 3.172905 -0.067548 4.179895 32.877460 54.124825 32.877457 4.179895 -0.067548 3.172905 -0.248307 14.328158 30.646418 21.278698 5.057799 1.717022 7.178873 1.106406 -2.474500 -0.108565 1.274799 3.183456 5.203502 5.810380 5.216917 0.845522 -2.206783 -1.124087 2.903627 5.562725,
 0.450419 0.853987 1.206122 1.321551 1.599891 1.847443 1.654625 0.897745 0.650883 0.789872 1.160802 1.005167 0.917696 1.140071 1.383534 1.162956 2.885597 4.567373 2.945263 0.911473 0.953893 1.449791 1.626949 4.824235 7.394368 4.824235 1.626949 1.449791 0.953893 0.911473 2.945263 4.567373 2.885597 1.162956 1.383534 1.140071 0.917696 1.005167 1.160802 0.789872 0.650883 0.897745 1.654625 1.847444 1.599890 1.321551 1.206122 0.853987 0.450419,

Auto-correlations of the modulus of each oriented sub-band
 18.109846 18.878628 19.160198 18.853434 17.930840 16.508030 14.783246 27.463259 30.923353 33.265926 33.898335 32.557705 29.517906 25.424709 37.495766 44.092670 48.831722 50.514584 48.594482 43.567638 36.662739 41.816040 49.949135 55.867466 58.064369 55.867466 49.949139 41.816040 36.662739 43.567635 48.594479 50.514580 48.831718 44.092678 37.495766 25.424704 29.517900 32.557705 33.898335 33.265923 30.923355 27.463259 14.783247 16.508026 17.930840 18.853434 19.160200 18.878632 18.109846,
 32.799759 36.590481 35.863678 30.383224 22.368315 14.856857 9.639624 37.317596 45.258408 48.185719 44.130688 34.700741 23.957769 15.418782 36.951180 48.572582 56.251995 55.998486 47.612926 35.069504 23.336208 31.533003 44.625080 56.106407 60.761734 56.106400 44.625080 31.533003 23.336214 35.069496 47.612926 55.998486 56.251991 48.572582 36.951180 15.418782 23.957769 34.700741 44.130688 48.185719 45.258408 37.317596 9.639624 14.856855 22.368320 30.383224 35.863674 36.590481 32.799759,
 17.063438 26.017836 36.093590 40.640064 35.624302 24.651403 14.602378 18.363543 29.918543 43.040100 49.046028 42.702896 28.894119 16.520380 19.026623 32.565311 48.011124 55.136780 47.829430 32.011585 18.038647 18.924263 33.340958 49.779556 57.390862 49.779556 33.340958 18.924261 18.038647 32.011585 47.829433 55.136772 48.011124 32.565311 19.026619 16.520380 28.894117 42.702896 49.046028 43.040096 29.918545 18.363543 14.602380 24.651403 35.624306 40.640064 36.093590 26.017841 17.063438,
 13.302688 17.378113 23.626581 30.485538 35.084057 35.152225 30.750139 18.013885 25.553885 35.272129 43.877186 47.415489 44.135231 35.814026 24.713953 35.735016 47.620510 55.570152 55.658524 47.904888 36.201477 31.750223 44.524944 55.752712 60.297989 55.752712 44.524948 31.750223 36.201481 47.904884 55.658524 55.570152 47.620510 35.735016 24.713953 35.814026 44.135227 47.415489 43.877186 35.272129 25.553885 18.013885 30.750139 35.152222 35.084064 30.485542 23.626581 17.378113 13.302687,
 13.012289 13.410082 13.245833 12.629753 11.781308 11.013320 10.488235 18.664661 22.224155 24.759993 25.200518 23.201319 19.546242 15.548956 25.657246 33.986217 40.860283 43.388401 40.132149 32.506432 23.649181 28.484629 39.531452 48.996616 52.838341 48.996616 39.531452 28.484629 23.649181 32.506432 40.132145 43.388393 40.860291 33.986217 25.657242 15.548954 19.546240 23.201319 25.200518 24.759993 22.224155 18.664663 10.488235 11.013320 11.781308 12.629753 13.245835 13.410084 13.012289,
 19.013002 21.741285 20.899317 16.198616 10.737590 7.582223 6.986422 23.148409 30.623655 33.945827 29.527821 20.082176 11.764153 7.615115 22.996040 34.858978 44.599407 44.572624 34.005959 20.720470 11.623749 18.052315 30.640486 44.867962 51.527233 44.867962 30.640486 18.052315 11.623748 20.720470 34.005959 44.572624 44.599407 34.858978 22.996040 7.615115 11.764154 20.082174 29.527822 33.945835 30.623659 23.148405 6.986422 7.582223 10.737591 16.198616 20.899317 21.741285 19.013002,
 13.568805 17.923380 24.593410 28.125443 24.020222 16.298164 11.266393 14.751900 22.017708 33.241993 39.284740 32.814743 20.426569 12.331095 15.140904 25.173355 40.629665 48.959206 40.428295 24.196424 13.590672 14.681255 26.065298 43.551216 52.906918 43.551216 26.065298 14.681257 13.590672 24.196423 40.428288 48.959202 40.629669 25.173359 15.140904 12.331095 20.426569 32.814743 39.284740 33.241997 22.017710 14.751900 11.266393 16.298162 24.020222 28.125443 24.593410 17.923380 13.568805,
 11.896930 12.852382 15.440300 19.614079 22.613214 22.038122 18.831802 13.822807 17.557524 24.802525 32.707588 35.305717 30.561758 22.720045 16.924250 25.294836 37.817616 47.425411 46.197563 35.518150 23.655762 20.979469 33.092346 47.386768 54.192661 47.386780 33.092346 20.979469 23.655762 35.518150 46.197563 47.425411 37.817616 25.294840 16.924250 22.720043 30.561756 35.305717 32.707588 24.802525 17.557526 13.822807 18.831804 22.038126 22.613211 19.614079 15.440302 12.852384 11.896930,
 4.081044 4.161632 4.058164 3.863108 3.761838 3.877838 4.147590 4.815228 5.640015 6.253976 6.422800 6.181731 5.778726 5.427293 6.264145 8.320044 10.234043 11.049258 10.323316 8.611870 6.844999 7.286229 9.981940 12.644597 13.824764 12.644599 9.981939 7.286229 6.844998 8.611870 10.323315 11.049258 10.234043 8.320044 6.264144 5.427293 5.778726 6.181731 6.422800 6.253976 5.640015 4.815228 4.147590 3.877838 3.761838 3.863108 4.058164 4.161631 4.081044,
 4.895910 5.517606 5.559204 4.884052 4.093588 3.778682 3.753266 5.716259 7.532196 8.596448 7.856062 5.970765 4.588680 4.120682 5.809769 8.703646 11.510588 11.799697 9.173202 6.198808 4.590450 5.248059 8.031831 11.817510 13.801110 11.817510 8.031830 5.248058 4.590449 6.198809 9.173202 11.799699 11.510589 8.703646 5.809769 4.120682 4.588681 5.970765 7.856062 8.596450 7.532195 5.716259 3.753266 3.778682 4.093587 4.884052 5.559203 5.517605 4.895909,
 5.239026 6.131669 7.563963 8.301193 7.267251 5.662870 4.873318 5.407940 7.085534 9.901109 11.500888 9.679373 6.807767 5.367164 5.522429 7.912721 12.134157 14.698465 12.033164 7.811930 5.619073 5.625426 8.236683 13.071797 16.127211 13.071797 8.236683 5.625426 5.619073 7.811930 12.033164 14.698464 12.134157 7.912720 5.522429 5.367165 6.807767 9.679373 11.500888 9.901109 7.085533 5.407939 4.873318 5.662870 7.267251 8.301193 7.563962 6.131669 5.239026,
 6.416002 6.743237 7.377631 8.249537 8.844114 8.731054 8.166557 6.773923 8.082280 10.185298 12.316775 13.016754 11.780999 9.785881 7.959960 10.642967 14.415329 17.288301 16.941414 13.795408 10.367743 9.503999 13.193903 17.558592 19.668831 17.558592 13.193903 9.503999 10.367743 13.795408 16.941412 17.288301 14.415329 10.642967 7.959960 9.785880 11.780997 13.016754 12.316775 10.185298 8.082280 6.773922 8.166556 8.731054 8.844114 8.249537 7.377631 6.743237 6.416002,

Pairwise cross-correlations of the modulus of all oriented sub-bands at the same scale (size QxQ)
 58.064335 54.065388 46.263058 53.690418,
 54.065388 60.761745 53.472557 51.709988,
 46.263058 53.472557 57.390854 53.226006,
 53.690418 51.709988 53.226006 60.297985,
 52.838348 48.098339 45.812016 49.162487,
 48.098339 51.527233 47.865101 45.398720,
 45.812016 47.865101 52.906918 49.297359,
 49.162487 45.398720 49.297359 54.192654,

Cross-correlations of the modulus of all oriented sub-bands with all oriented sub-bands at the coarser scale (size QxQ)
 49.248196 45.258022 43.350861 47.359932,
 47.938461 49.455311 48.018272 46.596382,
 43.449265 45.376961 49.404457 47.213524,
 48.321091 44.350117 48.295872 52.064884,
 21.098024 20.014591 21.038015 24.175880,
 19.528315 20.027742 21.338810 22.646759,
 19.552036 20.413746 23.357178 24.466928,
 21.161282 19.502129 23.003773 26.522144,

Cross-correlations of the real part of each oriented sub-band with both the real and imaginary part of all phase-doubled oriented sub-bands at the next coarser scale (Q matrices of size 1x2Q, which are computed and stored in a matrix of size Qx2Q)
 -20.627750 -9.186046 -0.821299 -9.742746 -0.100026 -0.004627 0.038371 -0.011271,
 -8.828012 -21.616196 -9.192551 -0.717940 -0.066620 0.024534 0.001106 -0.015008,
 -0.710219 -9.340887 -21.344986 -10.010199 -0.008134 -0.042829 0.022379 -0.030261,
 -8.998940 -0.723397 -9.493447 -23.098085 -0.029969 -0.022363 0.048500 0.020767,
 -9.315916 -3.883877 -0.601535 -5.010202 -0.006929 -0.210120 0.009754 0.148693,
 -3.952976 -9.072559 -4.625746 -0.392512 -0.045346 -0.660578 -0.148234 0.011808,
 -0.554496 -4.116642 -11.725585 -5.921209 -0.031660 -0.286015 -0.121742 0.066777,
 -4.605311 -0.377132 -6.067066 -12.796917 -0.044394 0.011727 0.047273 0.280045,
