Low-band skewness and kurtosis
 -11.423319 147.181503,
 -6.944177 57.028114,
 -3.843326 20.270559,
 0.109048 9.600625,

High-band variance
 17.259226,

Skewness, kurtosis, variance, mean, maximum and minimum of the reconstructed texture
 -11.498030 139.649826 325.791199 253.312592 255.000000 0.000000,

Auto-correlations of the low-frequency bands at each scale
 6.534211 3.527941 4.483191 5.346805 1.810012 0.648431 4.382205 0.297290 13.989981 55.216213 80.690079 56.517273 16.040190 0.941062 -1.399898 52.061790 162.277695 224.746002 164.726349 55.583961 0.616071 0.845361 77.701515 223.820129 303.907440 223.820175 77.701523 0.845361 0.616070 55.583961 164.726349 224.746002 162.277695 52.061790 -1.399898 0.941062 16.040188 56.517273 80.690079 55.216213 13.989981 0.297289 4.382205 0.648431 1.810013 5.346807 4.483191 3.527941 6.534210,
 6.100683 4.278420 -0.157796 -2.855765 -2.876947 3.462301 8.161964 1.452879 -6.974043 -0.318252 8.981712 -2.884853 -8.046659 3.922642 -3.577001 -2.600127 54.194569 98.661858 52.623402 -3.956180 -3.075880 -5.247231 5.929991 96.952881 163.933792 96.952881 5.929991 -5.247231 -3.075880 -3.956180 52.623394 98.661842 54.194572 -2.600127 -3.577000 3.922642 -8.046659 -2.884853 8.981712 -0.318251 -6.974043 1.452879 8.161963 3.462301 -2.876946 -2.855765 -0.157796 4.278421 6.100683,
 6.527613 4.251266 0.539572 -0.852763 0.652346 4.145967 5.778083 6.924661 0.715828 0.098571 3.107888 -0.095547 -0.625590 4.920054 2.648301 -1.251741 16.232784 32.396049 16.702168 -1.533598 1.475488 -0.213208 0.077692 30.464098 54.517456 30.464098 0.077692 -0.213208 1.475488 -1.533598 16.702168 32.396046 16.232784 -1.251741 2.648301 4.920054 -0.625590 -0.095547 3.107888 0.098572 0.715828 6.924661 5.778083 4.145967 0.652347 -0.852763 0.539572 4.251266 6.527613,
 0.676072 1.019076 0.598568 0.430748 1.029535 1.776836 2.169103 1.141532 0.571951 -0.031346 0.066593 0.393709 1.022670 1.742470 1.619767 1.233207 3.064662 4.993556 3.548180 1.424396 1.302292 1.657285 2.211093 6.176858 9.119427 6.176858 2.211093 1.657285 1.302292 1.424395 3.548180 4.993557 3.064662 1.233207 1.619767 1.742470 1.022670 0.393710 0.066593 -0.031347 0.571951 1.141533 2.169103 1.776836 1.029535 0.430748 0.598568 1.019076 0.676072,

Auto-correlations of the modulus of each oriented sub-band
 15.746157 17.377098 18.446907 18.791967 18.343685 17.190456 15.518093 25.633320 29.615274 32.375702 33.305164 32.157986 29.212006 25.101126 36.099365 42.948864 47.828484 49.543091 47.610439 42.562622 35.611652 40.552238 48.793934 54.772362 56.982574 54.772358 48.793945 40.552238 35.611656 42.562618 47.610443 49.543083 47.828484 42.948872 36.099365 25.101128 29.212000 32.157986 33.305168 32.375702 29.615278 25.633320 15.518092 17.190456 18.343687 18.791967 18.446905 17.377098 15.746157,
 31.393497 36.234291 36.260120 31.246948 23.414454 15.828664 10.446865 35.840393 44.694347 48.255383 44.606678 35.348740 24.472239 15.583585 35.678246 48.033550 56.156979 56.145977 47.866344 35.150658 22.947304 30.653248 44.327061 56.078251 60.776512 56.078243 44.327068 30.653242 22.947306 35.150658 47.866352 56.145977 56.156971 48.033550 35.678246 15.583585 24.472237 35.348740 44.606674 48.255379 44.694347 35.840393 10.446865 15.828664 23.414454 31.246948 36.260113 36.234299 31.393497,
 15.385730 25.411625 35.936607 40.347660 35.364342 24.782772 15.123972 16.791389 29.155695 42.512928 48.308346 42.071629 28.665970 16.560295 17.717726 31.773294 47.235508 54.121727 46.991863 31.504036 17.583263 18.004295 32.644371 48.902546 56.287235 48.902550 32.644375 18.004295 17.583263 31.504034 46.991867 54.121727 47.235512 31.773294 17.717722 16.560295 28.665966 42.071636 48.308346 42.512928 29.155695 16.791389 15.123972 24.782770 35.364342 40.347660 35.936607 25.411629 15.385728,
 10.813199 15.513175 22.187862 29.266678 33.932404 34.055176 29.733843 15.370886 23.341265 33.321476 42.020847 45.538494 42.257957 33.966133 21.938896 33.222015 45.247803 53.231544 53.271049 45.484818 33.738949 28.990686 41.903305 53.202919 57.787056 53.202919 41.903313 28.990686 33.738949 45.484810 53.271049 53.231544 45.247795 33.222015 21.938896 33.966133 42.257961 45.538494 42.020844 33.321476 23.341267 15.370885 29.733843 34.055176 33.932407 29.266682 22.187862 15.513177 10.813197,
 11.770064 12.842242 13.794235 14.177816 13.779062 12.786898 11.570996 17.097809 21.345881 25.020727 26.563911 25.230316 21.728176 17.527496 24.961695 33.861118 41.506660 44.659290 41.759434 34.309608 25.500591 29.279495 40.552052 50.231583 54.144112 50.231583 40.552052 29.279497 25.500595 34.309608 41.759434 44.659290 41.506664 33.861118 24.961697 17.527496 21.728174 25.230316 26.563910 25.020731 21.345882 17.097809 11.570996 12.786898 13.779061 14.177818 13.794236 12.842244 11.770061,
 16.889769 21.301620 22.510954 19.137812 13.773444 9.654392 7.679691 20.649704 29.398983 34.509071 31.516718 22.717485 14.292061 9.626072 21.213814 33.826962 44.765419 45.655586 35.506618 22.234491 13.147520 17.888126 30.677208 45.426224 52.308567 45.426231 30.677212 17.888126 13.147520 22.234488 35.506618 45.655590 44.765419 33.826965 21.213814 9.626072 14.292060 22.717485 31.516718 34.509071 29.398983 20.649704 7.679691 9.654392 13.773444 19.137814 22.510954 21.301620 16.889769,
 10.417146 16.842960 25.411343 29.619158 25.333158 16.909182 10.629369 11.545959 20.900551 33.753792 40.212349 33.650433 20.871201 11.682375 12.431943 24.212406 40.759758 49.245907 40.721237 24.193676 12.510706 12.805911 25.516726 43.554310 52.890224 43.554310 25.516726 12.805911 12.510707 24.193676 40.721237 49.245907 40.759758 24.212408 12.431943 11.682375 20.871201 33.650433 40.212349 33.753792 20.900551 11.545959 10.629369 16.909182 25.333157 29.619158 25.411343 16.842960 10.417145,
 7.596408 10.033321 14.528132 20.047850 23.746826 23.102451 18.784679 9.592296 14.999373 23.846298 32.854591 36.244579 31.460684 22.385803 13.581951 23.356874 36.932262 47.232868 46.618179 35.710651 22.629650 18.862627 32.159008 47.047962 53.895622 47.047962 32.159008 18.862625 22.629654 35.710651 46.618168 47.232868 36.932262 23.356874 13.581950 22.385803 31.460684 36.244579 32.854591 23.846300 14.999373 9.592296 18.784679 23.102449 23.746826 20.047848 14.528132 10.033321 7.596407,
 4.596447 4.718163 4.950346 5.211650 5.384416 5.379315 5.201259 6.421504 7.267992 8.145154 8.609851 8.376279 7.594350 6.657216 8.736643 10.990351 13.199741 14.165787 13.242412 11.061268 8.781310 9.886948 12.987787 16.051577 17.398155 16.051577 12.987787 9.886948 8.781311 11.061268 13.242410 14.165787 13.199741 10.990351 8.736643 6.657215 7.594349 8.376278 8.609851 8.145154 7.267991 6.421504 5.201259 5.379315 5.384416 5.211650 4.950346 4.718163 4.596447,
 6.119546 6.767533 6.644605 5.806839 5.114852 4.976221 5.024827 7.377191 9.433559 10.479115 9.406464 7.268936 5.757020 5.226941 7.645247 10.932278 13.982683 14.030093 10.979762 7.610890 5.807356 6.820472 9.955955 14.188051 16.340723 14.188051 9.955955 6.820472 5.807356 7.610890 10.979761 14.030093 13.982683 10.932277 7.645246 5.226941 5.757020 7.268936 9.406464 10.479115 9.433558 7.377191 5.024826 4.976221 5.114852 5.806839 6.644604 6.767533 6.119546,
 4.105380 4.595285 6.017273 7.191733 6.682031 5.316442 4.553489 4.382085 5.538096 8.343233 10.320838 8.942675 6.184636 4.827120 4.657845 6.465098 10.609649 13.343829 11.007710 6.875597 4.946880 4.873926 7.005630 11.728707 14.665548 11.728707 7.005630 4.873926 4.946880 6.875597 11.007710 13.343831 10.609650 6.465098 4.657844 4.827120 6.184638 8.942675 10.320839 8.343233 5.538095 4.382085 4.553489 5.316442 6.682031 7.191733 6.017273 4.595285 4.105380,
 4.887628 4.679504 5.233907 6.503273 7.570770 7.626338 6.872370 5.162127 5.668877 7.545812 9.987943 11.040777 9.900705 7.851906 5.837861 7.710667 11.269436 14.377175 14.198064 11.121434 7.908750 6.968924 10.110818 14.361623 16.549564 14.361623 10.110818 6.968924 7.908750 11.121435 14.198064 14.377175 11.269436 7.710667 5.837861 7.851905 9.900705 11.040777 9.987943 7.545812 5.668877 5.162127 6.872371 7.626338 7.570769 6.503273 5.233907 4.679503 4.887627,

Pairwise cross-correlations of the modulus of all oriented sub-bands at the same scale (size QxQ)
 56.982559 53.114506 45.100880 51.975906,
 53.114506 60.776524 53.065178 50.393967,
 45.100880 53.065178 56.287239 51.409657,
 51.975906 50.393967 51.409657 57.787048,
 54.144100 48.369343 46.264526 49.568249,
 48.369343 52.308559 48.696957 45.306252,
 46.264526 48.696957 52.890221 48.891571,
 49.568249 45.306252 48.891571 53.895626,

Cross-correlations of the modulus of all oriented sub-bands with all oriented sub-bands at the coarser scale (size QxQ)
 50.102501 45.504860 43.069618 46.898930,
 49.026672 50.897427 48.473354 46.220547,
 43.284534 45.310558 48.958004 46.363316,
 47.813000 43.841091 46.897739 50.700096,
 24.533222 23.195049 20.715261 22.482130,
 22.326937 23.593372 21.226898 20.264584,
 21.508135 22.452665 22.287746 21.488899,
 23.283169 21.904982 21.636581 23.365223,

Cross-correlations of the real part of each oriented sub-band with both the real and imaginary part of all phase-doubled oriented sub-bands at the next coarser scale (Q matrices of size 1x2Q, which are computed and stored in a matrix of size Qx2Q)
 -21.047190 -9.428182 -0.802796 -9.567973 0.030924 -0.008705 -0.005957 -0.002364,
 -8.994821 -22.100815 -9.086828 -0.751531 0.015608 -0.030168 0.059076 -0.011664,
 -0.772481 -9.514664 -20.639044 -9.275337 -0.007082 -0.014739 0.145111 0.021595,
 -9.364252 -0.744742 -9.028446 -21.749496 -0.010513 -0.013001 0.040881 0.030444,
 -12.618846 -5.150251 -0.453064 -5.554276 -0.335329 -0.071148 -0.018963 0.092018,
 -5.417880 -11.154752 -4.809962 -0.505803 -0.054407 -0.251024 0.008623 -0.013023,
 -0.475543 -4.820735 -10.649804 -4.924619 -0.010071 -0.117977 0.167920 0.030689,
 -5.540998 -0.531905 -4.632805 -11.895276 -0.200903 -0.017414 0.104368 0.123832,
