Low-band skewness and kurtosis
 -11.376746 145.789017,
 -7.053223 59.639519,
 -3.956511 22.037830,
 -0.862796 8.099961,

High-band variance
 17.444721,

Skewness, kurtosis, variance, mean, maximum and minimum of the reconstructed texture
 -11.462233 138.738342 328.366760 253.302078 255.000000 0.000000,

Auto-correlations of the low-frequency bands at each scale
 1.675527 -0.596192 2.411363 7.739226 7.507223 5.463102 6.313270 -0.360743 14.539340 56.706158 84.681320 61.778351 18.925575 0.895930 0.088015 54.401005 164.802017 227.951447 167.528839 56.094646 -0.398781 1.061873 78.515305 225.608002 306.200745 225.608002 78.515305 1.061873 -0.398781 56.094635 167.528839 227.951431 164.801987 54.401005 0.088016 0.895929 18.925575 61.778351 84.681320 56.706150 14.539342 -0.360743 6.313269 5.463102 7.507222 7.739226 2.411365 -0.596192 1.675527,
 7.158465 2.865098 -2.075881 -4.672741 -2.220628 6.996562 12.658037 2.184722 -10.812593 -3.118015 10.206190 1.111304 -4.420689 6.110821 -3.310541 -5.805216 52.562977 101.120171 56.228065 -1.513286 -1.122969 -3.773860 6.113062 98.454544 167.032196 98.454544 6.113064 -3.773860 -1.122969 -1.513285 56.228065 101.120171 52.562977 -5.805217 -3.310541 6.110820 -4.420689 1.111303 10.206190 -3.118015 -10.812593 2.184722 12.658039 6.996562 -2.220629 -4.672741 -2.075880 2.865098 7.158465,
 2.524987 1.577468 -1.486055 -1.213999 3.936858 9.454723 10.071364 1.600219 -2.289060 -2.360924 1.067361 2.423467 6.131466 10.085861 0.003748 -1.460445 16.385336 31.875898 18.438101 2.686844 4.267326 0.054568 1.991889 32.076416 55.301071 32.076416 1.991889 0.054568 4.267326 2.686844 18.438099 31.875895 16.385336 -1.460445 0.003748 10.085860 6.131466 2.423467 1.067361 -2.360924 -2.289060 1.600219 10.071364 9.454723 3.936858 -1.213999 -1.486055 1.577468 2.524986,
 1.224251 1.333366 0.259848 0.506778 2.191795 2.048993 0.317664 1.259515 0.309675 0.043923 1.231138 1.530477 0.764768 0.864702 0.857470 -0.545791 2.041926 5.093782 2.538387 -0.646640 0.653392 0.556673 -0.850452 3.781270 7.945089 3.781270 -0.850452 0.556673 0.653392 -0.646640 2.538387 5.093783 2.041926 -0.545791 0.857470 0.864702 0.764768 1.530477 1.231138 0.043923 0.309674 1.259515 0.317664 2.048993 2.191795 0.506778 0.259847 1.333366 1.224251,

Auto-correlations of the modulus of each oriented sub-band
 15.495960 17.256760 18.593935 19.273203 19.157993 18.297140 16.868570 25.326597 29.443027 32.458576 33.694393 32.843857 30.166170 26.302073 35.933155 42.828907 47.860294 49.786217 48.070980 43.232151 36.488663 40.851585 48.992523 54.922890 57.121288 54.922890 48.992523 40.851585 36.488663 43.232151 48.070980 49.786224 47.860291 42.828907 35.933151 26.302078 30.166166 32.843857 33.694397 32.458576 29.443027 25.326597 16.868570 18.297142 19.157993 19.273201 18.593935 17.256762 15.495960,
 30.229992 35.102867 35.440563 30.916183 23.647539 16.614279 11.680178 34.729534 43.383419 47.046455 43.740540 34.993282 24.726908 16.428825 34.833820 46.790169 54.787029 54.903461 46.957901 34.768948 23.196453 30.284353 43.405060 54.811405 59.402412 54.811405 43.405060 30.284349 23.196457 34.768944 46.957905 54.903458 54.787029 46.790169 34.833820 16.428825 24.726906 34.993282 43.740540 47.046455 43.383419 34.729534 11.680178 16.614279 23.647541 30.916183 35.440563 35.102871 30.229990,
 14.317903 24.081308 34.521824 39.257275 34.903469 24.933239 15.694446 15.748975 27.825769 41.074116 47.083401 41.314560 28.444689 16.779236 16.835386 30.547195 45.838001 52.809593 45.940311 30.868387 17.388075 17.415424 31.648703 47.622066 54.940678 47.622066 31.648703 17.415422 17.388077 30.868378 45.940311 52.809593 45.838001 30.547195 16.835386 16.779236 28.444687 41.314556 47.083401 41.074112 27.825769 15.748975 15.694446 24.933239 34.903477 39.257278 34.521824 24.081308 14.317902,
 9.972904 15.082617 22.276844 29.761414 34.665043 34.894455 30.656994 14.946381 23.309034 33.616005 42.450821 45.996769 42.755493 34.602982 22.082453 33.586662 45.696045 53.629200 53.658695 45.969467 34.384789 29.569004 42.479755 53.701485 58.217472 53.701485 42.479763 29.569000 34.384789 45.969467 53.658699 53.629196 45.696041 33.586662 22.082451 34.602982 42.755489 45.996769 42.450829 33.616005 23.309031 14.946380 30.656998 34.894451 34.665043 29.761419 22.276844 15.082620 9.972903,
 10.271691 11.740768 13.237478 14.508399 15.329851 15.647171 15.503417 16.960497 21.609175 25.697008 27.733290 26.982847 24.017214 20.145416 26.122747 35.494095 43.465328 46.744194 43.848446 36.320076 27.353136 30.985531 42.673225 52.638218 56.640945 52.638218 42.673233 30.985525 27.353136 36.320072 43.848442 46.744194 43.465332 35.494102 26.122747 20.145416 24.017212 26.982847 27.733290 25.697012 21.609175 16.960499 15.503420 15.647171 15.329851 14.508399 13.237478 11.740768 10.271691,
 17.643145 22.252584 23.271202 19.861660 15.035069 12.054115 11.442776 22.098995 31.453381 36.704700 33.506351 24.614841 16.438271 12.300396 22.985752 36.300724 47.695538 48.576912 38.096752 24.523165 15.279284 19.791294 33.105976 48.343082 55.474316 48.343090 33.105980 19.791294 15.279283 24.523165 38.096752 48.576916 47.695538 36.300724 22.985752 12.300396 16.438271 24.614834 33.506348 36.704700 31.453384 22.098991 11.442778 12.054117 15.035067 19.861660 23.271202 22.252584 17.643145,
 10.069295 16.175388 24.509594 28.758375 25.170528 18.371717 14.059524 11.445401 20.520191 33.338734 39.813259 33.602058 21.908752 14.144776 12.671052 24.144165 40.704643 49.189484 40.758434 24.806164 14.012840 13.551725 25.761467 43.621265 52.954750 43.621265 25.761469 13.551725 14.012840 24.806164 40.758434 49.189484 40.704643 24.144161 12.671052 14.144775 21.908752 33.602055 39.813259 33.338734 20.520191 11.445401 14.059524 18.371717 25.170528 28.758375 24.509598 16.175388 10.069296,
 6.548776 8.458061 12.434249 18.148630 22.846767 23.596598 20.655661 8.668439 13.366287 21.826328 31.159859 35.377224 31.659641 23.626842 12.841315 22.069382 35.455833 46.032871 45.894108 35.590382 23.125463 18.623390 31.501410 46.170738 53.002262 46.170746 31.501410 18.623390 23.125463 35.590382 45.894108 46.032867 35.455833 22.069382 12.841314 23.626842 31.659641 35.377220 31.159857 21.826328 13.366287 8.668439 20.655659 23.596598 22.846767 18.148630 12.434249 8.458061 6.548776,
 3.904593 4.115676 4.611015 5.274477 5.901113 6.307039 6.345150 4.798080 5.784068 6.907946 7.746519 7.991471 7.668043 6.978605 7.011330 9.343504 11.578813 12.641237 11.968856 10.104506 8.014390 8.479486 11.553662 14.484980 15.758077 14.484980 11.553662 8.479485 8.014390 10.104506 11.968856 12.641237 11.578814 9.343504 7.011330 6.978605 7.668043 7.991472 7.746519 6.907945 5.784068 4.798080 6.345148 6.307039 5.901113 5.274477 4.611015 4.115676 3.904593,
 6.646630 7.446706 7.990942 7.939939 7.551003 7.084872 6.691196 7.502090 9.661471 11.299527 11.101339 9.523418 7.926800 6.873935 7.859694 11.237148 14.641714 15.276831 12.647932 9.287665 7.096039 7.535515 10.880028 15.223915 17.437391 15.223915 10.880028 7.535515 7.096039 9.287666 12.647931 15.276833 14.641712 11.237146 7.859694 6.873933 7.926799 9.523418 11.101339 11.299528 9.661470 7.502090 6.691197 7.084872 7.551003 7.939939 7.990942 7.446705 6.646629,
 4.067109 5.147402 7.268202 8.738572 8.303755 7.169960 6.363774 4.267378 6.156052 9.686906 11.861136 10.457866 7.857747 6.281595 4.670339 7.239048 11.972922 14.822320 12.349936 8.187432 5.841367 5.238322 7.995147 13.032760 16.101099 13.032760 7.995147 5.238322 5.841367 8.187432 12.349936 14.822318 11.972922 7.239047 4.670339 6.281595 7.857747 10.457866 11.861136 9.686905 6.156052 4.267377 6.363774 7.169960 8.303755 8.738571 7.268201 5.147402 4.067109,
 3.642439 3.848151 5.003180 6.971118 8.644678 9.105008 8.519511 4.056867 5.084406 7.575883 10.609593 12.091835 11.178713 9.078959 5.195660 7.544568 11.510070 14.902354 14.931108 11.927201 8.514755 6.933816 10.417012 14.791911 16.973436 14.791910 10.417012 6.933816 8.514755 11.927200 14.931108 14.902356 11.510070 7.544568 5.195659 9.078959 11.178715 12.091835 10.609593 7.575881 5.084405 4.056866 8.519510 9.105008 8.644679 6.971117 5.003180 3.848150 3.642438,

Pairwise cross-correlations of the modulus of all oriented sub-bands at the same scale (size QxQ)
 57.121296 52.804234 44.534306 51.793304,
 52.804234 59.402412 51.358154 49.682400,
 44.534306 51.358154 54.940674 51.199551,
 51.793304 49.682400 51.199551 58.217476,
 56.640934 51.531277 47.927818 50.466034,
 51.531277 55.474312 49.608307 46.547623,
 47.927818 49.608307 52.954762 49.089996,
 50.466034 46.547623 49.089996 53.002251,

Cross-correlations of the modulus of all oriented sub-bands with all oriented sub-bands at the coarser scale (size QxQ)
 51.713470 47.634857 43.858463 46.786228,
 50.155243 52.321449 48.597317 45.565937,
 43.548706 45.661777 48.633133 45.438854,
 48.716328 44.838749 47.650188 50.616207,
 23.359306 23.918972 21.888502 23.789755,
 22.104786 24.762697 22.445251 22.028765,
 20.609459 23.030096 22.988720 22.826550,
 21.455038 21.913973 21.887619 23.493395,

Cross-correlations of the real part of each oriented sub-band with both the real and imaginary part of all phase-doubled oriented sub-bands at the next coarser scale (Q matrices of size 1x2Q, which are computed and stored in a matrix of size Qx2Q)
 -21.728161 -10.182193 -0.737444 -9.207230 0.186585 0.104866 0.017020 0.063286,
 -9.723085 -23.002455 -8.608632 -0.672814 0.080400 0.008520 -0.060434 -0.015065,
 -0.781697 -9.410585 -19.312717 -8.960709 -0.009640 -0.040901 -0.197878 0.020579,
 -9.190578 -0.691426 -8.349919 -21.183388 0.031589 0.035713 -0.032759 0.129311,
 -11.815467 -5.396914 -0.549179 -4.803335 -0.241550 0.235495 0.035698 0.106564,
 -5.378506 -12.277926 -5.095926 -0.448213 -0.142845 0.321171 -0.075804 -0.003751,
 -0.555475 -5.196939 -11.191885 -4.565489 0.021852 0.021233 -0.397713 -0.076146,
 -5.186057 -0.444949 -4.929855 -10.492274 -0.024627 0.027368 -0.163781 0.003889,
