Low-band skewness and kurtosis
 -11.349538 145.545044,
 -6.707442 53.257862,
 -3.721446 19.033772,
 -0.649928 8.308084,

High-band variance
 17.376474,

Skewness, kurtosis, variance, mean, maximum and minimum of the reconstructed texture
 -11.417299 137.796570 329.312286 253.289932 255.000000 0.000000,

Auto-correlations of the low-frequency bands at each scale
 5.254184 0.791813 0.280884 0.821284 -2.268745 -2.644769 2.391926 0.590593 11.509750 51.187057 76.184959 51.075977 10.535636 -2.015042 2.473902 52.936657 162.606720 225.088425 162.908905 52.416012 -0.003281 4.241747 78.564781 225.734848 307.315643 225.734848 78.564781 4.241747 -0.003281 52.416012 162.908920 225.088440 162.606750 52.936661 2.473902 -2.015042 10.535636 51.075974 76.184959 51.187057 11.509750 0.590592 2.391926 -2.644769 -2.268744 0.821285 0.280883 0.791813 5.254183,
 9.513159 8.548831 1.776662 -4.015288 -4.777877 1.830959 7.567004 5.411659 -3.347559 0.387271 6.755360 -5.093333 -9.541412 3.422782 -4.386972 -1.355454 54.080574 96.392311 51.491306 -4.751828 -5.957630 -9.277651 6.168956 97.218086 162.536896 97.218109 6.168956 -9.277652 -5.957631 -4.751827 51.491306 96.392311 54.080574 -1.355454 -4.386972 3.422782 -9.541412 -5.093334 6.755360 0.387271 -3.347558 5.411659 7.567003 1.830959 -4.777876 -4.015287 1.776661 8.548831 9.513159,
 2.823565 4.472651 1.981253 -0.969045 -0.188862 3.225533 4.347016 2.961694 -0.023574 0.932705 2.467560 -1.148679 -0.777864 3.811461 2.787621 -0.193573 17.050926 31.384186 15.261720 -1.210263 2.280454 2.110040 1.348031 29.878250 53.125877 29.878250 1.348031 2.110039 2.280454 -1.210263 15.261721 31.384186 17.050926 -0.193573 2.787621 3.811462 -0.777865 -1.148678 2.467559 0.932704 -0.023574 2.961693 4.347016 3.225533 -0.188862 -0.969045 1.981253 4.472650 2.823565,
 0.556990 0.351179 0.322205 0.629876 0.775042 1.045807 1.436199 0.622696 0.138465 0.328969 0.734774 0.266939 0.442653 1.477619 0.217225 0.084702 2.606578 4.587173 2.390833 0.129736 0.730511 0.050799 0.168543 4.323203 7.540549 4.323203 0.168543 0.050799 0.730511 0.129736 2.390833 4.587173 2.606578 0.084702 0.217225 1.477619 0.442653 0.266940 0.734774 0.328969 0.138465 0.622696 1.436199 1.045807 0.775042 0.629876 0.322205 0.351179 0.556990,

Auto-correlations of the modulus of each oriented sub-band
 16.356050 17.824005 18.718718 18.874001 18.239681 16.944107 15.218390 26.413223 30.479048 33.271687 34.168262 32.920982 29.825848 25.548611 37.484993 44.585800 49.606472 51.374424 49.409500 44.215076 36.985615 42.321724 50.873989 56.993866 59.235130 56.993862 50.873989 42.321724 36.985615 44.215076 49.409500 51.374424 49.606480 44.585800 37.484993 25.548611 29.825846 32.920990 34.168262 33.271687 30.479048 26.413223 15.218390 16.944107 18.239685 18.874001 18.718718 17.824005 16.356049,
 31.667101 36.459957 36.372383 31.126020 23.035904 15.254678 9.708222 36.010334 44.915653 48.472172 44.623882 35.058624 23.950294 14.931264 35.666138 48.166927 56.453541 56.391460 47.818085 34.809376 22.455807 30.398098 44.246265 56.281124 61.134739 56.281124 44.246265 30.398098 22.455807 34.809376 47.818085 56.391460 56.453541 48.166935 35.666138 14.931264 23.950294 35.058624 44.623882 48.472172 44.915657 36.010330 9.708222 15.254675 23.035904 31.126017 36.372383 36.459957 31.667101,
 17.320076 27.877651 38.910358 43.471497 37.894924 26.183498 15.408956 18.562519 31.686075 45.761440 51.836235 45.045525 30.481871 17.187473 19.264183 34.261524 50.594124 57.843094 50.225849 33.638397 18.546362 19.276482 34.995182 52.243061 60.047710 52.243061 34.995182 19.276476 18.546364 33.638393 50.225857 57.843094 50.594124 34.261524 19.264181 17.187473 30.481867 45.045528 51.836227 45.761436 31.686079 18.562515 15.408958 26.183495 37.894932 43.471497 38.910358 27.877653 17.320076,
 11.464212 16.104799 22.812077 30.078928 34.985023 35.123577 30.522856 15.861235 23.968178 34.274342 43.420319 47.237789 43.804863 35.058132 22.533842 34.186272 46.758068 55.226299 55.348061 47.144779 34.839699 29.864988 43.307793 55.187340 60.029972 55.187340 43.307793 29.864986 34.839703 47.144772 55.348057 55.226307 46.758068 34.186272 22.533838 35.058128 43.804859 47.237789 43.420319 34.274342 23.968178 15.861235 30.522860 35.123577 34.985023 30.078928 22.812075 16.104801 11.464212,
 10.651178 11.724253 12.468277 12.578767 12.014296 11.011901 9.897969 16.310085 20.267784 23.622225 24.880144 23.362961 19.816427 15.788493 23.804840 32.209587 39.619347 42.642033 39.576015 32.075504 23.575220 27.517437 38.332817 47.952900 51.937668 47.952900 38.332821 27.517433 23.575216 32.075500 39.576015 42.642033 39.619347 32.209587 23.804842 15.788493 19.816423 23.362961 24.880144 23.622225 20.267788 16.310083 9.897969 11.011900 12.014296 12.578768 12.468277 11.724256 10.651177,
 17.630547 21.813505 22.314737 18.328709 12.723954 8.845023 7.453406 21.409756 30.184120 34.790127 31.189205 21.910816 13.336044 8.994029 21.742538 34.501587 45.208149 45.729836 35.254612 21.703543 12.589455 17.865175 30.832457 45.646866 52.480694 45.646870 30.832458 17.865175 12.589455 21.703543 35.254604 45.729836 45.208153 34.501587 21.742538 8.994029 13.336046 21.910816 31.189203 34.790127 30.184120 21.409756 7.453406 8.845023 12.723953 18.328709 22.314737 21.813505 17.630547,
 10.719626 16.816381 24.916136 28.744547 24.211128 15.920210 10.372334 11.803072 20.885590 33.625038 40.037094 33.141464 20.117216 11.425658 12.538413 24.136223 40.963829 49.698856 40.746655 23.699703 12.287906 12.716629 25.267012 43.839314 53.592094 43.839314 25.267012 12.716629 12.287906 23.699705 40.746647 49.698856 40.963837 24.136223 12.538414 11.425658 20.117214 33.141460 40.037094 33.625046 20.885588 11.803072 10.372334 15.920209 24.211128 28.744547 24.916136 16.816380 10.719626,
 8.973262 10.847175 14.453710 19.197777 22.527079 22.103254 18.485188 10.985278 15.753336 23.929920 32.448738 35.683235 31.285789 22.859264 14.746735 24.078295 37.271805 47.314274 46.710655 36.172031 23.497515 19.860720 32.875420 47.473812 54.184872 47.473812 32.875420 19.860720 23.497517 36.172024 46.710655 47.314274 37.271805 24.078295 14.746734 22.859266 31.285786 35.683235 32.448738 23.929922 15.753333 10.985277 18.485189 22.103256 22.527079 19.197777 14.453710 10.847176 8.973262,
 4.222307 4.535825 4.862780 5.092726 5.155507 5.088346 4.968371 5.756186 6.814256 7.806022 8.274016 7.983008 7.138165 6.171690 7.973803 10.380142 12.619257 13.579312 12.671394 10.464781 8.069184 9.163153 12.382590 15.418911 16.726610 15.418911 12.382589 9.163153 8.069184 10.464781 12.671391 13.579312 12.619257 10.380142 7.973803 6.171690 7.138165 7.983007 8.274016 7.806022 6.814257 5.756185 4.968372 5.088346 5.155507 5.092726 4.862780 4.535825 4.222306,
 5.154395 6.107028 6.294306 5.620440 4.866929 4.468788 4.246254 6.197447 8.294089 9.551948 8.799065 6.892814 5.358380 4.540806 6.609478 9.654840 12.582310 12.809964 10.110703 7.043159 5.203907 6.090508 8.979555 12.846437 14.850889 12.846437 8.979555 6.090508 5.203906 7.043159 10.110703 12.809964 12.582312 9.654840 6.609478 4.540805 5.358379 6.892814 8.799065 9.551948 8.294089 6.197447 4.246254 4.468788 4.866929 5.620440 6.294306 6.107028 5.154395,
 4.429381 5.416266 6.878614 7.525297 6.522285 5.056145 4.245587 4.646434 6.254589 8.995084 10.436742 8.704897 6.007490 4.579988 4.832136 6.981047 10.919396 13.193200 10.745275 6.848537 4.815948 4.903844 7.235363 11.667130 14.382529 11.667130 7.235363 4.903844 4.815948 6.848537 10.745275 13.193199 10.919396 6.981047 4.832135 4.579988 6.007490 8.704897 10.436742 8.995084 6.254588 4.646434 4.245587 5.056146 6.522285 7.525297 6.878614 5.416265 4.429380,
 4.795804 4.945305 5.419412 6.316636 6.984796 6.708715 5.765123 4.968569 5.809015 7.609547 9.800393 10.543824 9.068749 6.813432 5.565523 7.674104 11.240230 14.284092 13.898881 10.527003 7.125729 6.494158 9.811342 14.241746 16.542133 14.241745 9.811341 6.494158 7.125729 10.527004 13.898881 14.284092 11.240230 7.674104 5.565523 6.813432 9.068748 10.543824 9.800392 7.609546 5.809015 4.968568 5.765123 6.708715 6.984796 6.316636 5.419412 4.945304 4.795805,

Pairwise cross-correlations of the modulus of all oriented sub-bands at the same scale (size QxQ)
 59.235107 54.589088 47.747513 53.912395,
 54.589088 61.134739 55.183170 51.610954,
 47.747513 55.183170 60.047722 54.358883,
 53.912395 51.610954 54.358883 60.029961,
 51.937679 47.920429 45.052551 48.887077,
 47.920429 52.480701 48.880451 46.336113,
 45.052551 48.880451 53.592091 49.557152,
 48.887077 46.336113 49.557152 54.184868,

Cross-correlations of the modulus of all oriented sub-bands with all oriented sub-bands at the coarser scale (size QxQ)
 49.313011 46.523411 44.512093 47.604866,
 47.745110 50.698494 48.814415 46.469650,
 43.805790 47.019073 51.070671 47.981396,
 47.654446 45.182167 48.559929 51.696896,
 23.524441 20.725292 19.283110 22.325060,
 22.331118 21.662052 20.437382 21.184214,
 21.653629 21.092617 21.905460 22.510302,
 23.046679 20.361662 21.077293 24.040411,

Cross-correlations of the real part of each oriented sub-band with both the real and imaginary part of all phase-doubled oriented sub-bands at the next coarser scale (Q matrices of size 1x2Q, which are computed and stored in a matrix of size Qx2Q)
 -21.646498 -9.439044 -0.707732 -10.017351 -0.007921 0.020592 -0.008933 0.008492,
 -9.167475 -22.163034 -9.295127 -0.809089 -0.016792 0.159884 -0.031695 -0.000828,
 -0.770512 -9.585757 -21.757448 -9.981299 0.003434 0.051036 0.011501 -0.012219,
 -9.659657 -0.753768 -9.427093 -23.076092 0.000913 -0.021502 0.035109 -0.031121,
 -11.585705 -4.737890 -0.525697 -5.481631 -0.086800 -0.287052 -0.018545 0.081558,
 -4.829827 -10.527946 -4.625501 -0.452235 -0.011412 -0.587784 0.005152 0.015602,
 -0.479745 -4.586563 -10.470985 -5.037874 0.027348 -0.129308 0.311848 0.170727,
 -5.382601 -0.455668 -4.892673 -12.041317 -0.011509 -0.010066 0.208117 0.301845,
