Low-band skewness and kurtosis
 -11.295480 143.894638,
 -6.891943 56.632004,
 -3.594798 17.818241,
 -0.520655 6.788442,

High-band variance
 17.686911,

Skewness, kurtosis, variance, mean, maximum and minimum of the reconstructed texture
 -11.392732 137.168365 330.578827 253.284027 255.000000 0.000000,

Auto-correlations of the low-frequency bands at each scale
 2.574686 -0.157778 0.342990 2.354033 0.785403 -0.686516 0.857944 -2.092266 13.554756 54.953960 80.383354 56.345013 15.002577 -1.513646 -1.246815 54.044571 165.011444 227.367706 166.318695 55.753330 0.008613 1.617357 79.562569 227.140427 308.022034 227.140427 79.562569 1.617358 0.008612 55.753323 166.318695 227.367691 165.011429 54.044579 -1.246815 -1.513646 15.002574 56.345013 80.383354 54.953960 13.554756 -2.092266 0.857944 -0.686516 0.785403 2.354034 0.342991 -0.157777 2.574686,
 11.187473 5.613382 -5.453403 -9.264327 -4.657715 2.815468 5.518777 9.334797 -4.499361 -4.318470 3.899523 -5.676365 -10.902825 0.640430 -2.354970 -3.516319 52.799324 98.742310 52.431133 -6.843954 -7.034437 -9.293132 3.209965 98.151878 167.450424 98.151894 3.209965 -9.293132 -7.034437 -6.843953 52.431133 98.742310 52.799316 -3.516319 -2.354970 0.640431 -10.902823 -5.676364 3.899523 -4.318471 -4.499361 9.334795 5.518777 2.815469 -4.657714 -9.264328 -5.453403 5.613382 11.187473,
 2.156835 1.082223 -0.373176 -0.660123 0.576181 3.765016 5.866300 2.686687 -0.336160 0.140327 1.555421 -2.452241 -1.364762 5.945828 0.551744 0.241650 17.154985 30.325867 13.680225 -2.557746 2.035231 -0.528545 0.743620 29.505522 52.391068 29.505522 0.743620 -0.528545 2.035231 -2.557746 13.680225 30.325867 17.154985 0.241650 0.551744 5.945828 -1.364762 -2.452241 1.555421 0.140327 -0.336160 2.686687 5.866301 3.765016 0.576180 -0.660123 -0.373175 1.082223 2.156835,
 0.769079 0.606894 -0.031871 0.474698 1.358242 1.277517 0.844887 0.841544 0.081323 -0.227623 0.701614 0.711995 0.247326 0.819234 1.014891 0.353033 2.439258 4.927393 2.874899 0.152913 0.672985 0.920135 0.744822 4.832448 8.253535 4.832448 0.744822 0.920135 0.672985 0.152913 2.874899 4.927393 2.439258 0.353034 1.014891 0.819234 0.247326 0.711996 0.701614 -0.227623 0.081323 0.841545 0.844887 1.277516 1.358242 0.474699 -0.031871 0.606894 0.769079,

Auto-correlations of the modulus of each oriented sub-band
 15.189693 16.442133 17.219341 17.363619 16.802309 15.621229 14.011018 24.835093 28.737326 31.472687 32.416004 31.302540 28.399595 24.348267 35.377491 42.333885 47.328018 49.144756 47.289505 42.273655 35.308388 40.139248 48.489563 54.536011 56.767075 54.535999 48.489563 40.139248 35.308388 42.273651 47.289505 49.144760 47.328011 42.333897 35.377487 24.348270 28.399591 31.302540 32.416004 31.472687 28.737328 24.835093 14.011018 15.621228 16.802309 17.363619 17.219339 16.442133 15.189693,
 30.286711 34.785774 34.645149 29.541122 21.631506 13.991578 8.563542 34.646660 43.261642 46.779835 43.129478 33.807510 22.863256 13.931011 34.428951 46.645645 54.813801 54.866749 46.526806 33.729877 21.513502 29.353401 42.978275 54.812950 59.583080 54.812950 42.978275 29.353397 21.513506 33.729874 46.526814 54.866756 54.813801 46.645649 34.428951 13.931011 22.863256 33.807510 43.129478 46.779835 43.261642 34.646660 8.563544 13.991578 21.631506 29.541121 34.645149 34.785774 30.286705,
 15.256994 25.139084 35.638222 40.185528 35.255188 24.335314 14.022108 16.535349 29.018703 42.533024 48.493671 42.230663 28.400740 15.599298 17.295778 31.700548 47.466949 54.522121 47.298096 31.364422 16.791677 17.396202 32.564777 49.222778 56.749790 49.222778 32.564777 17.396202 16.791679 31.364416 47.298100 54.522129 47.466949 31.700548 17.295776 15.599298 28.400736 42.230659 48.493671 42.533024 29.018703 16.535347 14.022111 24.335308 35.255192 40.185528 35.638222 25.139090 15.256993,
 9.846786 14.440468 21.391479 28.849051 33.696613 33.690220 29.070862 14.473832 22.690054 33.113716 42.167934 45.742046 42.240471 33.643604 21.440351 33.140827 45.596893 53.808029 53.787758 45.742432 33.673317 28.867912 42.182335 53.805351 58.504879 53.805344 42.182346 28.867912 33.673321 45.742424 53.787758 53.808029 45.596886 33.140827 21.440350 33.643604 42.240471 45.742050 42.167931 33.113716 22.690054 14.473831 29.070864 33.690216 33.696613 28.849051 21.391481 14.440471 9.846786,
 11.020308 11.988132 12.471739 12.305972 11.542425 10.523748 9.635236 17.110495 21.271780 24.472864 25.362358 23.445864 19.604151 15.399464 25.121513 34.239750 41.825832 44.663277 41.291286 33.334713 24.119520 28.890198 40.678532 50.720360 54.756844 50.720367 40.678532 28.890200 24.119522 33.334705 41.291286 44.663277 41.825832 34.239750 25.121513 15.399466 19.604151 23.445864 25.362362 24.472862 21.271780 17.110495 9.635236 10.523750 11.542425 12.305972 12.471738 11.988131 11.020308,
 18.613686 22.742441 22.716761 17.975931 11.683415 7.332590 5.775439 23.186691 32.706165 37.250343 32.847237 22.434944 12.740115 7.565530 23.305275 37.519009 48.954178 49.225857 37.704224 22.670126 12.109612 18.541433 33.199265 49.323311 56.634605 49.323311 33.199265 18.541433 12.109612 22.670120 37.704220 49.225857 48.954178 37.519009 23.305273 7.565529 12.740114 22.434942 32.847240 37.250347 32.706165 23.186691 5.775439 7.332590 11.683415 17.975927 22.716764 22.742441 18.613686,
 10.055555 16.291422 24.866692 29.264328 24.622454 15.553451 9.465039 11.339692 20.571272 33.803001 40.730042 33.639244 19.758421 10.443929 12.027218 23.959679 41.426716 50.601162 41.368721 23.453354 11.407148 12.028258 25.114420 44.483963 54.593468 44.483963 25.114422 12.028258 11.407148 23.453354 41.368713 50.601162 41.426716 23.959679 12.027218 10.443929 19.758421 33.639240 40.730042 33.803001 20.571272 11.339692 9.465039 15.553449 24.622450 29.264328 24.866695 16.291424 10.055555,
 9.397499 11.501586 15.374078 20.518690 23.999435 23.074631 18.617830 11.109173 16.071949 24.748987 33.863419 37.133080 31.972570 22.620686 14.544333 24.289389 38.229881 48.825016 47.993629 36.576988 23.069098 19.450962 33.127140 48.559956 55.659451 48.559963 33.127144 19.450962 23.069098 36.576988 47.993629 48.825016 38.229885 24.289392 14.544333 22.620680 31.972567 37.133068 33.863419 24.748989 16.071949 11.109174 18.617830 23.074631 23.999434 20.518690 15.374081 11.501588 9.397499,
 3.307755 3.531980 3.879948 4.266969 4.531204 4.586204 4.454174 4.597305 5.654685 6.761966 7.506782 7.551008 6.936827 6.005054 6.631603 9.192285 11.635418 12.860961 12.195560 10.083878 7.601908 8.028583 11.418903 14.558066 15.897965 14.558068 11.418903 8.028583 7.601909 10.083878 12.195560 12.860961 11.635418 9.192283 6.631602 6.005054 6.936827 7.551008 7.506782 6.761966 5.654685 4.597305 4.454174 4.586204 4.531204 4.266968 3.879948 3.531980 3.307755,
 4.404746 4.951148 5.162892 4.842515 4.348284 4.050341 3.898051 5.473289 7.357322 8.535168 7.837125 5.991994 4.589328 4.073254 5.618987 8.679509 11.713907 11.966267 9.113983 5.943197 4.287726 4.940446 7.861397 11.939967 14.088202 11.939967 7.861397 4.940445 4.287726 5.943197 9.113983 11.966267 11.713907 8.679509 5.618986 4.073254 4.589327 5.991994 7.837125 8.535168 7.357323 5.473289 3.898052 4.050340 4.348285 4.842515 5.162891 4.951148 4.404746,
 2.876482 3.713752 5.834522 7.443360 6.764083 5.175889 4.338753 3.288059 4.896734 8.233194 10.484622 8.965385 6.088238 4.517586 3.743364 6.107952 10.646562 13.537516 11.047641 6.779593 4.448425 4.160012 6.838512 11.821795 14.891434 11.821795 6.838512 4.160011 4.448425 6.779593 11.047641 13.537516 10.646562 6.107952 3.743363 4.517587 6.088238 8.965384 10.484620 8.233193 4.896733 3.288059 4.338753 5.175889 6.764083 7.443360 5.834522 3.713752 2.876482,
 2.420066 2.952968 4.377464 6.210811 7.377225 7.198653 6.118830 2.700977 4.186518 6.957238 9.925739 11.099163 9.733211 7.231515 3.859131 6.808983 11.198300 14.733564 14.590886 11.128828 7.187464 5.720193 9.852407 14.757146 17.146206 14.757146 9.852407 5.720193 7.187465 11.128828 14.590886 14.733564 11.198300 6.808983 3.859131 7.231516 9.733211 11.099162 9.925739 6.957237 4.186517 2.700977 6.118830 7.198654 7.377226 6.210811 4.377463 2.952968 2.420066,

Pairwise cross-correlations of the modulus of all oriented sub-bands at the same scale (size QxQ)
 56.767082 52.485527 45.349689 52.137661,
 52.485527 59.583065 52.817616 49.952774,
 45.349689 52.817616 56.749802 51.929928,
 52.137661 49.952774 51.929928 58.504879,
 54.756844 51.632984 47.518951 50.871567,
 51.632984 56.634602 51.159111 48.252998,
 47.518951 51.159111 54.593472 50.957699,
 50.871567 48.252998 50.957699 55.659451,

Cross-correlations of the modulus of all oriented sub-bands with all oriented sub-bands at the coarser scale (size QxQ)
 50.627937 47.714035 43.940197 47.223812,
 49.297871 52.991051 49.188923 46.323017,
 44.223137 47.987160 50.689754 47.474224,
 48.720638 46.002640 48.620762 52.186878,
 23.038452 20.537884 20.774033 23.165993,
 22.154900 21.638020 22.019777 22.592321,
 21.107845 20.442368 22.714788 23.096504,
 22.364105 19.397722 21.751480 24.366869,

Cross-correlations of the real part of each oriented sub-band with both the real and imaginary part of all phase-doubled oriented sub-bands at the next coarser scale (Q matrices of size 1x2Q, which are computed and stored in a matrix of size Qx2Q)
 -21.821821 -10.023458 -0.799845 -9.861245 -0.051397 -0.016979 0.000326 -0.002739,
 -9.617580 -23.340139 -9.518581 -0.713759 -0.020515 -0.028025 0.000096 0.002613,
 -0.804253 -9.855707 -21.812586 -9.847205 0.008339 -0.020256 -0.055429 -0.001726,
 -9.465706 -0.729092 -9.508918 -23.027241 -0.000571 -0.007906 -0.027203 -0.007806,
 -11.895848 -5.180739 -0.540369 -5.711344 -0.207230 -0.031950 0.027867 -0.079395,
 -5.149222 -11.512740 -5.062240 -0.458374 -0.011265 -0.028251 -0.029815 0.013187,
 -0.555606 -5.005531 -11.878575 -5.772940 0.024786 0.029160 -0.019652 0.039507,
 -5.476396 -0.473263 -5.542889 -13.433328 -0.129605 0.014402 0.084124 -0.096708,
