Low-band skewness and kurtosis
 -11.411218 146.514114,
 -7.191380 62.789398,
 -3.851655 20.731352,
 -0.511931 5.562984,

High-band variance
 17.166443,

Skewness, kurtosis, variance, mean, maximum and minimum of the reconstructed texture
 -11.482246 139.186508 328.175995 253.305664 255.000000 0.000000,

Auto-correlations of the low-frequency bands at each scale
 4.038901 3.069661 7.618963 10.539225 5.108701 -0.167384 1.525221 0.553203 17.502583 61.300377 87.441460 60.951546 16.616760 -0.396797 1.336621 56.839878 167.188705 228.968063 167.776917 57.104599 1.139223 3.326406 80.999817 226.668808 306.346802 226.668777 80.999817 3.326405 1.139222 57.104595 167.776932 228.968094 167.188705 56.839886 1.336621 -0.396797 16.616758 60.951546 87.441467 61.300377 17.502581 0.553203 1.525221 -0.167385 5.108702 10.539227 7.618962 3.069663 4.038901,
 6.900155 3.973695 -4.775451 -9.819678 -7.894675 0.409953 5.607363 3.518129 -6.880394 -1.874479 7.113043 -4.688380 -10.819090 1.340853 -5.340326 -3.804121 56.065578 102.531967 54.694229 -5.653144 -5.908972 -9.026429 4.363612 100.544769 170.274139 100.544777 4.363612 -9.026427 -5.908973 -5.653144 54.694229 102.531967 56.065590 -3.804121 -5.340326 1.340853 -10.819090 -4.688380 7.113043 -1.874479 -6.880394 3.518130 5.607363 0.409953 -7.894673 -9.819678 -4.775451 3.973696 6.900155,
 2.416717 0.501529 -2.112534 -2.263499 0.899873 3.962194 3.421944 1.235304 -3.809572 -3.499182 -1.268720 -3.773616 -2.730665 1.596015 1.554989 -1.688617 15.866039 30.653309 14.300683 -2.407734 0.429996 1.285089 1.547883 31.297728 55.414104 31.297728 1.547883 1.285089 0.429996 -2.407734 14.300683 30.653311 15.866037 -1.688616 1.554989 1.596015 -2.730665 -3.773615 -1.268720 -3.499182 -3.809571 1.235304 3.421944 3.962194 0.899874 -2.263499 -2.112534 0.501529 2.416716,
 1.133445 0.861725 0.321879 0.780674 1.290906 0.879845 0.483088 1.285554 0.252811 -0.320708 0.488820 0.738956 0.543380 0.901626 1.168324 0.307636 1.536338 3.496891 2.353280 0.815231 1.296182 1.225307 0.889271 3.584789 6.036190 3.584789 0.889271 1.225307 1.296182 0.815231 2.353279 3.496891 1.536338 0.307636 1.168324 0.901626 0.543380 0.738956 0.488820 -0.320708 0.252811 1.285554 0.483088 0.879845 1.290906 0.780674 0.321879 0.861725 1.133445,

Auto-correlations of the modulus of each oriented sub-band
 15.793564 17.335518 18.325491 18.587612 18.055710 16.844887 15.174167 25.671234 29.738064 32.595470 33.611198 32.518051 29.599573 25.507427 36.007896 42.914188 47.888401 49.725616 47.912144 42.956436 36.066696 40.622391 48.809769 54.747711 56.943619 54.747711 48.809769 40.622387 36.066696 42.956436 47.912151 49.725616 47.888401 42.914188 36.007896 25.507427 29.599573 32.518051 33.611195 32.595470 29.738068 25.671234 15.174169 16.844887 18.055710 18.587614 18.325487 17.335518 15.793564,
 29.205389 33.627865 33.564594 28.751879 21.196903 13.826713 8.539474 33.388439 41.701546 45.072479 41.622135 32.768421 22.340509 13.796165 33.196365 44.923386 52.707546 52.756210 44.819633 32.636806 20.984159 28.384768 41.418140 52.698700 57.245605 52.698700 41.418140 28.384768 20.984163 32.636803 44.819633 52.756210 52.707539 44.923386 33.196365 13.796165 22.340504 32.768421 41.622135 45.072479 41.701550 33.388435 8.539474 13.826712 21.196903 28.751879 33.564594 33.627869 29.205387,
 14.693456 24.109814 34.016365 38.223858 33.423832 23.069761 13.430435 16.008051 27.857841 40.599384 46.152424 40.136890 27.073309 15.079165 16.788189 30.425854 45.311607 51.936806 45.046158 29.998161 16.295065 16.897823 31.215836 46.956390 54.090008 46.956390 31.215836 16.897823 16.295069 29.998159 45.046158 51.936806 45.311604 30.425856 16.788191 15.079166 27.073305 40.136890 46.152424 40.599377 27.857845 16.008051 13.430435 23.069759 33.423832 38.223858 34.016365 24.109818 14.693456,
 9.516696 14.258726 21.006012 28.064636 32.657364 32.790596 28.637506 14.408689 22.401056 32.277908 40.788895 44.208904 41.074165 33.139290 21.336468 32.468887 44.197155 51.923149 51.970463 44.510544 33.213703 28.583626 41.148026 52.055634 56.459549 52.055630 41.148033 28.583626 33.213703 44.510540 51.970467 51.923157 44.197147 32.468891 21.336468 33.139294 41.074165 44.208900 40.788902 32.277908 22.401058 14.408689 28.637501 32.790588 32.657360 28.064636 21.006012 14.258726 9.516697,
 8.892239 9.942899 10.779946 11.065049 10.691224 9.886511 8.956480 16.061110 20.344784 24.041245 25.531031 24.055964 20.393444 16.087080 25.210014 34.427082 42.426807 45.708820 42.552155 34.581181 25.263584 29.718969 41.568527 51.845028 56.030239 51.845028 41.568531 29.718969 25.263580 34.581184 42.552143 45.708820 42.426815 34.427082 25.210014 16.087078 20.393444 24.055962 25.531031 24.041250 20.344784 16.061110 8.956480 9.886511 10.691221 11.065049 10.779949 9.942899 8.892241,
 17.338625 21.848215 22.068083 17.400265 11.216699 7.179619 5.925052 21.888739 31.528236 36.378712 32.320560 22.223295 12.877998 8.052069 22.472511 36.362640 47.750916 48.247250 37.144253 22.595690 12.534281 18.421103 32.529457 48.237839 55.375305 48.237839 32.529457 18.421103 12.534279 22.595690 37.144249 48.247250 47.750916 36.362640 22.472511 8.052069 12.877998 22.223295 32.320560 36.378716 31.528236 21.888739 5.925052 7.179620 11.216699 17.400265 22.068083 21.848219 17.338625,
 9.171716 15.452565 23.796946 27.844847 23.448961 15.232193 9.787950 10.549876 19.796118 32.758137 39.262714 32.384132 19.328848 10.669202 11.533466 23.235434 40.183258 48.882339 39.966030 22.908375 11.502298 11.874132 24.460020 43.052727 52.718323 43.052738 24.460022 11.874133 11.502298 22.908373 39.966026 48.882339 40.183258 23.235434 11.533466 10.669200 19.328844 32.384132 39.262714 32.758137 19.796118 10.549877 9.787949 15.232193 23.448959 27.844851 23.796946 15.452565 9.171717,
 6.440012 8.465667 12.625658 18.219677 22.203707 21.748318 17.619209 9.165221 14.336597 23.391306 32.815376 36.383633 31.570412 22.497913 13.909938 23.958487 38.081757 48.718040 48.038189 36.891766 23.531540 19.771574 33.548576 48.872322 55.867146 48.872322 33.548576 19.771572 23.531540 36.891766 48.038189 48.718033 38.081757 23.958487 13.909938 22.497917 31.570408 36.383621 32.815372 23.391302 14.336597 9.165221 17.619205 21.748318 22.203707 18.219677 12.625658 8.465668 6.440013,
 4.388306 4.513192 4.711847 4.845823 4.829833 4.719935 4.625741 5.922776 6.820920 7.685964 7.973690 7.415299 6.358591 5.375853 8.244205 10.721231 13.035532 13.906974 12.679486 10.140040 7.591498 9.207226 12.640972 15.955528 17.407728 15.955528 12.640972 9.207225 7.591498 10.140041 12.679486 13.906974 13.035532 10.721231 8.244205 5.375852 6.358591 7.415299 7.973690 7.685964 6.820918 5.922776 4.625741 4.719935 4.829833 4.845823 4.711848 4.513192 4.388306,
 5.385013 6.142839 6.356476 5.847090 5.228861 4.905005 4.809302 6.427975 8.496000 9.819537 9.034895 6.955942 5.317836 4.634407 6.900350 10.162619 13.468184 13.753819 10.635596 7.105494 5.169736 6.261226 9.444204 13.904773 16.253061 13.904773 9.444202 6.261226 5.169736 7.105494 10.635596 13.753817 13.468184 10.162619 6.900350 4.634407 5.317836 6.955940 9.034895 9.819537 8.496000 6.427975 4.809302 4.905005 5.228861 5.847089 6.356476 6.142838 5.385013,
 4.805385 5.569930 7.692843 9.405394 8.932121 7.284203 6.184571 5.208081 6.914895 10.550165 12.979057 11.417759 8.098922 6.089893 5.587152 8.202993 13.265606 16.372431 13.700782 8.791130 5.989880 5.843794 8.907274 14.539251 17.835056 14.539251 8.907273 5.843794 5.989880 8.791130 13.700782 16.372431 13.265606 8.202992 5.587153 6.089892 8.098922 11.417758 12.979057 10.550165 6.914895 5.208081 6.184571 7.284203 8.932120 9.405394 7.692844 5.569930 4.805385,
 3.878589 4.152903 5.223217 6.963546 8.240715 8.072963 6.905023 4.379741 5.343219 7.789848 10.802794 11.877268 10.124463 7.457057 5.284999 7.564933 11.884560 15.649757 15.203218 11.228914 7.386646 6.469675 10.109571 15.305753 18.058519 15.305753 10.109570 6.469675 7.386646 11.228914 15.203218 15.649757 11.884560 7.564933 5.284998 7.457057 10.124463 11.877267 10.802794 7.789848 5.343219 4.379740 6.905023 8.072964 8.240716 6.963546 5.223217 4.152902 3.878589,

Pairwise cross-correlations of the modulus of all oriented sub-bands at the same scale (size QxQ)
 56.943615 51.376984 43.290646 50.850460,
 51.376984 57.245594 49.936932 47.611477,
 43.290646 49.936932 54.090000 49.627937,
 50.850460 47.611477 49.627937 56.459549,
 56.030224 51.021500 46.580513 51.738743,
 51.021500 55.375305 49.748360 47.822777,
 46.580513 49.748360 52.718323 49.805805,
 51.738743 47.822777 49.805805 55.867146,

Cross-correlations of the modulus of all oriented sub-bands with all oriented sub-bands at the coarser scale (size QxQ)
 51.142246 47.139210 42.837715 47.810871,
 48.186771 50.841579 47.043354 45.466564,
 42.367451 45.365009 48.266655 45.919426,
 47.686901 44.082489 46.430145 51.185173,
 24.765759 22.856258 23.049755 24.257298,
 23.134182 23.659307 23.848831 22.802227,
 21.544006 22.133739 24.617256 23.614609,
 23.803455 21.688223 24.302103 25.607603,

Cross-correlations of the real part of each oriented sub-band with both the real and imaginary part of all phase-doubled oriented sub-bands at the next coarser scale (Q matrices of size 1x2Q, which are computed and stored in a matrix of size Qx2Q)
 -22.095806 -9.500780 -0.783511 -9.792239 0.070888 -0.029033 0.005417 -0.036049,
 -9.376204 -21.895857 -8.681722 -0.711724 0.011918 -0.049332 0.041152 -0.001048,
 -0.728731 -9.248217 -19.732697 -9.208533 -0.006058 -0.011672 0.107304 0.011431,
 -9.638947 -0.720981 -8.638762 -22.169640 0.030302 0.000985 0.049492 -0.030636,
 -12.939261 -5.470254 -0.555724 -6.003642 -0.059634 -0.041640 -0.001496 0.037594,
 -5.523981 -12.449586 -5.561996 -0.529387 0.020419 -0.088089 0.053860 -0.008253,
 -0.504461 -5.486293 -12.882351 -5.894019 -0.014241 0.004563 0.071809 0.043024,
 -5.848907 -0.494138 -5.864846 -13.596857 -0.082537 0.020597 -0.003449 0.109148,
