Low-band skewness and kurtosis
 -11.368382 145.628525,
 -7.060209 60.265934,
 -3.966781 22.292910,
 -0.205865 6.235957,

High-band variance
 17.349407,

Skewness, kurtosis, variance, mean, maximum and minimum of the reconstructed texture
 -11.445463 138.368622 329.131866 253.296341 255.000000 0.000000,

Auto-correlations of the low-frequency bands at each scale
 3.625375 -0.200973 0.740035 4.567076 6.234865 9.702809 14.360540 -2.199371 12.661969 54.102055 81.080574 61.004711 25.521296 12.038430 -1.424336 54.023808 164.335251 227.018005 168.980423 62.817101 8.349006 4.283448 82.337997 227.596268 307.081635 227.596268 82.337997 4.283449 8.349006 62.817101 168.980438 227.017975 164.335251 54.023811 -1.424337 12.038430 25.521292 61.004719 81.080582 54.102055 12.661969 -2.199371 14.360540 9.702809 6.234865 4.567075 0.740037 -0.200972 3.625375,
 5.616158 4.347873 -2.505687 -6.123633 -4.189212 1.903448 6.741831 0.646162 -9.469157 -3.533957 8.974330 1.755139 -5.233840 3.083440 -7.903721 -7.237564 52.061108 101.586342 60.376316 0.638859 -4.938502 -9.867044 5.594459 100.627853 168.139297 100.627876 5.594459 -9.867044 -4.938502 0.638860 60.376305 101.586342 52.061111 -7.237565 -7.903721 3.083441 -5.233840 1.755138 8.974329 -3.533957 -9.469158 0.646162 6.741831 1.903448 -4.189212 -6.123633 -2.505687 4.347872 5.616158,
 5.191268 2.616027 -1.857277 -0.927023 2.866813 4.931785 3.951518 3.234407 -3.166371 -3.717087 0.708458 -0.394747 -0.458658 3.371715 -0.395373 -4.199558 14.596532 32.222893 17.064693 -1.030408 1.345132 -0.752534 -0.189704 31.533209 56.717571 31.533209 -0.189704 -0.752534 1.345132 -1.030408 17.064693 32.222893 14.596531 -4.199558 -0.395373 3.371716 -0.458658 -0.394747 0.708458 -3.717086 -3.166371 3.234406 3.951518 4.931785 2.866812 -0.927023 -1.857276 2.616027 5.191269,
 1.091200 0.755016 -0.013789 0.399610 1.258477 0.710566 -0.018749 0.592090 -0.414017 -0.834356 0.370838 1.019748 0.851996 1.441847 0.253449 -0.300019 1.958897 4.824755 3.416366 1.256214 1.976291 1.057346 0.942525 4.936746 8.293853 4.936746 0.942525 1.057346 1.976291 1.256214 3.416366 4.824756 1.958898 -0.300019 0.253449 1.441847 0.851996 1.019748 0.370838 -0.834356 -0.414017 0.592090 -0.018748 0.710566 1.258477 0.399610 -0.013788 0.755016 1.091200,

Auto-correlations of the modulus of each oriented sub-band
 14.601811 16.332859 17.591164 18.189312 18.028929 17.164227 15.743928 24.079445 28.162758 31.081726 32.228497 31.358173 28.723917 24.909437 34.306374 41.196239 46.135838 47.948830 46.179844 41.349857 34.627510 38.912521 47.062828 52.965179 55.144638 52.965179 47.062828 38.912521 34.627510 41.349857 46.179844 47.948833 46.135830 41.196239 34.306374 24.909437 28.723917 31.358173 32.228497 31.081722 28.162758 24.079445 15.743928 17.164227 18.028929 18.189312 17.591162 16.332863 14.601810,
 30.688431 35.623672 35.875191 31.238926 23.800884 16.400249 10.836154 35.124134 44.016743 47.701496 44.327961 35.438389 24.846155 15.963436 35.047821 47.383411 55.512451 55.622890 47.578438 35.110168 23.004599 30.302525 43.893829 55.521038 60.162441 55.521038 43.893829 30.302525 23.004602 35.110165 47.578434 55.622883 55.512444 47.383419 35.047817 15.963435 24.846153 35.438389 44.327953 47.701496 44.016747 35.124134 10.836154 16.400249 23.800886 31.238926 35.875191 35.623676 30.688429,
 14.734474 24.956568 35.698441 40.363346 35.617577 25.164331 15.319014 16.280043 28.890995 42.477493 48.471279 42.358162 29.018126 16.733776 17.373915 31.665337 47.316151 54.344578 47.223145 31.718744 17.621996 17.850761 32.686977 49.050774 56.515984 49.050774 32.686981 17.850761 17.621996 31.718744 47.223141 54.344578 47.316147 31.665342 17.373909 16.733776 29.018122 42.358162 48.471279 42.477486 28.890995 16.280041 15.319016 25.164328 35.617577 40.363346 35.698441 24.956564 14.734474,
 8.970642 14.328952 21.806772 29.585325 34.690983 34.983875 30.648216 13.974571 22.749748 33.494190 42.738647 46.527916 43.308788 34.927650 21.293957 33.319965 45.887596 54.160049 54.290657 46.451729 34.462292 29.152206 42.573982 54.128819 58.773399 54.128811 42.573986 29.152206 34.462292 46.451721 54.290657 54.160049 45.887589 33.319969 21.293957 34.927654 43.308784 46.527916 42.738647 33.494190 22.749748 13.974571 30.648216 34.983875 34.690975 29.585325 21.806772 14.328953 8.970642,
 8.605943 10.081533 11.350473 12.043060 12.012944 11.422478 10.524123 14.866129 19.411560 23.308447 25.069706 24.028042 20.843163 16.869074 23.445845 32.514584 40.264256 43.491558 40.726086 33.443733 24.734056 28.179052 39.504200 49.175106 53.062988 49.175110 39.504200 28.179052 24.734053 33.443729 40.726086 43.491558 40.264259 32.514584 23.445845 16.869076 20.843161 24.028040 25.069706 23.308451 19.411560 14.866128 10.524123 11.422478 12.012944 12.043060 11.350475 10.081533 8.605943,
 17.840170 22.741297 23.622654 19.810448 14.125484 9.922220 8.158942 22.286612 32.432060 37.819912 34.461941 24.873108 15.370414 9.907456 23.134829 37.665295 49.469723 50.306374 39.476048 24.731878 13.988132 19.471127 34.269936 50.309723 57.507805 50.309723 34.269939 19.471127 13.988132 24.731874 39.476048 50.306374 49.469723 37.665302 23.134829 9.907456 15.370414 24.873108 34.461941 37.819912 32.432060 22.286612 8.158943 9.922219 14.125484 19.810444 23.622654 22.741301 17.840170,
 7.619644 14.183049 23.167633 27.953257 24.110785 15.948705 10.009833 8.939252 18.600431 32.053604 39.009087 32.572582 19.681646 10.626917 10.082748 22.230587 39.468708 48.352932 39.687496 22.745047 10.972822 10.812894 23.803053 42.461040 52.095177 42.461040 23.803057 10.812894 10.972820 22.745047 39.687496 48.352932 39.468708 22.230587 10.082749 10.626918 19.681646 32.572582 39.009087 32.053604 18.600433 8.939250 10.009833 15.948705 24.110781 27.953257 23.167633 14.183050 7.619643,
 4.605104 7.188390 11.624753 17.039227 20.788069 20.637882 17.058981 6.685409 12.072682 20.829254 29.625772 33.030350 28.921747 20.639793 10.683993 20.512472 33.966564 43.979649 43.463600 33.179474 20.531069 16.244873 29.518341 44.050346 50.656128 44.050350 29.518345 16.244873 20.531065 33.179474 43.463596 43.979645 33.966572 20.512472 10.683992 20.639793 28.921747 33.030346 29.625774 20.829258 12.072682 6.685409 17.058981 20.637880 20.788065 17.039227 11.624755 7.188390 4.605104,
 4.264277 4.394566 4.580431 4.689112 4.586700 4.258281 3.809636 5.392179 6.517176 7.564168 8.021732 7.591376 6.446995 5.067557 7.487003 10.307832 12.828296 13.847713 12.773263 10.192410 7.278357 8.628197 12.426087 15.860643 17.299143 15.860643 12.426087 8.628197 7.278357 10.192410 12.773263 13.847713 12.828295 10.307832 7.487003 5.067557 6.446995 7.591375 8.021732 7.564168 6.517175 5.392179 3.809637 4.258281 4.586700 4.689112 4.580431 4.394566 4.264277,
 5.742132 6.585428 6.649711 5.770317 4.696049 3.893463 3.254237 7.202910 9.574862 10.946608 9.873610 7.288597 5.030432 3.646609 7.531206 11.353269 14.946103 15.149920 11.641215 7.452549 4.713600 6.361650 10.307917 15.295092 17.795630 15.295092 10.307916 6.361649 4.713600 7.452549 11.641214 15.149920 14.946101 11.353268 7.531205 3.646609 5.030432 7.288597 9.873610 10.946608 9.574861 7.202910 3.254238 3.893464 4.696049 5.770317 6.649711 6.585428 5.742131,
 3.337344 4.488595 6.726535 8.392488 7.675935 5.437505 3.523409 3.528916 5.670139 9.464025 11.894256 10.144414 6.312328 3.537270 3.647015 6.738944 11.973890 15.108383 12.321919 7.048328 3.597988 3.660474 7.263304 13.118390 16.465008 13.118390 7.263303 3.660473 3.597988 7.048328 12.321919 15.108385 11.973890 6.738944 3.647016 3.537270 6.312328 10.144413 11.894256 9.464025 5.670139 3.528916 3.523409 5.437505 7.675935 8.392488 6.726535 4.488594 3.337344,
 2.769197 3.049482 4.095544 5.771791 6.974813 6.686995 5.287758 2.781821 4.038860 6.644884 9.619771 10.737887 9.052559 6.158708 3.512328 6.291100 10.675979 14.253471 13.989180 10.235846 6.095047 4.909485 9.006475 14.039577 16.498951 14.039577 9.006475 4.909485 6.095047 10.235846 13.989180 14.253471 10.675979 6.291100 3.512328 6.158709 9.052559 10.737887 9.619771 6.644884 4.038860 2.781821 5.287758 6.686996 6.974815 5.771791 4.095544 3.049482 2.769197,

Pairwise cross-correlations of the modulus of all oriented sub-bands at the same scale (size QxQ)
 55.144611 51.884548 44.529175 51.400665,
 51.884548 60.162426 52.738224 50.045479,
 44.529175 52.738224 56.515968 51.940800,
 51.400665 50.045479 51.940800 58.773384,
 53.062996 50.211067 45.670322 47.530689,
 50.211067 57.507793 50.549656 45.380146,
 45.670322 50.549656 52.095177 47.006477,
 47.530689 45.380146 47.006477 50.656128,

Cross-correlations of the modulus of all oriented sub-bands with all oriented sub-bands at the coarser scale (size QxQ)
 48.901527 47.144196 42.262829 44.560734,
 48.221901 53.518906 48.205917 44.041767,
 42.839912 47.487328 48.897099 44.587589,
 47.157543 46.095219 46.802532 48.857101,
 24.116787 23.060596 21.010469 22.600943,
 24.041708 25.690941 23.529678 22.439777,
 21.514463 22.736416 23.066927 22.331398,
 21.786203 20.634546 21.116182 22.819551,

Cross-correlations of the real part of each oriented sub-band with both the real and imaginary part of all phase-doubled oriented sub-bands at the next coarser scale (Q matrices of size 1x2Q, which are computed and stored in a matrix of size Qx2Q)
 -20.883146 -9.844881 -0.853271 -9.014179 -0.172034 0.089809 -0.018135 0.213093,
 -9.396493 -23.456848 -9.370880 -0.676811 0.101531 0.097911 -0.203776 0.015195,
 -0.869178 -10.031200 -20.066891 -8.701955 0.044883 -0.040744 -0.168310 0.133193,
 -8.969748 -0.690731 -8.442197 -20.716204 -0.136976 -0.004463 0.011471 0.389579,
 -12.721508 -6.058670 -0.499812 -5.042557 0.189292 0.094367 -0.010063 0.037950,
 -5.876109 -13.610263 -5.432755 -0.480339 0.069321 0.128663 0.056809 -0.022454,
 -0.528882 -5.791443 -11.754462 -4.773979 -0.012709 0.086161 0.090627 -0.045669,
 -5.386192 -0.490534 -4.932320 -11.134939 0.040877 0.041402 -0.002137 0.074102,
