Low-band skewness and kurtosis
 -11.441154 147.572250,
 -7.083092 60.003754,
 -4.228099 26.230455,
 -1.652273 11.883765,

High-band variance
 17.665867,

Skewness, kurtosis, variance, mean, maximum and minimum of the reconstructed texture
 -11.512491 139.929489 326.474335 253.314133 255.000000 0.000000,

Auto-correlations of the low-frequency bands at each scale
 7.167095 3.975366 3.530479 4.244815 1.326016 1.023083 6.316791 5.804761 19.988026 58.322830 80.553780 54.982616 15.342471 2.203531 6.741568 59.585838 166.123825 224.817001 163.382645 55.349308 2.264846 6.116883 81.447601 225.096954 304.001465 225.096939 81.447609 6.116883 2.264845 55.349308 163.382645 224.817001 166.123810 59.585838 6.741567 2.203531 15.342471 54.982616 80.553772 58.322830 19.988026 5.804761 6.316791 1.023084 1.326016 4.244815 3.530480 3.975367 7.167095,
 4.474241 2.138162 -1.317481 -3.221769 -1.755143 6.072762 10.875684 5.597924 -6.811344 -1.987074 7.621778 -2.273680 -6.210611 6.146076 3.259975 1.217103 55.769619 99.019310 53.531479 -2.326896 -0.447587 -0.005581 9.935040 99.981102 166.218216 99.981110 9.935040 -0.005581 -0.447587 -2.326896 53.531471 99.019302 55.769623 1.217103 3.259975 6.146076 -6.210611 -2.273680 7.621778 -1.987074 -6.811344 5.597924 10.875684 6.072762 -1.755143 -3.221769 -1.317481 2.138161 4.474242,
 6.673800 3.166417 0.339299 1.807154 4.140252 5.408167 4.868693 5.008690 -1.082765 -1.203622 2.893597 0.778938 -0.351231 3.125335 3.133801 0.361252 17.436201 32.690437 18.203053 1.194720 3.475630 4.176605 4.990324 33.796539 56.308704 33.796535 4.990324 4.176605 3.475630 1.194720 18.203053 32.690437 17.436199 0.361252 3.133800 3.125334 -0.351231 0.778938 2.893597 -1.203622 -1.082765 5.008689 4.868693 5.408167 4.140253 1.807154 0.339299 3.166417 6.673798,
 1.347526 1.239276 0.255894 0.092632 0.715497 1.160799 1.212523 1.642055 0.356086 -0.668240 0.360634 1.359592 1.544321 1.651045 0.778155 -0.171540 1.305423 4.216528 3.776290 1.644756 1.005889 0.273599 0.755875 4.338688 7.121064 4.338688 0.755875 0.273600 1.005889 1.644756 3.776291 4.216528 1.305423 -0.171540 0.778155 1.651046 1.544321 1.359592 0.360634 -0.668240 0.356086 1.642055 1.212523 1.160799 0.715496 0.092632 0.255894 1.239276 1.347526,

Auto-correlations of the modulus of each oriented sub-band
 15.708282 16.987846 17.866760 18.191477 17.882278 17.001814 15.707299 25.404163 29.014231 31.623573 32.604424 31.651287 28.991291 25.246258 35.569111 41.993279 46.717896 48.514351 46.789902 42.027027 35.456310 40.037968 47.847839 53.599239 55.750202 53.599239 47.847843 40.037968 35.456310 42.027020 46.789894 48.514355 46.717896 41.993282 35.569107 25.246264 28.991289 31.651287 32.604424 31.623569 29.014231 25.404167 15.707299 17.001812 17.882278 18.191479 17.866760 16.987846 15.708282,
 29.422369 33.698830 33.664543 29.087072 22.044579 15.426635 10.946740 34.180424 42.198860 45.434822 42.000130 33.386204 23.475309 15.634836 34.415955 45.765190 53.340939 53.317989 45.483440 33.641750 22.548340 29.816330 42.400211 53.430878 57.900944 53.430874 42.400211 29.816330 22.548340 33.641747 45.483440 53.317989 53.340939 45.765194 34.415955 15.634836 23.475304 33.386208 42.000130 45.434822 42.198868 34.180424 10.946740 15.426634 22.044579 29.087072 33.664536 33.698830 29.422369,
 15.560671 25.102011 35.164585 39.586163 34.942211 24.681767 15.283814 16.979208 28.876322 41.812195 47.602268 41.636063 28.537798 16.745052 17.903152 31.528500 46.640450 53.495895 46.531281 31.329575 17.763939 18.180687 32.425976 48.386177 55.694229 48.386177 32.425980 18.180683 17.763939 31.329569 46.531281 53.495899 46.640450 31.528505 17.903152 16.745052 28.537794 41.636063 47.602268 41.812195 28.876326 16.979208 15.283814 24.681765 34.942215 39.586163 35.164585 25.102011 15.560670,
 11.537299 16.232166 23.028688 30.216057 34.947472 35.083641 30.760759 16.759523 24.763914 34.784954 43.449074 46.904293 43.566383 35.292530 23.835281 35.098232 47.071110 54.947029 54.913177 47.125168 35.465469 30.996973 43.827995 55.059032 59.600452 55.059029 43.827995 30.996973 35.465469 47.125156 54.913174 54.947029 47.071117 35.098232 23.835278 35.292530 43.566380 46.904301 43.449074 34.784962 24.763914 16.759521 30.760759 35.083633 34.947472 30.216057 23.028692 16.232166 11.537299,
 11.182244 12.295326 13.272992 13.773214 13.576813 12.800214 11.792234 17.366226 21.232468 24.539759 25.951555 24.792486 21.660372 17.941025 26.452839 34.533466 41.407177 44.142933 41.386227 34.538261 26.570728 31.014868 41.277008 50.111752 53.672680 50.111755 41.277016 31.014868 26.570728 34.538258 41.386223 44.142933 41.407177 34.533466 26.452839 17.941023 21.660372 24.792486 25.951555 24.539759 21.232468 17.366224 11.792236 12.800214 13.576813 13.773215 13.272993 12.295328 11.182244,
 17.720324 21.381481 22.294600 19.485178 15.280846 12.313933 10.964179 22.136673 30.155886 34.669167 31.746687 23.776293 16.519411 12.728793 23.299913 35.072578 45.228653 45.882732 36.285473 24.140362 16.070168 20.461432 32.223801 45.967857 52.459618 45.967857 32.223801 20.461428 16.070169 24.140362 36.285473 45.882729 45.228653 35.072578 23.299913 12.728793 16.519409 23.776289 31.746687 34.669174 30.155890 22.136671 10.964181 12.313932 15.280842 19.485178 22.294600 21.381485 17.720322,
 11.461781 17.357708 26.194901 30.619650 26.205585 17.904398 12.325053 13.119938 21.817833 34.872982 41.513260 34.773964 22.062258 13.619921 14.478746 25.587273 42.280285 50.903034 42.201035 25.680901 14.708628 15.077693 27.115686 45.233734 54.715157 45.233734 27.115686 15.077693 14.708627 25.680901 42.201035 50.903034 42.280285 25.587273 14.478744 13.619923 22.062260 34.773960 41.513260 34.872990 21.817831 13.119935 12.325054 17.904398 26.205585 30.619650 26.194901 17.357706 11.461782,
 9.750598 11.756117 15.338758 20.034857 23.216949 22.432829 18.552971 11.899782 16.423985 24.355684 32.868862 36.091568 31.477226 23.105995 15.945731 24.783424 37.712410 47.823402 47.207905 36.610046 24.299530 21.069323 33.545940 48.009705 54.795734 48.009724 33.545940 21.069323 24.299530 36.610046 47.207905 47.823395 37.712410 24.783424 15.945731 23.105995 31.477228 36.091568 32.868862 24.355684 16.423985 11.899782 18.552973 22.432829 23.216949 20.034857 15.338758 11.756118 9.750598,
 5.913647 6.123246 6.367548 6.466574 6.316331 6.016475 5.735113 6.719262 7.761882 8.774356 9.189820 8.715599 7.660686 6.601706 8.288480 10.602055 12.832426 13.776417 12.795774 10.551887 8.251903 9.283911 12.323404 15.274971 16.556662 15.274971 12.323404 9.283911 8.251904 10.551886 12.795773 13.776416 12.832426 10.602055 8.288480 6.601706 7.660686 8.715599 9.189820 8.774354 7.761882 6.719261 5.735114 6.016475 6.316332 6.466573 6.367548 6.123245 5.913646,
 6.626661 7.261209 7.433890 6.877174 6.093649 5.583037 5.365715 7.714999 9.531624 10.588174 9.759156 7.808063 6.277638 5.559370 7.907377 10.874042 13.697927 13.775616 10.916223 7.813821 6.106608 7.077855 9.927031 13.864268 15.942327 13.864268 9.927030 7.077855 6.106608 7.813822 10.916223 13.775616 13.697927 10.874042 7.907376 5.559369 6.277639 7.808063 9.759156 10.588172 9.531623 7.714999 5.365714 5.583037 6.093649 6.877174 7.433890 7.261209 6.626660,
 5.309226 6.172764 8.281942 9.736114 9.100938 7.525944 6.510770 6.007462 7.700328 11.050523 13.117345 11.567600 8.578539 6.782288 6.652978 9.082906 13.561705 16.224703 13.794948 9.492680 7.017629 7.016115 9.756262 14.663632 17.540686 14.663630 9.756262 7.016113 7.017629 9.492680 13.794948 16.224703 13.561705 9.082906 6.652978 6.782288 8.578539 11.567600 13.117345 11.050523 7.700328 6.007462 6.510769 7.525944 9.100938 9.736114 8.281943 6.172763 5.309226,
 4.280101 4.658188 5.561667 6.675921 7.392620 7.289856 6.645581 4.871019 5.894663 7.811380 9.874539 10.548490 9.298568 7.344707 5.755910 7.818970 11.168162 13.928836 13.591074 10.571396 7.476208 6.798276 9.865511 13.919189 15.993976 13.919189 9.865511 6.798276 7.476208 10.571396 13.591074 13.928835 11.168161 7.818970 5.755910 7.344706 9.298568 10.548489 9.874539 7.811380 5.894663 4.871019 6.645581 7.289856 7.392620 6.675921 5.561667 4.658188 4.280101,

Pairwise cross-correlations of the modulus of all oriented sub-bands at the same scale (size QxQ)
 55.750160 51.542351 44.317188 51.843479,
 51.542351 57.900955 51.159431 49.792332,
 44.317188 51.159431 55.694218 51.942020,
 51.843479 49.792332 51.942020 59.600430,
 53.672668 48.864300 47.126766 49.758499,
 48.864300 52.459621 49.163746 46.284122,
 47.126766 49.163746 54.715157 50.723534,
 49.758499 46.284122 50.723534 54.795727,

Cross-correlations of the modulus of all oriented sub-bands with all oriented sub-bands at the coarser scale (size QxQ)
 48.897999 45.494335 43.689873 46.177689,
 47.391472 49.776123 48.080566 45.191910,
 42.883961 45.475040 49.923500 46.564339,
 47.914562 45.060741 49.178513 51.786438,
 23.543291 21.958885 21.247622 21.658781,
 22.247492 22.995878 22.068472 20.337442,
 22.041071 22.487576 23.996927 22.485323,
 22.879120 21.363659 22.772520 23.031858,

Cross-correlations of the real part of each oriented sub-band with both the real and imaginary part of all phase-doubled oriented sub-bands at the next coarser scale (Q matrices of size 1x2Q, which are computed and stored in a matrix of size Qx2Q)
 -20.451452 -8.865123 -0.791670 -9.504822 0.080694 -0.098321 0.004811 -0.075176,
 -8.775607 -20.852617 -8.824305 -0.742725 0.052436 -0.351053 0.005706 0.025783,
 -0.742968 -8.997020 -20.720335 -9.713006 0.029612 -0.129487 -0.010108 0.022939,
 -8.964426 -0.677403 -9.332073 -22.375605 0.075678 0.009787 -0.026275 -0.080089,
 -11.148199 -5.149300 -0.471366 -4.939041 0.052582 0.037858 -0.012620 -0.011538,
 -5.095895 -11.165660 -5.028848 -0.584227 0.118574 0.114095 -0.102095 -0.029819,
 -0.474784 -5.005238 -11.632220 -5.301724 0.012888 0.087541 -0.076113 0.059850,
 -4.723039 -0.594338 -5.144075 -11.317636 -0.017582 0.035197 0.010453 0.172626,
