Low-band skewness and kurtosis
 -11.468077 148.483383,
 -7.095543 60.033367,
 -4.328958 27.154425,
 -0.895165 5.591003,

High-band variance
 17.802908,

Skewness, kurtosis, variance, mean, maximum and minimum of the reconstructed texture
 -11.549049 140.907104 322.596832 253.327805 255.000000 0.000000,

Auto-correlations of the low-frequency bands at each scale
 2.079782 1.592295 7.023735 11.980108 9.672832 8.353912 12.461865 0.925932 14.907011 55.215057 80.519478 57.080288 18.446058 5.841817 4.731542 56.361511 161.609085 221.112320 162.075394 56.569630 4.746473 7.368520 81.464188 222.364609 299.980103 222.364609 81.464195 7.368521 4.746472 56.569630 162.075394 221.112320 161.609085 56.361511 4.731542 5.841817 18.446056 57.080288 80.519478 55.215061 14.907011 0.925932 12.461866 8.353912 9.672832 11.980108 7.023735 1.592295 2.079781,
 7.521363 1.022103 -4.282569 -2.911404 2.082987 7.278615 6.021994 2.760095 -9.573219 -1.019978 13.385451 4.905284 -2.855816 3.718338 -3.542117 -3.882983 53.924328 100.897858 57.962421 0.921229 -1.861111 -4.777552 7.589609 97.737610 163.314499 97.737610 7.589609 -4.777552 -1.861111 0.921229 57.962418 100.897842 53.924335 -3.882984 -3.542117 3.718338 -2.855817 4.905282 13.385450 -1.019977 -9.573219 2.760094 6.021995 7.278615 2.082987 -2.911403 -4.282570 1.022104 7.521362,
 7.922337 6.222953 3.992778 3.169796 3.123826 4.017080 4.512873 6.638566 0.392311 0.186386 4.519414 2.167053 0.147879 4.092833 2.523663 -1.087704 16.438265 33.473904 18.530073 -1.103039 0.401143 -0.121924 1.198719 32.461555 56.669662 32.461555 1.198718 -0.121924 0.401144 -1.103039 18.530073 33.473907 16.438265 -1.087704 2.523663 4.092833 0.147879 2.167053 4.519414 0.186386 0.392310 6.638566 4.512872 4.017081 3.123826 3.169796 3.992778 6.222953 7.922336,
 0.895515 0.826396 0.654356 0.605170 0.331863 0.591097 1.476103 0.457466 -0.310414 -0.006441 1.006388 0.825923 0.833439 1.773404 0.581180 -0.008922 2.152082 4.669107 3.333152 1.463830 1.816571 1.458397 1.451017 4.760300 7.520073 4.760301 1.451017 1.458397 1.816572 1.463830 3.333152 4.669107 2.152082 -0.008922 0.581180 1.773404 0.833439 0.825923 1.006388 -0.006440 -0.310414 0.457466 1.476102 0.591096 0.331862 0.605170 0.654356 0.826396 0.895515,

Auto-correlations of the modulus of each oriented sub-band
 15.676135 17.392372 18.729023 19.437672 19.358484 18.506287 17.022802 25.008911 28.937401 31.839067 33.051346 32.253693 29.657892 25.856459 35.029095 41.638863 46.465858 48.308010 46.627529 41.907719 35.327446 39.534252 47.416157 53.162254 55.295746 53.162254 47.416157 39.534252 35.327446 41.907711 46.627529 48.308018 46.465858 41.638863 35.029091 25.856459 29.657888 32.253693 33.051346 31.839067 28.937401 25.008909 17.022800 18.506287 19.358484 19.437672 18.729023 17.392376 15.676133,
 29.362955 33.820427 34.076164 29.814034 23.037329 16.495533 11.870600 33.692158 41.839035 45.269238 42.040325 33.683941 23.982105 16.189404 33.733650 45.151134 52.847973 52.897419 45.152927 33.446720 22.475565 29.256216 41.797451 52.854656 57.350929 52.854656 41.797451 29.256214 22.475569 33.446720 45.152927 52.897419 52.847973 45.151134 33.733646 16.189404 23.982109 33.683941 42.040325 45.269238 41.839035 33.692158 11.870603 16.495533 23.037331 29.814037 34.076164 33.820427 29.362953,
 15.564964 26.078600 37.296421 42.352192 37.801880 27.385828 17.526232 17.327168 30.204252 44.161823 50.446522 44.475552 31.097706 18.710297 18.677376 33.205273 49.106174 56.287701 49.250278 33.657280 19.394112 19.403875 34.446434 50.962029 58.439941 50.962029 34.446434 19.403875 19.394114 33.657276 49.250282 56.287701 49.106174 33.205276 18.677372 18.710297 31.097706 44.475552 50.446522 44.161823 30.204252 17.327162 17.526232 27.385826 37.801880 42.352192 37.296417 26.078604 15.564964,
 10.475297 15.539845 22.599644 29.899443 34.647915 34.747528 30.303009 15.120389 23.312834 33.468517 42.276844 45.910263 42.694641 34.353489 21.748980 33.141582 45.259186 53.337646 53.491367 45.733673 33.913227 28.937061 41.935711 53.296345 57.888325 53.296345 41.935715 28.937061 33.913227 45.733665 53.491367 53.337639 45.259182 33.141586 21.748980 34.353497 42.694637 45.910267 42.276844 33.468517 23.312834 15.120388 30.303011 34.747528 34.647915 29.899443 22.599644 15.539845 10.475296,
 13.879400 14.843801 15.628905 15.884988 15.395550 14.270871 12.845049 19.137798 22.972755 26.149975 27.275455 25.737066 22.214811 18.089226 26.751322 34.980980 41.948212 44.581245 41.525475 34.312389 25.978600 30.363543 40.912308 50.012722 53.702583 50.012722 40.912308 30.363539 25.978600 34.312389 41.525467 44.581245 41.948212 34.980980 26.751320 18.089230 22.214809 25.737066 27.275455 26.149973 22.972755 19.137798 12.845049 14.270871 15.395548 15.884988 15.628905 14.843801 13.879400,
 20.171133 23.195066 23.499428 20.499912 16.209955 12.785685 10.653183 23.873734 31.397921 35.417839 32.458618 24.592098 16.899401 12.185297 24.371719 36.020714 45.870720 46.494423 37.123878 24.719423 15.824062 20.858707 33.044594 46.758133 53.093071 46.758133 33.044594 20.858707 15.824062 24.719423 37.123878 46.494423 45.870716 36.020714 24.371719 12.185297 16.899403 24.592098 32.458618 35.417847 31.397923 23.873732 10.653183 12.785685 16.209957 20.499912 23.499428 23.195066 20.171127,
 11.219675 16.145155 23.601906 27.883442 24.780733 17.393719 11.125154 12.090464 19.814215 31.433853 37.685444 32.134743 20.624779 11.967356 12.825659 23.119272 38.459007 46.527939 38.730541 23.482244 12.740000 13.090691 24.563395 41.401360 50.214260 41.401360 24.563398 13.090691 12.740002 23.482244 38.730541 46.527935 38.459015 23.119276 12.825659 11.967356 20.624779 32.134735 37.685444 31.433855 19.814217 12.090464 11.125154 17.393715 24.780731 27.883442 23.601906 16.145159 11.219675,
 9.253705 10.635528 14.309937 19.573933 23.171206 22.270327 17.835838 10.234067 14.413670 22.398895 30.985178 34.205254 29.600397 21.149370 13.351312 21.906124 34.445480 44.138351 43.572163 33.437893 21.470930 18.051609 30.131519 43.911774 50.298023 43.911785 30.131519 18.051609 21.470930 33.437893 43.572163 44.138351 34.445488 21.906124 13.351312 21.149368 29.600397 34.205250 30.985178 22.398899 14.413669 10.234067 17.835838 22.270327 23.171204 19.573933 14.309937 10.635530 9.253705,
 7.216884 7.365267 7.440028 7.323820 6.893712 6.216985 5.541399 8.550224 9.334547 10.039162 10.222213 9.583903 8.334888 7.056015 9.971396 12.097247 14.158341 15.018803 13.960608 11.556221 9.071852 10.461759 13.548615 16.578760 17.906668 16.578758 13.548615 10.461759 9.071852 11.556221 13.960608 15.018803 14.158343 12.097247 9.971396 7.056015 8.334888 9.583902 10.222213 10.039161 9.334547 8.550223 5.541399 6.216985 6.893712 7.323820 7.440027 7.365268 7.216884,
 8.564159 9.231893 9.321740 8.421907 6.929295 5.626798 4.902164 9.877758 11.872654 12.968102 11.933884 9.307266 6.880256 5.632031 9.786407 13.188681 16.284483 16.381416 13.104342 9.155022 6.735623 8.362060 11.895208 16.386049 18.630087 16.386049 11.895208 8.362060 6.735623 9.155022 13.104342 16.381416 16.284483 13.188681 9.786407 5.632031 6.880256 9.307266 11.933885 12.968102 11.872650 9.877757 4.902164 5.626798 6.929296 8.421907 9.321739 9.231893 8.564159,
 6.237044 7.185342 8.774114 9.527340 8.059914 5.787567 4.523673 6.507831 8.176983 11.109060 12.633655 10.446291 6.954822 5.026759 6.477648 8.854498 13.174336 15.591208 12.758550 8.136322 5.613754 6.152310 8.874920 13.895072 16.882324 13.895071 8.874920 6.152311 5.613753 8.136322 12.758550 15.591208 13.174336 8.854497 6.477648 5.026759 6.954822 10.446290 12.633653 11.109061 8.176983 6.507831 4.523673 5.787568 8.059915 9.527340 8.774113 7.185342 6.237044,
 5.932624 6.219111 6.705620 7.368833 7.741108 7.326362 6.327896 6.133480 6.738459 8.237339 10.129728 10.840535 9.556677 7.403906 6.376657 8.070176 11.218286 14.025230 13.851135 10.856441 7.669249 7.045904 10.014953 14.036185 16.100973 14.036185 10.014953 7.045904 7.669249 10.856441 13.851133 14.025230 11.218286 8.070176 6.376657 7.403906 9.556677 10.840532 10.129726 8.237338 6.738460 6.133479 6.327895 7.326362 7.741108 7.368833 6.705620 6.219111 5.932623,

Pairwise cross-correlations of the modulus of all oriented sub-bands at the same scale (size QxQ)
 55.295727 50.665184 45.515720 51.095356,
 50.665184 57.350933 52.362617 49.252193,
 45.515720 52.362617 58.439938 52.749111,
 51.095356 49.252193 52.749111 57.888332,
 53.702572 48.814522 44.004158 47.119793,
 48.814522 53.093071 47.097137 44.120419,
 44.004158 47.097137 50.214268 46.447422,
 47.119793 44.120419 46.447422 50.298016,

Cross-correlations of the modulus of all oriented sub-bands with all oriented sub-bands at the coarser scale (size QxQ)
 48.916210 45.378437 40.832943 43.928059,
 47.544693 50.097038 45.586655 43.207222,
 44.134422 46.473602 47.761818 45.310322,
 47.200882 44.678513 45.652905 48.424690,
 24.172062 23.865177 21.602301 21.885004,
 22.973492 24.869656 22.890219 20.743191,
 20.706949 22.462013 22.698772 20.798529,
 21.866358 21.664434 21.824352 21.885958,

Cross-correlations of the real part of each oriented sub-band with both the real and imaginary part of all phase-doubled oriented sub-bands at the next coarser scale (Q matrices of size 1x2Q, which are computed and stored in a matrix of size Qx2Q)
 -20.299835 -9.462919 -0.719483 -8.761855 0.289802 -0.152970 -0.049751 -0.044862,
 -9.038098 -21.408337 -8.716120 -0.764749 0.055383 -0.542192 -0.009255 0.003814,
 -0.756510 -9.129825 -20.040157 -8.747419 -0.020550 -0.162906 0.339454 0.171587,
 -8.613048 -0.823003 -8.706679 -20.093149 0.099851 0.033791 0.160093 0.192925,
 -11.965400 -5.692170 -0.427898 -4.728944 0.146097 -0.117495 0.006082 -0.056997,
 -5.694518 -11.845178 -4.612041 -0.492048 0.073184 -0.263186 -0.122183 -0.004972,
 -0.460241 -4.916040 -10.078173 -4.410309 0.000494 -0.112334 -0.092436 -0.084956,
 -4.915252 -0.543939 -4.322355 -10.103673 0.044756 -0.006717 0.013189 -0.193501,
