Low-band skewness and kurtosis
 -11.488177 148.733612,
 -7.024458 58.963615,
 -3.866366 20.198668,
 -0.965735 8.569728,

High-band variance
 17.154188,

Skewness, kurtosis, variance, mean, maximum and minimum of the reconstructed texture
 -11.577047 141.517990 321.824036 253.334991 255.000000 0.000000,

Auto-correlations of the low-frequency bands at each scale
 7.930752 3.110017 0.792084 -0.150638 -3.088826 -2.819082 2.179166 2.464051 16.416252 54.068439 75.755455 50.844261 11.797274 -1.522825 2.954239 56.492889 162.302505 220.519089 160.641663 54.303677 1.390247 5.144200 80.700027 222.555313 300.092072 222.555313 80.700043 5.144200 1.390246 54.303673 160.641632 220.519089 162.302505 56.492889 2.954239 -1.522826 11.797273 50.844257 75.755470 54.068443 16.416252 2.464051 2.179165 -2.819082 -3.088826 -0.150638 0.792084 3.110017 7.930751,
 7.115938 9.163998 3.246494 -4.540425 -6.046759 1.912208 10.090930 4.813538 -3.621340 -0.736228 3.271701 -7.318597 -7.324109 7.790456 -2.644367 -0.985231 53.978222 94.835526 50.487801 -2.883996 -2.628462 -7.198182 6.674760 97.387589 162.592331 97.387604 6.674761 -7.198182 -2.628461 -2.883995 50.487801 94.835526 53.978230 -0.985230 -2.644367 7.790457 -7.324109 -7.318595 3.271701 -0.736227 -3.621340 4.813538 10.090931 1.912208 -6.046758 -4.540425 3.246493 9.164001 7.115938,
 8.646276 7.243103 5.557778 3.495860 2.293576 5.703022 8.919260 9.151935 4.203223 3.556002 4.087140 -1.043413 -0.343965 6.891898 4.538232 2.292301 18.029390 31.112825 15.151389 -0.533949 4.133651 2.360041 2.687659 30.278030 52.472805 30.278030 2.687659 2.360041 4.133652 -0.533949 15.151389 31.112825 18.029394 2.292301 4.538232 6.891899 -0.343965 -1.043413 4.087140 3.556003 4.203223 9.151934 8.919260 5.703022 2.293575 3.495860 5.557778 7.243103 8.646276,
 0.482155 0.404473 0.678544 1.410482 2.076438 2.125551 1.710412 1.019582 0.564148 0.662646 1.148750 1.056177 1.020984 1.298222 0.877784 1.116327 3.154363 4.883144 3.387541 1.527578 1.331636 1.171463 2.100932 5.550431 8.092286 5.550432 2.100932 1.171463 1.331636 1.527578 3.387541 4.883144 3.154362 1.116327 0.877784 1.298222 1.020984 1.056178 1.148750 0.662646 0.564148 1.019582 1.710412 2.125551 2.076438 1.410482 0.678544 0.404473 0.482155,

Auto-correlations of the modulus of each oriented sub-band
 15.666811 16.778719 17.439505 17.539076 17.056772 16.096872 14.820235 24.835159 28.397617 30.869854 31.681662 30.610165 27.929472 24.233778 34.852489 41.313442 45.956593 47.627388 45.851311 41.126389 34.597912 39.314732 47.145683 52.835983 54.942307 52.835983 47.145691 39.314732 34.597916 41.126389 45.851311 47.627388 45.956593 41.313446 34.852486 24.233778 27.929472 30.610159 31.681662 30.869850 28.397617 24.835159 14.820235 16.096872 17.056772 17.539074 17.439501 16.778719 15.666811,
 30.465071 34.621861 34.186932 29.059969 21.529148 14.573825 9.919534 34.593586 42.705128 45.780254 41.988705 33.000793 22.768372 14.692862 34.285645 45.862682 53.479305 53.310566 45.252655 33.140053 21.767941 29.292856 42.156834 53.362099 57.878586 53.362091 42.156834 29.292856 21.767942 33.140049 45.252655 53.310566 53.479301 45.862675 34.285645 14.692862 22.768370 33.000797 41.988705 45.780258 42.705128 34.593586 9.919534 14.573824 21.529148 29.059969 34.186932 34.621864 30.465067,
 17.470921 26.645742 36.355042 40.593082 35.835968 25.316233 15.548409 18.541279 30.289984 43.043434 48.755196 42.761795 29.443653 17.272991 19.190605 32.854568 47.896362 54.709278 47.782925 32.449387 18.565010 19.230623 33.673477 49.658821 56.914516 49.658821 33.673477 19.230623 18.565010 32.449383 47.782925 54.709278 47.896362 32.854568 19.190605 17.272991 29.443647 42.761795 48.755196 43.043430 30.289982 18.541279 15.548408 25.316231 35.835968 40.593082 36.355038 26.645742 17.470921,
 11.132200 15.551749 22.165045 29.299156 34.011955 34.210712 30.153395 15.605839 23.582916 33.646049 42.422825 45.942192 42.714767 34.689632 22.450855 33.781113 45.836922 53.827671 53.836029 46.124714 34.610996 29.789455 42.608028 53.837917 58.409367 53.837917 42.608032 29.789455 34.610989 46.124710 53.836033 53.827671 45.836922 33.781116 22.450855 34.689632 42.714764 45.942196 42.422825 33.646046 23.582920 15.605836 30.153395 34.210712 34.011955 29.299156 22.165045 15.551750 11.132201,
 14.173711 14.861550 15.248447 15.191337 14.670214 13.852670 13.000739 18.514236 21.825405 24.605536 25.666298 24.403254 21.373629 17.867987 25.213541 32.991074 39.721466 42.471508 39.750748 32.901554 24.943184 28.707581 39.021221 47.995777 51.648335 47.995777 39.021229 28.707581 24.943184 32.901554 39.750748 42.471504 39.721466 32.991077 25.213539 17.867989 21.373629 24.403248 25.666300 24.605539 21.825401 18.514233 13.000740 13.852670 14.670214 15.191337 15.248448 14.861550 14.173711,
 20.540186 24.653780 25.311670 21.510887 15.967489 11.885488 10.098826 23.858511 32.441113 37.102318 33.697628 24.667402 16.124594 11.463902 23.937483 36.384289 46.952000 47.550373 37.365040 24.076115 14.918798 20.065599 32.779827 47.265285 53.959835 47.265285 32.779827 20.065603 14.918798 24.076117 37.365040 47.550373 46.952000 36.384285 23.937481 11.463901 16.124594 24.667400 33.697632 37.102322 32.441113 23.858509 10.098826 11.885488 15.967489 21.510887 25.311670 24.653784 20.540186,
 15.138463 21.125931 28.996513 31.994261 26.465376 17.803265 12.607982 15.393917 24.057373 36.551376 42.381527 34.770214 21.663260 13.454570 15.354009 26.362509 42.956203 51.482361 42.062019 25.132486 14.310071 14.988477 26.902481 45.260353 55.197956 45.260357 26.902483 14.988477 14.310071 25.132484 42.062019 51.482361 42.956207 26.362511 15.354009 13.454571 21.663260 34.770210 42.381527 36.551376 24.057375 15.393915 12.607981 17.803263 26.465376 31.994259 28.996517 21.125931 15.138461,
 13.973527 15.047615 17.670687 21.652443 24.670317 24.327490 20.947813 14.960720 18.724215 26.038330 34.151905 37.369743 33.096626 24.799175 17.707533 26.205334 38.910999 48.886044 48.334694 37.848019 25.331558 22.041353 34.600082 49.045860 55.796127 49.045868 34.600082 22.041353 25.331562 37.848019 48.334682 48.886044 38.910999 26.205334 17.707533 24.799175 33.096630 37.369740 34.151905 26.038328 18.724215 14.960720 20.947813 24.327490 24.670315 21.652443 17.670687 15.047615 13.973525,
 6.898783 7.386664 7.691156 7.734676 7.515614 7.163685 6.831322 7.802545 8.911052 9.698280 9.858995 9.324274 8.378516 7.421540 9.021955 11.298669 13.246336 13.925406 12.923936 10.842459 8.670502 9.573352 12.504869 15.247136 16.422846 15.247136 12.504869 9.573352 8.670503 10.842459 12.923936 13.925406 13.246336 11.298668 9.021953 7.421541 8.378516 9.324274 9.858994 9.698279 8.911052 7.802544 6.831322 7.163686 7.515614 7.734676 7.691156 7.386663 6.898783,
 7.305612 8.078671 8.272905 7.704469 6.939770 6.448956 6.180329 7.808044 9.577868 10.602957 9.831153 8.018194 6.632976 6.095754 7.615486 10.359219 13.002294 13.125371 10.534724 7.701552 6.212801 6.842977 9.441201 13.049525 14.955289 13.049523 9.441200 6.842977 6.212801 7.701553 10.534723 13.125371 13.002292 10.359219 7.615486 6.095755 6.632974 8.018194 9.831152 10.602957 9.577867 7.808044 6.180329 6.448956 6.939770 7.704468 8.272904 8.078671 7.305612,
 6.511522 7.442467 9.130630 10.080288 9.112138 7.534625 6.532971 6.568949 7.997854 10.728634 12.391989 10.790917 8.149590 6.673272 6.642667 8.581892 12.401903 14.837623 12.511650 8.727242 6.739431 6.720854 8.912204 13.224538 15.970246 13.224538 8.912202 6.720854 6.739431 8.727242 12.511650 14.837623 12.401903 8.581890 6.642665 6.673272 8.149591 10.790918 12.391988 10.728633 7.997853 6.568949 6.532971 7.534626 9.112139 10.080288 9.130630 7.442467 6.511522,
 6.897169 7.626482 8.626116 9.601431 9.976365 9.447427 8.456455 7.000970 8.242065 10.179087 12.067305 12.507894 11.036882 8.924083 7.316184 9.584270 12.961933 15.642675 15.200614 12.060989 8.846237 8.090417 11.331192 15.455313 17.558523 15.455316 11.331192 8.090415 8.846238 12.060987 15.200616 15.642675 12.961935 9.584269 7.316182 8.924083 11.036882 12.507892 12.067303 10.179087 8.242064 7.000969 8.456456 9.447429 9.976365 9.601431 8.626117 7.626482 6.897169,

Pairwise cross-correlations of the modulus of all oriented sub-bands at the same scale (size QxQ)
 54.942318 50.957279 44.580162 51.081085,
 50.957279 57.878590 52.204472 49.250172,
 44.580162 52.204472 56.914516 51.898266,
 51.081085 49.250172 51.898266 58.409340,
 51.648327 48.675133 46.405323 49.934845,
 48.675133 53.959835 50.334171 47.672260,
 46.405323 50.334171 55.197948 50.352146,
 49.934845 47.672260 50.352146 55.796127,

Cross-correlations of the modulus of all oriented sub-bands with all oriented sub-bands at the coarser scale (size QxQ)
 47.840240 45.615276 42.806190 46.243034,
 46.916096 50.742916 48.127644 45.853428,
 43.195400 47.228027 50.354187 47.678490,
 47.254051 45.135868 48.123478 51.946423,
 22.866812 20.739403 20.738701 22.911533,
 22.492521 21.723688 21.750149 22.235691,
 22.035070 21.225210 22.836828 23.557709,
 23.016176 20.714846 22.705294 24.922247,

Cross-correlations of the real part of each oriented sub-band with both the real and imaginary part of all phase-doubled oriented sub-bands at the next coarser scale (Q matrices of size 1x2Q, which are computed and stored in a matrix of size Qx2Q)
 -19.857626 -8.759463 -0.749508 -9.593621 0.069041 -0.001716 -0.011837 -0.023954,
 -8.484529 -21.159966 -9.438922 -0.707215 0.027827 -0.060910 -0.027596 0.013984,
 -0.759270 -9.345076 -21.945551 -9.707423 -0.010210 -0.038312 0.018378 0.007778,
 -8.979394 -0.667424 -9.501577 -22.554111 0.005728 -0.003036 0.024033 -0.068434,
 -10.611654 -4.125978 -0.537614 -5.534440 -0.121047 0.077192 -0.048194 -0.200118,
 -4.218393 -9.835374 -4.684492 -0.509013 -0.008027 -0.054054 -0.045193 0.049321,
 -0.508642 -4.562847 -10.589128 -5.118749 0.022878 -0.170094 0.308011 -0.213159,
 -5.377574 -0.421019 -4.964090 -11.860271 -0.062613 -0.025316 0.153321 -0.642596,
