Low-band skewness and kurtosis
 -11.304337 144.215469,
 -6.777841 54.036991,
 -3.798656 20.614834,
 -0.805798 6.471412,

High-band variance
 17.530630,

Skewness, kurtosis, variance, mean, maximum and minimum of the reconstructed texture
 -11.391900 137.171326 330.511383 253.283554 255.000000 0.000000,

Auto-correlations of the low-frequency bands at each scale
 1.320924 -2.499442 -2.016207 1.030360 1.682356 2.380396 4.387190 -2.183989 11.894512 52.697727 77.870728 53.959702 13.916314 -0.130446 -0.543916 53.463123 164.335495 226.443497 164.723282 54.658806 1.602850 3.205929 79.369804 226.967621 308.210510 226.967621 79.369812 3.205929 1.602850 54.658802 164.723282 226.443497 164.335495 53.463123 -0.543916 -0.130446 13.916312 53.959702 77.870728 52.697727 11.894512 -2.183989 4.387190 2.380395 1.682355 1.030360 -2.016206 -2.499442 1.320924,
 8.603470 2.976028 -4.875758 -6.107645 -2.143809 4.535939 6.313402 4.860627 -9.258979 -6.523566 5.839977 -1.144704 -7.232056 0.619495 -1.179502 -3.076999 51.116489 97.492760 54.868740 -1.481447 -2.797395 -2.919727 8.466342 98.058968 164.278625 98.058975 8.466343 -2.919727 -2.797395 -1.481447 54.868729 97.492767 51.116489 -3.076999 -1.179502 0.619495 -7.232056 -1.144704 5.839978 -6.523567 -9.258981 4.860628 6.313401 4.535939 -2.143807 -6.107645 -4.875759 2.976028 8.603470,
 1.351308 1.528285 -0.069907 0.473445 3.282449 5.437688 5.378130 1.577446 -0.702534 -0.580780 2.353122 1.503623 1.863121 5.050061 -0.288161 -0.233094 16.763170 30.888872 16.551683 -0.298061 0.542126 -1.889117 1.304281 30.720062 53.148724 30.720062 1.304281 -1.889117 0.542127 -0.298061 16.551685 30.888872 16.763170 -0.233094 -0.288161 5.050061 1.863120 1.503623 2.353122 -0.580781 -0.702534 1.577446 5.378130 5.437688 3.282449 0.473445 -0.069908 1.528284 1.351308,
 1.283325 1.684964 0.832450 0.650283 0.976632 0.754791 0.677933 1.212131 0.711134 0.272466 0.910995 0.560239 -0.181827 0.362348 0.786936 0.161212 2.369572 5.028644 2.803534 -0.241312 0.080982 0.360419 0.285532 4.660621 8.314751 4.660622 0.285532 0.360419 0.080982 -0.241312 2.803534 5.028644 2.369573 0.161212 0.786936 0.362348 -0.181827 0.560239 0.910995 0.272466 0.711134 1.212131 0.677933 0.754791 0.976631 0.650283 0.832450 1.684964 1.283325,

Auto-correlations of the modulus of each oriented sub-band
 15.004077 16.409979 17.373238 17.691780 17.262529 16.156187 14.565400 25.281919 29.181669 31.954739 32.948002 31.884275 29.035025 25.051529 36.425346 43.305630 48.281940 50.110184 48.269707 43.295799 36.421432 41.482185 49.743084 55.756405 57.985939 55.756405 49.743084 41.482185 36.421432 43.295799 48.269711 50.110184 48.281933 43.305630 36.425343 25.051531 29.035023 31.884275 32.948002 31.954739 29.181669 25.281919 14.565401 16.156189 17.262529 17.691780 17.373238 16.409981 15.004077,
 30.331100 34.759407 34.565998 29.621304 22.232723 15.367698 10.648311 35.129303 43.625999 46.968746 43.205090 34.093445 23.750515 15.608808 35.194492 47.216267 55.237949 55.132656 46.798805 34.344288 22.773979 30.321838 43.548260 55.217606 59.958694 55.217606 43.548264 30.321838 22.773979 34.344288 46.798813 55.132656 55.237949 47.216274 35.194492 15.608808 23.750515 34.093445 43.205086 46.968750 43.625999 35.129303 10.648312 15.367698 22.232729 29.621304 34.565998 34.759407 30.331097,
 15.374467 25.656351 36.981667 42.399754 37.997707 27.109650 16.578215 16.961037 29.759144 43.987255 50.674618 44.790718 30.875017 17.842350 18.141478 32.795311 49.108707 56.637005 49.552727 33.401649 18.607519 18.725004 34.112350 51.140377 58.829079 51.140373 34.112354 18.725004 18.607519 33.401649 49.552727 56.637001 49.108707 32.795311 18.141478 17.842354 30.875013 44.790718 50.674618 43.987255 29.759144 16.961037 16.578215 27.109650 37.997719 42.399761 36.981667 25.656351 15.374467,
 10.074894 15.170588 22.728983 30.739176 35.891327 35.841541 30.880856 15.366122 24.058395 35.048363 44.544827 48.237434 44.509270 35.481960 22.854977 34.989216 47.934113 56.454323 56.388710 48.002254 35.495148 30.576620 44.309898 56.346695 61.225021 56.346695 44.309902 30.576616 35.495152 48.002254 56.388718 56.454323 47.934105 34.989216 22.854975 35.481960 44.509266 48.237438 44.544819 35.048363 24.058395 15.366119 30.880856 35.841541 35.891327 30.739176 22.728983 15.170589 10.074893,
 9.762557 11.294565 12.453188 12.949218 12.727878 12.030821 11.148001 15.733957 20.291918 24.005739 25.423109 23.948473 20.384674 16.204767 24.281164 33.370022 40.984127 43.976284 40.907913 33.336246 24.409647 28.709644 40.115334 49.771111 53.647614 49.771111 40.115341 28.709644 24.409647 33.336243 40.907913 43.976284 40.984127 33.370022 24.281162 16.204767 20.384674 23.948469 25.423105 24.005741 20.291918 15.733955 11.148002 12.030820 12.727877 12.949220 12.453189 11.294567 9.762556,
 17.605244 22.233307 23.069227 19.314920 13.824218 9.908773 8.321568 22.031055 31.420734 36.462540 32.982658 23.562737 14.587866 9.462132 22.746931 36.206890 47.441277 48.146694 37.429741 23.397455 13.358355 18.928194 32.684948 47.993179 55.073063 47.993183 32.684948 18.928194 13.358353 23.397453 37.429733 48.146694 47.441277 36.206890 22.746933 9.462132 14.587864 23.562737 32.982662 36.462547 31.420731 22.031055 8.321568 9.908772 13.824217 19.314920 23.069229 22.233307 17.605244,
 11.249743 17.632687 25.914276 29.900505 25.508595 17.395897 11.781883 12.658630 22.126011 34.982929 41.321259 34.476582 21.545366 12.524097 13.589768 25.714500 42.622105 51.144619 42.265743 25.270218 13.334611 13.810828 26.955704 45.538994 55.115025 45.539001 26.955704 13.810828 13.334613 25.270218 42.265736 51.144619 42.622105 25.714500 13.589769 12.524097 21.545366 34.476578 41.321259 34.982929 22.126015 12.658630 11.781883 17.395895 25.508593 29.900501 25.914278 17.632687 11.249743,
 7.231987 9.611121 13.484850 18.519484 22.033916 21.383245 17.391928 9.024693 14.016878 22.179083 30.791227 33.949284 29.109070 20.567343 12.707335 21.939751 35.024284 45.162251 44.297215 33.408535 20.980042 17.636515 30.322294 44.971310 51.916241 44.971313 30.322294 17.636513 20.980042 33.408531 44.297215 45.162251 35.024281 21.939751 12.707334 20.567343 29.109070 33.949284 30.791227 22.179087 14.016878 9.024693 17.391926 21.383245 22.033915 18.519484 13.484850 9.611121 7.231988,
 3.082419 3.553760 4.170240 4.758543 5.163130 5.298553 5.142226 3.957292 5.152212 6.431649 7.257944 7.305603 6.699896 5.815347 5.948522 8.321607 10.689256 11.857744 11.149482 9.115186 6.869886 7.286601 10.383340 13.410631 14.735289 13.410632 10.383339 7.286601 6.869886 9.115187 11.149482 11.857744 10.689257 8.321606 5.948522 5.815347 6.699895 7.305602 7.257943 6.431649 5.152211 3.957292 5.142227 5.298553 5.163129 4.758543 4.170240 3.553760 3.082419,
 4.736866 5.915412 6.533454 6.079072 5.087893 4.379312 4.198270 5.266204 7.652021 9.392852 8.969272 6.969847 5.155457 4.303130 5.540757 8.935955 12.382988 12.918125 10.082781 6.625015 4.591668 5.159533 8.401655 12.765786 15.002008 12.765786 8.401655 5.159533 4.591668 6.625015 10.082781 12.918126 12.382988 8.935955 5.540757 4.303129 5.155457 6.969846 8.969271 9.392852 7.652021 5.266204 4.198269 4.379312 5.087893 6.079072 6.533454 5.915412 4.736866,
 3.377575 4.666292 6.748099 7.870410 7.112280 5.597243 4.612111 3.377965 5.509878 8.959548 10.888717 9.302791 6.299515 4.393732 3.537255 6.407465 11.122531 13.833931 11.334782 6.865613 4.121159 3.816916 6.944935 12.120888 15.123569 12.120886 6.944935 3.816915 4.121159 6.865614 11.334782 13.833929 11.122531 6.407464 3.537255 4.393733 6.299515 9.302791 10.888716 8.959548 5.509877 3.377964 4.612111 5.597243 7.112281 7.870409 6.748099 4.666292 3.377574,
 3.453512 4.003040 5.237054 6.791966 7.818202 7.673560 6.629114 3.761144 5.011170 7.388934 9.931989 10.821201 9.403188 6.940508 4.426728 6.911386 10.819880 13.938677 13.641128 10.293295 6.590685 5.524896 9.210431 13.754714 15.974732 13.754714 9.210431 5.524896 6.590686 10.293296 13.641128 13.938677 10.819880 6.911386 4.426728 6.940508 9.403188 10.821201 9.931989 7.388934 5.011170 3.761143 6.629115 7.673560 7.818202 6.791966 5.237054 4.003041 3.453511,

Pairwise cross-correlations of the modulus of all oriented sub-bands at the same scale (size QxQ)
 57.985935 53.361839 46.572430 53.944244,
 53.361839 59.958710 53.735310 51.453556,
 46.572430 53.735310 58.829102 54.318756,
 53.944244 51.453556 54.318756 61.225010,
 53.647598 50.408913 47.575306 48.822823,
 50.408913 55.073071 51.025982 46.561584,
 47.575306 51.025982 55.115009 49.459801,
 48.822823 46.561584 49.459801 51.916248,

Cross-correlations of the modulus of all oriented sub-bands with all oriented sub-bands at the coarser scale (size QxQ)
 50.278511 47.470562 44.752567 46.172699,
 49.004532 52.421589 49.549301 45.272434,
 44.713303 48.276535 51.481827 46.834690,
 49.113140 46.846561 49.692993 51.042999,
 22.211166 21.053265 20.495434 22.099924,
 21.738163 22.478275 21.695192 21.737534,
 20.325102 21.129042 23.004864 22.850441,
 20.684237 19.244509 21.001152 22.702662,

Cross-correlations of the real part of each oriented sub-band with both the real and imaginary part of all phase-doubled oriented sub-bands at the next coarser scale (Q matrices of size 1x2Q, which are computed and stored in a matrix of size Qx2Q)
 -21.240118 -10.036075 -0.721031 -9.568278 0.060946 0.135208 0.000035 0.047717,
 -9.514030 -23.023619 -9.540662 -0.723478 0.147853 0.209334 -0.141632 -0.007458,
 -0.739154 -9.867593 -22.008583 -9.668759 0.004958 -0.008472 -0.134433 0.008739,
 -9.000931 -0.770326 -9.434307 -22.392153 -0.078278 -0.005749 0.004670 0.071964,
 -11.227161 -5.289367 -0.509792 -4.773995 0.155930 -0.084124 -0.011830 0.001247,
 -5.027978 -11.663978 -4.857217 -0.486055 -0.041458 -0.230932 0.079357 -0.018949,
 -0.479568 -5.022771 -11.308600 -5.137960 -0.010076 -0.044916 -0.070290 0.024133,
 -4.916843 -0.513583 -5.226425 -11.142820 0.122741 0.013522 -0.213618 0.155634,
