Low-band skewness and kurtosis
 -11.352174 145.312805,
 -7.030639 58.877438,
 -4.184030 23.702311,
 -1.237886 8.553808,

High-band variance
 17.458651,

Skewness, kurtosis, variance, mean, maximum and minimum of the reconstructed texture
 -11.450698 138.577591 327.235291 253.300751 255.000000 0.000000,

Auto-correlations of the low-frequency bands at each scale
 4.504028 0.908251 2.145233 5.899888 5.210494 6.083131 13.234745 2.312500 15.368425 55.023247 80.619164 57.702240 20.445280 11.128290 5.930838 57.384346 164.416138 225.289597 165.253128 59.319489 10.133015 10.102955 82.885941 225.676468 304.991089 225.676453 82.885956 10.102954 10.133014 59.319485 165.253128 225.289597 164.416153 57.384346 5.930837 11.128290 20.445276 57.702251 80.619171 55.023251 15.368426 2.312499 13.234745 6.083131 5.210497 5.899888 2.145231 0.908252 4.504029,
 13.575150 9.098577 1.683647 -0.118387 4.619133 10.931339 9.231250 8.236605 -5.515977 -1.621408 9.529215 3.152727 -0.612816 7.576477 -0.126776 -2.731124 53.557823 100.227509 59.496246 5.360265 5.046273 0.499121 10.892729 101.090324 166.723663 101.090332 10.892729 0.499121 5.046273 5.360266 59.496246 100.227501 53.557827 -2.731124 -0.126776 7.576478 -0.612815 3.152727 9.529215 -1.621407 -5.515977 8.236605 9.231252 10.931340 4.619132 -0.118387 1.683649 9.098577 13.575150,
 5.291624 5.823879 8.498474 9.829043 8.003119 5.374887 5.668049 4.012420 1.253300 5.839970 11.472962 7.887990 3.390578 5.908125 3.353172 1.368604 20.135612 36.511154 22.126287 2.903808 3.682157 3.172587 4.500567 34.157135 56.665241 34.157135 4.500567 3.172587 3.682158 2.903808 22.126287 36.511150 20.135612 1.368604 3.353172 5.908125 3.390578 7.887990 11.472962 5.839970 1.253301 4.012420 5.668050 5.374887 8.003119 9.829043 8.498474 5.823880 5.291623,
 0.699943 1.447865 1.872961 1.292622 0.794428 1.398405 1.611386 0.907551 1.013052 2.093894 2.715131 1.563083 1.035487 1.653664 0.814680 0.950521 4.094851 6.627098 4.084170 1.194796 1.462927 0.962207 1.282596 5.742574 9.245615 5.742574 1.282596 0.962207 1.462927 1.194796 4.084170 6.627098 4.094851 0.950521 0.814681 1.653664 1.035487 1.563083 2.715131 2.093894 1.013052 0.907551 1.611386 1.398405 0.794428 1.292623 1.872961 1.447865 0.699943,

Auto-correlations of the modulus of each oriented sub-band
 16.910862 18.484030 19.741640 20.499483 20.629889 20.133497 19.103382 25.893394 29.811867 32.784210 34.177742 33.689163 31.506531 28.171625 36.092571 42.769653 47.720078 49.734608 48.285973 43.830124 37.517509 41.168335 49.018299 54.749058 56.873039 54.749058 49.018307 41.168335 37.517509 43.830124 48.285973 49.734608 47.720078 42.769657 36.092571 28.171625 31.506529 33.689167 34.177738 32.784210 29.811867 25.893394 19.103384 20.133495 20.629889 20.499483 19.741640 18.484032 16.910862,
 30.780880 35.253971 35.546810 31.369123 24.878002 18.970173 15.179383 34.685780 42.899673 46.436821 43.236698 34.940216 25.622145 18.579578 34.504505 45.922459 53.776173 53.896927 46.081799 34.494381 24.023172 30.215408 42.541073 53.672672 58.275673 53.672672 42.541077 30.215408 24.023172 34.494377 46.081799 53.896927 53.776169 45.922459 34.504501 18.579580 25.622143 34.940220 43.236698 46.436813 42.899681 34.685776 15.179386 18.970173 24.878008 31.369125 35.546810 35.253971 30.780880,
 17.688185 27.163376 37.435493 41.976116 37.503819 27.883623 19.322472 19.025835 30.708218 43.718636 49.543121 43.672749 31.155329 20.210524 20.091148 33.289783 48.278828 55.106316 48.207527 33.489758 20.707220 20.684189 34.293560 49.925068 57.181389 49.925060 34.293560 20.684189 20.707220 33.489758 48.207527 55.106323 48.278824 33.289783 20.091148 20.210524 31.155325 43.672749 49.543121 43.718636 30.708218 19.025837 19.322475 27.883619 37.503819 41.976116 37.435493 27.163376 17.688183,
 13.003083 17.497877 24.144373 31.236889 35.967632 36.214249 32.103333 17.289183 25.060064 34.962788 43.667343 47.311516 44.274361 36.354858 23.941616 34.997948 46.906296 54.890091 55.066368 47.541702 36.172821 31.260254 43.881248 54.996361 59.513023 54.996361 43.881248 31.260254 36.172825 47.541702 55.066368 54.890091 46.906296 34.997955 23.941614 36.354858 44.274357 47.311516 43.667343 34.962788 25.060066 17.289179 32.103333 36.214245 35.967632 31.236895 24.144373 17.497879 13.003083,
 15.932874 17.501513 18.719431 19.294737 19.089079 18.214045 16.958708 20.644426 24.319586 27.276415 28.415854 27.355570 24.700886 21.497063 28.068478 35.421577 41.579025 43.895332 41.346722 35.395679 28.587431 32.159374 41.308521 49.269241 52.516273 49.269241 41.308521 32.159374 28.587431 35.395676 41.346718 43.895332 41.579025 35.421581 28.068476 21.497063 24.700884 27.355564 28.415854 27.276415 24.319584 20.644430 16.958708 18.214045 19.089075 19.294737 18.719433 17.501513 15.932873,
 21.904583 26.550884 28.298733 26.305063 22.401165 18.654531 15.673009 25.819933 34.339611 39.178780 36.875549 29.681332 22.510897 17.707144 27.097841 39.046780 49.148224 49.941502 40.954235 29.278828 20.953745 24.800503 36.578979 50.013508 56.293823 50.013515 36.578983 24.800507 20.953743 29.278822 40.954231 49.941502 49.148228 39.046780 27.097841 17.707144 22.510899 29.681326 36.875549 39.178783 34.339611 25.819933 15.673010 18.654533 22.401165 26.305061 28.298733 26.550886 21.904585,
 16.545671 22.262167 30.049431 34.651413 31.641562 24.068483 17.366871 17.578480 25.701366 37.526855 44.199043 38.832527 27.390812 18.540098 18.686539 28.985695 44.276653 52.683163 45.001564 30.013184 19.341917 19.406584 30.705450 47.284088 56.198246 47.284096 30.705450 19.406584 19.341915 30.013184 45.001560 52.683163 44.276653 28.985701 18.686541 18.540098 27.390812 38.832527 44.199036 37.526855 25.701365 17.578480 17.366871 24.068481 31.641560 34.651417 30.049437 22.262169 16.545671,
 14.433208 16.586763 20.023067 24.429701 27.209219 26.135422 22.083527 15.572291 19.825016 27.005898 34.639183 37.352341 32.977730 25.167547 18.529459 26.367172 37.797024 46.782051 46.163033 36.678566 25.675211 22.755552 33.737507 46.534023 52.587830 46.534027 33.737507 22.755552 25.675211 36.678566 46.163033 46.782051 37.797024 26.367172 18.529457 25.167547 32.977730 37.352337 34.639183 27.005899 19.825016 15.572291 22.083530 26.135422 27.209219 24.429701 20.023067 16.586763 14.433208,
 7.211567 7.585656 7.884153 8.080942 8.124003 8.008525 7.749717 8.454361 9.568908 10.594662 11.134880 10.917897 10.045696 8.899611 10.156160 12.498828 14.693928 15.722857 14.968900 12.881972 10.486444 11.193359 14.231176 17.045622 18.251434 17.045622 14.231176 11.193359 10.486444 12.881974 14.968902 15.722857 14.693928 12.498829 10.156160 8.899611 10.045696 10.917897 11.134879 10.594664 9.568907 8.454361 7.749715 8.008526 8.124003 8.080942 7.884152 7.585656 7.211567,
 7.016399 7.994224 8.376622 7.990695 7.276756 6.655998 6.371614 7.860358 9.886254 11.206858 10.714444 9.061682 7.565401 6.747866 8.311955 11.251895 14.155982 14.559566 12.122284 9.210375 7.375526 8.071459 10.913578 14.638722 16.590397 14.638722 10.913578 8.071460 7.375526 9.210376 12.122284 14.559566 14.155982 11.251895 8.311955 6.747866 7.565400 9.061680 10.714444 11.206858 9.886253 7.860357 6.371614 6.655997 7.276756 7.990694 8.376622 7.994223 7.016399,
 6.397026 7.106339 8.389224 9.198954 8.498042 7.166662 6.331132 6.634483 7.976036 10.389977 11.765346 10.365679 7.948149 6.503814 6.763839 8.740422 12.328403 14.390235 12.255527 8.704190 6.679646 6.781462 9.043674 13.127008 15.576117 13.127009 9.043673 6.781462 6.679646 8.704191 12.255527 14.390235 12.328404 8.740422 6.763839 6.503814 7.948149 10.365678 11.765346 10.389977 7.976036 6.634483 6.331132 7.166662 8.498042 9.198954 8.389224 7.106340 6.397026,
 5.225737 5.557932 6.169735 6.881770 7.420859 7.532892 7.265440 5.722727 6.409806 7.664940 9.106676 9.739427 9.023442 7.706354 6.481275 7.912247 10.340367 12.509196 12.409899 10.187119 7.872326 7.342292 9.658203 12.801117 14.465065 12.801117 9.658203 7.342292 7.872326 10.187119 12.409899 12.509196 10.340368 7.912247 6.481275 7.706354 9.023442 9.739426 9.106676 7.664940 6.409805 5.722727 7.265440 7.532892 7.420860 6.881770 6.169735 5.557932 5.225736,

Pairwise cross-correlations of the modulus of all oriented sub-bands at the same scale (size QxQ)
 56.873032 51.992680 46.304054 52.957085,
 51.992680 58.275654 52.431622 50.639462,
 46.304054 52.431622 57.181377 53.065201,
 52.957085 50.639462 53.065201 59.513039,
 52.516262 49.159126 45.669018 47.529266,
 49.159126 56.293827 51.348835 46.702068,
 45.669018 51.348835 56.198246 49.974152,
 47.529266 46.702068 49.974152 52.587822,

Cross-correlations of the modulus of all oriented sub-bands with all oriented sub-bands at the coarser scale (size QxQ)
 48.423794 47.838154 44.776749 45.761116,
 46.609112 51.903843 49.008640 44.574665,
 42.631218 47.891129 50.983360 46.209084,
 46.527065 47.095943 49.586521 49.934700,
 23.300821 21.257032 20.307741 20.502899,
 23.945913 23.862795 22.583738 20.625519,
 23.086515 22.793535 23.121927 21.322042,
 22.725241 20.583612 21.074650 21.160461,

Cross-correlations of the real part of each oriented sub-band with both the real and imaginary part of all phase-doubled oriented sub-bands at the next coarser scale (Q matrices of size 1x2Q, which are computed and stored in a matrix of size Qx2Q)
 -19.924435 -9.311875 -0.773406 -8.713259 -0.077515 -0.046221 0.011484 -0.075178,
 -8.967813 -21.783764 -9.290722 -0.858135 -0.134269 -0.118223 0.150878 0.017883,
 -0.853093 -9.742856 -20.721889 -8.921384 -0.017371 0.005255 0.087309 -0.177268,
 -8.611466 -0.815847 -8.880018 -19.999649 0.031888 0.036293 -0.042719 -0.377641,
 -9.812339 -4.895166 -0.362562 -3.896785 0.059893 0.107069 0.047051 0.353547,
 -4.864843 -10.358711 -4.577489 -0.476341 0.324049 -0.100106 -0.267733 0.001589,
 -0.478849 -4.572355 -9.435407 -3.593056 0.014955 -0.035193 -1.007413 -0.125087,
 -4.098808 -0.547203 -3.600274 -8.194758 -0.230190 0.030288 -0.403103 0.279191,
