Low-band skewness and kurtosis
 -11.432979 147.454300,
 -7.010745 58.235035,
 -3.912931 21.616224,
 -0.673803 7.175914,

High-band variance
 17.447567,

Skewness, kurtosis, variance, mean, maximum and minimum of the reconstructed texture
 -11.505748 139.881699 325.666687 253.312820 255.000000 0.000000,

Auto-correlations of the low-frequency bands at each scale
 5.055665 1.328864 2.602964 5.146776 2.652053 1.450419 5.397672 1.000994 14.341696 54.118507 79.468918 56.669662 18.428156 5.381891 2.403023 55.401161 162.755402 223.881073 165.516098 59.835556 7.050279 6.976208 82.615044 225.180374 303.524445 225.180374 82.615059 6.976207 7.050279 59.835552 165.516098 223.881073 162.755402 55.401161 2.403022 5.381892 18.428156 56.669662 79.468910 54.118507 14.341696 1.000994 5.397672 1.450419 2.652053 5.146777 2.602964 1.328864 5.055665,
 11.352004 6.495661 -1.403581 -6.664009 -6.858799 0.212743 6.288855 3.370125 -7.268742 -1.591081 7.608763 -3.293402 -9.262994 1.597860 -8.675198 -4.671486 54.055527 99.486656 56.138584 -1.592503 -5.861445 -10.932416 6.882656 99.991920 165.734085 99.991920 6.882656 -10.932416 -5.861445 -1.592503 56.138584 99.486656 54.055534 -4.671487 -8.675198 1.597860 -9.262994 -3.293402 7.608763 -1.591082 -7.268742 3.370125 6.288855 0.212742 -6.858798 -6.664009 -1.403581 6.495661 11.352004,
 2.034638 2.584208 1.633106 0.153248 1.325739 4.617367 4.940145 2.674888 -1.074008 -0.156822 1.732711 -1.363894 -0.751801 3.609323 1.210604 -1.143591 16.845068 31.616501 15.106827 -2.663444 -0.169835 -1.221914 -0.440110 30.334478 54.614307 30.334478 -0.440110 -1.221914 -0.169835 -2.663444 15.106825 31.616501 16.845070 -1.143591 1.210604 3.609323 -0.751801 -1.363893 1.732711 -0.156822 -1.074007 2.674887 4.940145 4.617367 1.325739 0.153248 1.633106 2.584208 2.034638,
 1.052966 1.550495 0.972388 0.789573 1.054755 0.746234 0.535343 0.953789 0.371034 0.148500 0.785128 0.526776 -0.055473 0.563995 0.621766 -0.143055 2.073626 4.624834 2.655977 -0.040623 0.372731 0.401503 0.253348 4.377546 7.783240 4.377546 0.253348 0.401503 0.372731 -0.040622 2.655977 4.624834 2.073626 -0.143055 0.621766 0.563995 -0.055473 0.526776 0.785128 0.148500 0.371034 0.953789 0.535343 0.746234 1.054755 0.789573 0.972388 1.550495 1.052966,

Auto-correlations of the modulus of each oriented sub-band
 15.093019 16.716877 17.813948 18.217518 17.858414 16.822432 15.283268 24.559805 28.636602 31.508413 32.587574 31.642714 28.938345 25.057678 34.795685 41.676338 46.595222 48.400734 46.648602 41.849613 35.138130 39.461193 47.563671 53.407722 55.561211 53.407719 47.563671 39.461193 35.138130 41.849609 46.648602 48.400734 46.595222 41.676342 34.795685 25.057680 28.938341 31.642714 32.587574 31.508413 28.636606 24.559803 15.283268 16.822432 17.858418 18.217520 17.813948 16.716879 15.093016,
 30.869295 35.293598 35.138905 30.199381 22.566786 15.086792 9.514569 35.053200 43.461212 46.768288 43.125843 34.121277 23.578753 14.820221 34.699677 46.619595 54.456806 54.379730 46.270519 33.929527 22.069916 29.644161 42.902405 54.337727 58.942974 54.337727 42.902412 29.644161 22.069918 33.929527 46.270527 54.379730 54.456802 46.619595 34.699677 14.820223 23.578751 34.121277 43.125839 46.768288 43.461212 35.053196 9.514569 15.086792 22.566786 30.199381 35.138905 35.293602 30.869297,
 15.792738 25.835354 36.471291 41.160679 36.256485 25.360405 15.063345 17.204897 29.702255 43.165749 49.191227 43.058075 29.445358 16.777851 18.161911 32.438793 47.961079 54.965900 47.921444 32.333935 17.972406 18.455721 33.412155 49.710686 57.087856 49.710678 33.412159 18.455721 17.972406 32.333931 47.921444 54.965908 47.961071 32.438793 18.161909 16.777853 29.445353 43.058075 49.191227 43.165749 29.702259 17.204893 15.063346 25.360405 36.256489 41.160679 36.471291 25.835356 15.792738,
 9.464534 14.547807 21.538050 28.759903 33.390770 33.463158 29.228468 14.309216 22.664398 32.835842 41.570171 45.043713 41.828346 33.763428 21.303768 32.777714 44.798405 52.730038 52.765041 45.145973 33.634254 28.721703 41.569752 52.714989 57.233982 52.714989 41.569752 28.721701 33.634254 45.145973 52.765041 52.730038 44.798405 32.777718 21.303768 33.763428 41.828346 45.043713 41.570171 32.835842 22.664400 14.309216 29.228468 33.463150 33.390774 28.759903 21.538050 14.547809 9.464534,
 9.977116 11.097564 11.827056 11.987360 11.564973 10.715610 9.609723 15.529014 19.861135 23.375547 24.650589 23.107056 19.506489 15.266172 22.944366 32.034298 39.738636 42.764622 39.630779 31.965391 23.028027 26.786732 38.231205 48.091816 52.091557 48.091824 38.231205 26.786732 23.028028 31.965391 39.630779 42.764622 39.738640 32.034302 22.944365 15.266175 19.506489 23.107056 24.650589 23.375547 19.861135 15.529013 9.609724 10.715609 11.564973 11.987360 11.827057 11.097564 9.977117,
 18.413769 22.478903 22.630320 18.296078 12.306911 8.049039 6.467967 22.415495 31.626276 36.186401 32.331955 22.482197 12.931778 7.638523 22.247402 36.137833 47.314991 47.859028 36.939430 22.203966 11.552555 17.554625 32.096439 47.839134 54.908867 47.839138 32.096443 17.554625 11.552555 22.203960 36.939423 47.859028 47.314995 36.137836 22.247402 7.638524 12.931777 22.482197 32.331955 36.186401 31.626276 22.415493 6.467966 8.049037 12.306910 18.296078 22.630322 22.478907 18.413769,
 9.957382 15.944818 24.199144 28.202644 23.706314 15.219939 9.418411 10.676353 19.912823 32.972198 39.479210 32.560226 19.200661 9.950814 11.064807 23.188063 40.475861 49.222721 40.250793 22.750433 10.560169 11.010466 24.340322 43.425755 53.167278 43.425762 24.340322 11.010465 10.560169 22.750435 40.250793 49.222721 40.475864 23.188063 11.064807 9.950814 19.200661 32.560223 39.479210 32.972198 19.912823 10.676353 9.418411 15.219939 23.706314 28.202644 24.199144 15.944817 9.957382,
 7.036381 8.624384 12.420137 17.764376 21.623951 21.410841 17.664104 8.215247 13.058811 21.755274 30.805937 34.301434 29.998619 21.440931 11.702364 21.558588 35.282146 45.535141 44.982269 34.468952 21.490393 17.210779 30.796812 45.608208 52.308952 45.608212 30.796812 17.210779 21.490396 34.468948 44.982269 45.535141 35.282146 21.558588 11.702363 21.440928 29.998617 34.301434 30.805937 21.755274 13.058811 8.215247 17.664104 21.410841 21.623947 17.764376 12.420137 8.624385 7.036382,
 3.490818 3.901699 4.342906 4.627446 4.638742 4.390721 3.979800 4.650417 5.808410 6.938822 7.474034 7.137153 6.147380 4.968482 7.027549 9.579353 11.975835 12.985492 11.993103 9.579523 6.915190 8.194457 11.679998 14.944000 16.326252 14.943998 11.679998 8.194457 6.915189 9.579523 11.993103 12.985492 11.975835 9.579353 7.027549 4.968481 6.147380 7.137153 7.474033 6.938821 5.808409 4.650417 3.979800 4.390721 4.638742 4.627445 4.342906 3.901699 3.490818,
 4.940269 6.210671 6.627323 5.959189 4.993193 4.348489 3.930393 5.616383 8.244185 9.894098 9.176141 6.950181 5.046951 4.105568 5.819316 9.568922 13.117311 13.501262 10.433599 6.694771 4.473661 5.239401 8.812401 13.440202 15.718195 13.440202 8.812401 5.239401 4.473660 6.694771 10.433599 13.501260 13.117311 9.568922 5.819315 4.105568 5.046950 6.950181 9.176141 9.894098 8.244185 5.616383 3.930393 4.348489 4.993193 5.959189 6.627323 6.210671 4.940269,
 3.716715 4.855226 6.785028 7.982628 7.029262 5.120832 3.850068 3.655689 5.588382 9.062163 11.194277 9.284971 5.867699 3.933414 3.711592 6.293165 11.134071 14.123256 11.273011 6.472962 3.920362 3.827402 6.651281 12.038678 15.354325 12.038678 6.651281 3.827402 3.920362 6.472963 11.273011 14.123256 11.134071 6.293165 3.711591 3.933414 5.867700 9.284971 11.194275 9.062163 5.588381 3.655689 3.850068 5.120832 7.029261 7.982628 6.785029 4.855226 3.716715,
 3.735908 4.100629 4.978676 6.376649 7.443023 7.179358 5.774219 3.959630 5.052348 7.336779 10.066868 11.148533 9.505681 6.615620 4.696263 7.200842 11.375821 14.888339 14.630475 10.824621 6.686778 5.807577 9.756725 14.812540 17.327372 14.812540 9.756723 5.807577 6.686778 10.824621 14.630475 14.888339 11.375820 7.200842 4.696263 6.615620 9.505679 11.148533 10.066867 7.336778 5.052348 3.959630 5.774220 7.179359 7.443024 6.376649 4.978676 4.100628 3.735908,

Pairwise cross-correlations of the modulus of all oriented sub-bands at the same scale (size QxQ)
 55.561226 51.250462 44.764980 51.128727,
 51.250462 58.942963 52.531368 48.669811,
 44.764980 52.531368 57.087872 51.315678,
 51.128727 48.669811 51.315678 57.233994,
 52.091549 48.704807 44.957993 47.941032,
 48.704807 54.908859 50.001156 45.685074,
 44.957993 50.001156 53.167267 48.296879,
 47.941032 45.685074 48.296879 52.308956,

Cross-correlations of the modulus of all oriented sub-bands with all oriented sub-bands at the coarser scale (size QxQ)
 48.204273 45.840950 42.255131 44.992554,
 47.198360 51.680466 47.962685 44.386410,
 42.709457 47.130501 50.006187 45.882858,
 45.986805 44.277958 46.495754 49.117294,
 23.614185 21.720091 20.033781 22.997223,
 22.707140 23.290623 22.094397 22.477938,
 21.418795 21.983095 23.027811 23.433338,
 22.320408 20.403755 21.330387 24.306370,

Cross-correlations of the real part of each oriented sub-band with both the real and imaginary part of all phase-doubled oriented sub-bands at the next coarser scale (Q matrices of size 1x2Q, which are computed and stored in a matrix of size Qx2Q)
 -20.685263 -9.483247 -0.794117 -9.292721 -0.051396 -0.032250 0.000912 -0.009281,
 -8.996544 -22.889233 -9.656880 -0.767122 -0.029597 -0.060556 -0.019023 -0.001357,
 -0.764196 -10.100723 -21.236450 -9.191278 0.017703 -0.076180 0.017002 -0.003420,
 -8.977169 -0.740837 -8.880497 -21.444948 0.012311 -0.024344 0.024522 -0.021225,
 -12.054955 -5.137788 -0.503786 -5.387277 0.111085 -0.036419 0.017566 -0.025323,
 -5.160910 -11.754942 -5.176484 -0.389572 0.022048 0.215532 0.159378 -0.014868,
 -0.475627 -5.068900 -11.624444 -5.221757 -0.002082 0.168001 -0.186024 -0.080097,
 -5.465962 -0.388871 -5.170933 -12.338971 0.041381 -0.011984 -0.251409 -0.103543,
