Low-band skewness and kurtosis
 -11.478756 148.711456,
 -6.978259 57.626862,
 -3.609298 18.017157,
 -0.414721 5.143844,

High-band variance
 17.559563,

Skewness, kurtosis, variance, mean, maximum and minimum of the reconstructed texture
 -11.559495 141.148056 323.170013 253.327652 255.000000 0.000000,

Auto-correlations of the low-frequency bands at each scale
 3.020601 1.922270 3.349226 3.171630 -2.177804 -5.259932 -2.337965 0.372374 16.142473 56.764278 79.611290 52.454750 10.406146 -3.871869 1.951128 55.028427 162.772079 222.571854 161.015076 52.658905 0.268358 4.270647 78.465431 221.766129 300.857758 221.766129 78.465431 4.270646 0.268358 52.658894 161.015076 222.571854 162.772079 55.028427 1.951128 -3.871868 10.406146 52.454750 79.611290 56.764275 16.142473 0.372374 -2.337965 -5.259930 -2.177804 3.171631 3.349225 1.922269 3.020601,
 2.206461 -3.044335 -8.678271 -9.961031 -7.403402 -0.091288 5.954080 0.234605 -11.008908 -5.051607 3.426422 -9.286272 -13.890489 1.717605 -3.733937 -2.940951 53.850018 96.760094 49.383572 -6.953519 -4.268005 -5.641265 6.214681 97.345589 163.988632 97.345589 6.214681 -5.641266 -4.268005 -6.953519 49.383568 96.760078 53.850029 -2.940951 -3.733937 1.717605 -13.890489 -9.286269 3.426422 -5.051608 -11.008909 0.234605 5.954082 -0.091287 -7.403402 -9.961031 -8.678273 -3.044335 2.206461,
 6.013325 2.807763 -1.705624 -1.098942 3.482054 5.102312 2.174290 4.425323 -3.540663 -5.345837 -0.601648 0.496666 0.704297 2.397008 0.653184 -2.870559 12.605585 27.815836 15.111071 -0.676841 0.260315 -0.918564 1.105179 29.096731 51.042862 29.096731 1.105179 -0.918564 0.260315 -0.676841 15.111070 27.815836 12.605586 -2.870559 0.653184 2.397009 0.704297 0.496666 -0.601648 -5.345837 -3.540663 4.425322 2.174290 5.102312 3.482054 -1.098942 -1.705623 2.807762 6.013324,
 1.319395 1.786053 1.412628 0.961732 0.706975 0.580377 0.395986 1.375781 1.358958 1.041653 1.099136 0.706005 0.382852 0.616640 0.954948 0.997087 2.379541 3.909922 2.659349 0.926481 0.866907 0.766142 1.226993 4.018346 6.211828 4.018346 1.226993 0.766142 0.866907 0.926480 2.659348 3.909922 2.379541 0.997087 0.954948 0.616640 0.382852 0.706005 1.099136 1.041653 1.358958 1.375781 0.395986 0.580377 0.706975 0.961732 1.412628 1.786054 1.319394,

Auto-correlations of the modulus of each oriented sub-band
 13.960099 15.412376 16.351980 16.595839 16.080267 14.933644 13.382134 24.562151 28.468565 31.222403 32.173885 31.041981 28.123526 24.092089 35.457844 42.237919 47.141483 48.948978 47.114517 42.156235 35.302952 40.236130 48.366673 54.278622 56.470169 54.278622 48.366673 40.236122 35.302952 42.156235 47.114517 48.948967 47.141483 42.237919 35.457836 24.092089 28.123522 31.041979 32.173885 31.222403 28.468565 24.562147 13.382136 14.933644 16.080265 16.595839 16.351980 15.412378 13.960099,
 28.374952 32.882519 32.708473 27.589048 19.789364 12.372955 7.233960 33.055721 41.507603 44.876560 41.147511 31.943842 21.291967 12.720341 33.051723 44.924751 52.824234 52.757969 44.547085 32.104874 20.335567 28.107994 41.277744 52.759800 57.395046 52.759800 41.277744 28.107992 20.335564 32.104874 44.547085 52.757969 52.824234 44.924751 33.051723 12.720339 21.291965 31.943840 41.147511 44.876560 41.507603 33.055721 7.233961 12.372955 19.789364 27.589048 32.708477 32.882515 28.374950,
 13.670331 23.827206 34.420868 39.127533 34.468246 23.801130 13.704299 15.376886 27.880526 41.216595 47.182823 41.222790 27.756701 15.234508 16.489405 30.709345 46.090660 53.003941 46.089279 30.614828 16.364559 16.833836 31.702156 47.880001 55.150040 47.880001 31.702156 16.833836 16.364559 30.614826 46.089279 53.003933 46.090660 30.709345 16.489403 15.234508 27.756701 41.222782 47.182816 41.216591 27.880527 15.376884 13.704299 23.801130 34.468243 39.127537 34.420868 23.827206 13.670329,
 8.826031 13.947743 21.075022 28.482218 33.286747 33.312363 28.810400 14.253943 22.557192 32.795807 41.622810 45.142258 41.754112 33.423168 21.533823 32.948284 45.017826 52.979069 52.981899 45.190399 33.540249 28.898165 41.750683 52.986305 57.532696 52.986305 41.750690 28.898161 33.540249 45.190395 52.981895 52.979069 45.017826 32.948288 21.533823 33.423168 41.754112 45.142258 41.622810 32.795807 22.557192 14.253944 28.810404 33.312359 33.286747 28.482218 21.075022 13.947744 8.826031,
 6.883799 7.843534 9.016105 9.957048 10.322924 10.100819 9.499813 13.967867 18.307875 22.183897 23.984533 22.896175 19.614677 15.649701 23.932322 33.054241 40.898956 44.145916 41.176266 33.594528 24.690445 29.092585 40.551018 50.351673 54.310547 50.351677 40.551018 29.092585 24.690445 33.594528 41.176262 44.145916 40.898956 33.054241 23.932322 15.649701 19.614677 22.896173 23.984533 22.183897 18.307877 13.967865 9.499815 10.100819 10.322923 9.957047 9.016107 7.843534 6.883798,
 15.334414 18.980780 19.217512 15.521413 10.840779 8.062575 7.287622 19.618027 28.089708 32.403900 28.681351 19.693710 11.695506 7.814772 20.228436 32.927452 43.527378 43.919315 33.449570 20.024353 11.054989 16.361734 29.336018 44.124607 50.940422 44.124615 29.336018 16.361734 11.054989 20.024353 33.449566 43.919323 43.527382 32.927452 20.228436 7.814772 11.695506 19.693708 28.681351 32.403904 28.089712 19.618027 7.287622 8.062575 10.840777 15.521413 19.217512 18.980780 15.334413,
 7.763900 13.826832 23.233135 28.782516 25.235380 16.911776 10.726084 9.138888 18.641222 32.778477 40.486660 34.126286 20.672987 11.061332 10.529375 22.991207 41.119278 50.584507 41.765194 23.944126 11.412296 11.348847 25.023987 44.670166 54.666111 44.670166 25.023987 11.348847 11.412296 23.944126 41.765194 50.584507 41.119278 22.991207 10.529375 11.061332 20.672987 34.126286 40.486656 32.778481 18.641224 9.138886 10.726084 16.911774 25.235378 28.782516 23.233137 13.826832 7.763901,
 4.107934 6.031224 11.184018 18.170179 22.936213 22.439171 17.806719 6.748313 12.285903 22.336700 32.688599 36.527561 31.453728 21.979242 12.039556 22.590050 37.475830 48.619640 47.898685 36.385460 22.656504 18.512629 32.745190 48.593700 55.830589 48.593700 32.745193 18.512629 22.656502 36.385460 47.898685 48.619633 37.475838 22.590052 12.039557 21.979242 31.453726 36.527561 32.688599 22.336700 12.285903 6.748315 17.806719 22.439175 22.936211 18.170179 11.184018 6.031224 4.107934,
 4.857816 4.927444 4.870541 4.644624 4.341284 4.145855 4.159081 5.417179 6.216568 6.859666 6.946568 6.405499 5.613107 4.984342 6.722829 9.045152 11.147742 11.873286 10.752325 8.571254 6.457994 7.432808 10.576371 13.634438 14.972569 13.634438 10.576371 7.432808 6.457994 8.571254 10.752325 11.873285 11.147742 9.045154 6.722829 4.984342 5.613107 6.405499 6.946567 6.859667 6.216568 5.417179 4.159081 4.145855 4.341284 4.644624 4.870541 4.927444 4.857816,
 6.928701 7.704555 7.611385 6.557056 5.259865 4.338885 3.938927 7.724682 9.777113 10.842155 9.752807 7.372446 5.347673 4.272565 7.619195 10.978407 14.064550 14.165738 11.028542 7.370354 5.074684 6.426197 9.869889 14.241252 16.444706 14.241250 9.869889 6.426195 5.074684 7.370354 11.028540 14.165739 14.064550 10.978406 7.619194 4.272565 5.347672 7.372446 9.752807 10.842157 9.777112 7.724682 3.938927 4.338885 5.259865 6.557055 7.611385 7.704554 6.928702,
 5.523644 6.299058 7.645135 8.371434 7.292266 5.240592 3.827385 5.280766 6.891607 10.008492 11.842341 9.950054 6.449736 4.300421 5.144166 7.643394 12.404325 15.231246 12.440042 7.526906 4.714895 5.000081 7.989246 13.477219 16.714615 13.477219 7.989247 5.000080 4.714894 7.526906 12.440042 15.231246 12.404325 7.643394 5.144165 4.300421 6.449736 9.950054 11.842341 10.008493 6.891607 5.280766 3.827385 5.240593 7.292265 8.371434 7.645135 6.299058 5.523644,
 4.949869 4.629577 4.476220 5.103335 5.818272 5.629588 4.973068 4.313717 4.531600 5.963172 8.261561 9.253619 7.993472 6.161150 4.250985 5.875929 9.379180 12.671662 12.483050 9.274467 6.245872 5.191426 8.172122 12.588874 14.949235 12.588875 8.172122 5.191426 6.245873 9.274467 12.483050 12.671662 9.379180 5.875929 4.250985 6.161150 7.993472 9.253619 8.261561 5.963171 4.531599 4.313716 4.973068 5.629588 5.818272 5.103335 4.476220 4.629576 4.949869,

Pairwise cross-correlations of the modulus of all oriented sub-bands at the same scale (size QxQ)
 56.470173 51.415173 44.267666 51.348011,
 51.415173 57.395046 50.875973 48.480339,
 44.267666 50.875973 55.150078 50.729599,
 51.348011 48.480339 50.729599 57.532700,
 54.310539 48.142956 46.606133 51.116573,
 48.142956 50.940418 48.658260 45.971443,
 46.606133 48.658260 54.666100 51.052544,
 51.116573 45.971443 51.052544 55.830582,

Cross-correlations of the modulus of all oriented sub-bands with all oriented sub-bands at the coarser scale (size QxQ)
 49.554695 45.015678 43.687824 47.340210,
 47.618916 49.484940 47.985840 45.865227,
 42.605778 44.758896 50.020832 46.930557,
 47.992168 43.285507 48.221916 52.172550,
 22.587580 22.714899 21.941555 21.644133,
 21.121567 23.219749 22.468908 20.054047,
 20.960772 23.187309 24.401783 22.032318,
 22.240252 22.384161 23.508608 23.192797,

Cross-correlations of the real part of each oriented sub-band with both the real and imaginary part of all phase-doubled oriented sub-bands at the next coarser scale (Q matrices of size 1x2Q, which are computed and stored in a matrix of size Qx2Q)
 -21.696924 -9.161896 -0.740413 -10.174059 -0.041527 -0.027228 -0.004454 -0.025312,
 -9.015690 -21.327524 -9.267943 -0.771354 -0.040740 -0.064133 0.006712 0.002262,
 -0.711960 -9.316916 -22.019020 -10.158292 -0.001557 0.005019 -0.048161 -0.009253,
 -9.667242 -0.784163 -9.693932 -23.712517 -0.001123 0.018724 -0.032735 -0.056576,
 -12.090389 -5.591846 -0.460645 -5.017277 -0.341183 0.092531 0.022417 0.132801,
 -5.488684 -12.660057 -5.725527 -0.436963 -0.037495 0.272254 0.018589 0.015409,
 -0.434219 -5.708199 -13.190224 -5.627082 -0.015185 0.130126 0.010960 0.181514,
 -5.008059 -0.518025 -5.768571 -12.223272 -0.243010 0.010259 0.070823 0.358279,
