Low-band skewness and kurtosis
 -11.470779 147.654846,
 -7.622311 68.867142,
 -5.099134 33.772766,
 -3.059931 19.486250,

High-band variance
 17.117182,

Skewness, kurtosis, variance, mean, maximum and minimum of the reconstructed texture
 -11.536907 140.439240 326.710632 253.318573 255.000000 0.000000,

Auto-correlations of the low-frequency bands at each scale
 19.139673 15.460970 19.228525 30.231901 34.406666 28.148825 17.926157 10.845719 23.930902 66.013214 98.756447 81.636917 39.123024 14.469569 10.636350 61.719646 167.511780 231.232315 177.479752 72.362808 15.143806 15.254310 89.777588 228.717575 304.914703 228.717575 89.777588 15.254310 15.143806 72.362808 177.479752 231.232315 167.511795 61.719650 10.636350 14.469571 39.123024 81.636932 98.756454 66.013206 23.930902 10.845719 17.926157 28.148823 34.406666 30.231901 19.228525 15.460974 19.139673,
 23.893364 17.297773 10.523674 14.374321 20.916100 25.334553 29.007648 14.423586 2.587703 10.944247 28.554129 21.341452 9.128149 16.568090 1.920857 2.899770 64.562347 115.079544 70.953812 6.777103 3.000646 -2.102536 11.711493 108.386734 176.747330 108.386749 11.711493 -2.102537 3.000647 6.777102 70.953804 115.079536 64.562355 2.899770 1.920857 16.568089 9.128152 21.341452 28.554129 10.944247 2.587702 14.423586 29.007648 25.334551 20.916100 14.374320 10.523674 17.297773 23.893362,
 13.993791 13.926532 10.179948 10.270530 16.252495 21.720682 23.028175 16.983902 12.263864 11.998770 18.456337 20.036316 20.367937 23.494255 14.190251 10.783996 27.747292 46.611813 34.634361 17.907354 18.930885 13.605826 13.934658 42.362061 65.761559 42.362061 13.934658 13.605828 18.930887 17.907352 34.634361 46.611813 27.747286 10.783994 14.190251 23.494259 20.367933 20.036314 18.456337 11.998768 12.263863 16.983900 23.028175 21.720682 16.252497 10.270532 10.179948 13.926529 13.993789,
 -1.544068 -2.259573 -1.433678 3.346851 8.497403 7.755974 1.970153 -2.130519 -2.754791 -0.053159 5.892939 8.795568 5.106334 -0.566849 -2.760612 -1.788205 4.401096 11.033490 9.990014 3.013840 -1.939565 -2.651331 0.746270 9.187831 14.241002 9.187831 0.746270 -2.651332 -1.939564 3.013840 9.990012 11.033490 4.401096 -1.788205 -2.760612 -0.566849 5.106334 8.795568 5.892939 -0.053158 -2.754790 -2.130519 1.970153 7.755974 8.497403 3.346851 -1.433678 -2.259573 -1.544068,

Auto-correlations of the modulus of each oriented sub-band
 22.661018 24.175978 25.203690 25.583553 25.278095 24.403925 23.185154 29.128925 32.501480 34.898918 35.762985 34.905018 32.642395 29.597498 36.882385 42.600533 46.797829 48.327156 46.750278 42.649513 37.188755 40.671188 47.447201 52.535072 54.460785 52.535072 47.447201 40.671188 37.188755 42.649506 46.750278 48.327156 46.797829 42.600536 36.882378 29.597498 32.642395 34.905018 35.762985 34.898918 32.501480 29.128920 23.185154 24.403925 25.278095 25.583555 25.203686 24.175982 22.661020,
 34.747372 38.663700 38.578220 34.753326 29.234137 24.209608 20.741650 37.643166 45.138687 48.028336 44.887184 37.568729 29.500189 23.234318 36.988949 47.476086 54.482212 54.338261 47.229290 36.949776 27.624889 32.950188 44.118145 54.184200 58.356968 54.184200 44.118145 32.950188 27.624889 36.949772 47.229290 54.338261 54.482212 47.476089 36.988945 23.234318 29.500193 37.568729 44.887180 48.028336 45.138687 37.643158 20.741650 24.209608 29.234138 34.753326 38.578224 38.663704 34.747368,
 20.632755 28.335278 36.477749 40.310371 37.129044 29.394835 21.853672 21.564447 31.344625 41.993591 46.835617 42.178349 31.792137 22.234379 22.202290 33.469639 46.032299 51.757084 46.002121 33.584229 22.484196 22.503893 34.250370 47.491219 53.627201 47.491219 34.250370 22.503893 22.484194 33.584221 46.002121 51.757080 46.032299 33.469643 22.202290 22.234377 31.792133 42.178349 46.835617 41.993591 31.344625 21.564449 21.853672 29.394835 37.129051 40.310371 36.477749 28.335281 20.632755,
 16.909649 20.332081 25.284365 30.582811 33.932312 33.677338 30.180414 19.577909 25.291622 32.749310 39.441555 42.024315 39.244095 32.912060 24.010225 32.264187 41.582497 48.029312 47.964680 41.662727 32.735420 29.179482 38.880405 47.933212 51.780689 47.933212 38.880409 29.179478 32.735420 41.662727 47.964684 48.029312 41.582493 32.264187 24.010225 32.912060 39.244095 42.024315 39.441555 32.749310 25.291626 19.577909 30.180414 33.677334 33.932312 30.582815 25.284365 20.332083 16.909645,
 25.951042 27.587442 29.517334 31.401104 32.793129 33.462471 33.409069 29.099464 32.818565 36.680077 39.181061 39.324722 37.493050 34.882565 34.426964 41.654812 48.656532 52.154762 50.279694 44.469692 37.773388 38.495434 47.563988 55.987743 59.576805 55.987751 47.563995 38.495430 37.773388 44.469696 50.279694 52.154762 48.656540 41.654812 34.426964 34.882565 37.493042 39.324718 39.181061 36.680077 32.818562 29.099464 33.409073 33.462467 32.793121 31.401104 29.517336 27.587442 25.951038,
 28.235109 31.710281 33.205063 32.159767 30.365370 29.682331 29.954920 31.141289 38.184937 42.595238 41.048183 35.529316 30.875961 29.227982 31.679998 41.646236 50.889336 51.986111 44.193310 34.519016 29.038462 30.264347 39.574707 51.570133 57.411655 51.570133 39.574707 30.264347 29.038462 34.519012 44.193310 51.986111 50.889336 41.646236 31.679998 29.227983 30.875961 35.529316 41.048183 42.595242 38.184937 31.141289 29.954918 29.682331 30.365368 32.159771 33.205070 31.710281 28.235111,
 18.655972 22.848183 29.479509 33.648357 31.800831 27.214890 24.994850 19.777090 25.725128 35.493774 41.212395 37.208763 29.050823 24.776733 21.023350 28.347622 40.869003 47.968895 41.725666 30.131828 23.844345 22.451700 29.954756 43.321381 50.820110 43.321384 29.954760 22.451700 23.844345 30.131823 41.725666 47.968891 40.869007 28.347626 21.023350 24.776737 29.050819 37.208763 41.212395 35.493774 25.725130 19.777088 24.994854 27.214886 31.800833 33.648357 29.479511 22.848186 18.655970,
 21.473320 23.344809 26.527233 30.607128 33.460606 33.315052 31.009211 22.875204 26.111668 32.142899 38.689465 41.232841 38.210201 32.944256 25.655642 31.693703 41.198269 48.813972 48.399094 40.892265 32.766487 29.707247 38.179478 48.733055 53.866161 48.733055 38.179482 29.707241 32.766487 40.892258 48.399094 48.813969 41.198269 31.693701 25.655640 32.944256 38.210194 41.232838 38.689461 32.142899 26.111668 22.875198 31.009211 33.315052 33.460606 30.607130 26.527233 23.344809 21.473320,
 7.756462 9.009289 10.022687 10.976348 12.067534 13.192235 13.943596 9.547354 11.228054 12.465261 13.242225 13.753899 14.125462 14.221124 11.584593 14.244832 16.413809 17.291836 16.719326 15.317364 13.790298 13.030869 15.926098 18.676758 19.881289 18.676758 15.926095 13.030869 13.790298 15.317363 16.719326 17.291836 16.413809 14.244831 11.584590 14.221124 14.125462 13.753899 13.242224 12.465259 11.228052 9.547352 13.943596 13.192235 12.067534 10.976347 10.022686 9.009289 7.756461,
 8.830412 10.758565 12.054119 12.535188 12.701971 12.948277 13.210425 10.563134 13.233096 15.155814 15.401106 14.590146 13.825867 13.353367 11.887569 15.034844 18.040142 18.713156 16.895834 14.699706 13.211640 12.725749 15.350826 18.668159 20.430294 18.668163 15.350826 12.725747 13.211642 14.699706 16.895834 18.713156 18.040142 15.034846 11.887567 13.353367 13.825867 14.590146 15.401104 15.155814 13.233094 10.563132 13.210425 12.948277 12.701971 12.535188 12.054119 10.758565 8.830411,
 5.622158 6.667124 7.771684 8.532928 8.619681 8.548851 8.606232 6.544703 7.641553 9.308670 10.474953 9.802768 8.867943 8.612211 7.393399 8.524952 10.809307 12.505640 10.977596 9.088167 8.444169 8.047562 9.040963 11.501548 13.469718 11.501548 9.040961 8.047562 8.444169 9.088169 10.977596 12.505640 10.809307 8.524949 7.393398 8.612211 8.867943 9.802767 10.474953 9.308670 7.641552 6.544702 8.606232 8.548853 8.619681 8.532928 7.771683 6.667123 5.622158,
 5.918960 7.140478 8.398145 9.807163 10.940804 11.503801 11.787465 7.143387 8.564370 10.315296 12.159534 13.063212 12.747327 12.077074 8.745399 10.624320 13.125264 15.271855 15.238958 13.476534 11.701567 10.458890 12.661357 15.404256 16.893003 15.404256 12.661356 10.458890 11.701567 13.476534 15.238957 15.271857 13.125264 10.624320 8.745399 12.077074 12.747327 13.063211 12.159534 10.315294 8.564368 7.143387 11.787465 11.503801 10.940804 9.807162 8.398145 7.140477 5.918961,

Pairwise cross-correlations of the modulus of all oriented sub-bands at the same scale (size QxQ)
 54.460785 50.270535 43.164604 46.819221,
 50.270535 58.356960 50.126556 46.388157,
 43.164604 50.126556 53.627201 47.486794,
 46.819221 46.388157 47.486794 51.780682,
 59.576794 53.484745 45.576752 50.261360,
 53.484745 57.411652 47.477917 45.748165,
 45.576752 47.477917 50.820099 47.384621,
 50.261360 45.748165 47.384621 53.866154,

Cross-correlations of the modulus of all oriented sub-bands with all oriented sub-bands at the coarser scale (size QxQ)
 50.850384 46.529736 39.761635 44.656910,
 50.098228 51.319077 45.076942 45.090641,
 44.082596 45.241570 45.211056 44.644531,
 45.539227 42.401176 42.040176 45.772041,
 27.106327 26.508619 21.283319 24.976019,
 26.174942 26.788851 21.184067 23.762680,
 23.086887 22.920218 19.356537 21.865437,
 24.407431 23.166813 19.927729 23.271261,

Cross-correlations of the real part of each oriented sub-band with both the real and imaginary part of all phase-doubled oriented sub-bands at the next coarser scale (Q matrices of size 1x2Q, which are computed and stored in a matrix of size Qx2Q)
 -19.847076 -9.761374 -0.785037 -7.931345 -0.364507 -0.205506 0.026198 0.115784,
 -9.599968 -19.846554 -7.048469 -0.861410 -0.256738 -0.560938 -0.000301 0.035471,
 -0.895772 -7.948481 -15.455935 -7.122877 -0.012619 -0.161554 0.013249 0.021717,
 -8.283635 -0.881626 -6.814496 -16.817572 -0.057813 0.046156 0.023399 0.114194,
 -8.565299 -4.857185 -0.371453 -3.008265 -0.466026 -0.531073 -0.002894 -0.278282,
 -4.414652 -9.143930 -2.433347 -0.343796 -0.370636 -0.688943 0.353080 0.025295,
 -0.469303 -3.079803 -4.898700 -2.302548 -0.012676 -0.031779 0.901070 0.055095,
 -3.514529 -0.323633 -2.282767 -5.675099 -0.047388 -0.003514 0.307205 -0.419735,
