Low-band skewness and kurtosis
 -11.364346 145.681992,
 -6.957787 57.330772,
 -4.060501 23.416073,
 -0.983198 9.114260,

High-band variance
 17.557108,

Skewness, kurtosis, variance, mean, maximum and minimum of the reconstructed texture
 -11.438525 138.222153 329.067688 253.295395 255.000000 0.000000,

Auto-correlations of the low-frequency bands at each scale
 6.868234 4.325656 5.482131 5.985168 1.872371 0.900175 5.205441 1.472917 15.506227 57.566380 82.497490 57.145756 17.226509 3.607622 1.793242 54.148472 165.020309 227.368668 165.991684 57.072433 4.090168 4.745418 79.537354 225.909027 306.770538 225.909027 79.537354 4.745417 4.090168 57.072433 165.991684 227.368652 165.020309 54.148472 1.793242 3.607622 17.226509 57.145756 82.497490 57.566380 15.506227 1.472917 5.205442 0.900174 1.872370 5.985169 5.482131 4.325657 6.868233,
 6.940997 2.392004 -1.415058 -2.987991 -0.508846 6.550148 8.611768 5.839915 -7.498231 -1.228712 9.098931 -1.518781 -7.754991 1.303574 0.145795 -0.097435 55.965389 99.878868 54.527233 -2.750283 -5.164772 -4.377485 9.469148 100.263405 166.210907 100.263412 9.469148 -4.377485 -5.164772 -2.750282 54.527233 99.878860 55.965389 -0.097435 0.145795 1.303574 -7.754991 -1.518781 9.098930 -1.228712 -7.498230 5.839915 8.611768 6.550148 -0.508846 -2.987991 -1.415057 2.392004 6.940997,
 4.433044 5.980019 3.255152 3.797904 7.322247 6.452851 2.814787 4.708823 1.134871 1.011204 5.251549 3.869732 1.332677 3.212802 3.391389 0.711611 17.508587 32.997238 17.340744 -1.167399 1.594456 1.711534 1.719053 31.604317 55.468838 31.604317 1.719053 1.711534 1.594456 -1.167399 17.340744 32.997238 17.508587 0.711611 3.391389 3.212801 1.332676 3.869732 5.251549 1.011204 1.134871 4.708823 2.814787 6.452851 7.322247 3.797904 3.255152 5.980019 4.433044,
 0.267605 0.183159 0.273416 0.959495 1.484446 1.495388 1.277777 0.627723 -0.010804 0.179932 0.998254 0.930666 0.828172 1.447372 0.861970 0.649017 3.086412 5.192570 3.086967 0.577892 0.874534 0.703626 1.026953 5.230126 8.452639 5.230126 1.026953 0.703626 0.874534 0.577892 3.086967 5.192570 3.086412 0.649017 0.861970 1.447372 0.828172 0.930666 0.998254 0.179933 -0.010804 0.627723 1.277777 1.495388 1.484446 0.959495 0.273416 0.183159 0.267605,

Auto-correlations of the modulus of each oriented sub-band
 16.563492 18.045099 19.031044 19.314051 18.795038 17.561611 15.820905 26.527092 30.463028 33.208660 34.123512 32.940853 29.945280 25.789625 37.298244 44.140591 49.011211 50.719200 48.773602 43.704861 36.719826 41.910160 50.173717 56.146152 58.349911 56.146145 50.173717 41.910156 36.719826 43.704849 48.773594 50.719196 49.011208 44.140591 37.298241 25.789625 29.945280 32.940853 34.123508 33.208660 30.463028 26.527094 15.820906 17.561611 18.795038 19.314051 19.031046 18.045099 16.563492,
 31.679329 36.173496 36.122215 31.269875 23.763002 16.521570 11.321441 36.279644 44.665924 48.013599 44.408249 35.421158 24.936642 16.370533 36.213810 48.067429 55.898861 55.837685 47.745785 35.412685 23.643162 31.266855 44.455299 55.871075 60.454128 55.871075 44.455307 31.266855 23.643162 35.412685 47.745789 55.837685 55.898861 48.067440 36.213810 16.370533 24.936642 35.421158 44.408249 48.013596 44.665924 36.279644 11.321441 16.521570 23.763002 31.269875 36.122215 36.173504 31.679325,
 15.674357 25.634056 36.057484 40.373486 35.489677 25.207392 15.779581 16.985706 29.253927 42.519730 48.228256 42.029839 28.846294 16.976299 17.859903 31.767586 47.137077 53.979462 46.852505 31.518383 17.826580 18.154549 32.593979 48.740112 56.121601 48.740112 32.593983 18.154547 17.826580 31.518381 46.852512 53.979462 47.137077 31.767586 17.859903 16.976299 28.846292 42.029835 48.228260 42.519726 29.253931 16.985706 15.779581 25.207392 35.489677 40.373482 36.057480 25.634058 15.674356,
 11.315159 16.093840 22.933668 30.168423 34.915302 34.953812 30.393133 15.992660 24.032789 34.125072 42.914700 46.451244 43.053860 34.594215 22.715134 34.047115 46.149033 54.180527 54.199440 46.319199 34.495247 29.830473 42.787437 54.152782 58.760372 54.152782 42.787437 29.830473 34.495247 46.319199 54.199444 54.180523 46.149029 34.047123 22.715134 34.594215 43.053856 46.451244 42.914700 34.125069 24.032789 15.992660 30.393133 34.953808 34.915302 30.168425 22.933668 16.093840 11.315159,
 13.075328 14.118977 14.947013 15.221940 14.775941 13.719945 12.359295 18.290960 22.204596 25.462914 26.640387 25.060150 21.410332 17.174885 25.543880 34.099247 41.392982 44.218418 41.052189 33.489193 24.808214 29.061119 40.096664 49.687130 53.588707 49.687134 40.096664 29.061117 24.808214 33.489189 41.052189 44.218414 41.392982 34.099243 25.543884 17.174885 21.410332 25.060148 26.640388 25.462917 22.204599 18.290960 12.359295 13.719943 14.775941 15.221940 14.947013 14.118977 13.075328,
 18.107904 22.364925 23.403542 20.222469 15.251860 11.465589 9.680519 22.048079 30.493540 35.250763 32.225899 23.616261 15.350164 10.736104 22.528103 34.937119 45.560871 46.298912 36.165684 22.982906 13.882532 18.800179 31.535217 46.128620 52.967968 46.128624 31.535217 18.800179 13.882532 22.982906 36.165684 46.298912 45.560871 34.937126 22.528103 10.736105 15.350164 23.616261 32.225899 35.250763 30.493540 22.048079 9.680520 11.465589 15.251862 20.222469 23.403545 22.364922 18.107904,
 12.475049 18.303474 26.404964 30.721502 27.002380 19.025551 12.789946 13.214650 22.003376 34.666107 41.405075 35.253777 22.576870 13.280623 13.822449 25.280922 41.929127 50.754665 42.342243 25.629608 13.803637 14.048432 26.736755 45.045872 54.598045 45.045872 26.736755 14.048432 13.803637 25.629608 42.342239 50.754662 41.929127 25.280922 13.822450 13.280625 22.576866 35.253773 41.405079 34.666115 22.003376 13.214650 12.789945 19.025551 27.002378 30.721500 26.404970 18.303474 12.475050,
 10.573443 12.426702 16.113598 21.182243 24.759672 23.928892 19.145897 11.497237 16.130644 24.418297 33.257282 36.534191 31.433470 22.053934 14.327062 23.566010 36.978329 47.341835 46.558674 35.326267 22.188402 18.791090 31.883776 46.924805 53.960121 46.924805 31.883776 18.791088 22.188404 35.326267 46.558674 47.341827 36.978333 23.566010 14.327062 22.053932 31.433470 36.534191 33.257282 24.418301 16.130648 11.497237 19.145897 23.928892 24.759672 21.182243 16.113600 12.426702 10.573443,
 6.229149 6.817628 7.283967 7.404422 7.133444 6.602296 5.992379 7.065758 8.226773 9.239637 9.628185 9.188655 8.155512 6.978211 8.577791 11.010773 13.239107 14.183649 13.275741 11.063619 8.627233 9.516572 12.773769 15.814546 17.116428 15.814546 12.773769 9.516572 8.627233 11.063618 13.275741 14.183649 13.239107 11.010773 8.577791 6.978210 8.155511 9.188657 9.628185 9.239637 8.226773 7.065758 5.992379 6.602297 7.133446 7.404422 7.283967 6.817628 6.229149,
 5.849813 7.302003 8.073908 7.674457 6.667485 5.670891 4.885056 6.651931 9.128239 10.890443 10.437257 8.461724 6.565711 5.285689 6.993358 10.350959 13.698989 14.121655 11.309652 7.968893 5.820094 6.523393 9.703356 13.905087 16.075481 13.905087 9.703356 6.523393 5.820095 7.968892 11.309654 14.121655 13.698989 10.350959 6.993358 5.285689 6.565709 8.461724 10.437256 10.890442 9.128239 6.651929 4.885056 5.670891 6.667486 7.674456 8.073906 7.302003 5.849813,
 5.025953 6.600558 8.508640 9.460875 8.528267 6.610186 5.281835 5.221318 7.513423 10.788597 12.458938 10.598567 7.236335 5.221263 5.381836 8.242766 12.825809 15.323321 12.656617 7.993336 5.309116 5.411469 8.435282 13.609040 16.571163 13.609040 8.435282 5.411469 5.309116 7.993337 12.656615 15.323319 12.825807 8.242766 5.381836 5.221263 7.236335 10.598567 12.458935 10.788595 7.513422 5.221318 5.281835 6.610186 8.528267 9.460875 8.508641 6.600558 5.025954,
 5.452319 6.038785 7.046123 8.306508 8.935955 8.315270 7.017338 5.798439 6.828428 8.801864 10.995100 11.623976 10.021238 7.632736 6.417044 8.428868 11.879973 14.787535 14.469861 11.230726 7.891348 7.324005 10.470065 14.704658 16.861958 14.704658 10.470064 7.324005 7.891347 11.230728 14.469861 14.787535 11.879975 8.428867 6.417043 7.632736 10.021237 11.623975 10.995099 8.801864 6.828426 5.798440 7.017337 8.315270 8.935955 8.306508 7.046122 6.038784 5.452319,

Pairwise cross-correlations of the modulus of all oriented sub-bands at the same scale (size QxQ)
 58.349895 53.512768 45.483135 53.067604,
 53.512768 60.454132 52.720379 50.817406,
 45.483135 52.720379 56.121601 51.815060,
 53.067604 50.817406 51.815060 58.760376,
 53.588711 48.815449 46.907429 49.270401,
 48.815449 52.967960 49.443260 45.876720,
 46.907429 49.443260 54.598045 49.704517,
 49.270401 45.876720 49.704517 53.960117,

Cross-correlations of the modulus of all oriented sub-bands with all oriented sub-bands at the coarser scale (size QxQ)
 50.304962 46.676601 44.913307 47.370277,
 48.487534 51.193096 49.182919 45.899506,
 42.891357 45.539234 49.514755 46.044239,
 48.114983 45.088974 48.805984 51.108662,
 24.056900 22.280455 21.278381 22.779222,
 22.836784 22.998219 21.924156 21.417263,
 22.183069 22.488987 23.546463 23.017910,
 23.093418 21.396809 22.522730 23.792036,

Cross-correlations of the real part of each oriented sub-band with both the real and imaginary part of all phase-doubled oriented sub-bands at the next coarser scale (Q matrices of size 1x2Q, which are computed and stored in a matrix of size Qx2Q)
 -21.051630 -9.497465 -0.732789 -9.630213 -0.042057 -0.225980 -0.026179 -0.034894,
 -9.135826 -22.163033 -8.868654 -0.777522 -0.126081 -0.453651 -0.038886 0.022773,
 -0.788389 -9.435915 -20.606833 -9.441112 -0.005793 -0.084690 0.079141 -0.075635,
 -9.219416 -0.709886 -8.988163 -22.097332 0.104205 0.014322 0.036731 -0.145332,
 -11.382859 -5.022997 -0.440121 -4.851471 -0.031996 0.098923 -0.018502 0.116308,
 -5.030999 -10.666777 -4.657537 -0.509249 0.132479 -0.272565 -0.118660 -0.008207,
 -0.452701 -4.423937 -11.067066 -5.085416 0.023703 -0.184063 -0.177700 -0.320232,
 -5.113799 -0.431678 -5.064253 -10.979678 -0.148468 0.080183 -0.117363 -0.243068,
