Low-band skewness and kurtosis
 -11.382342 146.074356,
 -6.965514 57.573547,
 -4.046230 22.027618,
 -1.454208 7.717171,

High-band variance
 17.296440,

Skewness, kurtosis, variance, mean, maximum and minimum of the reconstructed texture
 -11.468241 138.968857 327.002594 253.304230 255.000000 0.000000,

Auto-correlations of the low-frequency bands at each scale
 11.279589 6.288315 2.288301 1.660815 0.891286 2.152560 6.164455 5.901933 18.719259 55.736340 78.636497 55.148033 16.256681 2.516802 5.117735 57.759735 164.806076 224.783493 164.408630 56.252678 2.915475 5.795630 81.369659 225.736755 304.988861 225.736755 81.369659 5.795630 2.915475 56.252674 164.408615 224.783493 164.806076 57.759735 5.117734 2.516802 16.256680 55.148033 78.636497 55.736336 18.719263 5.901933 6.164455 2.152560 0.891286 1.660816 2.288302 6.288316 11.279592,
 6.010143 3.652472 -2.163248 -3.148077 1.021292 8.351748 10.557381 5.005581 -5.538291 -0.622889 8.297493 -1.326440 -5.865847 4.109019 5.199446 2.578110 56.277710 98.441269 53.560856 -1.365489 -0.618206 2.938908 11.768912 99.703148 164.697250 99.703156 11.768914 2.938908 -0.618206 -1.365489 53.560852 98.441269 56.277718 2.578110 5.199446 4.109019 -5.865847 -1.326440 8.297493 -0.622888 -5.538290 5.005581 10.557382 8.351748 1.021291 -3.148077 -2.163247 3.652472 6.010143,
 8.342098 6.456144 4.896191 5.501211 6.386045 5.677434 4.322273 5.185006 0.413910 0.338345 3.496365 1.275935 -0.577135 2.101983 3.683889 2.232063 18.345184 32.514557 18.999146 2.168699 2.957075 4.401179 7.040938 35.087605 56.393299 35.087605 7.040937 4.401180 2.957074 2.168698 18.999146 32.514557 18.345184 2.232063 3.683890 2.101983 -0.577135 1.275934 3.496365 0.338345 0.413910 5.185006 4.322272 5.677434 6.386045 5.501211 4.896190 6.456143 8.342098,
 0.728332 0.801460 0.834244 1.473422 1.492573 1.026156 1.022476 0.400174 -0.080409 0.416169 1.622515 1.194253 0.642984 1.320559 0.669888 0.377436 2.586676 4.956403 3.302875 1.293875 1.834785 1.533401 1.528923 4.805234 7.570326 4.805234 1.528923 1.533400 1.834785 1.293875 3.302876 4.956404 2.586676 0.377436 0.669888 1.320559 0.642984 1.194253 1.622515 0.416169 -0.080409 0.400174 1.022476 1.026156 1.492573 1.473422 0.834244 0.801460 0.728332,

Auto-correlations of the modulus of each oriented sub-band
 16.425087 17.610893 18.414009 18.681606 18.343042 17.449797 16.135475 26.057163 29.389923 31.814697 32.720520 31.814028 29.292837 25.720205 36.264652 42.375683 46.913483 48.654041 47.014984 42.445744 36.140255 40.831158 48.363033 53.944412 56.034916 53.944412 48.363033 40.831158 36.140255 42.445732 47.014984 48.654041 46.913483 42.375687 36.264660 25.720205 29.292833 31.814032 32.720512 31.814695 29.389925 26.057161 16.135475 17.449797 18.343042 18.681606 18.414009 17.610893 16.425087,
 31.857134 36.366249 36.283207 31.436373 24.101234 17.388306 13.019210 36.372723 44.743866 48.153717 44.582352 35.646561 25.554106 17.826206 36.394077 48.023060 55.906761 55.919788 47.803226 35.701691 24.655336 31.783823 44.466270 55.807545 60.458874 55.807545 44.466278 31.783823 24.655336 35.701691 47.803226 55.919788 55.906757 48.023067 36.394066 17.826208 25.554106 35.646561 44.582352 48.153717 44.743866 36.372723 13.019210 17.388304 24.101234 31.436375 36.283207 36.366249 31.857136,
 17.263006 26.679684 36.632854 40.876698 36.135410 26.007311 16.978518 18.805054 30.567764 43.364849 48.923618 42.837444 29.873011 18.450348 19.778807 33.207657 48.161243 54.827415 47.814766 32.766125 19.540911 20.031374 34.000168 49.794277 57.025150 49.794277 34.000172 20.031372 19.540911 32.766121 47.814774 54.827415 48.161240 33.207657 19.778803 18.450350 29.873009 42.837444 48.923611 43.364849 30.567764 18.805054 16.978518 26.007305 36.135414 40.876694 36.632854 26.679686 17.263004,
 13.566995 17.971521 24.441669 31.364462 35.909588 35.921360 31.552353 18.387403 25.961086 35.634865 44.118164 47.511974 44.189323 36.015171 25.036465 35.872158 47.563389 55.344296 55.336433 47.666782 36.233891 31.910095 44.399059 55.425774 59.905018 55.425774 44.399063 31.910095 36.233902 47.666782 55.336433 55.344299 47.563385 35.872162 25.036465 36.015167 44.189323 47.511974 44.118164 35.634861 25.961092 18.387403 31.552351 35.921352 35.909588 31.364462 24.441668 17.971523 13.566995,
 12.807822 13.762417 14.704246 15.304450 15.305570 14.701653 13.703757 19.209827 22.640055 25.604279 26.852959 25.721069 22.717760 19.087717 28.231575 35.646069 41.941982 44.378643 41.629326 35.008926 27.308147 32.168064 41.873512 50.214340 53.588318 50.214344 41.873516 32.168064 27.308151 35.008923 41.629322 44.378643 41.941990 35.646069 28.231569 19.087719 22.717760 25.721067 26.852959 25.604284 22.640055 19.209826 13.703758 14.701653 15.305570 15.304450 14.704247 13.762418 12.807821,
 18.443182 22.039486 22.964966 20.449741 16.753366 14.018638 12.336802 22.637032 30.070944 34.313988 31.670284 24.523470 18.009382 14.207382 24.486397 35.255329 44.684719 45.299503 36.465824 25.393339 17.831717 22.249512 33.066647 45.762138 51.820969 45.762138 33.066647 22.249512 17.831717 25.393339 36.465820 45.299503 44.684719 35.255333 24.486397 14.207382 18.009380 24.523466 31.670284 34.313988 30.070944 22.637032 12.336804 14.018638 16.753368 20.449741 22.964966 22.039486 18.443182,
 13.962204 18.875765 26.657808 31.166725 28.045925 21.231895 15.988474 15.339693 22.951221 34.843582 41.535404 36.097031 24.896679 16.869658 16.724829 26.788631 42.221649 50.711338 42.999752 27.906286 17.555019 17.566889 28.739559 45.510170 54.475246 45.510174 28.739561 17.566889 17.555017 27.906284 42.999748 50.711338 42.221661 26.788633 16.724827 16.869658 24.896679 36.097031 41.535404 34.843586 22.951221 15.339692 15.988474 21.231895 28.045923 31.166725 26.657808 18.875769 13.962206,
 11.820900 13.107216 16.248589 21.048672 24.737333 24.328148 20.263487 13.754371 17.712439 25.223118 33.635075 36.953518 32.348312 23.876669 17.604483 25.795795 38.159130 48.006523 47.288246 36.778305 24.802280 22.109373 33.922741 47.951122 54.653450 47.951130 33.922741 22.109371 24.802279 36.778297 47.288246 48.006523 38.159130 25.795795 17.604481 23.876669 32.348312 36.953514 33.635075 25.223118 17.712442 13.754373 20.263487 24.328144 24.737333 21.048672 16.248589 13.107218 11.820900,
 6.559290 6.817281 7.102887 7.207957 6.982628 6.568479 6.321803 7.126482 7.997002 8.853312 9.187343 8.715088 7.739486 6.882815 8.433097 10.407285 12.338502 13.145762 12.229191 10.229850 8.295846 9.198661 11.809584 14.436009 15.603430 14.436009 11.809582 9.198661 8.295847 10.229850 12.229189 13.145762 12.338500 10.407283 8.433097 6.882815 7.739486 8.715087 9.187343 8.853312 7.997000 7.126482 6.321804 6.568479 6.982627 7.207956 7.102888 6.817279 6.559290,
 7.224633 8.076127 8.543512 8.348818 7.743348 6.963520 6.413599 7.790986 9.789897 11.174064 10.730810 9.075267 7.531741 6.626259 7.895406 10.829124 13.894289 14.273875 11.674224 8.699741 7.050839 7.547495 10.220130 14.123368 16.222111 14.123368 10.220130 7.547496 7.050839 8.699741 11.674224 14.273875 13.894288 10.829124 7.895406 6.626259 7.531740 9.075267 10.730808 11.174064 9.789897 7.790986 6.413599 6.963518 7.743347 8.348818 8.543512 8.076127 7.224633,
 7.919510 9.008888 11.164430 12.640657 11.919503 9.784244 8.031563 8.263918 10.167456 13.536709 15.493402 13.822908 10.398132 8.062487 8.431826 11.058743 15.595822 18.138130 15.636601 11.052478 8.228304 8.400830 11.375269 16.428101 19.272650 16.428101 11.375268 8.400830 8.228304 11.052478 15.636604 18.138130 15.595822 11.058742 8.431826 8.062486 10.398132 13.822905 15.493402 13.536709 10.167456 8.263918 8.031561 9.784244 11.919501 12.640656 11.164430 9.008886 7.919510,
 5.887277 6.197057 6.995572 7.953767 8.369962 7.754669 6.722557 6.129961 6.934297 8.521621 10.284665 10.751264 9.276271 7.324362 6.530892 8.228992 11.134615 13.662495 13.284689 10.334588 7.538961 7.128124 9.786589 13.514469 15.511616 13.514469 9.786589 7.128124 7.538961 10.334590 13.284689 13.662496 11.134615 8.228992 6.530892 7.324362 9.276270 10.751264 10.284664 8.521621 6.934297 6.129960 6.722558 7.754670 8.369961 7.953766 6.995572 6.197058 5.887277,

Pairwise cross-correlations of the modulus of all oriented sub-bands at the same scale (size QxQ)
 56.034916 52.801132 45.395626 52.220428,
 52.801132 60.458878 53.103577 51.239189,
 45.395626 53.103577 57.025143 53.110905,
 52.220428 51.239189 53.110905 59.905033,
 53.588329 48.717045 47.031517 49.428482,
 48.717045 51.820961 48.513023 45.555393,
 47.031517 48.513023 54.475243 50.014656,
 49.428482 45.555393 50.014656 54.653446,

Cross-correlations of the modulus of all oriented sub-bands with all oriented sub-bands at the coarser scale (size QxQ)
 49.168095 45.315918 43.308353 46.113998,
 48.641285 50.157078 48.218327 46.071777,
 43.811012 45.654766 50.001087 47.325600,
 48.446568 44.879135 48.974899 51.778194,
 22.690180 22.235144 23.136950 21.064108,
 21.766609 23.413385 23.820356 19.691483,
 21.588942 23.086685 25.225792 21.544609,
 22.371145 21.522640 23.967690 22.627632,

Cross-correlations of the real part of each oriented sub-band with both the real and imaginary part of all phase-doubled oriented sub-bands at the next coarser scale (Q matrices of size 1x2Q, which are computed and stored in a matrix of size Qx2Q)
 -19.516741 -9.081128 -0.772250 -9.318013 -0.009113 0.017693 0.025765 -0.025947,
 -8.590668 -20.882462 -8.758515 -0.759264 -0.044124 0.145010 -0.019272 -0.007671,
 -0.854469 -8.856669 -20.690510 -9.490878 -0.025992 0.096093 -0.065824 -0.039589,
 -8.752549 -0.676120 -9.281108 -21.857626 -0.054976 -0.001959 0.016174 -0.041572,
 -9.257591 -4.703063 -0.494602 -4.407322 0.163622 -0.058495 -0.021492 0.027824,
 -4.312043 -10.596361 -5.014756 -0.561355 0.043075 -0.205111 -0.074691 -0.062059,
 -0.431348 -4.977265 -11.916320 -5.161277 -0.050481 -0.064751 -0.178114 -0.128378,
 -4.039738 -0.574783 -5.408863 -10.492166 -0.051310 -0.003514 -0.123941 0.037002,
