Low-band skewness and kurtosis
 -11.320643 144.705185,
 -6.856297 55.646561,
 -3.843040 20.824986,
 -0.973815 7.973109,

High-band variance
 17.597593,

Skewness, kurtosis, variance, mean, maximum and minimum of the reconstructed texture
 -11.409570 137.643524 329.565735 253.287598 255.000000 0.000000,

Auto-correlations of the low-frequency bands at each scale
 3.196038 0.068414 1.876150 5.495757 4.221318 2.327458 4.055240 1.349646 14.188266 55.232067 81.507156 56.853851 14.619932 -0.387534 2.997584 54.934124 164.700439 226.960709 164.628799 53.230007 -0.290299 3.456462 78.598152 225.804474 307.164795 225.804474 78.598160 3.456462 -0.290299 53.230007 164.628799 226.960709 164.700439 54.934124 2.997583 -0.387533 14.619930 56.853851 81.507156 55.232063 14.188267 1.349645 4.055240 2.327458 4.221319 5.495757 1.876152 0.068414 3.196038,
 2.923331 -2.201522 -7.577729 -10.232989 -8.676455 -0.063236 6.415661 2.275698 -11.439596 -4.290802 6.759880 -4.549601 -8.676249 4.826979 1.520882 -2.812727 53.778645 99.622910 53.804680 -1.180914 2.055939 1.645522 8.915705 98.413170 165.701355 98.413170 8.915706 1.645522 2.055939 -1.180914 53.804680 99.622902 53.778652 -2.812727 1.520882 4.826979 -8.676248 -4.549601 6.759880 -4.290801 -11.439596 2.275698 6.415661 -0.063236 -8.676453 -10.232989 -7.577730 -2.201522 2.923331,
 3.766378 2.740118 -0.008817 0.299428 2.667546 4.023518 3.158418 2.538409 -2.133131 -3.670846 -1.988763 -3.268226 -1.777597 3.160807 1.239513 -0.136352 15.652489 28.996090 15.422668 0.280548 2.988244 2.432935 4.774160 33.205921 54.881989 33.205921 4.774160 2.432935 2.988244 0.280548 15.422666 28.996090 15.652489 -0.136352 1.239513 3.160807 -1.777597 -3.268226 -1.988763 -3.670846 -2.133131 2.538409 3.158417 4.023519 2.667545 0.299428 -0.008817 2.740118 3.766378,
 1.032034 0.931327 0.451540 0.328015 0.799782 1.223050 1.231580 1.128952 -0.006901 -0.225342 0.513009 0.870843 0.873500 0.740627 0.710707 -0.221213 2.034386 4.599330 3.205557 0.670144 0.182418 0.166057 0.391470 4.583666 7.736811 4.583666 0.391470 0.166057 0.182418 0.670144 3.205557 4.599330 2.034386 -0.221212 0.710707 0.740627 0.873500 0.870843 0.513009 -0.225342 -0.006901 1.128952 1.231580 1.223050 0.799782 0.328015 0.451540 0.931327 1.032034,

Auto-correlations of the modulus of each oriented sub-band
 15.372504 16.817219 17.840405 18.238104 17.926458 17.002693 15.649088 26.027473 29.895887 32.697346 33.750916 32.769814 30.048851 26.236731 37.088627 43.838280 48.763332 50.595657 48.793755 43.901279 37.168209 41.977306 50.076889 56.006317 58.210541 56.006317 50.076889 41.977306 37.168209 43.901279 48.793755 50.595650 48.763329 43.838280 37.088627 26.236734 30.048847 32.769814 33.750916 32.697342 29.895889 26.027473 15.649091 17.002693 17.926458 18.238104 17.840403 16.817219 15.372501,
 29.937214 34.603794 34.561600 29.556114 21.917530 14.759996 9.961695 34.767952 43.352081 46.833733 43.162472 34.048580 23.627022 15.477735 34.953545 46.900028 54.923229 54.886539 46.651608 34.277729 22.822948 30.262297 43.334175 54.903107 59.598061 54.903099 43.334175 30.262297 22.822947 34.277721 46.651608 54.886536 54.923229 46.900040 34.953541 15.477736 23.627028 34.048580 43.162468 46.833729 43.352081 34.767952 9.961697 14.759996 21.917532 29.556114 34.561600 34.603794 29.937212,
 14.896307 25.111059 35.825577 40.366566 35.339748 24.507681 14.652070 16.551409 29.171522 42.810081 48.768307 42.459332 28.743561 16.383984 17.661264 31.984062 47.754234 54.790947 47.570229 31.762537 17.576277 18.031467 32.932667 49.499702 56.999191 49.499702 32.932667 18.031467 17.576273 31.762533 47.570240 54.790939 47.754227 31.984062 17.661264 16.383984 28.743561 42.459332 48.768299 42.810078 29.171526 16.551409 14.652072 24.507681 35.339748 40.366566 35.825577 25.111065 14.896307,
 9.468346 14.309544 21.442183 29.074047 34.157124 34.393360 29.998972 14.921695 23.147425 33.619690 42.821102 46.629116 43.319557 34.889751 22.342304 33.919807 46.401115 54.762085 54.897839 46.917068 34.965172 30.016901 43.201897 54.852524 59.595367 54.852528 43.201904 30.016901 34.965176 46.917068 54.897839 54.762085 46.401115 33.919811 22.342304 34.889751 43.319550 46.629116 42.821102 33.619690 23.147429 14.921695 29.998976 34.393360 34.157124 29.074051 21.442184 14.309545 9.468346,
 7.950912 8.814881 9.611375 10.060772 10.036096 9.658894 9.122856 16.057489 20.106695 23.528395 24.919117 23.633844 20.346369 16.438446 26.557272 35.161499 42.416534 45.284275 42.329033 35.023834 26.429451 31.502234 42.414555 51.673779 55.387749 51.673782 42.414555 31.502234 26.429453 35.023830 42.329033 45.284267 42.416538 35.161499 26.557272 16.438448 20.346369 23.633844 24.919117 23.528395 20.106695 16.057489 9.122856 9.658894 10.036096 10.060770 9.611375 8.814881 7.950912,
 16.468142 20.030962 20.230995 16.223618 10.925290 7.541430 6.488370 21.412512 29.564173 33.923050 30.334358 21.292250 12.998146 8.601505 22.788773 34.949802 45.344261 45.915783 35.705841 22.537228 13.420356 19.318298 31.919037 46.265919 52.978779 46.265919 31.919037 19.318298 13.420356 22.537228 35.705841 45.915783 45.344261 34.949810 22.788776 8.601505 12.998144 21.292250 30.334352 33.923058 29.564173 21.412512 6.488369 7.541430 10.925288 16.223618 20.230995 20.030962 16.468142,
 10.228687 15.436103 23.155924 27.115816 23.076998 15.393623 10.306768 11.994335 20.114872 32.266029 38.541451 32.063560 19.809477 11.734403 13.343917 24.043722 40.094109 48.469788 39.945141 23.791920 13.101340 13.765778 25.511602 43.188148 52.494366 43.188152 25.511602 13.765778 13.101342 23.791918 39.945141 48.469788 40.094109 24.043722 13.343917 11.734405 19.809473 32.063557 38.541451 32.266033 20.114872 11.994335 10.306768 15.393623 23.076996 27.115816 23.155928 15.436102 10.228686,
 6.534392 7.835437 11.046052 16.062336 20.080868 20.190901 16.840925 9.236949 13.373371 21.227211 30.039370 33.703110 29.480539 21.309629 13.983603 22.626562 35.478931 45.614933 45.070530 34.642689 22.514542 19.389793 31.677795 45.968334 52.695740 45.968334 31.677795 19.389790 22.514540 34.642685 45.070530 45.614933 35.478931 22.626562 13.983602 21.309629 29.480539 33.703106 30.039364 21.227211 13.373371 9.236947 16.840925 20.190901 20.080866 16.062336 11.046053 7.835436 6.534391,
 3.249699 3.635689 4.010136 4.253189 4.226565 3.927171 3.493093 4.259380 5.218565 6.141818 6.594697 6.276308 5.364500 4.330341 6.264190 8.409925 10.467903 11.394952 10.558154 8.486742 6.283364 7.462265 10.348662 13.131342 14.345743 13.131342 10.348662 7.462265 6.283364 8.486742 10.558154 11.394952 10.467903 8.409925 6.264190 4.330341 5.364500 6.276308 6.594697 6.141818 5.218564 4.259380 3.493094 3.927170 4.226564 4.253190 4.010136 3.635689 3.249699,
 4.709468 5.759063 6.167838 5.663085 4.875922 4.222723 3.691084 6.105627 8.365232 9.774768 8.939534 6.769268 5.016283 4.103257 6.632504 10.015491 13.328240 13.544306 10.379488 6.854992 4.873859 5.952981 9.177352 13.616868 15.932878 13.616868 9.177353 5.952981 4.873859 6.854992 10.379487 13.544306 13.328240 10.015491 6.632503 4.103257 5.016281 6.769268 8.939533 9.774768 8.365232 6.105627 3.691084 4.222722 4.875921 5.663085 6.167838 5.759063 4.709467,
 4.471391 5.832965 8.333199 10.104284 9.347523 7.127585 5.482635 5.217869 7.439294 11.453786 13.992373 12.208399 8.430189 6.056101 5.939009 8.928247 14.304481 17.542189 14.699339 9.455046 6.415079 6.391717 9.703125 15.602962 19.034206 15.602960 9.703125 6.391717 6.415079 9.455046 14.699339 17.542185 14.304478 8.928247 5.939009 6.056101 8.430190 12.208399 13.992371 11.453785 7.439294 5.217869 5.482636 7.127585 9.347523 10.104284 8.333198 5.832965 4.471391,
 3.703882 4.101578 4.994571 6.267449 7.041286 6.585785 5.360631 4.293717 5.204779 7.189568 9.572782 10.411767 8.904443 6.526622 5.255403 7.254900 10.786818 13.854941 13.594761 10.339809 7.003260 6.387070 9.541047 13.810530 15.994829 13.810530 9.541046 6.387069 7.003261 10.339809 13.594761 13.854941 10.786818 7.254900 5.255402 6.526623 8.904443 10.411767 9.572782 7.189568 5.204779 4.293717 5.360632 6.585785 7.041286 6.267449 4.994570 4.101577 3.703882,

Pairwise cross-correlations of the modulus of all oriented sub-bands at the same scale (size QxQ)
 58.210529 53.194752 46.097649 53.091423,
 53.194752 59.598057 52.889973 50.588573,
 46.097649 52.889973 56.999199 52.732460,
 53.091423 50.588573 52.732460 59.595348,
 55.387756 50.042023 46.177040 49.615776,
 50.042023 52.978779 48.137184 44.978462,
 46.177040 48.137184 52.494385 48.429554,
 49.615776 44.978462 48.429554 52.695740,

Cross-correlations of the modulus of all oriented sub-bands with all oriented sub-bands at the coarser scale (size QxQ)
 50.846912 46.726398 43.505211 46.411362,
 48.899323 50.851818 47.716011 44.931072,
 44.074020 46.202362 49.592590 46.255196,
 48.876411 45.295383 47.958004 50.861984,
 21.652020 22.410782 23.708239 22.456387,
 20.681089 23.287863 24.455700 21.338015,
 19.530800 22.153839 25.777519 22.601377,
 20.349558 20.801109 24.274681 23.129116,

Cross-correlations of the real part of each oriented sub-band with both the real and imaginary part of all phase-doubled oriented sub-bands at the next coarser scale (Q matrices of size 1x2Q, which are computed and stored in a matrix of size Qx2Q)
 -21.555643 -9.824118 -0.768412 -9.708198 0.042719 -0.068554 0.016204 0.038946,
 -9.416989 -22.189653 -9.057838 -0.796256 0.006117 0.014023 0.013937 -0.020223,
 -0.778622 -9.344801 -21.178188 -9.623593 0.004084 0.085177 -0.108902 -0.068222,
 -9.335198 -0.800616 -9.311954 -22.283169 0.027546 0.000170 -0.041854 0.040375,
 -10.768032 -4.784225 -0.449164 -4.603477 -0.616393 0.003136 0.018312 0.038020,
 -4.696334 -11.738128 -5.696662 -0.499419 -0.300954 0.250453 0.039148 -0.021476,
 -0.380820 -5.614591 -13.493999 -5.671349 -0.013160 0.120375 -0.106424 -0.069408,
 -4.662949 -0.514188 -5.970299 -11.408064 -0.199648 -0.024046 -0.036229 0.003247,
