Low-band skewness and kurtosis
 -11.448396 147.252960,
 -7.488901 68.748199,
 -4.804154 33.040733,
 -1.803006 12.556436,

High-band variance
 17.075687,

Skewness, kurtosis, variance, mean, maximum and minimum of the reconstructed texture
 -11.521011 140.056503 326.811707 253.316162 255.000000 0.000000,

Auto-correlations of the low-frequency bands at each scale
 18.971436 16.839363 16.996166 16.131140 10.644297 7.548455 9.616037 13.742196 28.349558 66.796661 88.883957 63.098591 22.135120 6.066275 10.742245 64.197990 169.810547 228.302048 168.508163 61.571129 6.762104 9.962689 86.136681 227.754135 305.167847 227.754120 86.136681 9.962689 6.762103 61.571121 168.508163 228.302017 169.810547 64.197998 10.742243 6.066275 22.135118 63.098591 88.883942 66.796654 28.349564 13.742196 9.616037 7.548453 10.644299 16.131140 16.996166 16.839365 18.971436,
 15.369147 10.118095 2.870434 1.878600 6.516170 13.164373 15.134470 10.799578 2.716841 9.153513 16.670557 3.511437 -2.814713 9.965672 1.214703 6.390584 65.401558 107.167404 57.868580 -1.235903 -0.878996 -4.565590 10.584576 104.528214 171.709564 104.528214 10.584576 -4.565590 -0.878996 -1.235902 57.868572 107.167389 65.401566 6.390585 1.214702 9.965672 -2.814712 3.511436 16.670557 9.153513 2.716841 10.799577 15.134470 13.164373 6.516168 1.878600 2.870435 10.118095 15.369147,
 10.466205 10.212180 7.701221 6.549643 8.672358 13.638037 14.563089 8.860199 5.435595 7.056528 10.615908 7.924739 9.475236 15.286746 6.578588 5.039469 23.423853 39.096844 23.071440 6.941596 11.310885 7.096987 7.358989 36.787357 60.747261 36.787357 7.358988 7.096986 11.310887 6.941598 23.071442 39.096844 23.423851 5.039468 6.578588 15.286745 9.475236 7.924739 10.615910 7.056527 5.435594 8.860199 14.563087 13.638038 8.672358 6.549643 7.701220 10.212178 10.466204,
 -0.528647 0.280568 1.346047 2.584687 3.947797 4.946982 4.160741 -0.194683 -0.093788 0.735751 2.166945 2.944121 3.241755 2.665658 -0.007290 0.767924 4.054146 6.887929 5.028387 1.626341 0.116592 -0.376980 1.595415 7.119635 10.799618 7.119635 1.595415 -0.376980 0.116593 1.626342 5.028387 6.887929 4.054147 0.767924 -0.007291 2.665658 3.241756 2.944121 2.166945 0.735751 -0.093788 -0.194683 4.160742 4.946981 3.947797 2.584687 1.346046 0.280568 -0.528648,

Auto-correlations of the modulus of each oriented sub-band
 18.669388 20.034763 20.915966 21.176533 20.771431 19.808325 18.495989 26.871632 30.355015 32.775105 33.579853 32.536304 29.916292 26.335606 35.723557 41.937424 46.418438 48.015858 46.241425 41.609291 35.299362 39.580578 47.162457 52.740250 54.823994 52.740250 47.162457 39.580578 35.299366 41.609291 46.241417 48.015858 46.418430 41.937424 35.723557 26.335609 29.916292 32.536304 33.579849 32.775105 30.355017 26.871634 18.495991 19.808325 20.771433 21.176533 20.915968 20.034763 18.669386,
 31.888012 35.982544 35.943230 31.574495 24.812847 18.344664 13.860728 35.722588 43.534294 46.635685 43.293350 34.982414 25.357038 17.623629 35.280376 46.419479 53.781296 53.711830 46.087063 34.562950 23.685225 30.510923 42.860306 53.623749 57.975445 53.623749 42.860306 30.510923 23.685228 34.562946 46.087063 53.711830 53.781296 46.419487 35.280376 17.623629 25.357038 34.982414 43.293346 46.635685 43.534302 35.722588 13.860728 18.344664 24.812847 31.574497 35.943230 35.982552 31.888012,
 17.783554 26.586184 36.001701 40.149014 35.786560 26.297567 17.587461 18.886301 29.926525 42.055374 47.477055 41.772488 29.515797 18.534094 19.547096 32.214981 46.400829 52.868027 46.198441 31.927036 19.291246 19.676548 32.933331 47.919788 54.882568 47.919788 32.933334 19.676548 19.291250 31.927031 46.198441 52.868027 46.400829 32.214989 19.547096 18.534094 29.515797 41.772488 47.477055 42.055374 29.926529 18.886299 17.587463 26.297562 35.786564 40.149014 36.001701 26.586184 17.783554,
 15.071596 19.259720 25.154984 31.331287 35.312359 35.257671 31.375336 18.812462 25.838608 34.684063 42.436283 45.560841 42.588375 35.230011 24.465584 34.483841 45.309628 52.593197 52.651516 45.587158 35.073830 30.761936 42.321766 52.607349 56.825886 52.607349 42.321777 30.761936 35.073830 45.587154 52.651516 52.593197 45.309624 34.483849 24.465580 35.230011 42.588371 45.560848 42.436283 34.684059 25.838608 18.812462 31.375336 35.257671 35.312363 31.331287 25.154984 19.259722 15.071594,
 18.305151 19.645559 20.813408 21.484001 21.544630 21.239407 20.950712 22.978064 26.749866 30.005434 31.377708 30.336416 27.695551 24.895926 29.420506 37.173412 44.053852 46.900818 44.240257 37.696079 30.496708 33.049049 42.820488 51.676563 55.364811 51.676567 42.820488 33.049049 30.496708 37.696079 44.240257 46.900822 44.053852 37.173416 29.420506 24.895926 27.695553 30.336414 31.377708 30.005436 26.749870 22.978065 20.950712 21.239407 21.544630 21.484005 20.813408 19.645561 18.305155,
 22.225191 25.407162 25.809004 23.037575 19.289518 17.033388 16.875051 25.214014 32.343605 36.048965 33.241135 26.142748 19.933781 17.450516 25.535383 36.241405 45.325855 45.801075 37.090416 26.111572 19.276707 22.708496 33.372139 45.985035 51.906006 45.985035 33.372139 22.708496 19.276707 26.111572 37.090408 45.801075 45.325863 36.241405 25.535381 17.450516 19.933781 26.142744 33.241135 36.048973 32.343609 25.214012 16.875051 17.033388 19.289518 23.037571 25.809000 25.407158 22.225193,
 18.070768 22.155222 28.297672 31.921484 28.794981 22.302774 18.532152 18.542931 24.864826 35.049351 40.970863 35.652451 25.098404 18.934597 18.867395 27.197403 41.094536 49.012333 41.517365 27.391880 19.131115 19.084593 28.219711 43.730953 52.357758 43.730953 28.219711 19.084593 19.131115 27.391880 41.517357 49.012333 41.094536 27.197403 18.867395 18.934599 25.098404 35.652451 40.970860 35.049351 24.864828 18.542929 18.532152 22.302774 28.794975 31.921484 28.297676 22.155222 18.070768,
 18.399794 19.879751 23.568445 28.674137 32.103790 31.475000 27.905977 19.520550 23.625956 31.532436 39.868557 42.843239 38.467648 30.869411 22.418972 30.674852 43.097939 52.649441 51.955261 42.023972 30.753754 27.021908 38.599121 52.258484 58.672832 52.258495 38.599121 27.021908 30.753756 42.023972 51.955257 52.649445 43.097939 30.674856 22.418970 30.869411 38.467648 42.843235 39.868549 31.532440 23.625956 19.520552 27.905977 31.475000 32.103783 28.674137 23.568451 19.879753 18.399794,
 8.175213 8.893179 9.475000 9.829274 10.023461 10.131950 10.109490 9.670976 10.704833 11.764797 12.383568 12.311142 11.757837 11.068502 11.355984 13.419511 15.692719 16.870890 16.182920 14.253396 12.274907 12.536817 15.291461 18.274570 19.666739 18.274570 15.291460 12.536817 12.274906 14.253396 16.182920 16.870890 15.692719 13.419511 11.355984 11.068502 11.757839 12.311142 12.383568 11.764796 10.704833 9.670976 10.109489 10.131950 10.023461 9.829274 9.475000 8.893179 8.175213,
 8.357338 9.759443 10.451262 10.240558 9.990816 10.267631 10.492789 9.435554 11.519395 13.036953 12.681544 11.362715 10.749901 10.827423 10.150886 12.663031 15.538657 15.964519 13.684986 11.493873 10.769277 10.515032 12.446402 15.808433 17.737459 15.808433 12.446402 10.515033 10.769277 11.493873 13.684986 15.964519 15.538657 12.663031 10.150884 10.827422 10.749901 11.362714 12.681543 13.036953 11.519393 9.435554 10.492788 10.267632 9.990817 10.240557 10.451262 9.759442 8.357338,
 6.811607 8.074186 9.524230 10.338807 10.220309 9.908152 9.415944 7.369290 8.898683 11.244779 12.546701 11.555129 10.265368 9.513810 8.013144 9.693284 12.883821 14.861439 12.947166 10.419457 9.259286 8.698055 10.240759 13.573160 15.916040 13.573160 10.240758 8.698055 9.259288 10.419457 12.947166 14.861439 12.883821 9.693283 8.013143 9.513810 10.265368 11.555126 12.546701 11.244779 8.898683 7.369290 9.415942 9.908152 10.220309 10.338807 9.524231 8.074184 6.811607,
 7.235391 7.963874 9.061604 10.464847 11.668670 11.962554 11.464244 8.054132 9.259388 11.157017 13.297772 14.406925 13.695725 12.184904 9.404735 11.525202 14.617943 17.309923 17.381454 14.948118 12.257626 11.102227 14.019277 17.637741 19.495869 17.637739 14.019274 11.102227 12.257626 14.948119 17.381456 17.309923 14.617943 11.525202 9.404736 12.184904 13.695725 14.406926 13.297771 11.157015 9.259386 8.054131 11.464245 11.962556 11.668670 10.464847 9.061604 7.963873 7.235392,

Pairwise cross-correlations of the modulus of all oriented sub-bands at the same scale (size QxQ)
 54.824005 50.711723 43.984436 50.223141,
 50.711723 57.975433 51.147896 48.622501,
 43.984436 51.147896 54.882568 49.995541,
 50.223141 48.622501 49.995541 56.825905,
 55.364807 49.040916 46.007610 51.490021,
 49.040916 51.906010 47.239296 46.544899,
 46.007610 47.239296 52.357750 50.581333,
 51.490021 46.544899 50.581333 58.672829,

Cross-correlations of the modulus of all oriented sub-bands with all oriented sub-bands at the coarser scale (size QxQ)
 49.148495 44.390736 41.517429 47.314926,
 48.027576 48.840557 46.294960 46.711056,
 43.611839 44.389656 47.026054 47.021957,
 47.917648 43.399689 46.381081 51.906700,
 26.238661 24.455475 22.145983 24.490606,
 24.034353 23.951153 22.000313 22.868507,
 23.308416 23.242529 22.432512 23.614889,
 25.910069 24.161211 23.349501 25.951366,

Cross-correlations of the real part of each oriented sub-band with both the real and imaginary part of all phase-doubled oriented sub-bands at the next coarser scale (Q matrices of size 1x2Q, which are computed and stored in a matrix of size Qx2Q)
 -19.768160 -8.606551 -0.800483 -9.058546 0.522084 -0.010894 0.037215 -0.199092,
 -8.421910 -19.252394 -7.784069 -0.722183 0.054083 -0.418929 0.011204 0.017898,
 -0.748286 -8.032490 -18.364344 -8.769732 -0.018824 -0.194592 0.309913 0.063157,
 -8.909472 -0.705233 -8.453220 -20.653429 0.345610 0.064544 0.213089 -0.188836,
 -10.671512 -4.374690 -0.406047 -5.099772 0.252401 -0.099316 -0.006260 -0.028231,
 -4.556329 -8.856040 -3.645851 -0.447663 -0.093931 -0.303773 0.256469 -0.016786,
 -0.478703 -3.683001 -8.504768 -4.414825 -0.078053 0.134151 0.811033 0.354681,
 -4.939425 -0.445325 -4.070967 -10.827026 0.128318 0.102494 0.352944 0.593573,
