Low-band skewness and kurtosis
 -11.333933 145.087524,
 -6.746828 53.719139,
 -3.598331 17.240702,
 -0.944769 6.660113,

High-band variance
 17.539667,

Skewness, kurtosis, variance, mean, maximum and minimum of the reconstructed texture
 -11.417299 137.796570 329.312286 253.289932 255.000000 0.000000,

Auto-correlations of the low-frequency bands at each scale
 4.247161 -1.807095 -2.232834 -0.648508 -3.290418 -4.247284 0.354631 0.764469 12.531193 52.306206 77.053787 51.391724 9.361158 -5.254120 0.843972 53.717934 163.640686 225.477737 162.934341 51.252296 -3.765006 0.912749 77.927589 225.689957 306.995483 225.689957 77.927597 0.912749 -3.765007 51.252289 162.934341 225.477753 163.640686 53.717934 0.843971 -5.254120 9.361158 51.391727 77.053787 52.306206 12.531193 0.764469 0.354631 -4.247284 -3.290418 -0.648508 -2.232833 -1.807096 4.247161,
 3.265952 1.032917 -3.427228 -7.223017 -6.466764 1.492630 6.762114 0.661852 -8.649862 -3.549030 3.357900 -7.643533 -9.302893 5.385154 -3.168647 -2.555389 53.209141 95.434235 49.049290 -5.126523 -1.388453 -4.335439 5.828365 96.340286 163.102509 96.340286 5.828365 -4.335439 -1.388453 -5.126524 49.049290 95.434235 53.209141 -2.555389 -3.168647 5.385154 -9.302892 -7.643534 3.357900 -3.549029 -8.649862 0.661852 6.762114 1.492630 -6.466765 -7.223016 -3.427228 1.032917 3.265952,
 4.032582 6.747416 5.001140 0.995719 0.806140 3.961449 3.921058 2.891786 0.879641 0.765721 0.650339 -1.765810 1.108460 5.496308 0.294031 -0.572660 15.025911 28.052263 15.124631 1.911395 3.671404 0.756139 3.329291 29.873678 50.794624 29.873674 3.329290 0.756139 3.671403 1.911395 15.124629 28.052263 15.025912 -0.572660 0.294031 5.496307 1.108460 -1.765810 0.650339 0.765721 0.879641 2.891786 3.921058 3.961449 0.806140 0.995719 5.001140 6.747416 4.032582,
 1.058453 0.884721 0.656591 0.964932 1.422046 1.399217 1.076030 0.615488 0.149090 0.448684 1.032226 0.719322 0.415092 0.752720 0.363933 0.292538 2.576041 4.468961 2.731596 0.763582 1.065280 0.922778 1.138430 4.570863 7.259772 4.570863 1.138430 0.922778 1.065280 0.763582 2.731596 4.468961 2.576041 0.292538 0.363933 0.752720 0.415092 0.719322 1.032226 0.448684 0.149090 0.615488 1.076030 1.399217 1.422046 0.964932 0.656591 0.884721 1.058452,

Auto-correlations of the modulus of each oriented sub-band
 15.530603 16.832533 17.622414 17.758102 17.228256 16.183123 14.835835 26.116047 29.991594 32.657219 33.457123 32.182468 29.202206 25.223387 37.048328 43.950241 48.902294 50.615746 48.585445 43.430813 36.454967 41.649803 49.968040 56.056118 58.321980 56.056118 49.968040 41.649803 36.454971 43.430813 48.585445 50.615746 48.902290 43.950249 37.048321 25.223387 29.202204 32.182468 33.457123 32.657219 29.991598 26.116045 14.835836 16.183121 17.228256 17.758104 17.622414 16.832533 15.530603,
 30.622309 35.164318 34.913609 29.618832 21.601974 14.115651 9.190457 35.513474 44.199196 47.589066 43.673538 34.105640 23.115007 14.489011 35.476910 47.819183 55.970638 55.858028 47.295868 34.338470 22.187695 30.257858 43.976696 55.929710 60.742222 55.929710 43.976696 30.257858 22.187695 34.338470 47.295868 55.858032 55.970638 47.819191 35.476910 14.489011 23.115004 34.105640 43.673538 47.589062 44.199196 35.513470 9.190458 14.115651 21.601976 29.618832 34.913605 35.164326 30.622309,
 15.250602 25.561140 36.508713 41.271637 36.223591 25.075624 14.796412 16.748814 29.593597 43.545685 49.741821 43.392311 29.289997 16.421175 17.750862 32.461697 48.633778 55.888660 48.570194 32.315102 17.576712 18.054186 33.467464 50.492729 58.161083 50.492729 33.467468 18.054186 17.576712 32.315098 48.570194 55.888668 48.633774 32.461700 17.750862 16.421175 29.289991 43.392311 49.741821 43.545685 29.593597 16.748814 14.796412 25.075624 36.223598 41.271637 36.508713 25.561142 15.250602,
 10.014098 14.769849 21.827703 29.381056 34.368015 34.521374 30.058189 15.031076 23.329979 33.912041 43.136452 46.844624 43.372185 34.758007 22.229536 34.013210 46.692890 55.081036 55.089218 46.908024 34.715351 29.789669 43.227612 55.081566 59.883816 55.081566 43.227612 29.789669 34.715355 46.908016 55.089218 55.081039 46.692890 34.013214 22.229540 34.758015 43.372185 46.844616 43.136459 33.912045 23.329983 15.031074 30.058189 34.521374 34.368015 29.381056 21.827702 14.769852 10.014098,
 9.890332 10.933113 11.857496 12.325738 12.193186 11.719478 11.304173 15.971994 20.089304 23.718809 25.353317 24.229984 21.097857 17.475145 25.217297 33.897125 41.483116 44.707985 41.895618 34.598331 26.076128 30.171278 41.229733 50.822227 54.729900 50.822239 41.229733 30.171278 26.076128 34.598328 41.895618 44.707981 41.483120 33.897125 25.217297 17.475145 21.097857 24.229984 25.353317 23.718809 20.089304 15.971993 11.304173 11.719478 12.193185 12.325738 11.857497 10.933114 9.890332,
 16.784233 20.676044 21.328001 17.779818 12.751384 9.485669 8.559626 20.614504 29.100048 33.916302 30.676064 21.836590 13.840210 10.009298 21.571451 33.948284 44.876408 45.710114 35.358704 22.155886 13.582872 18.456808 30.901875 45.690350 52.711224 45.690353 30.901875 18.456808 13.582871 22.155886 35.358700 45.710114 44.876411 33.948288 21.571451 10.009298 13.840208 21.836588 30.676064 33.916306 29.100048 20.614504 8.559626 9.485667 12.751384 17.779818 21.328001 20.676046 16.784237,
 11.543987 16.804564 25.122644 29.289125 24.545675 16.135176 11.050750 12.381856 20.777342 33.904305 40.654755 33.457291 20.361944 12.279478 13.288074 24.325865 41.556519 50.610718 41.309689 24.131245 13.328929 13.722867 25.726826 44.582329 54.678638 44.582329 25.726828 13.722867 13.328931 24.131245 41.309689 50.610718 41.556519 24.325865 13.288073 12.279478 20.361944 33.457291 40.654755 33.904305 20.777344 12.381856 11.050750 16.135176 24.545675 29.289122 25.122644 16.804564 11.543987,
 9.007083 10.311263 13.837003 18.794176 22.303986 21.912872 18.430672 10.613794 15.181128 23.637819 32.632404 36.114513 31.605602 23.179218 14.884003 24.328161 38.027370 48.566433 47.980179 37.051937 24.212555 20.543976 33.784130 48.909393 55.915546 48.909405 33.784134 20.543972 24.212555 37.051929 47.980179 48.566429 38.027374 24.328165 14.884002 23.179216 31.605602 36.114510 32.632408 23.637823 15.181132 10.613794 18.430672 21.912870 22.303986 18.794176 13.837005 10.311265 9.007084,
 4.912219 5.129535 5.148576 5.033347 4.898517 4.845232 4.862543 5.245830 6.122268 6.861487 7.166985 6.950499 6.460185 5.995617 6.536793 8.581269 10.531137 11.417878 10.744901 9.086355 7.390309 7.765045 10.403499 13.010362 14.167114 13.010362 10.403499 7.765045 7.390310 9.086355 10.744900 11.417878 10.531137 8.581269 6.536792 5.995617 6.460185 6.950499 7.166985 6.861487 6.122267 5.245830 4.862542 4.845232 4.898517 5.033347 5.148576 5.129534 4.912218,
 5.692189 6.934277 7.284402 6.427283 5.525367 5.248159 5.158682 6.561331 8.770786 10.225966 9.370396 7.317387 5.962208 5.433051 6.936089 9.911454 12.976124 13.192461 10.324126 7.356193 5.830596 6.481043 9.168576 13.073043 15.184521 13.073040 9.168576 6.481042 5.830596 7.356193 10.324126 13.192461 12.976122 9.911454 6.936089 5.433051 5.962208 7.317386 9.370396 10.225966 8.770786 6.561331 5.158682 5.248158 5.525367 6.427283 7.284402 6.934277 5.692188,
 5.053682 6.282676 8.009732 8.727063 7.695895 6.153121 5.172651 5.428035 7.390003 10.457043 11.972311 10.095470 7.152260 5.448540 5.688113 8.247894 12.584258 15.003888 12.352467 8.061958 5.657402 5.758790 8.509599 13.384424 16.306032 13.384424 8.509598 5.758790 5.657402 8.061958 12.352468 15.003888 12.584258 8.247893 5.688113 5.448539 7.152259 10.095469 11.972311 10.457042 7.390002 5.428035 5.172650 6.153121 7.695895 8.727063 8.009732 6.282675 5.053682,
 4.563751 5.067934 5.566709 6.255854 6.846052 6.673348 5.957296 5.040861 5.964921 7.402110 9.254621 10.063809 8.903871 7.068238 5.771666 7.521376 10.507474 13.301635 13.130101 10.228770 7.382298 6.723746 9.459343 13.327108 15.423671 13.327108 9.459343 6.723747 7.382298 10.228770 13.130100 13.301634 10.507474 7.521374 5.771667 7.068238 8.903872 10.063808 9.254621 7.402109 5.964921 5.040861 5.957296 6.673348 6.846052 6.255855 5.566709 5.067934 4.563751,

Pairwise cross-correlations of the modulus of all oriented sub-bands at the same scale (size QxQ)
 58.321999 54.214298 46.643818 53.558357,
 54.214298 60.742237 53.846294 51.437538,
 46.643818 53.846294 58.161079 53.634460,
 53.558357 51.437538 53.634460 59.883823,
 54.729889 49.804127 47.956566 51.438782,
 49.804127 52.711216 49.485500 47.414482,
 47.956566 49.485500 54.678635 51.289841,
 51.438782 47.414482 51.289841 55.915539,

Cross-correlations of the modulus of all oriented sub-bands with all oriented sub-bands at the coarser scale (size QxQ)
 51.189377 47.104794 44.767334 48.649445,
 49.563728 51.357227 49.381424 47.549015,
 44.707157 46.841434 51.140823 48.535122,
 49.364712 45.634712 49.306313 53.113110,
 21.852636 21.724787 21.629978 21.376633,
 20.755020 22.167904 22.123478 19.968845,
 20.284466 21.889002 23.625896 21.769337,
 21.580675 21.107447 22.972084 22.965206,

Cross-correlations of the real part of each oriented sub-band with both the real and imaginary part of all phase-doubled oriented sub-bands at the next coarser scale (Q matrices of size 1x2Q, which are computed and stored in a matrix of size Qx2Q)
 -22.132227 -9.675302 -0.780601 -10.086614 -0.028427 -0.007233 -0.004726 0.009843,
 -9.416193 -22.628756 -9.521996 -0.739388 0.000071 -0.004658 0.002637 0.005062,
 -0.764962 -9.645774 -22.551086 -10.287486 0.004589 0.000602 -0.009541 0.009842,
 -9.734152 -0.713557 -9.982517 -23.765339 -0.017998 -0.001041 -0.021555 0.021863,
 -10.346145 -4.553724 -0.440197 -5.040074 0.172050 0.004244 -0.032273 -0.176348,
 -4.318265 -10.971044 -5.268110 -0.497738 0.040221 -0.118204 -0.048506 -0.004107,
 -0.424654 -5.247087 -12.064228 -5.253588 0.014766 -0.091068 -0.043681 -0.045819,
 -4.790272 -0.507677 -5.224655 -11.653054 0.135601 -0.009507 -0.016448 -0.247208,
