Low-band skewness and kurtosis
 -11.434349 147.172363,
 -7.183346 62.319820,
 -3.845469 20.518744,
 -0.228948 7.831235,

High-band variance
 17.142639,

Skewness, kurtosis, variance, mean, maximum and minimum of the reconstructed texture
 -11.510879 139.930984 325.732544 253.315262 255.000000 0.000000,

Auto-correlations of the low-frequency bands at each scale
 2.679927 2.253799 6.058906 8.590641 4.652205 1.807495 3.597500 -1.388185 15.546174 58.223324 83.704529 59.186977 18.710484 3.064982 1.800285 56.775543 165.122330 225.762863 166.529282 60.017567 5.831748 7.060999 83.468803 225.849915 303.900330 225.849915 83.468803 7.060999 5.831747 60.017563 166.529297 225.762863 165.122314 56.775551 1.800284 3.064982 18.710484 59.186977 83.704529 58.223324 15.546174 -1.388185 3.597500 1.807496 4.652205 8.590641 6.058907 2.253799 2.679927,
 9.413678 1.906797 -6.877755 -8.465228 -3.757535 3.191092 6.563013 3.707986 -8.746956 -3.094042 7.872781 -2.948369 -10.846118 0.489183 -5.945282 -5.143519 54.989357 102.011078 55.435135 -5.635032 -6.640081 -9.188151 4.291431 100.359444 169.171555 100.359444 4.291431 -9.188151 -6.640081 -5.635032 55.435135 102.011078 54.989357 -5.143519 -5.945281 0.489183 -10.846117 -2.948368 7.872780 -3.094042 -8.746956 3.707986 6.563013 3.191092 -3.757535 -8.465226 -6.877754 1.906797 9.413678,
 6.193984 4.997411 1.994409 -0.105385 0.964921 3.173629 3.260952 4.672400 -0.761904 -1.307248 0.972014 -0.880781 -0.487191 3.187058 1.012600 -1.542503 15.346322 30.621336 16.567175 0.198014 1.647049 0.298022 2.049907 31.043747 53.930538 31.043747 2.049906 0.298022 1.647049 0.198014 16.567175 30.621334 15.346322 -1.542503 1.012600 3.187058 -0.487190 -0.880782 0.972014 -1.307248 -0.761904 4.672400 3.260952 3.173628 0.964921 -0.105385 1.994409 4.997410 6.193984,
 0.922900 0.937388 0.347557 0.168151 0.692689 1.238471 1.288652 1.264178 1.010176 0.639603 0.542923 0.231939 0.569321 1.407534 1.104778 1.407942 3.470038 4.950202 2.828490 0.824451 1.229568 0.985370 1.541752 5.318279 8.233571 5.318279 1.541752 0.985370 1.229568 0.824451 2.828490 4.950202 3.470038 1.407942 1.104778 1.407535 0.569321 0.231939 0.542923 0.639603 1.010176 1.264178 1.288652 1.238471 0.692689 0.168151 0.347557 0.937388 0.922900,

Auto-correlations of the modulus of each oriented sub-band
 14.543694 16.205750 17.353134 17.795784 17.449389 16.403976 14.862546 24.207403 28.184036 31.016914 32.087036 31.126698 28.399065 24.528791 34.528557 41.161987 45.937897 47.703972 45.971920 41.238316 34.662552 39.130779 46.974827 52.658497 54.758106 52.658497 46.974827 39.130772 34.662552 41.238312 45.971920 47.703972 45.937897 41.161991 34.528553 24.528791 28.399059 31.126699 32.087036 31.016914 28.184036 24.207399 14.862547 16.403975 17.449389 17.795784 17.353136 16.205750 14.543694,
 29.131523 33.670258 33.720322 29.015503 21.625320 14.391621 9.119699 33.210419 41.616997 45.084755 41.680916 32.922523 22.620523 14.135935 32.966797 44.709244 52.548046 52.609772 44.701294 32.609776 21.059860 28.239008 41.198429 52.462002 57.013184 52.462002 41.198429 28.239008 21.059860 32.609776 44.701298 52.609779 52.548046 44.709251 32.966793 14.135935 22.620522 32.922527 41.680920 45.084755 41.617001 33.210415 9.119699 14.391620 21.625320 29.015503 33.720318 33.670258 29.131517,
 14.667194 24.835957 35.241547 39.631233 34.906536 24.512484 14.492805 16.206673 28.824869 42.052174 47.739399 41.716438 28.510534 16.056269 17.228170 31.586926 46.891357 53.620834 46.672501 31.386240 17.137737 17.559740 32.514175 48.583466 55.800411 48.583466 32.514175 17.559738 17.137737 31.386240 46.672497 53.620834 46.891350 31.586926 17.228168 16.056269 28.510534 41.716438 47.739395 42.052170 28.824869 16.206673 14.492805 24.512484 34.906536 39.631229 35.241547 24.835957 14.667193,
 8.735651 13.784117 20.796919 28.090342 32.849987 32.951424 28.617714 13.673543 21.846113 31.894814 40.595001 44.146496 40.946747 32.856125 20.597479 31.831297 43.696938 51.581478 51.686119 44.112671 32.680443 27.882723 40.544765 51.592194 56.067829 51.592190 40.544765 27.882719 32.680443 44.112667 51.686111 51.581478 43.696938 31.831301 20.597479 32.856129 40.946743 44.146503 40.594997 31.894812 21.846113 13.673540 28.617714 32.951420 32.849987 28.090345 20.796917 13.784119 8.735651,
 11.193843 12.087542 12.855532 13.218080 12.997849 12.275892 11.269949 17.062620 21.386673 25.060352 26.584812 25.254736 21.790119 17.649044 25.696533 34.898869 42.718472 45.894463 42.885239 35.281006 26.311359 30.402754 41.986374 51.843040 55.808372 51.843044 41.986374 30.402754 26.311359 35.281006 42.885235 45.894455 42.718479 34.898872 25.696537 17.649038 21.790119 25.254734 26.584812 25.060356 21.386675 17.062620 11.269949 12.275892 12.997849 13.218080 12.855534 12.087543 11.193845,
 18.961481 22.669008 22.615446 18.516272 13.288168 9.943770 8.869169 23.151281 32.008755 36.257809 32.341373 22.989471 14.391946 10.019891 23.441040 36.855377 47.687229 48.034752 37.327866 23.297001 13.608784 19.212013 33.025822 48.332218 55.264088 48.332218 33.025822 19.212013 13.608781 23.296995 37.327866 48.034752 47.687229 36.855381 23.441042 10.019891 14.391945 22.989468 32.341370 36.257809 32.008755 23.151281 8.869169 9.943771 13.288168 18.516272 22.615448 22.669008 18.961479,
 10.625918 16.046654 24.126842 28.762070 25.037441 16.556112 10.290962 11.393056 19.932783 32.823868 39.982552 33.787895 20.512962 11.137206 11.935772 23.348486 40.491867 49.708996 41.151627 23.764437 11.814155 12.109645 24.890730 43.856663 53.669308 43.856663 24.890730 12.109643 11.814155 23.764433 41.151627 49.708988 40.491863 23.348486 11.935771 11.137207 20.512964 33.787891 39.982552 32.823872 19.932783 11.393054 10.290962 16.556112 25.037441 28.762070 24.126844 16.046654 10.625918,
 8.529758 9.845860 13.669871 19.307655 23.336781 22.836605 18.575932 10.054224 14.838213 23.837753 33.289024 36.827267 32.014465 22.884743 14.099015 23.925798 37.953865 48.443840 47.755821 36.753796 23.485039 19.664898 33.269363 48.388252 55.230995 48.388252 33.269367 19.664898 23.485039 36.753788 47.755821 48.443832 37.953865 23.925798 14.099015 22.884743 32.014465 36.827267 33.289021 23.837755 14.838214 10.054223 18.575935 22.836605 23.336781 19.307653 13.669871 9.845860 8.529758,
 5.274625 5.407659 5.578430 5.661055 5.551578 5.309147 5.039217 6.513391 7.281734 7.953458 8.172500 7.757267 6.907920 5.986499 8.113702 10.343731 12.445993 13.298767 12.294064 10.069010 7.762823 8.819859 11.987184 15.124427 16.522720 15.124427 11.987184 8.819859 7.762824 10.069010 12.294064 13.298767 12.445992 10.343731 8.113702 5.986498 6.907920 7.757267 8.172500 7.953459 7.281733 6.513391 5.039217 5.309148 5.551578 5.661057 5.578431 5.407658 5.274625,
 7.068723 7.727646 7.883529 7.065519 5.930926 5.338765 5.286631 8.176070 10.053170 11.316025 10.362655 7.949626 6.071317 5.362853 8.285548 11.343152 14.529795 14.768299 11.528863 7.938829 5.986143 7.238707 10.324216 14.673440 17.015257 14.673442 10.324216 7.238707 5.986143 7.938830 11.528863 14.768300 14.529795 11.343152 8.285549 5.362853 6.071317 7.949625 10.362654 11.316025 10.053169 8.176070 5.286631 5.338765 5.930925 7.065519 7.883529 7.727646 7.068723,
 5.326272 6.268697 8.112516 9.142158 8.243451 6.566418 5.708851 5.696769 7.352105 10.568364 12.384934 10.539427 7.454388 5.891345 5.978600 8.295459 12.843647 15.541463 12.766127 8.314830 6.062879 6.108981 8.680238 13.765871 16.926096 13.765871 8.680236 6.108981 6.062879 8.314831 12.766127 15.541463 12.843646 8.295459 5.978600 5.891345 7.454388 10.539427 12.384934 10.568362 7.352104 5.696768 5.708851 6.566418 8.243451 9.142158 8.112516 6.268696 5.326272,
 4.864487 5.040045 5.567635 6.469049 7.130735 6.933294 6.237947 5.205934 5.842119 7.444492 9.580441 10.389610 9.068058 7.198367 5.856421 7.605840 10.911453 13.967216 13.679669 10.507109 7.543156 6.858243 9.763179 13.973994 16.266224 13.973994 9.763179 6.858243 7.543156 10.507110 13.679667 13.967216 10.911453 7.605840 5.856421 7.198367 9.068058 10.389610 9.580441 7.444492 5.842118 5.205934 6.237947 6.933294 7.130735 6.469049 5.567635 5.040044 4.864487,

Pairwise cross-correlations of the modulus of all oriented sub-bands at the same scale (size QxQ)
 54.758099 50.196609 43.473286 49.886932,
 50.196609 57.013195 50.757648 47.413502,
 43.473286 50.757648 55.800407 49.971588,
 49.886932 47.413502 49.971588 56.067833,
 55.808357 50.676350 46.435841 51.489506,
 50.676350 55.264076 50.048832 47.438354,
 46.435841 50.048832 53.669296 49.979572,
 51.489506 47.438354 49.979572 55.230976,

Cross-correlations of the modulus of all oriented sub-bands with all oriented sub-bands at the coarser scale (size QxQ)
 50.313374 46.312405 42.090504 46.517796,
 47.941528 51.187527 46.893833 44.826790,
 43.215855 46.342968 48.921684 46.220215,
 47.754261 44.446281 46.453098 50.626934,
 23.977692 23.423567 22.236963 23.049404,
 22.672375 24.278028 23.262753 21.846029,
 21.283508 22.876450 23.947681 22.555935,
 23.057467 22.210226 23.357786 24.204481,

Cross-correlations of the real part of each oriented sub-band with both the real and imaginary part of all phase-doubled oriented sub-bands at the next coarser scale (Q matrices of size 1x2Q, which are computed and stored in a matrix of size Qx2Q)
 -21.592796 -9.672083 -0.758517 -9.611425 -0.067964 -0.017553 -0.000820 -0.005933,
 -9.341920 -22.319521 -9.168130 -0.747860 -0.069860 -0.050267 -0.005940 0.008308,
 -0.776962 -9.560122 -20.866423 -9.160300 -0.004106 -0.016684 -0.050641 -0.060736,
 -9.431251 -0.764769 -8.925925 -21.705292 -0.004907 0.005566 -0.049544 -0.095432,
 -12.571083 -5.635474 -0.512680 -5.447951 0.048011 0.111764 0.011938 0.009364,
 -5.638288 -12.476101 -5.500549 -0.461342 0.103516 -0.062068 -0.161839 0.033946,
 -0.519605 -5.441192 -12.241071 -5.320956 -0.000282 -0.217704 -0.313433 -0.074995,
 -5.474370 -0.540551 -5.274536 -12.368637 -0.055862 -0.023516 -0.061608 -0.225341,
