Low-band skewness and kurtosis
 -11.337202 144.939682,
 -6.913721 56.763023,
 -3.831099 21.329508,
 -0.318242 5.538252,

High-band variance
 17.661402,

Skewness, kurtosis, variance, mean, maximum and minimum of the reconstructed texture
 -11.444407 138.381653 328.540009 253.297119 255.000000 0.000000,

Auto-correlations of the low-frequency bands at each scale
 7.659851 4.416158 5.057068 6.046998 1.851146 -1.505820 -0.193101 0.702519 15.355966 56.806549 81.829330 55.989216 13.373210 -3.031455 -0.404908 54.561169 164.938873 226.575195 164.697708 53.936886 -1.773426 0.789463 78.760849 225.586029 306.110260 225.586029 78.760857 0.789463 -1.773426 53.936874 164.697708 226.575226 164.938873 54.561169 -0.404909 -3.031455 13.373208 55.989227 81.829330 56.806549 15.355966 0.702519 -0.193101 -1.505820 1.851147 6.046999 5.057068 4.416159 7.659851,
 5.828533 5.922207 3.282660 -1.435216 -5.354311 -0.907352 6.420242 1.702390 -4.578733 4.853554 11.826604 -5.585326 -13.880216 0.672844 -7.182291 -4.184347 56.272583 100.461014 50.669788 -8.974216 -7.039945 -10.042848 2.139834 96.743759 165.498871 96.743767 2.139834 -10.042848 -7.039945 -8.974216 50.669785 100.461021 56.272591 -4.184347 -7.182291 0.672844 -13.880214 -5.585325 11.826604 4.853555 -4.578733 1.702390 6.420242 -0.907351 -5.354311 -1.435216 3.282661 5.922207 5.828533,
 3.316669 0.640462 -1.675083 -1.878602 0.213947 4.076067 4.984438 2.553736 -4.112378 -1.979605 1.551607 -2.502339 -2.115109 4.255439 -0.034741 -4.165224 16.261145 32.441792 14.133260 -4.313124 0.786388 -1.263191 -2.434834 29.766890 55.432507 29.766890 -2.434834 -1.263191 0.786388 -4.313124 14.133260 32.441788 16.261147 -4.165224 -0.034741 4.255439 -2.115109 -2.502339 1.551607 -1.979605 -4.112377 2.553735 4.984438 4.076067 0.213947 -1.878602 -1.675084 0.640462 3.316669,
 0.941703 1.481254 1.420864 1.100393 1.146678 1.111715 0.705769 0.983289 0.600468 0.342236 0.262273 0.151195 0.414325 0.423114 0.531476 0.262784 2.173792 3.861496 2.098024 0.235456 0.085625 0.080784 0.520090 4.208825 7.171055 4.208826 0.520090 0.080784 0.085625 0.235456 2.098023 3.861496 2.173793 0.262784 0.531476 0.423114 0.414325 0.151195 0.262273 0.342236 0.600468 0.983289 0.705769 1.111715 1.146678 1.100393 1.420864 1.481254 0.941703,

Auto-correlations of the modulus of each oriented sub-band
 15.686270 17.259129 18.176422 18.281178 17.545946 16.122644 14.259456 25.208658 29.294395 32.076698 32.932495 31.634834 28.508251 24.239878 35.485043 42.521755 47.519817 49.267784 47.275105 42.088261 34.959518 39.895954 48.326721 54.430378 56.684200 54.430378 48.326729 39.895950 34.959518 42.088261 47.275112 49.267784 47.519817 42.521755 35.485046 24.239878 28.508251 31.634834 32.932495 32.076694 29.294395 25.208656 14.259455 16.122644 17.545946 18.281178 18.176420 17.259130 15.686268,
 30.709278 35.757416 35.895412 30.762672 22.504181 14.267331 8.176578 34.768330 43.857143 47.580185 43.905899 34.346382 22.956369 13.467334 34.222782 46.895100 55.253880 55.298534 46.801540 33.669720 20.964380 28.881828 42.970707 55.051884 59.886261 55.051880 42.970707 28.881828 20.964380 33.669716 46.801540 55.298534 55.253872 46.895100 34.222778 13.467335 22.956367 34.346386 43.905899 47.580177 43.857143 34.768330 8.176578 14.267331 22.504179 30.762672 35.895412 35.757416 30.709276,
 15.329624 26.018892 36.745777 40.984581 35.502533 24.005159 13.129775 16.455561 29.609354 43.304653 49.034805 42.388927 28.125078 14.814886 17.030832 31.999037 47.941162 54.880936 47.454124 31.211927 16.155807 16.938969 32.607143 49.483940 57.042950 49.483940 32.607143 16.938965 16.155809 31.211926 47.454124 54.880939 47.941162 31.999037 17.030830 14.814885 28.125074 42.388927 49.034794 43.304649 29.609356 16.455561 13.129775 24.005161 35.502541 40.984581 36.745777 26.018892 15.329622,
 10.546967 15.645578 22.581964 29.716915 34.232910 33.989281 29.177534 14.922276 23.356394 33.679718 42.520035 45.966118 42.371231 33.622944 21.495174 33.281998 45.673599 53.802368 53.775600 45.686401 33.488739 28.673391 42.071983 53.701172 58.377083 53.701172 42.071991 28.673391 33.488743 45.686394 53.775600 53.802372 45.673599 33.282001 21.495171 33.622944 42.371227 45.966118 42.520035 33.679714 23.356394 14.922274 29.177534 33.989281 34.232910 29.716917 22.581964 15.645578 10.546968,
 9.720994 11.211052 12.421107 12.905255 12.529695 11.559700 10.406917 16.364550 21.024750 24.935070 26.517942 25.066217 21.308378 16.791264 24.844889 34.175068 42.121807 45.410576 42.467121 34.695900 25.336611 29.377298 41.173794 51.151722 55.136246 51.151730 41.173794 29.377298 25.336611 34.695896 42.467121 45.410576 42.121807 34.175068 24.844889 16.791265 21.308374 25.066214 26.517942 24.935070 21.024750 16.364548 10.406918 11.559700 12.529695 12.905255 12.421108 11.211052 9.720992,
 15.587979 19.936079 20.407812 16.247231 10.346153 6.174258 4.674208 19.524574 28.721849 33.343361 29.499769 19.808130 10.667591 5.860588 19.549530 33.041130 44.004208 44.357136 33.491405 19.294371 9.478935 15.125889 28.909693 44.278767 51.277924 44.278774 28.909693 15.125888 9.478935 19.294369 33.491402 44.357140 44.004211 33.041138 19.549530 5.860588 10.667590 19.808126 29.499769 33.343361 28.721849 19.524572 4.674208 6.174258 10.346152 16.247231 20.407814 19.936079 15.587979,
 6.875990 13.616575 22.842747 27.528511 22.934320 13.807880 7.634261 8.007345 17.790497 31.502914 38.526546 31.565693 17.767248 8.356106 8.865055 21.179359 38.771866 47.822796 38.824947 21.118685 8.976197 9.210078 22.483217 41.694077 51.547745 41.694077 22.483219 9.210078 8.976198 21.118683 38.824947 47.822788 38.771870 21.179359 8.865053 8.356105 17.767248 31.565689 38.526554 31.502914 17.790497 8.007345 7.634261 13.807879 22.934320 27.528511 22.842747 13.616575 6.875989,
 4.686010 7.771782 13.159938 19.282888 23.019844 22.218246 17.892630 7.316526 13.710916 23.562645 32.949963 36.153996 31.168598 21.904242 11.962543 22.968649 37.493454 48.018223 47.230160 35.983788 22.200865 17.934504 32.405678 47.983238 54.968018 47.983246 32.405678 17.934504 22.200863 35.983788 47.230156 48.018223 37.493458 22.968649 11.962543 21.904240 31.168594 36.153996 32.949963 23.562645 13.710914 7.316526 17.892630 22.218246 23.019842 19.282888 13.159939 7.771783 4.686010,
 3.967774 4.357781 4.679168 4.906709 5.005011 4.978388 4.859251 5.754392 6.983726 8.025717 8.447629 8.057937 7.105318 6.051288 8.486324 11.299339 13.761366 14.663106 13.484143 10.924026 8.195662 9.641049 13.359663 16.784138 18.237333 16.784138 13.359661 9.641049 8.195663 10.924027 13.484141 14.663106 13.761366 11.299338 8.486324 6.051288 7.105318 8.057937 8.447629 8.025716 6.983725 5.754391 4.859251 4.978389 5.005011 4.906708 4.679168 4.357780 3.967774,
 5.146807 6.030060 6.120555 5.384990 4.563011 4.176743 4.005706 6.190306 8.364726 9.508443 8.551073 6.372787 4.676456 3.985646 6.376185 9.799278 12.887970 12.999357 9.944166 6.401129 4.375053 5.436672 8.802912 13.147613 15.305003 13.147614 8.802911 5.436672 4.375053 6.401129 9.944166 12.999355 12.887970 9.799278 6.376185 3.985646 4.676456 6.372787 8.551071 9.508443 8.364726 6.190305 4.005706 4.176744 4.563011 5.384989 6.120555 6.030060 5.146807,
 3.624480 4.451172 6.286638 7.513210 6.679240 4.940821 3.773349 3.609367 5.113254 8.417183 10.504226 8.734926 5.525370 3.712143 3.635578 5.812597 10.487751 13.400660 10.664608 6.037440 3.668295 3.655605 6.181854 11.421752 14.657850 11.421752 6.181854 3.655605 3.668295 6.037440 10.664608 13.400661 10.487751 5.812597 3.635578 3.712142 5.525370 8.734926 10.504225 8.417183 5.113253 3.609367 3.773348 4.940821 6.679240 7.513210 6.286638 4.451172 3.624480,
 4.428063 4.341896 4.840408 6.277925 7.612313 7.703598 6.759662 4.659318 5.294663 7.421199 10.323914 11.608170 10.214442 7.693795 5.363926 7.554902 11.722917 15.371831 15.188853 11.524548 7.673013 6.601487 10.313142 15.322099 17.849442 15.322101 10.313142 6.601488 7.673013 11.524550 15.188853 15.371829 11.722917 7.554900 5.363926 7.693794 10.214443 11.608170 10.323913 7.421199 5.294662 4.659318 6.759662 7.703599 7.612313 6.277924 4.840408 4.341895 4.428063,

Pairwise cross-correlations of the modulus of all oriented sub-bands at the same scale (size QxQ)
 56.684216 52.608650 45.281670 51.856255,
 52.608650 59.886257 53.021484 50.081055,
 45.281670 53.021484 57.042961 52.305168,
 51.856255 50.081055 52.305168 58.377060,
 55.136238 48.464012 45.984478 50.862713,
 48.464012 51.277912 47.250576 45.125046,
 45.984478 47.250576 51.547745 48.721943,
 50.862713 45.125046 48.721943 54.968033,

Cross-correlations of the modulus of all oriented sub-bands with all oriented sub-bands at the coarser scale (size QxQ)
 50.559528 45.501144 42.297131 47.216404,
 48.755856 50.562500 47.566250 45.872410,
 43.963795 45.460522 49.134239 47.170010,
 48.836479 43.892879 47.341038 52.043606,
 25.570433 22.167410 20.214195 23.904541,
 22.692503 22.014845 20.441212 21.398619,
 21.693235 20.944969 21.347553 22.377439,
 24.139530 20.960993 21.542171 25.264503,

Cross-correlations of the real part of each oriented sub-band with both the real and imaginary part of all phase-doubled oriented sub-bands at the next coarser scale (Q matrices of size 1x2Q, which are computed and stored in a matrix of size Qx2Q)
 -22.148272 -9.187919 -0.732529 -10.257713 0.119424 0.065043 0.065563 0.015794,
 -9.270155 -21.225033 -8.653270 -0.745062 0.045865 -0.059525 -0.024607 -0.004507,
 -0.759966 -9.030774 -20.034861 -9.493095 -0.001955 -0.075132 -0.151832 0.014972,
 -9.952184 -0.715649 -8.778594 -22.932449 0.052229 0.020784 -0.014377 0.048678,
 -14.299264 -5.395304 -0.463757 -6.403081 -0.014336 -0.054303 0.022509 -0.110543,
 -5.772737 -11.516011 -4.715213 -0.509428 -0.082580 -0.164227 -0.098209 -0.005632,
 -0.517028 -4.774611 -11.196878 -5.463655 -0.003396 -0.055601 -0.143786 0.035022,
 -6.611442 -0.476227 -5.161434 -13.607227 0.089625 0.005718 0.051212 -0.068933,
