Low-band skewness and kurtosis
 -11.368211 145.655151,
 -7.015403 58.882389,
 -4.025361 22.816963,
 -1.018587 10.635559,

High-band variance
 17.337475,

Skewness, kurtosis, variance, mean, maximum and minimum of the reconstructed texture
 -11.461233 138.820358 326.938446 253.303299 255.000000 0.000000,

Auto-correlations of the low-frequency bands at each scale
 6.626570 1.714402 5.071252 11.192991 9.740033 5.563208 5.889371 1.345819 13.915763 56.010956 84.073608 60.219368 17.220640 0.311598 2.534705 54.838634 163.633698 226.054001 165.956696 56.781734 2.311639 5.687108 81.121086 225.309906 304.825989 225.309906 81.121094 5.687108 2.311639 56.781727 165.956696 226.054001 163.633698 54.838638 2.534704 0.311597 17.220638 60.219368 84.073608 56.010956 13.915764 1.345819 5.889371 5.563208 9.740034 11.192991 5.071252 1.714402 6.626570,
 13.027464 4.337162 -6.338032 -5.308599 0.596699 4.449021 6.279415 11.060430 -3.565720 -2.295335 10.272865 2.974720 -5.236427 4.200782 -0.863769 -0.873382 55.013046 101.511055 57.039013 -2.967098 -4.813294 -8.209846 5.402355 98.905144 166.493576 98.905159 5.402355 -8.209846 -4.813294 -2.967098 57.039005 101.511055 55.013046 -0.873382 -0.863769 4.200783 -5.236428 2.974720 10.272865 -2.295336 -3.565720 11.060430 6.279415 4.449021 0.596699 -5.308599 -6.338033 4.337162 13.027464,
 3.446483 2.555138 0.883268 0.269911 1.317206 4.480474 5.355360 3.625017 -0.612720 0.190686 2.585800 -0.682202 -0.226603 3.744035 2.504608 -0.166977 17.622311 32.824890 17.364943 0.524588 2.512662 2.454196 3.164363 32.718910 56.192574 32.718910 3.164363 2.454196 2.512662 0.524588 17.364943 32.824890 17.622311 -0.166977 2.504609 3.744035 -0.226603 -0.682202 2.585800 0.190685 -0.612720 3.625017 5.355359 4.480474 1.317205 0.269911 0.883268 2.555138 3.446483,
 1.382487 0.696522 -0.090453 0.116323 0.913328 1.248648 1.006928 1.107136 0.086487 -0.273468 0.588477 0.954770 0.764426 0.740451 0.346312 -0.108255 2.209396 4.737874 3.202983 0.725648 0.591257 0.290569 0.564631 4.726530 7.927344 4.726530 0.564631 0.290569 0.591256 0.725648 3.202983 4.737874 2.209397 -0.108255 0.346312 0.740451 0.764426 0.954770 0.588477 -0.273468 0.086487 1.107136 1.006928 1.248648 0.913328 0.116323 -0.090453 0.696522 1.382487,

Auto-correlations of the modulus of each oriented sub-band
 17.073793 18.693878 19.842218 20.303926 19.961439 18.879021 17.258184 26.262781 30.390577 33.358330 34.490582 33.490486 30.630709 26.578445 36.288330 43.268223 48.329094 50.225143 48.422352 43.451065 36.548286 40.918869 49.179527 55.183102 57.408684 55.183102 49.179535 40.918869 36.548286 43.451065 48.422356 50.225143 48.329090 43.268227 36.288330 26.578445 30.630709 33.490486 34.490582 33.358330 30.390581 26.262783 17.258184 18.879021 19.961439 20.303926 19.842218 18.693878 17.073790,
 30.858173 34.946480 34.700726 29.953550 22.858917 16.199783 11.509273 35.023407 43.099102 46.263809 42.624290 33.855179 23.889780 15.945491 34.599133 46.166660 53.888996 53.766972 45.693024 33.680927 22.487436 29.643778 42.413769 53.695450 58.303417 53.695450 42.413769 29.643776 22.487438 33.680927 45.693024 53.766972 53.889000 46.166668 34.599129 15.945489 23.889780 33.855179 42.624287 46.263805 43.099102 35.023407 11.509274 16.199783 22.858917 29.953550 34.700726 34.946480 30.858175,
 15.989923 25.761827 36.349812 41.230316 36.878040 26.485447 16.262920 17.616211 29.902636 43.273716 49.320873 43.546368 30.306700 17.735868 18.708466 32.836899 48.259216 55.190716 48.348351 32.998882 18.741974 19.101149 33.942554 50.102394 57.361961 50.102394 33.942558 19.101149 18.741972 32.998878 48.348351 55.190716 48.259216 32.836899 18.708462 17.735868 30.306700 43.546368 49.320873 43.273716 29.902641 17.616209 16.262920 26.485447 36.878040 41.230316 36.349808 25.761831 15.989921,
 10.922276 15.490386 22.172333 29.259697 33.869732 33.809723 29.340061 15.287928 23.053291 32.898163 41.520302 44.980358 41.620991 33.438301 21.736994 32.716282 44.557091 52.480679 52.507133 44.777012 33.326462 28.716370 41.287895 52.445568 57.005497 52.445568 41.287899 28.716370 33.326462 44.777008 52.507141 52.480679 44.557091 32.716282 21.736990 33.438297 41.620991 44.980354 41.520302 32.898163 23.053297 15.287927 29.340065 33.809723 33.869732 29.259697 22.172331 15.490389 10.922276,
 11.732717 12.869884 13.736653 14.147499 14.011763 13.445872 12.637487 17.984154 22.214125 25.673325 27.075537 25.874334 22.777201 19.073156 25.681898 34.545612 42.150719 45.225826 42.303513 35.015049 26.593592 29.792772 40.905357 50.657722 54.649143 50.657722 40.905357 29.792772 26.593592 35.015045 42.303509 45.225826 42.150719 34.545609 25.681900 19.073156 22.777201 25.874329 27.075533 25.673328 22.214125 17.984154 12.637487 13.445869 14.011762 14.147499 13.736655 12.869884 11.732717,
 19.717550 23.599064 23.991270 20.398777 15.224161 11.297623 9.536623 23.918758 32.707169 37.049225 33.533520 24.675373 16.218264 11.575382 24.071983 37.207848 47.807213 48.230057 37.994335 24.544617 15.133759 20.140276 33.512684 48.298012 55.017090 48.298016 33.512684 20.140276 15.133759 24.544617 37.994335 48.230057 47.807217 37.207851 24.071981 11.575382 16.218264 24.675369 33.533516 37.049229 32.707165 23.918764 9.536624 11.297623 15.224158 20.398777 23.991272 23.599064 19.717550,
 10.423890 15.654289 23.190508 27.376823 23.475895 15.618371 10.297129 11.785344 19.613800 31.282364 37.716091 31.511295 19.407362 11.384237 12.670505 22.867968 38.330467 46.780632 38.440029 22.681526 12.351635 12.864449 24.081322 41.228157 50.508801 41.228157 24.081322 12.864449 12.351636 22.681526 38.440022 46.780632 38.330463 22.867968 12.670502 11.384238 19.407360 31.511295 37.716091 31.282368 19.613800 11.785344 10.297130 15.618370 23.475895 27.376823 23.190514 15.654292 10.423890,
 9.080571 11.364106 15.396677 20.483358 23.777483 22.872995 18.705490 11.454291 16.454123 24.768593 33.221004 36.187405 31.503254 22.973890 15.523388 24.844025 37.717220 47.321815 46.577721 36.283985 23.893970 20.609659 33.352135 47.383980 53.771313 47.383984 33.352135 20.609659 23.893970 36.283985 46.577713 47.321812 37.717224 24.844025 15.523388 22.973892 31.503248 36.187397 33.221004 24.768593 16.454123 11.454291 18.705490 22.872995 23.777483 20.483358 15.396677 11.364108 9.080572,
 4.459446 4.659201 4.949790 5.229194 5.379348 5.407773 5.386458 5.935849 6.932365 7.860267 8.280384 7.939880 7.069443 6.145131 7.941228 10.395087 12.639980 13.539339 12.516553 10.192034 7.742976 8.889056 12.207593 15.332677 16.666447 15.332677 12.207592 8.889055 7.742977 10.192035 12.516554 13.539339 12.639980 10.395086 7.941228 6.145131 7.069443 7.939880 8.280384 7.860265 6.932365 5.935849 5.386458 5.407773 5.379347 5.229194 4.949790 4.659201 4.459446,
 5.895814 6.629319 6.656260 5.877226 4.983300 4.528667 4.513019 7.098088 9.163737 10.323262 9.391665 7.238053 5.546617 4.854587 7.322304 10.613648 13.722985 13.890568 10.866287 7.429522 5.476637 6.480326 9.696165 13.975463 16.172827 13.975461 9.696165 6.480326 5.476637 7.429521 10.866287 13.890568 13.722983 10.613648 7.322304 4.854587 5.546617 7.238053 9.391665 10.323262 9.163737 7.098088 4.513019 4.528666 4.983300 5.877226 6.656260 6.629319 5.895814,
 4.402758 5.312842 7.207431 8.557253 7.909081 6.368389 5.233614 4.785481 6.550860 9.867736 11.999192 10.438279 7.329772 5.326797 5.091386 7.697986 12.341583 15.160910 12.659290 8.101111 5.343319 5.277223 8.291759 13.477747 16.500269 13.477747 8.291759 5.277223 5.343319 8.101111 12.659292 15.160910 12.341583 7.697985 5.091386 5.326797 7.329772 10.438279 11.999190 9.867736 6.550860 4.785481 5.233614 6.368389 7.909080 8.557254 7.207431 5.312841 4.402758,
 3.875879 4.181360 4.998744 6.350231 7.462888 7.398935 6.381994 4.281146 5.356672 7.483984 10.002343 10.949090 9.403589 6.898847 5.030839 7.403690 11.286366 14.552664 14.170813 10.554258 6.844024 6.054243 9.656632 14.389565 16.821110 14.389565 9.656632 6.054243 6.844023 10.554258 14.170812 14.552664 11.286366 7.403690 5.030838 6.898847 9.403589 10.949090 10.002343 7.483983 5.356672 4.281146 6.381995 7.398935 7.462887 6.350231 4.998744 4.181360 3.875879,

Pairwise cross-correlations of the modulus of all oriented sub-bands at the same scale (size QxQ)
 57.408695 52.361057 45.903992 51.524757,
 52.361057 58.303444 52.135113 48.996056,
 45.903992 52.135113 57.361973 51.884350,
 51.524757 48.996056 51.884350 57.005516,
 54.649139 50.297523 44.066990 49.093445,
 50.297523 55.017059 47.738094 47.105263,
 44.066990 47.738094 50.508789 48.031509,
 49.093445 47.105263 48.031509 53.771313,

Cross-correlations of the modulus of all oriented sub-bands with all oriented sub-bands at the coarser scale (size QxQ)
 50.322105 47.613529 41.756821 46.898811,
 48.197495 51.266972 45.934891 45.643185,
 43.449043 46.854244 48.267155 47.032478,
 47.223839 44.864986 45.471539 50.259777,
 24.038164 22.456411 21.354086 22.675602,
 23.009974 23.507517 22.456057 21.794029,
 20.603300 21.189953 22.634497 21.912811,
 22.718426 21.027908 22.679579 24.014765,

Cross-correlations of the real part of each oriented sub-band with both the real and imaginary part of all phase-doubled oriented sub-bands at the next coarser scale (Q matrices of size 1x2Q, which are computed and stored in a matrix of size Qx2Q)
 -21.645752 -10.009539 -0.761377 -8.983079 0.019591 0.027442 -0.029125 0.133918,
 -9.728694 -22.091169 -8.693131 -0.804191 0.045564 0.018763 -0.041655 0.009417,
 -0.768610 -9.115939 -20.046976 -8.987148 0.009516 -0.028427 0.022464 0.073990,
 -9.053010 -0.773080 -8.780390 -20.637798 -0.083397 0.000357 0.007820 0.266998,
 -11.331309 -5.033051 -0.503201 -5.063745 -0.102496 0.035912 -0.027976 -0.002841,
 -4.989641 -11.184543 -4.805035 -0.467828 0.007590 -0.145640 0.024121 -0.007088,
 -0.453479 -4.891675 -11.009418 -5.173584 0.017693 -0.167842 0.049168 -0.096507,
 -4.913194 -0.464494 -5.046134 -11.810138 -0.041897 -0.025364 -0.077077 -0.122374,
