Low-band skewness and kurtosis
 -11.285745 143.764984,
 -6.773897 53.656292,
 -3.632692 18.351137,
 -0.963445 6.648436,

High-band variance
 17.531330,

Skewness, kurtosis, variance, mean, maximum and minimum of the reconstructed texture
 -11.382019 136.984329 330.526520 253.281113 255.000000 0.000000,

Auto-correlations of the low-frequency bands at each scale
 1.094572 -2.413612 -0.899369 1.971931 -0.715861 -3.093324 0.190641 -2.389821 11.710474 53.066872 78.610725 53.039200 11.501240 -1.557662 1.357563 54.772667 164.638443 226.541870 164.497269 54.875656 2.832875 6.128133 81.357330 227.349731 308.160187 227.349731 81.357338 6.128133 2.832875 54.875656 164.497269 226.541840 164.638443 54.772667 1.357563 -1.557662 11.501238 53.039200 78.610725 53.066872 11.710474 -2.389821 0.190641 -3.093323 -0.715859 1.971931 -0.899369 -2.413612 1.094573,
 5.606163 2.282767 -4.118385 -7.607866 -6.260775 1.282167 8.591940 1.295126 -10.795468 -5.007333 4.878395 -5.403533 -9.238873 4.809452 -4.839180 -6.183422 52.134541 98.033020 52.780323 -4.513093 -4.426713 -7.092122 4.934996 98.582878 166.389572 98.582878 4.934996 -7.092122 -4.426713 -4.513093 52.780323 98.033012 52.134544 -6.183422 -4.839180 4.809451 -9.238873 -5.403533 4.878395 -5.007334 -10.795467 1.295126 8.591940 1.282167 -6.260775 -7.607865 -4.118384 2.282767 5.606162,
 4.248246 4.468103 0.029706 -2.190053 0.231786 3.999647 5.321218 3.234904 -1.803602 -3.437501 -0.750609 -1.740755 -0.453104 4.655471 1.717706 -1.633512 14.180981 29.371670 15.643479 -0.532334 1.697310 0.625678 1.686993 30.282486 52.907017 30.282486 1.686993 0.625678 1.697310 -0.532334 15.643479 29.371668 14.180981 -1.633512 1.717707 4.655472 -0.453104 -1.740755 -0.750609 -3.437501 -1.803602 3.234904 5.321218 3.999647 0.231787 -2.190053 0.029706 4.468103 4.248246,
 0.534304 0.356739 0.453784 0.651170 1.129298 1.595804 1.335745 0.217437 -0.379346 0.090767 0.941751 0.870890 0.704288 0.732034 0.504041 0.304592 2.547059 4.653894 2.934417 0.588103 0.246458 0.618098 1.152696 4.791675 7.598638 4.791675 1.152696 0.618098 0.246458 0.588103 2.934416 4.653894 2.547059 0.304593 0.504041 0.732034 0.704288 0.870890 0.941750 0.090767 -0.379346 0.217437 1.335745 1.595804 1.129298 0.651170 0.453784 0.356739 0.534304,

Auto-correlations of the modulus of each oriented sub-band
 14.446125 15.996840 17.108307 17.592995 17.363258 16.499775 15.175987 24.943295 29.000454 31.937698 33.099628 32.195297 29.470419 25.542187 36.188107 43.145485 48.189018 50.107239 48.374630 43.463623 36.554855 41.318691 49.603001 55.580185 57.780071 55.580185 49.603001 41.318684 36.554863 43.463623 48.374630 50.107239 48.189011 43.145489 36.188107 25.542187 29.470419 32.195297 33.099628 31.937700 29.000456 24.943295 15.175989 16.499773 17.363258 17.592995 17.108307 15.996841 14.446125,
 29.196737 33.923702 33.864880 28.780970 21.085802 13.919802 9.071550 33.666447 42.469376 46.019585 42.174374 32.798283 22.193674 13.907799 33.432655 45.729008 54.022133 53.936794 45.357708 32.637550 20.918242 28.413345 41.846321 53.808205 58.714954 53.808205 41.846321 28.413345 20.918242 32.637547 45.357716 53.936802 54.022129 45.729008 33.432655 13.907799 22.193674 32.798290 42.174374 46.019585 42.469379 33.666443 9.071550 13.919802 21.085802 28.780970 33.864880 33.923710 29.196737,
 15.087332 25.686180 36.784405 41.719948 36.829842 25.646864 15.062528 16.810074 30.020626 44.085205 50.350357 44.098244 29.974901 16.806334 18.003763 33.095291 49.335163 56.585144 49.327938 33.060852 18.006874 18.438259 34.203579 51.257458 58.884991 51.257446 34.203583 18.438257 18.006874 33.060848 49.327927 56.585144 49.335163 33.095295 18.003765 16.806334 29.974897 44.098244 50.350357 44.085205 30.020632 16.810072 15.062530 25.646864 36.829842 41.719948 36.784405 25.686180 15.087331,
 8.700425 13.951318 21.366194 29.103706 34.135948 34.243359 29.780207 13.986007 22.607756 33.319649 42.614574 46.371052 42.923313 34.407902 21.417412 33.313915 45.986752 54.420361 54.477112 46.355869 34.270271 29.181973 42.582600 54.385155 59.198605 54.385151 42.582600 29.181973 34.270271 46.355869 54.477116 54.420361 45.986752 33.313915 21.417410 34.407902 42.923313 46.371052 42.614574 33.319649 22.607759 13.986007 29.780209 34.243359 34.135948 29.103706 21.366198 13.951318 8.700423,
 8.969181 9.777180 10.686584 11.381202 11.599769 11.384971 10.959787 15.675928 19.710215 23.325655 25.047787 24.098888 21.054043 17.277082 24.798513 33.667061 41.294605 44.472431 41.672832 34.339748 25.580816 29.572821 40.915688 50.558216 54.431194 50.558224 40.915688 29.572817 25.580820 34.339748 41.672832 44.472431 41.294613 33.667057 24.798513 17.277082 21.054043 24.098888 25.047787 23.325655 19.710213 15.675928 10.959787 11.384971 11.599769 11.381202 10.686584 9.777180 8.969180,
 17.010313 21.061104 21.547037 17.813389 12.717748 9.328238 8.136127 21.827013 30.610380 35.180859 31.656153 22.628502 14.225156 9.771215 22.937689 35.926624 46.691566 47.188988 36.790985 23.194284 13.762655 19.286791 32.583214 47.504906 54.319717 47.504913 32.583214 19.286787 13.762654 23.194284 36.790981 47.188995 46.691566 35.926624 22.937689 9.771215 14.225156 22.628498 31.656153 35.180862 30.610380 21.827013 8.136127 9.328239 12.717749 17.813389 21.547037 21.061104 17.010309,
 9.753460 15.343070 23.918133 28.393970 24.090401 15.860498 10.563832 11.052767 19.979738 33.486977 40.419716 33.481709 20.349680 11.815069 12.264664 23.956430 41.614971 50.723827 41.544647 24.142096 12.719519 12.913548 25.602808 44.823246 54.876678 44.823250 25.602812 12.913550 12.719519 24.142096 41.544647 50.723827 41.614975 23.956430 12.264664 11.815069 20.349680 33.481705 40.419716 33.486980 19.979738 11.052767 10.563832 15.860498 24.090401 28.393970 23.918133 15.343070 9.753459,
 6.541325 7.897862 11.735764 17.403442 21.736248 22.014837 18.936003 8.706157 13.252396 21.998699 31.509148 35.505085 31.473471 23.323578 13.150352 22.627203 36.527302 47.296856 46.952717 36.327579 23.586208 19.179195 32.463013 47.548828 54.516418 47.548836 32.463013 19.179195 23.586208 36.327579 46.952713 47.296856 36.527302 22.627201 13.150354 23.323578 31.473467 35.505085 31.509146 21.998701 13.252395 8.706157 18.936005 22.014837 21.736246 17.403442 11.735764 7.897861 6.541325,
 4.263181 4.657913 4.941662 5.054293 5.012993 4.887603 4.710153 5.431837 6.420662 7.251072 7.591071 7.296103 6.556929 5.694211 7.322104 9.574000 11.634246 12.491098 11.610749 9.544564 7.324987 8.296575 11.323627 14.208253 15.458986 14.208253 11.323626 8.296575 7.324987 9.544565 11.610750 12.491097 11.634246 9.573999 7.322104 5.694211 6.556929 7.296103 7.591070 7.251071 6.420662 5.431836 4.710153 4.887603 5.012993 5.054292 4.941662 4.657913 4.263181,
 5.724723 6.978534 7.224847 6.289704 5.135034 4.470664 4.183531 6.946534 9.389405 10.738138 9.677011 7.244392 5.307278 4.336108 7.214983 10.787942 14.043119 14.164778 10.949151 7.282522 5.010622 6.254955 9.767895 14.205359 16.471155 14.205358 9.767893 6.254955 5.010623 7.282522 10.949152 14.164777 14.043119 10.787942 7.214982 4.336108 5.307278 7.244392 9.677010 10.738138 9.389405 6.946534 4.183531 4.470664 5.135034 6.289703 7.224847 6.978535 5.724722,
 4.386340 5.821221 7.615937 8.420738 7.452140 5.955544 5.119083 4.984636 6.998507 10.177180 11.875627 10.051491 7.135879 5.583163 5.528389 8.033873 12.508292 15.124804 12.441526 8.127945 5.871368 5.860038 8.490630 13.456660 16.516901 13.456660 8.490630 5.860039 5.871368 8.127944 12.441528 15.124804 12.508290 8.033873 5.528389 5.583163 7.135879 10.051493 11.875625 10.177180 6.998506 4.984636 5.119082 5.955544 7.452140 8.420738 7.615936 5.821220 4.386340,
 3.877064 4.376559 5.155357 6.218754 7.034308 7.029891 6.319209 4.529461 5.396686 7.180750 9.398065 10.362822 9.236440 7.134305 5.353033 7.232647 10.628251 13.665977 13.519737 10.418379 7.160628 6.366186 9.439009 13.671049 15.867522 13.671046 9.439009 6.366186 7.160628 10.418379 13.519736 13.665977 10.628251 7.232646 5.353033 7.134305 9.236440 10.362821 9.398065 7.180749 5.396686 4.529461 6.319209 7.029892 7.034308 6.218754 5.155357 4.376558 3.877064,

Pairwise cross-correlations of the modulus of all oriented sub-bands at the same scale (size QxQ)
 57.780067 52.424351 46.446384 52.871212,
 52.424351 58.714954 53.056343 50.023346,
 46.446384 53.056343 58.885017 53.355484,
 52.871212 50.023346 53.355484 59.198605,
 54.431183 50.130150 46.499866 50.207649,
 50.130150 54.319721 50.369568 47.267570,
 46.499866 50.369568 54.876678 50.200596,
 50.207649 47.267570 50.200596 54.516418,

Cross-correlations of the modulus of all oriented sub-bands with all oriented sub-bands at the coarser scale (size QxQ)
 50.671051 47.517227 44.202320 47.443478,
 48.176907 51.381363 48.482662 45.722767,
 44.005585 48.007717 51.621277 47.763378,
 48.376972 45.866138 48.668072 51.511734,
 22.487505 21.990303 21.351311 21.580534,
 21.800484 23.346191 22.889280 20.903168,
 20.742144 22.271641 23.857237 22.145872,
 21.728329 21.140699 22.743391 23.078302,

Cross-correlations of the real part of each oriented sub-band with both the real and imaginary part of all phase-doubled oriented sub-bands at the next coarser scale (Q matrices of size 1x2Q, which are computed and stored in a matrix of size Qx2Q)
 -22.143204 -9.764195 -0.735648 -9.898583 -0.095827 0.025923 -0.000777 0.025884,
 -9.541752 -22.713381 -9.636114 -0.788354 -0.003025 0.072550 -0.026832 -0.000105,
 -0.738821 -9.908049 -22.277594 -9.878774 0.000433 0.026189 -0.039394 -0.010392,
 -9.544565 -0.770844 -9.539371 -22.954058 -0.066332 -0.001274 0.001490 -0.018039,
 -11.431737 -5.369018 -0.532437 -5.229869 -0.194745 0.014260 0.018829 0.173526,
 -5.145872 -12.545624 -5.571455 -0.470045 -0.024549 0.121292 0.090889 -0.003088,
 -0.509106 -5.645005 -12.337288 -5.384096 -0.010736 0.110126 0.232661 -0.032360,
 -5.042050 -0.520890 -5.411465 -12.059484 -0.156584 0.021061 0.088274 0.151345,
