Low-band skewness and kurtosis
 -11.518519 149.531509,
 -7.155950 60.927116,
 -4.050693 22.615276,
 -0.904340 6.408601,

High-band variance
 17.109554,

Skewness, kurtosis, variance, mean, maximum and minimum of the reconstructed texture
 -11.592965 141.917526 321.445862 253.337555 255.000000 0.000000,

Auto-correlations of the low-frequency bands at each scale
 2.479959 3.047299 10.572442 14.975371 8.876206 2.659811 3.993553 -1.799923 14.306056 59.515045 86.377129 60.179974 17.589609 2.579969 -1.755474 51.711384 161.945053 223.879227 163.559631 55.676456 2.717929 1.807789 76.744072 220.604111 299.751801 220.604111 76.744087 1.807788 2.717930 55.676449 163.559631 223.879272 161.945053 51.711384 -1.755474 2.579969 17.589609 60.179974 86.377121 59.515041 14.306059 -1.799922 3.993553 2.659811 8.876206 14.975371 10.572444 3.047300 2.479959,
 8.412809 3.947558 -0.654382 -0.647404 -0.450987 2.458177 7.792786 3.764276 -6.888587 1.341310 14.126108 1.323987 -7.805363 5.388536 -4.583783 -3.949288 54.649467 101.502266 54.825230 -3.948916 -1.579619 -6.490235 4.342146 96.589516 164.387085 96.589523 4.342146 -6.490235 -1.579619 -3.948915 54.825222 101.502266 54.649467 -3.949288 -4.583783 5.388537 -7.805363 1.323988 14.126110 1.341310 -6.888587 3.764276 7.792786 2.458177 -0.450986 -0.647404 -0.654382 3.947559 8.412811,
 2.965462 3.925766 1.380967 -1.826761 -0.366192 4.401345 4.730258 4.334918 0.610805 0.987427 2.573469 -0.086953 1.400702 5.771908 2.426695 -0.509938 17.456203 33.027550 17.695335 1.155798 4.213945 1.938795 1.821585 31.570911 55.460613 31.570911 1.821584 1.938795 4.213945 1.155798 17.695335 33.027550 17.456203 -0.509938 2.426695 5.771908 1.400702 -0.086954 2.573469 0.987428 0.610804 4.334918 4.730258 4.401345 -0.366192 -1.826761 1.380967 3.925766 2.965462,
 0.551601 0.704843 0.662597 0.724126 1.480661 1.993858 1.372529 1.014082 0.172086 0.086831 0.415664 0.539736 0.994594 1.480914 1.109399 0.568297 2.686613 4.530519 2.601469 0.440404 0.732027 0.625212 0.837983 4.854887 7.948144 4.854887 0.837983 0.625212 0.732027 0.440405 2.601469 4.530518 2.686612 0.568297 1.109398 1.480914 0.994594 0.539736 0.415664 0.086831 0.172086 1.014082 1.372529 1.993858 1.480661 0.724126 0.662597 0.704842 0.551601,

Auto-correlations of the modulus of each oriented sub-band
 17.526234 19.228088 20.391842 20.806581 20.386354 19.244179 17.610792 27.014709 31.010078 33.812763 34.803387 33.732365 30.894409 26.941668 37.051796 43.770988 48.560455 50.272243 48.441227 43.583157 36.878288 41.404224 49.398685 55.178150 57.309628 55.178150 49.398685 41.404224 36.878288 43.583153 48.441227 50.272251 48.560455 43.770988 37.051796 26.941668 30.894405 33.732368 34.803387 33.812763 31.010078 27.014709 17.610792 19.244179 20.386356 20.806581 20.391842 19.228088 17.526234,
 29.472754 33.909302 34.116066 29.801256 22.880829 16.032204 10.974454 33.809429 41.888367 45.202400 41.917534 33.514515 23.640026 15.525480 33.817482 45.232414 52.809872 52.787106 45.054359 33.291790 22.095726 29.168896 41.828640 52.841469 57.287140 52.841469 41.828644 29.168892 22.095728 33.291786 45.054359 52.787106 52.809872 45.232414 33.817478 15.525480 23.640026 33.514519 41.917534 45.202396 41.888371 33.809425 10.974457 16.032202 22.880829 29.801258 34.116066 33.909306 29.472754,
 14.863554 24.419737 34.740112 39.292305 34.657677 24.300489 14.534945 16.108503 27.962626 41.008694 46.826611 40.919632 27.877087 15.912462 16.949646 30.464062 45.511517 52.309040 45.452858 30.416176 16.858107 17.224977 31.359674 47.143730 54.340935 47.143730 31.359678 17.224976 16.858107 30.416176 45.452858 52.309032 45.511520 30.464062 16.949646 15.912462 27.877087 40.919628 46.826618 41.008694 27.962626 16.108503 14.534946 24.300489 34.657677 39.292301 34.740112 24.419737 14.863553,
 10.909772 15.557438 22.108263 28.887978 33.180851 32.999817 28.591280 15.164159 22.871777 32.502975 40.827606 44.126308 40.849571 32.812000 21.402521 32.254597 43.853065 51.549557 51.592262 44.061028 32.755268 28.203016 40.634003 51.558102 55.982910 51.558102 40.634003 28.203016 32.755268 44.061031 51.592274 51.549557 43.853065 32.254597 21.402523 32.812004 40.849571 44.126308 40.827606 32.502975 22.871777 15.164157 28.591280 32.999817 33.180855 28.887978 22.108265 15.557439 10.909770,
 13.236521 14.687378 15.854177 16.443676 16.331781 15.663022 14.716943 18.988354 23.683037 27.688675 29.482267 28.351564 24.990936 20.880663 26.975468 36.287365 44.298279 47.651646 44.764202 37.252266 28.419317 31.539928 43.013626 52.920910 56.946335 52.920918 43.013630 31.539928 28.419313 37.252266 44.764202 47.651646 44.298279 36.287365 26.975468 20.880663 24.990936 28.351561 29.482267 27.688679 23.683033 18.988354 14.716943 15.663022 16.331778 16.443676 15.854179 14.687378 13.236521,
 18.067608 22.221992 22.931091 19.487518 14.513631 11.049692 9.873511 21.861053 30.546303 35.211449 32.086758 23.645094 15.770406 11.688094 22.455328 34.985508 45.547035 46.227390 36.371288 23.597620 14.947988 19.339434 31.852966 46.172474 52.821411 46.172474 31.852966 19.339434 14.947988 23.597620 36.371288 46.227390 45.547047 34.985508 22.455326 11.688096 15.770402 23.645094 32.086758 35.211449 30.546303 21.861053 9.873511 11.049689 14.513631 19.487520 22.931093 22.221992 18.067608,
 10.506565 15.904235 23.666019 27.696337 23.674953 15.972928 11.160055 11.492762 19.614685 31.651926 37.983845 31.801373 19.849678 12.109126 12.370996 22.794706 38.460701 46.740868 38.619202 22.996750 12.754991 12.860621 24.151966 41.261959 50.277302 41.261963 24.151970 12.860623 12.754992 22.996748 38.619202 46.740871 38.460701 22.794706 12.370997 12.109128 19.849678 31.801373 37.983841 31.651926 19.614687 11.492762 11.160055 15.972926 23.674950 27.696337 23.666019 15.904236 10.506565,
 9.410232 10.978393 14.681842 19.773937 23.285423 22.832451 19.233177 10.949575 15.481608 23.598948 32.058880 35.208149 30.942259 22.985176 14.671053 23.548098 36.198406 45.810192 45.241352 35.326294 23.529514 19.902557 32.104675 45.869240 52.206856 45.869244 32.104675 19.902555 23.529510 35.326294 45.241352 45.810188 36.198410 23.548098 14.671052 22.985176 30.942261 35.208149 32.058880 23.598946 15.481608 10.949573 19.233177 22.832451 23.285423 19.773937 14.681842 10.978392 9.410230,
 4.213751 4.667801 5.058232 5.337310 5.541613 5.731324 5.895967 5.973058 7.157435 8.124233 8.555029 8.416799 7.950296 7.389392 8.430757 11.005088 13.228108 14.097466 13.273675 11.373237 9.279408 9.957117 13.177049 16.131794 17.386627 16.131794 13.177048 9.957117 9.279408 11.373237 13.273677 14.097466 13.228108 11.005088 8.430757 7.389393 7.950296 8.416800 8.555029 8.124232 7.157435 5.973057 5.895967 5.731324 5.541614 5.337310 5.058231 4.667800 4.213751,
 5.429049 6.796723 7.301205 6.721522 5.922051 5.518075 5.295584 6.810159 9.330414 10.894894 10.196554 8.236055 6.735485 6.026860 7.610495 10.977395 14.200693 14.505581 11.726153 8.593283 6.821063 7.489645 10.504220 14.559559 16.640074 14.559559 10.504220 7.489645 6.821063 8.593284 11.726153 14.505584 14.200693 10.977393 7.610495 6.026861 6.735485 8.236055 10.196552 10.894894 9.330414 6.810158 5.295584 5.518075 5.922051 6.721522 7.301204 6.796723 5.429048,
 4.272423 5.261114 6.941377 7.983244 7.394942 6.171980 5.368051 5.004127 6.472752 9.247005 10.953502 9.544214 7.146885 5.864217 5.673470 7.555746 11.386700 13.801807 11.528849 7.915622 6.146947 6.093112 8.110477 12.330358 15.046049 12.330358 8.110476 6.093112 6.146948 7.915623 11.528850 13.801808 11.386698 7.555746 5.673470 5.864217 7.146885 9.544213 10.953502 9.247005 6.472751 5.004127 5.368051 6.171981 7.394942 7.983244 6.941376 5.261113 4.272423,
 3.448152 4.478678 5.664090 6.944883 7.816429 7.742895 7.061834 4.659899 6.098825 8.122869 10.409373 11.334811 10.152073 8.219875 6.204504 8.437885 11.842671 14.831307 14.640039 11.637022 8.585608 7.743408 10.835325 14.910569 17.067629 14.910569 10.835325 7.743408 8.585609 11.637022 14.640038 14.831307 11.842671 8.437885 6.204504 8.219875 10.152073 11.334810 10.409373 8.122869 6.098825 4.659899 7.061834 7.742895 7.816429 6.944883 5.664089 4.478678 3.448152,

Pairwise cross-correlations of the modulus of all oriented sub-bands at the same scale (size QxQ)
 57.309616 51.551434 44.594929 51.122711,
 51.551434 57.287140 50.301922 47.905384,
 44.594929 50.301922 54.340939 49.790993,
 51.122711 47.905384 49.790993 55.982933,
 56.946335 49.835567 45.088058 50.544407,
 49.835567 52.821407 47.533585 45.091858,
 45.088058 47.533585 50.277290 46.200176,
 50.544407 45.091858 46.200176 52.206860,

Cross-correlations of the modulus of all oriented sub-bands with all oriented sub-bands at the coarser scale (size QxQ)
 51.753704 46.757423 41.973557 46.534359,
 48.462978 50.134167 45.671562 43.727959,
 43.307858 44.645668 46.282288 44.115242,
 48.039429 43.857529 45.186733 48.769718,
 25.035858 23.290945 21.129524 23.457508,
 22.887190 23.460911 21.637245 21.311693,
 20.954309 21.480667 21.618206 21.464779,
 22.775496 21.140793 21.129345 23.006502,

Cross-correlations of the real part of each oriented sub-band with both the real and imaginary part of all phase-doubled oriented sub-bands at the next coarser scale (Q matrices of size 1x2Q, which are computed and stored in a matrix of size Qx2Q)
 -22.015175 -9.385650 -0.696007 -9.464158 -0.028431 0.029991 0.027914 0.025077,
 -9.390271 -21.026987 -8.325396 -0.836014 0.007020 -0.010972 0.005536 0.002872,
 -0.715368 -8.978567 -18.633371 -8.526272 0.005752 0.001360 -0.015239 -0.025828,
 -9.534959 -0.807832 -7.962409 -20.417850 -0.007629 0.024827 0.001763 0.021895,
 -11.884258 -4.951495 -0.535181 -5.236616 0.133243 -0.029395 0.003629 -0.139061,
 -5.069561 -11.005123 -4.800439 -0.411214 0.058068 -0.051182 -0.104211 -0.060683,
 -0.437590 -4.845186 -10.147921 -4.680596 0.017691 -0.012732 -0.195164 0.000320,
 -5.330351 -0.512654 -4.445960 -11.400764 0.049353 -0.006157 0.001158 -0.050818,
