Low-band skewness and kurtosis
 -11.287412 143.939575,
 -6.721144 53.525536,
 -3.438438 16.124889,
 -0.705477 5.273027,

High-band variance
 17.733667,

Skewness, kurtosis, variance, mean, maximum and minimum of the reconstructed texture
 -11.382019 136.984329 330.526520 253.281113 255.000000 0.000000,

Auto-correlations of the low-frequency bands at each scale
 0.121886 -3.123964 -0.977744 3.491478 3.208038 2.039953 3.459054 -5.454793 9.088649 51.793766 79.297005 55.869312 14.724457 -0.951033 -4.468969 50.495499 162.871201 226.548508 164.901337 53.576439 -1.619541 -1.048979 76.959358 225.978821 307.935425 225.978821 76.959381 -1.048978 -1.619541 53.576439 164.901306 226.548508 162.871185 50.495506 -4.468968 -0.951033 14.724454 55.869312 79.297005 51.793766 9.088649 -5.454793 3.459055 2.039953 3.208039 3.491479 -0.977745 -3.123964 0.121886,
 7.853216 0.789878 -6.659771 -8.659455 -5.531650 1.693580 4.848696 3.613588 -11.490748 -5.943179 5.663083 -3.513743 -8.802929 1.037964 -6.520641 -9.135116 50.411346 98.624825 53.380196 -5.921624 -7.623915 -11.524695 0.511557 96.068878 165.369507 96.068878 0.511557 -11.524693 -7.623914 -5.921623 53.380188 98.624825 50.411346 -9.135116 -6.520642 1.037964 -8.802928 -3.513742 5.663083 -5.943181 -11.490748 3.613588 4.848696 1.693580 -5.531648 -8.659455 -6.659772 0.789878 7.853215,
 3.739640 3.681644 0.105977 -2.540628 -1.579159 2.155438 4.676435 3.093693 -0.328893 -1.755972 -0.317501 -2.844776 -2.911952 1.691220 1.410969 -0.331017 14.849033 28.678064 13.657401 -3.885483 -1.860291 -1.200035 0.125742 28.566494 51.050930 28.566494 0.125742 -1.200035 -1.860291 -3.885483 13.657401 28.678066 14.849033 -0.331017 1.410969 1.691220 -2.911951 -2.844777 -0.317501 -1.755972 -0.328892 3.093693 4.676435 2.155438 -1.579159 -2.540628 0.105976 3.681644 3.739640,
 1.192653 1.100250 0.714821 0.632137 0.892504 1.022030 0.880365 1.284082 0.597320 0.234665 0.287604 -0.122431 -0.254661 0.309214 0.829127 0.733867 2.509521 3.985227 2.141860 0.046865 0.177423 0.491178 1.088326 4.573336 7.180183 4.573336 1.088326 0.491178 0.177423 0.046865 2.141860 3.985227 2.509521 0.733867 0.829127 0.309214 -0.254661 -0.122431 0.287604 0.234665 0.597320 1.284082 0.880365 1.022030 0.892504 0.632137 0.714821 1.100250 1.192652,

Auto-correlations of the modulus of each oriented sub-band
 14.915842 16.375862 17.427929 17.832586 17.451197 16.331839 14.646385 25.111780 29.181831 32.111328 33.206337 32.151741 29.194416 24.970856 36.061314 43.168396 48.282307 50.163460 48.288532 43.151638 35.964855 40.902069 49.434441 55.580074 57.839172 55.580078 49.434441 40.902065 35.964859 43.151634 48.288540 50.163460 48.282299 43.168396 36.061314 24.970856 29.194414 32.151741 33.206337 32.111324 29.181831 25.111780 14.646386 16.331837 17.451197 17.832588 17.427929 16.375862 14.915840,
 30.594992 35.331249 35.213295 29.971848 21.887299 14.102448 8.560632 35.097416 44.016529 47.575188 43.735851 34.155750 22.992201 13.924717 34.753815 47.334141 55.658806 55.606030 47.012657 33.926033 21.486691 29.440762 43.393555 55.501106 60.369411 55.501106 43.393559 29.440762 21.486689 33.926029 47.012650 55.606030 55.658806 47.334141 34.753811 13.924718 22.992201 34.155750 43.735847 47.575188 44.016529 35.097408 8.560634 14.102448 21.887302 29.971848 35.213295 35.331249 30.594992,
 13.855591 24.871078 36.384792 41.379875 36.334049 25.017820 14.220474 15.405489 29.023594 43.521881 49.880875 43.440796 29.092489 15.661119 16.481466 31.943439 48.595268 55.980179 48.535660 31.965754 16.612164 16.910709 33.008347 50.424599 58.216839 50.424599 33.008347 16.910709 16.612164 31.965750 48.535660 55.980179 48.595261 31.943441 16.481466 15.661119 29.092487 43.440800 49.880867 43.521877 29.023598 15.405489 14.220475 25.017815 36.334049 41.379875 36.384792 24.871084 13.855591,
 7.565324 12.949685 20.682659 28.755768 34.000916 34.122410 29.324953 12.649114 21.725346 32.943344 42.568020 46.441570 42.892536 33.873962 20.137260 32.729763 45.923454 54.567196 54.645641 46.292988 33.546352 28.165487 42.323612 54.518444 59.400906 54.518444 42.323620 28.165483 33.546356 46.292988 54.645645 54.567196 45.923454 32.729763 20.137257 33.873962 42.892532 46.441570 42.568012 32.943348 21.725349 12.649111 29.324953 34.122410 34.000916 28.755770 20.682659 12.949689 7.565324,
 10.595252 11.250878 11.558013 11.319406 10.427397 9.068933 7.618248 17.480907 21.463108 24.653919 25.559862 23.443289 19.063080 14.083628 26.054470 35.160530 42.805771 45.630856 42.012638 33.565407 23.764074 29.487053 41.491554 51.728630 55.837391 51.728634 41.491558 29.487053 23.764074 33.565407 42.012638 45.630856 42.805771 35.160530 26.054466 14.083628 19.063080 23.443287 25.559864 24.653923 21.463108 17.480907 7.618248 9.068933 10.427396 11.319406 11.558014 11.250878 10.595252,
 18.618011 22.286255 22.191883 17.700644 11.477414 6.661283 4.143844 23.204182 32.143654 36.628960 32.708454 22.678619 12.722609 6.668581 23.690775 37.397968 48.596840 49.141266 38.080601 23.085352 12.034685 18.983372 33.568684 49.430790 56.564018 49.430790 33.568684 18.983372 12.034685 23.085352 38.080593 49.141266 48.596844 37.397972 23.690775 6.668581 12.722609 22.678616 32.708454 36.628960 32.143654 23.204182 4.143845 6.661283 11.477414 17.700640 22.191887 22.286257 18.618011,
 9.644548 14.468678 22.451586 26.900734 22.550657 13.535520 6.984806 10.196121 18.331142 31.315371 38.371666 31.515072 17.688379 8.046124 10.384660 21.555504 38.900963 48.145657 39.050591 21.218752 9.159542 10.031596 22.738832 42.006039 52.083366 42.006039 22.738832 10.031596 9.159542 21.218752 39.050591 48.145649 38.900963 21.555504 10.384660 8.046124 17.688377 31.515066 38.371662 31.315371 18.331142 10.196120 6.984806 13.535520 22.550657 26.900734 22.451586 14.468678 9.644550,
 7.100555 7.837967 11.253673 16.837868 21.049646 20.676847 16.235350 8.280621 12.414725 21.169147 30.822681 34.605633 29.615826 19.837862 11.362181 20.914993 35.216984 46.185955 45.568634 33.996319 19.928516 16.164816 30.173954 45.970097 53.156769 45.970097 30.173954 16.164816 19.928513 33.996315 45.568638 46.185955 35.216984 20.914993 11.362180 19.837862 29.615826 34.605633 30.822681 21.169146 12.414725 8.280620 16.235350 20.676846 21.049643 16.837868 11.253671 7.837967 7.100555,
 3.402027 3.734870 3.913909 3.939361 3.884336 3.806379 3.710429 4.502779 5.515282 6.400901 6.775606 6.458924 5.659161 4.775455 6.347409 8.659549 10.921074 11.974511 11.117078 8.933539 6.619890 7.503651 10.638329 13.729545 15.093693 13.729545 10.638329 7.503651 6.619888 8.933539 11.117078 11.974511 10.921074 8.659548 6.347410 4.775455 5.659161 6.458924 6.775606 6.400901 5.515282 4.502779 3.710429 3.806379 3.884336 3.939361 3.913908 3.734870 3.402027,
 4.854360 5.845299 5.959446 5.090390 3.954530 3.356869 3.346142 5.704279 8.108301 9.506332 8.559679 6.072331 4.116217 3.472388 5.858217 9.394886 12.779887 13.080075 9.830613 6.084919 4.074520 5.096005 8.457604 12.990184 15.320972 12.990184 8.457604 5.096005 4.074520 6.084919 9.830612 13.080075 12.779887 9.394885 5.858217 3.472388 4.116217 6.072331 8.559679 9.506330 8.108301 5.704278 3.346142 3.356869 3.954530 5.090390 5.959446 5.845297 4.854360,
 3.804166 5.116138 6.653126 7.191621 5.974124 4.329367 3.460563 3.980897 6.001288 8.921745 10.342518 8.346692 5.238194 3.555089 4.063251 6.715610 11.069565 13.483245 10.740418 6.234558 3.765960 3.982435 6.841370 11.887946 14.871630 11.887946 6.841369 3.982435 3.765960 6.234557 10.740418 13.483245 11.069565 6.715610 4.063252 3.555088 5.238194 8.346692 10.342517 8.921745 6.001287 3.980897 3.460563 4.329368 5.974124 7.191620 6.653126 5.116138 3.804166,
 3.232217 3.717638 4.234791 4.975937 5.667140 5.750052 5.212203 3.513638 4.554247 6.339879 8.428829 9.300024 8.157167 6.118130 4.348210 6.564538 10.134878 13.128244 12.876846 9.674420 6.313051 5.524916 8.892425 13.300776 15.528118 13.300776 8.892425 5.524916 6.313052 9.674419 12.876846 13.128246 10.134876 6.564539 4.348209 6.118130 8.157167 9.300025 8.428829 6.339879 4.554246 3.513638 5.212203 5.750052 5.667140 4.975936 4.234790 3.717638 3.232217,

Pairwise cross-correlations of the modulus of all oriented sub-bands at the same scale (size QxQ)
 57.839146 53.460651 46.316330 53.054165,
 53.460651 60.369404 53.724628 50.780872,
 46.316330 53.724628 58.216850 53.283615,
 53.054165 50.780872 53.283615 59.400906,
 55.837383 52.447311 46.394932 50.013268,
 52.447311 56.564018 50.011971 47.140739,
 46.394932 50.011971 52.083378 48.475594,
 50.013268 47.140739 48.475594 53.156761,

Cross-correlations of the modulus of all oriented sub-bands with all oriented sub-bands at the coarser scale (size QxQ)
 51.887733 48.725601 43.027355 46.743946,
 50.037472 53.589073 47.947933 45.291279,
 45.091866 48.390640 49.702812 46.881306,
 49.227657 46.978851 47.558529 51.006584,
 23.079985 22.139616 21.288946 22.514101,
 22.064543 23.406578 22.555864 21.410225,
 19.826365 21.097477 22.264622 21.362537,
 21.146877 20.172680 21.378849 22.712601,

Cross-correlations of the real part of each oriented sub-band with both the real and imaginary part of all phase-doubled oriented sub-bands at the next coarser scale (Q matrices of size 1x2Q, which are computed and stored in a matrix of size Qx2Q)
 -23.191912 -10.688754 -0.783904 -9.938539 -0.003898 -0.002150 0.000985 0.014526,
 -10.339771 -24.360865 -9.633880 -0.795979 0.006071 0.005452 0.013898 -0.001700,
 -0.823736 -10.107707 -21.795631 -9.572247 -0.001717 0.007187 0.010517 -0.005587,
 -9.828180 -0.735710 -9.282612 -22.643524 -0.016525 0.000400 -0.006224 0.008063,
 -12.512903 -5.521492 -0.530606 -5.505984 -0.012674 -0.056833 -0.038015 -0.067651,
 -5.650422 -12.380287 -5.056252 -0.502798 0.043499 -0.108435 -0.088832 -0.008047,
 -0.554834 -5.198362 -11.795850 -5.691686 0.037004 -0.023376 0.007821 -0.039890,
 -5.459234 -0.479616 -5.508982 -12.753882 0.021621 0.011889 0.008361 -0.126814,
