Low-band skewness and kurtosis
 -11.436603 147.412094,
 -7.120834 60.968735,
 -3.988465 21.764723,
 -1.610719 12.251648,

High-band variance
 17.357298,

Skewness, kurtosis, variance, mean, maximum and minimum of the reconstructed texture
 -11.530300 140.406250 325.296143 253.319229 255.000000 0.000000,

Auto-correlations of the low-frequency bands at each scale
 7.646032 -1.452341 -1.538590 1.486575 0.408165 0.439168 4.138016 4.819396 15.064678 54.034813 78.654266 55.117584 16.042768 1.703264 7.049740 58.507111 164.426804 223.844666 164.478134 58.284447 4.795702 9.009081 84.155853 225.654877 303.306763 225.654877 84.155853 9.009081 4.795702 58.284447 164.478149 223.844650 164.426804 58.507111 7.049740 1.703264 16.042765 55.117588 78.654266 54.034813 15.064679 4.819395 4.138015 0.439169 0.408166 1.486576 -1.538590 -1.452342 7.646032,
 12.852469 8.836704 -2.171515 -6.798415 -3.769636 3.411960 7.656560 11.396396 -0.003608 -1.232676 4.631561 -3.615339 -6.552810 5.174876 2.148224 3.326522 55.748566 97.094154 53.731194 -1.592388 -2.540826 -5.109011 9.440925 100.045914 165.021271 100.045914 9.440925 -5.109011 -2.540826 -1.592388 53.731190 97.094154 55.748573 3.326521 2.148225 5.174875 -6.552808 -3.615340 4.631560 -1.232676 -0.003608 11.396396 7.656560 3.411961 -3.769636 -6.798415 -2.171515 8.836703 12.852469,
 5.456161 5.914773 2.232408 -0.258624 3.785143 9.756777 9.458964 4.863136 3.670226 2.614379 0.922396 -1.967373 2.070890 9.955384 2.381065 4.363052 20.874418 31.480673 15.199694 0.629676 6.006811 2.278264 5.036422 33.590332 55.323658 33.590332 5.036421 2.278264 6.006811 0.629677 15.199692 31.480673 20.874418 4.363051 2.381064 9.955384 2.070891 -1.967373 0.922396 2.614379 3.670225 4.863135 9.458964 9.756779 3.785143 -0.258625 2.232408 5.914772 5.456161,
 0.574191 0.744211 0.340032 0.921564 2.194497 2.770211 2.461227 1.114823 0.448286 -0.171255 0.421855 1.014167 1.677754 2.506545 0.966659 0.822910 2.842564 4.835425 2.846724 0.647998 1.306939 0.610919 0.939808 5.218719 8.585101 5.218719 0.939808 0.610919 1.306939 0.647998 2.846724 4.835425 2.842564 0.822910 0.966659 2.506545 1.677754 1.014167 0.421855 -0.171255 0.448286 1.114823 2.461227 2.770210 2.194497 0.921564 0.340032 0.744211 0.574191,

Auto-correlations of the modulus of each oriented sub-band
 17.787933 18.593155 18.936016 18.746403 18.035887 16.929409 15.592195 27.110634 30.366039 32.497887 32.977310 31.627312 28.757162 24.980715 36.694641 42.931976 47.310104 48.718163 46.729206 41.867813 35.295822 40.411499 48.155899 53.773766 55.848000 53.773766 48.155907 40.411491 35.295822 41.867809 46.729206 48.718151 47.310104 42.931980 36.694641 24.980715 28.757158 31.627314 32.977310 32.497887 30.366045 27.110634 15.592196 16.929409 18.035887 18.746403 18.936016 18.593155 17.787931,
 31.185379 34.872620 34.320778 29.389036 22.192827 15.504084 10.940708 35.473938 43.104485 46.007832 42.311867 33.591404 23.678782 15.829622 35.277077 46.389133 53.806728 53.660580 45.752949 33.935413 22.904654 30.379101 42.824303 53.792351 58.268444 53.792343 42.824303 30.379101 22.904657 33.935410 45.752949 53.660572 53.806725 46.389130 35.277077 15.829624 23.678778 33.591400 42.311863 46.007832 43.104492 35.473934 10.940708 15.504082 22.192827 29.389042 34.320778 34.872627 31.185379,
 17.469584 26.345448 36.265255 40.730049 36.121265 25.836359 16.263441 19.008787 30.406164 43.187340 48.968880 43.058517 29.998465 18.099337 19.958683 33.239368 48.167896 54.968678 48.099388 33.014999 19.467995 20.131569 34.197159 49.980438 57.192074 49.980438 34.197163 20.131567 19.467995 33.014996 48.099388 54.968678 48.167896 33.239368 19.958687 18.099337 29.998461 43.058517 48.968880 43.187340 30.406166 19.008787 16.263441 25.836359 36.121265 40.730049 36.265255 26.345448 17.469584,
 12.659491 16.515354 22.693895 29.586115 34.207851 34.254105 29.915850 16.645800 23.911924 33.523582 42.125481 45.628349 42.295593 34.137321 22.746553 33.447361 45.211407 53.152233 53.175735 45.421013 34.004848 29.468761 41.907730 53.050594 57.625969 53.050591 41.907738 29.468761 34.004856 45.421013 53.175739 53.152233 45.211399 33.447361 22.746550 34.137321 42.295589 45.628349 42.125481 33.523579 23.911924 16.645800 29.915850 34.254105 34.207851 29.586115 22.693895 16.515358 12.659492,
 13.667449 14.234747 14.539622 14.457191 13.994918 13.394557 12.973467 19.244852 22.300972 24.858080 25.736135 24.355656 21.380531 18.204596 26.398020 33.679623 40.111588 42.748009 40.045364 33.412952 25.925348 29.914778 39.653206 48.322834 51.908344 48.322834 39.653206 29.914778 25.925348 33.412952 40.045361 42.748013 40.111591 33.679626 26.398020 18.204592 21.380531 24.355654 25.736135 24.858084 22.300972 19.244856 12.973467 13.394557 13.994918 14.457191 14.539624 14.234745 13.667449,
 21.429510 24.660242 24.252617 20.011936 14.827921 11.501657 10.530242 25.831989 33.682476 37.329563 33.369423 24.547928 16.670527 12.629988 26.654062 38.537762 48.319843 48.442822 38.399986 25.715540 17.124277 22.874620 35.069374 48.952106 55.400066 48.952106 35.069374 22.874620 17.124277 25.715540 38.399982 48.442818 48.319851 38.537762 26.654062 12.629991 16.670527 24.547922 33.369423 37.329563 33.682476 25.831989 10.530242 11.501658 14.827920 20.011934 24.252615 24.660248 21.429508,
 16.024799 20.156147 26.636030 30.221416 26.209148 18.404240 13.460766 16.911226 24.051744 35.292049 41.391014 34.765804 22.279095 14.438003 17.271839 27.046961 42.581860 51.042789 42.239620 25.946562 15.758536 16.860125 27.831108 45.373833 54.953384 45.373833 27.831112 16.860121 15.758534 25.946562 42.239613 51.042789 42.581863 27.046965 17.271839 14.438002 22.279093 34.765804 41.391014 35.292057 24.051750 16.911228 13.460767 18.404236 26.209145 30.221420 26.636036 20.156147 16.024796,
 13.600348 14.792703 17.528360 21.726391 24.949005 24.591156 20.974691 15.645756 19.435543 26.450958 34.195541 37.267830 33.116707 25.157597 19.242029 27.346733 39.234074 48.498989 47.977547 38.174290 26.513489 23.776453 35.519039 48.955147 55.179241 48.955147 35.519043 23.776453 26.513487 38.174290 47.977547 48.498989 39.234074 27.346733 19.242029 25.157597 33.116707 37.267830 34.195541 26.450962 19.435543 15.645757 20.974688 24.591156 24.949005 21.726391 17.528362 14.792705 13.600348,
 6.107063 6.241909 6.548222 6.978762 7.386688 7.657391 7.776042 6.665616 7.158986 7.855362 8.455726 8.665457 8.486229 8.137540 8.134746 9.741989 11.522077 12.544604 12.169127 10.778633 9.260937 9.530959 11.841935 14.221020 15.294042 14.221020 11.841935 9.530959 9.260937 10.778634 12.169126 12.544604 11.522077 9.741988 8.134746 8.137541 8.486229 8.665457 8.455725 7.855362 7.158985 6.665616 7.776041 7.657393 7.386687 6.978762 6.548223 6.241909 6.107062,
 6.527052 7.287060 7.582717 7.270557 7.095712 7.269177 7.253559 7.371617 9.040105 10.191894 9.496028 7.950583 7.164069 7.057020 7.585545 10.033566 12.803483 12.990508 10.358957 7.840977 6.862066 7.150109 9.286980 12.849912 14.876317 12.849912 9.286980 7.150109 6.862066 7.840977 10.358957 12.990507 12.803485 10.033566 7.585545 7.057021 7.164068 7.950584 9.496028 10.191892 9.040105 7.371615 7.253559 7.269176 7.095711 7.270557 7.582717 7.287060 6.527051,
 7.017431 7.879585 9.328693 10.572457 10.378326 9.160454 8.359824 7.366763 8.725826 11.383077 13.399496 12.254590 9.622689 8.286568 7.756671 9.592515 13.468798 16.187805 13.972700 10.045546 8.213774 8.059758 10.101981 14.544814 17.422758 14.544814 10.101981 8.059760 8.213773 10.045545 13.972701 16.187805 13.468799 9.592513 7.756671 8.286568 9.622688 12.254590 13.399493 11.383076 8.725826 7.366763 8.359824 9.160454 10.378326 10.572457 9.328692 7.879585 7.017431,
 7.288919 7.847028 8.818199 10.106259 11.168909 11.367664 10.876821 7.878665 9.092498 11.137142 13.449032 14.486221 13.598471 11.944887 9.133760 11.408594 14.786965 17.656588 17.563868 14.894853 12.066974 10.870646 13.947210 17.778933 19.759230 17.778933 13.947210 10.870646 12.066974 14.894853 17.563871 17.656588 14.786964 11.408593 9.133759 11.944887 13.598471 14.486222 13.449032 11.137139 9.092498 7.878665 10.876821 11.367664 11.168909 10.106259 8.818199 7.847028 7.288919,

Pairwise cross-correlations of the modulus of all oriented sub-bands at the same scale (size QxQ)
 55.848011 51.777950 45.387573 51.348438,
 51.777950 58.268459 51.995800 49.320934,
 45.387573 51.995800 57.192081 51.814278,
 51.348438 49.320934 51.814278 57.625954,
 51.908344 49.614399 46.208580 48.947960,
 49.614399 55.400066 50.593437 48.051132,
 46.208580 50.593437 54.953396 50.544350,
 48.947960 48.051132 50.544350 55.179234,

Cross-correlations of the modulus of all oriented sub-bands with all oriented sub-bands at the coarser scale (size QxQ)
 48.590950 47.485382 43.661816 46.968498,
 47.179924 51.804405 48.160660 45.369473,
 42.951466 47.894012 51.012493 47.469040,
 47.178440 46.191715 48.276260 51.170166,
 22.149700 20.778755 21.420321 23.749014,
 22.043188 22.528189 23.403744 24.016624,
 21.318321 21.718245 24.426306 25.180317,
 22.178457 20.535397 23.663799 26.225365,

Cross-correlations of the real part of each oriented sub-band with both the real and imaginary part of all phase-doubled oriented sub-bands at the next coarser scale (Q matrices of size 1x2Q, which are computed and stored in a matrix of size Qx2Q)
 -19.608728 -8.825062 -0.804024 -8.848692 -0.040538 0.063449 -0.011037 0.018321,
 -8.527340 -21.055882 -9.213711 -0.729845 0.040987 0.104434 0.016425 0.001380,
 -0.700084 -9.262156 -21.190872 -9.639653 -0.018403 0.075808 -0.006625 -0.006387,
 -8.462584 -0.688071 -9.370929 -21.438839 -0.076513 0.020967 -0.057023 0.031665,
 -9.859609 -4.174160 -0.576098 -5.156040 -0.089885 0.146001 -0.022541 -0.039639,
 -4.094930 -9.946545 -4.810833 -0.471861 0.086207 0.409666 0.091194 0.003881,
 -0.506098 -4.608773 -11.528592 -5.800180 -0.024074 0.223140 0.283667 0.084337,
 -4.802889 -0.406740 -5.633838 -12.558233 -0.099677 0.031698 0.058307 0.032778,
