Low-band skewness and kurtosis
 -11.378900 146.027649,
 -6.945227 57.110096,
 -3.878638 20.552017,
 -0.591600 5.437956,

High-band variance
 17.340189,

Skewness, kurtosis, variance, mean, maximum and minimum of the reconstructed texture
 -11.462014 138.810318 328.015228 253.300735 255.000000 0.000000,

Auto-correlations of the low-frequency bands at each scale
 -0.419271 -3.654066 -0.148632 5.072779 4.029814 3.452569 9.703174 -3.404210 11.902799 54.711273 81.288094 56.850636 16.269304 3.985290 0.074447 54.428383 164.642288 226.274292 165.034943 55.918346 3.664950 4.673411 80.301346 225.952209 306.000031 225.952179 80.301353 4.673411 3.664950 55.918346 165.034943 226.274307 164.642288 54.428383 0.074447 3.985291 16.269302 56.850636 81.288094 54.711273 11.902799 -3.404209 9.703175 3.452570 4.029813 5.072780 -0.148630 -3.654067 -0.419270,
 7.253203 2.672367 -7.709906 -9.773082 -1.035579 9.486644 8.806440 4.019577 -10.004010 -7.609930 4.928054 2.407104 1.597190 7.914260 -2.973928 -4.637939 50.861908 98.036682 57.880222 3.695884 -0.527596 -5.348154 8.288499 99.019676 165.176453 99.019691 8.288499 -5.348154 -0.527596 3.695884 57.880222 98.036682 50.861912 -4.637940 -2.973928 7.914260 1.597190 2.407103 4.928054 -7.609930 -10.004011 4.019577 8.806440 9.486644 -1.035578 -9.773082 -7.709908 2.672366 7.253203,
 3.328623 2.186757 1.402599 0.678072 -0.193168 1.413972 3.792969 3.978179 -1.662416 -2.009492 0.776837 -1.514528 -1.389555 3.194140 0.529463 -2.065629 15.192064 31.458643 18.231421 0.488461 0.172203 -1.625689 1.823494 32.408157 55.409634 32.408157 1.823494 -1.625689 0.172203 0.488461 18.231421 31.458639 15.192064 -2.065629 0.529463 3.194140 -1.389555 -1.514528 0.776837 -2.009492 -1.662416 3.978178 3.792969 1.413972 -0.193168 0.678072 1.402599 2.186757 3.328623,
 1.419854 1.216455 0.824768 1.104634 0.950170 0.803865 1.519577 1.479396 0.801611 0.658476 1.356328 0.809845 0.546479 1.679500 1.016761 0.498524 2.220659 4.342040 2.630406 0.746188 1.427366 1.022872 0.865658 3.946488 6.706031 3.946488 0.865658 1.022872 1.427366 0.746188 2.630406 4.342040 2.220659 0.498524 1.016761 1.679499 0.546479 0.809845 1.356328 0.658476 0.801611 1.479395 1.519577 0.803865 0.950170 1.104633 0.824768 1.216456 1.419854,

Auto-correlations of the modulus of each oriented sub-band
 14.728699 16.608448 18.185581 19.212299 19.499113 19.009022 17.823515 25.227903 29.545717 32.834068 34.399750 33.875393 31.430700 27.635489 36.523243 43.579750 48.778263 50.892307 49.346916 44.587467 37.793518 41.904858 50.138660 56.098629 58.301113 56.098629 50.138668 41.904854 37.793518 44.587467 49.346924 50.892307 48.778252 43.579750 36.523243 27.635489 31.430698 33.875397 34.399750 32.834068 29.545719 25.227903 17.823517 19.009016 19.499113 19.212303 18.185581 16.608448 14.728698,
 29.151768 33.532944 33.578674 29.160603 22.448875 16.264067 12.078196 33.753242 41.923622 45.261581 41.905521 33.500999 23.990925 16.568499 33.999077 45.433643 53.132584 53.147968 45.342007 33.690765 22.953503 29.683292 42.135029 53.201313 57.726463 53.201305 42.135033 29.683289 22.953503 33.690765 45.342007 53.147968 53.132584 45.433643 33.999077 16.568501 23.990923 33.500996 41.905521 45.261585 41.923630 33.753239 12.078198 16.264067 22.448874 29.160606 33.578674 33.532944 29.151770,
 15.064375 24.901007 35.645615 40.630783 36.399021 26.532722 17.345730 16.915827 29.201664 42.737522 48.932468 43.261585 30.410078 18.670296 18.397476 32.376354 47.867077 54.909302 48.127762 33.012974 19.347147 19.259686 33.747097 49.828445 57.106766 49.828445 33.747101 19.259686 19.347143 33.012974 48.127762 54.909302 47.867077 32.376354 18.397472 18.670296 30.410078 43.261589 48.932461 42.737530 29.201664 16.915827 17.345730 26.532722 36.399021 40.630783 35.645615 24.901009 15.064375,
 9.075832 14.124245 21.463295 29.233627 34.445423 34.908924 30.766087 14.560872 23.071220 33.654144 42.816757 46.625168 43.503666 35.286446 22.252142 34.038933 46.466011 54.660202 54.791435 47.031277 35.216366 30.168266 43.385502 54.845291 59.461380 54.845291 43.385513 30.168266 35.216362 47.031273 54.791435 54.660194 46.466011 34.038933 22.252142 35.286438 43.503666 46.625160 42.816753 33.654140 23.071222 14.560872 30.766087 34.908920 34.445423 29.233625 21.463295 14.124245 9.075834,
 10.106385 11.107990 11.840734 12.104642 11.791621 10.982272 9.867695 15.793832 19.744673 22.994514 24.257992 22.941269 19.659348 15.666510 24.091711 32.630882 39.789211 42.513741 39.445145 32.131645 23.606325 28.008312 38.979435 48.412254 52.226246 48.412254 38.979435 28.008312 23.606325 32.131641 39.445141 42.513741 39.789219 32.630882 24.091711 15.666510 19.659346 22.941269 24.257990 22.994514 19.744675 15.793832 9.867695 10.982272 11.791619 12.104642 11.840734 11.107990 10.106387,
 19.166792 23.644606 24.502350 20.996571 15.624059 10.988091 7.865947 23.657904 32.938553 37.969341 34.798340 25.946392 16.995981 10.955153 24.665100 38.031311 49.145885 49.967262 39.812550 26.173244 15.831250 21.328613 35.048946 50.006512 56.850578 50.006512 35.048946 21.328611 15.831251 26.173243 39.812546 49.967262 49.145893 38.031315 24.665100 10.955155 16.995981 25.946386 34.798340 37.969349 32.938553 23.657904 7.865947 10.988091 15.624059 20.996571 24.502350 23.644606 19.166794,
 10.924143 16.918373 24.884787 28.713581 24.455706 16.213552 9.762832 11.909767 20.778019 33.366161 39.737820 33.162193 20.542854 11.259425 12.715581 24.156731 40.710979 49.324207 40.625671 24.130783 12.453395 12.974355 25.533958 43.650600 53.225956 43.650604 25.533958 12.974355 12.453393 24.130787 40.625671 49.324207 40.710979 24.156731 12.715582 11.259425 20.542854 33.162193 39.737820 33.366161 20.778019 11.909767 9.762831 16.213552 24.455706 28.713581 24.884789 16.918373 10.924143,
 7.595948 8.972888 12.317410 17.566055 21.589621 21.125204 16.859676 8.898003 13.212855 21.518038 30.845762 34.679443 30.013866 21.034010 12.481055 21.545296 34.957100 45.566895 45.134205 34.319077 21.453428 17.675987 30.596390 45.356876 52.247341 45.356876 30.596390 17.675991 21.453426 34.319077 45.134205 45.566891 34.957108 21.545300 12.481055 21.034010 30.013866 34.679443 30.845764 21.518038 13.212855 8.898003 16.859676 21.125202 21.589621 17.566055 12.317411 8.972888 7.595948,
 5.379709 5.752142 6.042325 6.099619 5.860340 5.447008 5.077189 6.225698 7.127280 8.011069 8.371504 7.903330 6.835306 5.714239 7.638589 9.790358 11.924632 12.887232 11.962502 9.710913 7.328995 8.372803 11.373384 14.309255 15.597542 14.309255 11.373384 8.372802 7.328995 9.710913 11.962502 12.887232 11.924632 9.790356 7.638588 5.714240 6.835307 7.903330 8.371505 8.011068 7.127278 6.225698 5.077190 5.447009 5.860340 6.099619 6.042325 5.752141 5.379707,
 6.416997 7.768050 8.369812 7.670210 6.143399 4.776670 4.162415 7.537505 10.194066 11.963965 11.236640 8.499161 5.747912 4.268511 7.850164 11.784772 15.496426 15.950846 12.552939 8.127464 5.228692 6.805265 10.871730 15.881052 18.328629 15.881052 10.871730 6.805265 5.228692 8.127464 12.552939 15.950846 15.496424 11.784772 7.850164 4.268510 5.747912 8.499160 11.236639 11.963964 10.194066 7.537504 4.162415 4.776670 6.143399 7.670210 8.369812 7.768049 6.416997,
 4.937596 6.439649 8.658879 9.809000 8.493054 6.078446 4.803382 5.054710 7.294481 10.852486 12.864685 10.853350 7.048577 4.892026 5.165493 8.148636 13.060121 15.885366 13.101531 8.000916 5.030098 5.158346 8.465644 14.047370 17.213583 14.047368 8.465644 5.158347 5.030098 8.000915 13.101532 15.885365 13.060121 8.148636 5.165493 4.892025 7.048577 10.853350 12.864685 10.852485 7.294481 5.054710 4.803382 6.078446 8.493052 9.809000 8.658879 6.439648 4.937596,
 4.377842 5.113666 5.967272 6.694704 6.955111 6.508014 5.675287 4.732132 5.770383 7.480431 9.255321 9.721137 8.327974 6.338320 5.274720 7.167561 10.354610 13.010980 12.599557 9.518894 6.496044 5.990589 8.899964 12.927539 15.020580 12.927538 8.899964 5.990589 6.496044 9.518894 12.599559 13.010980 10.354609 7.167561 5.274720 6.338320 8.327974 9.721137 9.255320 7.480430 5.770383 4.732132 5.675287 6.508014 6.955111 6.694704 5.967271 5.113666 4.377842,

Pairwise cross-correlations of the modulus of all oriented sub-bands at the same scale (size QxQ)
 58.301121 52.462528 46.207706 53.304146,
 52.462528 57.726471 51.958729 49.894306,
 46.207706 51.958729 57.106785 52.902874,
 53.304146 49.894306 52.902874 59.461388,
 52.226234 50.357979 45.169613 47.834095,
 50.357979 56.850571 50.202011 47.166683,
 45.169613 50.202011 53.225948 48.114738,
 47.834095 47.166683 48.114738 52.247326,

Cross-correlations of the modulus of all oriented sub-bands with all oriented sub-bands at the coarser scale (size QxQ)
 49.943150 48.495937 43.338211 46.262657,
 47.218655 52.311840 47.440540 43.953556,
 43.155693 48.264145 49.962830 46.144085,
 47.477032 46.936344 47.814911 49.982628,
 22.526464 22.883949 21.764017 20.774523,
 23.002024 25.767885 24.211641 20.921934,
 21.045547 23.344254 24.313822 21.515999,
 21.643574 21.856441 22.609135 21.729500,

Cross-correlations of the real part of each oriented sub-band with both the real and imaginary part of all phase-doubled oriented sub-bands at the next coarser scale (Q matrices of size 1x2Q, which are computed and stored in a matrix of size Qx2Q)
 -20.301756 -9.838161 -0.799239 -8.671650 0.067521 0.017120 0.006912 -0.067522,
 -9.232794 -23.024876 -9.377772 -0.708300 0.020048 0.060115 -0.020093 -0.013981,
 -0.779805 -9.876792 -21.005342 -8.975286 -0.003454 -0.009856 -0.025077 -0.014648,
 -8.497942 -0.744574 -8.899923 -20.527472 0.031070 -0.007125 0.011117 -0.061225,
 -10.519387 -5.536402 -0.571038 -4.588720 0.035808 0.114258 -0.051969 0.079708,
 -5.148285 -13.155151 -5.737979 -0.462853 0.182481 0.132898 -0.107438 -0.001010,
 -0.571487 -5.847378 -12.257019 -4.978249 0.033815 -0.091076 0.059117 0.073028,
 -4.539553 -0.467753 -5.231867 -10.736942 -0.043755 -0.028464 0.017059 0.177230,
