Low-band skewness and kurtosis
 -11.343346 145.018509,
 -6.977716 58.272003,
 -3.820667 20.141659,
 -0.941463 7.243476,

High-band variance
 17.314028,

Skewness, kurtosis, variance, mean, maximum and minimum of the reconstructed texture
 -11.427761 138.026169 329.400543 253.291550 255.000000 0.000000,

Auto-correlations of the low-frequency bands at each scale
 0.818874 -1.551962 1.542640 4.169911 0.581667 -0.040353 7.403055 -1.212096 13.790045 55.910641 80.975929 55.556179 16.312197 6.051651 2.908974 56.685463 166.062042 227.025375 165.782028 58.182991 7.072933 7.837108 83.030441 227.601608 307.336426 227.601578 83.030449 7.837108 7.072933 58.182991 165.782059 227.025375 166.062042 56.685467 2.908974 6.051650 16.312197 55.556171 80.975929 55.910641 13.790046 -1.212097 7.403055 -0.040353 0.581667 4.169911 1.542640 -1.551962 0.818873,
 6.982147 1.727687 -5.170497 -8.244716 -5.048322 2.870550 4.817190 3.890487 -10.140543 -5.968531 4.665852 -2.577255 -5.891648 3.010501 -1.368116 -2.635418 53.134678 98.817467 56.689877 1.046455 -2.653925 -4.220932 10.180866 101.243103 167.117371 101.243103 10.180866 -4.220932 -2.653925 1.046455 56.689873 98.817467 53.134689 -2.635419 -1.368117 3.010501 -5.891648 -2.577253 4.665852 -5.968534 -10.140543 3.890487 4.817190 2.870550 -5.048322 -8.244716 -5.170496 1.727688 6.982147,
 4.745231 1.449139 -1.513323 0.547645 3.654058 5.581055 6.573058 5.619504 -1.367625 -3.327276 0.826607 -0.583361 -0.368482 5.411483 3.088565 0.925789 16.450293 31.179745 16.103003 -0.950250 1.573760 0.807977 3.270874 32.314247 55.244232 32.314247 3.270874 0.807977 1.573760 -0.950250 16.103003 31.179745 16.450293 0.925789 3.088565 5.411483 -0.368482 -0.583361 0.826607 -3.327275 -1.367625 5.619504 6.573056 5.581055 3.654057 0.547645 -1.513322 1.449138 4.745231,
 0.802401 0.817881 0.330185 0.820548 1.453002 1.051275 0.513099 0.860597 -0.186632 -0.626489 0.451787 0.537974 -0.034783 0.403284 0.724692 -0.182686 1.488675 4.037779 2.585461 0.349592 0.718204 0.863143 0.742461 4.139438 7.099878 4.139438 0.742461 0.863143 0.718204 0.349592 2.585461 4.037779 1.488675 -0.182686 0.724692 0.403283 -0.034783 0.537973 0.451787 -0.626489 -0.186632 0.860597 0.513099 1.051275 1.453002 0.820548 0.330185 0.817881 0.802401,

Auto-correlations of the modulus of each oriented sub-band
 15.092421 16.663862 17.911961 18.606453 18.584068 17.833099 16.468830 25.519016 29.523172 32.534496 33.871849 33.164776 30.564653 26.647356 36.394772 43.238091 48.280766 50.291828 48.667885 43.835258 36.981174 41.318752 49.490269 55.424427 57.624100 55.424423 49.490269 41.318752 36.981182 43.835258 48.667889 50.291828 48.280766 43.238091 36.394768 26.647356 30.564653 33.164776 33.871849 32.534492 29.523172 25.519014 16.468830 17.833096 18.584068 18.606453 17.911961 16.663864 15.092422,
 29.682156 34.025627 34.021065 29.376459 22.231039 15.529110 10.907072 34.237183 42.365082 45.705574 42.237148 33.535812 23.620470 15.802500 34.355774 45.768623 53.499958 53.501118 45.543991 33.660446 22.659462 29.800915 42.346249 53.499538 58.072910 53.499527 42.346256 29.800911 22.659462 33.660442 45.543991 53.501110 53.499958 45.768623 34.355766 15.802500 23.620470 33.535812 42.237144 45.705566 42.365086 34.237183 10.907074 15.529110 22.231043 29.376461 34.021069 34.025635 29.682154,
 15.339754 25.387470 36.045918 40.668247 35.840515 25.479225 16.070341 17.130419 29.513151 42.972355 48.954918 42.835270 29.586567 17.663691 18.418827 32.452034 47.956051 54.972210 47.895172 32.499065 18.703001 18.979929 33.544018 49.772839 57.199623 49.772839 33.544018 18.979927 18.703005 32.499062 47.895172 54.972210 47.956051 32.452038 18.418823 17.663692 29.586565 42.835270 48.954918 42.972355 29.513155 17.130417 16.070341 25.479219 35.840515 40.668243 36.045914 25.387472 15.339754,
 9.701303 14.496268 21.436445 28.862211 33.920689 34.373528 30.262175 14.954014 23.143717 33.419365 42.447746 46.291908 43.224697 35.041599 22.354694 33.881943 46.157795 54.371769 54.566151 46.819534 35.048801 30.069645 43.147148 54.577579 59.214832 54.577579 43.147148 30.069645 35.048805 46.819527 54.566151 54.371761 46.157795 33.881947 22.354691 35.041599 43.224689 46.291912 42.447746 33.419361 23.143721 14.954013 30.262175 34.373528 33.920689 28.862211 21.436445 14.496268 9.701303,
 10.532467 10.988482 11.341654 11.341264 10.856227 10.058389 9.288050 16.720474 20.316080 23.264442 24.185522 22.513586 19.064650 15.307158 25.046581 33.359783 40.401016 42.939522 39.619576 32.193447 23.875650 28.691771 39.434063 48.858700 52.725372 48.858700 39.434063 28.691771 23.875652 32.193447 39.619572 42.939522 40.401020 33.359783 25.046577 15.307158 19.064650 22.513584 24.185528 23.264442 20.316080 16.720474 9.288050 10.058389 10.856227 11.341265 11.341654 10.988482 10.532468,
 19.210365 22.440498 22.592415 18.780434 13.506836 9.699848 8.038457 24.182789 32.303593 36.585537 33.069839 23.952955 15.182042 10.190994 25.036261 37.582542 48.066593 48.637146 38.344795 24.664125 14.871567 20.982306 34.238869 48.938995 55.665550 48.938995 34.238869 20.982304 14.871567 24.664125 38.344791 48.637150 48.066589 37.582546 25.036261 10.190994 15.182042 23.952953 33.069839 36.585537 32.303589 24.182783 8.038457 9.699848 13.506836 18.780434 22.592415 22.440498 19.210363,
 10.532276 16.560274 25.438581 30.153223 25.894447 17.150881 10.686388 12.135528 21.239155 34.636871 41.557327 34.684063 21.291824 11.915293 13.323618 25.119869 42.480419 51.454872 42.396866 25.020172 13.110757 13.693172 26.604992 45.582367 55.476227 45.582375 26.604992 13.693172 13.110756 25.020170 42.396866 51.454872 42.480419 25.119869 13.323620 11.915292 21.291824 34.684059 41.557320 34.636879 21.239155 12.135530 10.686388 17.150877 25.894445 30.153219 25.438581 16.560274 10.532276,
 7.976525 9.159734 12.652341 17.922207 21.711285 21.175741 17.254221 9.912419 13.867273 21.949711 30.979263 34.535805 29.951628 21.490042 13.629375 22.232571 35.393513 45.845955 45.295078 34.570614 22.183645 18.664125 31.123764 45.776905 52.709911 45.776905 31.123764 18.664125 22.183645 34.570614 45.295074 45.845963 35.393513 22.232571 13.629375 21.490044 29.951628 34.535797 30.979261 21.949711 13.867273 9.912420 17.254221 21.175741 21.711281 17.922207 12.652341 9.159734 7.976525,
 4.547543 4.662131 4.744671 4.829635 4.868231 4.811817 4.700735 5.925156 6.795919 7.554563 7.899448 7.596727 6.767718 5.815783 7.679602 9.989893 12.158803 13.163061 12.346386 10.169996 7.731061 8.659204 11.866060 14.871003 16.163124 14.871003 11.866060 8.659204 7.731060 10.169996 12.346388 13.163060 12.158803 9.989892 7.679602 5.815783 6.767719 7.596726 7.899448 7.554563 6.795918 5.925156 4.700735 4.811817 4.868230 4.829635 4.744671 4.662131 4.547543,
 5.775044 6.438965 6.661139 6.080065 5.226677 4.713762 4.634164 7.144083 9.057580 10.179614 9.243205 7.070094 5.347163 4.583715 7.446808 10.656060 13.710980 13.798093 10.661949 7.211663 5.202008 6.451626 9.662868 13.947701 16.204901 13.947701 9.662868 6.451626 5.202008 7.211663 10.661948 13.798092 13.710980 10.656060 7.446808 4.583715 5.347163 7.070094 9.243203 10.179614 9.057579 7.144083 4.634164 4.713761 5.226677 6.080066 6.661139 6.438964 5.775044,
 5.050620 5.900267 7.799349 9.239818 8.531643 6.674546 5.568109 5.477437 7.111769 10.429128 12.694939 11.058619 7.658788 5.717721 5.857903 8.343146 13.089437 16.107243 13.463225 8.620597 5.924789 6.024235 8.960638 14.378950 17.615463 14.378950 8.960638 6.024235 5.924790 8.620597 13.463225 16.107243 13.089439 8.343145 5.857902 5.717721 7.658789 11.058619 12.694938 10.429130 7.111767 5.477437 5.568109 6.674547 8.531642 9.239819 7.799349 5.900266 5.050619,
 4.475411 4.926747 5.674963 6.682386 7.436942 7.272700 6.418254 4.994963 5.997435 7.752203 9.868134 10.725491 9.445016 7.390718 5.925427 7.971419 11.313544 14.266059 14.029575 10.906101 7.784032 7.121858 10.211090 14.376332 16.557318 14.376332 10.211090 7.121858 7.784032 10.906101 14.029576 14.266059 11.313542 7.971419 5.925426 7.390718 9.445018 10.725491 9.868134 7.752203 5.997434 4.994962 6.418254 7.272701 7.436942 6.682387 5.674962 4.926746 4.475411,

Pairwise cross-correlations of the modulus of all oriented sub-bands at the same scale (size QxQ)
 57.624115 52.276905 45.881588 53.034622,
 52.276905 58.072945 52.035229 49.251396,
 45.881588 52.035229 57.199612 52.153156,
 53.034622 49.251396 52.153156 59.214844,
 52.725368 49.627132 45.995293 48.292194,
 49.627132 55.665550 51.189190 46.639721,
 45.995293 51.189190 55.476227 49.523655,
 48.292194 46.639721 49.523655 52.709900,

Cross-correlations of the modulus of all oriented sub-bands with all oriented sub-bands at the coarser scale (size QxQ)
 49.217323 47.613911 44.056480 46.014362,
 47.019474 51.664562 48.327446 44.046452,
 42.721893 47.649345 50.865288 46.114937,
 47.186626 46.174812 48.468933 50.271606,
 22.687876 21.572554 21.877209 22.380396,
 22.739859 23.957764 24.189875 22.222544,
 21.783628 22.848810 25.043833 23.068485,
 22.218061 20.939510 23.118856 23.240206,

Cross-correlations of the real part of each oriented sub-band with both the real and imaginary part of all phase-doubled oriented sub-bands at the next coarser scale (Q matrices of size 1x2Q, which are computed and stored in a matrix of size Qx2Q)
 -20.665665 -9.381139 -0.780232 -9.151374 0.021354 0.022522 -0.009517 -0.021548,
 -8.952270 -22.478302 -9.750413 -0.770010 0.016738 0.012691 -0.026888 0.007127,
 -0.700708 -9.968960 -21.902660 -9.377155 -0.008360 -0.016813 0.146509 0.072062,
 -8.807900 -0.733130 -9.289379 -21.435678 -0.026196 0.003098 0.102122 0.015062,
 -11.022511 -5.345117 -0.498965 -4.787016 0.533751 0.101259 0.008245 -0.086279,
 -5.029819 -12.426917 -5.618394 -0.516522 0.217623 0.159593 -0.027397 -0.001161,
 -0.423602 -5.614759 -12.888924 -5.524557 -0.003660 0.014004 -0.027766 0.000143,
 -4.611160 -0.503310 -5.723128 -11.595282 0.188492 -0.007092 0.013024 -0.051047,
