Low-band skewness and kurtosis
 -11.296819 143.940048,
 -6.901787 56.883396,
 -4.044546 23.021877,
 -1.415300 8.671186,

High-band variance
 17.707108,

Skewness, kurtosis, variance, mean, maximum and minimum of the reconstructed texture
 -11.408090 137.566620 329.686981 253.287827 255.000000 0.000000,

Auto-correlations of the low-frequency bands at each scale
 5.687653 -0.152508 2.757938 7.214584 4.287180 0.607211 3.099357 0.620675 13.287401 55.880936 82.945778 57.495296 14.283964 -0.658882 -0.009188 53.346252 164.419373 227.397873 165.578918 54.515968 0.608096 2.447842 78.762978 225.975601 307.088257 225.975601 78.762993 2.447841 0.608095 54.515961 165.578949 227.397842 164.419357 53.346252 -0.009188 -0.658883 14.283961 57.495296 82.945770 55.880928 13.287403 0.620674 3.099358 0.607211 4.287180 7.214584 2.757939 -0.152508 5.687652,
 14.066270 16.174101 7.849232 1.157194 1.691955 8.570569 14.562852 8.583623 -1.820448 0.725206 7.834843 -2.858031 -4.351429 13.137132 -1.828408 -2.024233 53.765263 98.504204 53.438938 -0.862943 2.457917 -5.389400 6.943197 98.720322 166.302917 98.720322 6.943196 -5.389399 2.457917 -0.862942 53.438938 98.504204 53.765255 -2.024233 -1.828408 13.137132 -4.351428 -2.858028 7.834843 0.725204 -1.820448 8.583625 14.562850 8.570567 1.691955 1.157194 7.849232 16.174101 14.066270,
 7.349677 9.069756 7.829122 6.095068 6.000212 7.409429 8.801926 5.697430 4.597107 7.850973 10.279911 6.150529 5.620508 9.714499 3.000963 2.357844 20.620401 35.025932 20.262932 4.942525 7.424835 3.952188 4.710086 31.976429 53.734741 31.976429 4.710086 3.952188 7.424835 4.942525 20.262932 35.025932 20.620401 2.357843 3.000963 9.714499 5.620508 6.150530 10.279911 7.850972 4.597106 5.697429 8.801926 7.409429 6.000213 6.095068 7.829121 9.069755 7.349677,
 0.619636 1.627415 2.077973 2.078353 2.063805 1.935493 1.477526 0.906688 1.160911 2.052022 3.212064 2.694187 1.302460 0.764489 0.862609 1.078779 4.049369 6.901892 4.723016 1.076835 0.338840 0.561038 1.262778 5.912534 9.390664 5.912534 1.262778 0.561038 0.338840 1.076835 4.723016 6.901892 4.049368 1.078779 0.862609 0.764489 1.302460 2.694187 3.212064 2.052022 1.160911 0.906687 1.477527 1.935493 2.063805 2.078353 2.077973 1.627415 0.619636,

Auto-correlations of the modulus of each oriented sub-band
 18.171743 19.509781 20.403135 20.697702 20.355776 19.502348 18.331984 27.718750 31.669483 34.459869 35.447857 34.394371 31.618546 27.785719 38.080177 45.030968 50.027428 51.840961 49.977001 44.983501 38.096527 42.698700 50.997677 57.012966 59.233513 57.012966 50.997688 42.698696 38.096527 44.983498 49.976994 51.840961 50.027424 45.030972 38.080170 27.785715 31.618546 34.394371 35.447857 34.459869 31.669483 27.718744 18.331985 19.502348 20.355776 20.697699 20.403135 19.509783 18.171741,
 31.592491 35.818150 35.714458 31.091009 24.018389 17.360830 12.926765 35.692287 43.819782 47.020866 43.454357 34.712246 24.698290 16.848145 35.438396 47.128490 54.898811 54.801140 46.711884 34.567421 23.274448 30.507547 43.467953 54.877468 59.509827 54.877460 43.467960 30.507542 23.274448 34.567417 46.711884 54.801132 54.898811 47.128490 35.438396 16.848148 24.698286 34.712238 43.454350 47.020866 43.819782 35.692287 12.926765 17.360830 24.018389 31.091009 35.714458 35.818150 31.592495,
 17.505617 26.293226 36.154572 40.629513 36.041946 25.745872 16.252449 18.225840 29.631401 42.556854 48.469418 42.557827 29.356411 17.412191 18.701597 32.107449 47.350368 54.343224 47.385235 32.008396 18.308279 18.760931 33.012096 49.170238 56.562813 49.170238 33.012096 18.760927 18.308279 32.008396 47.385235 54.343227 47.350361 32.107449 18.701597 17.412193 29.356409 42.557827 48.469418 42.556850 29.631403 18.225840 16.252449 25.745872 36.041954 40.629517 36.154572 26.293228 17.505613,
 13.048236 17.165958 23.547020 30.432102 34.901291 34.886173 30.741610 16.618437 24.237759 34.074390 42.697277 46.151287 42.900837 34.984032 22.901901 33.946751 45.906525 53.888935 53.925484 46.225899 34.854595 30.051579 42.697010 53.939056 58.531734 53.939049 42.697010 30.051579 34.854595 46.225891 53.925484 53.888935 45.906517 33.946751 22.901899 34.984032 42.900837 46.151287 42.697277 34.074390 24.237759 16.618437 30.741610 34.886169 34.901291 30.432100 23.547016 17.165962 13.048235,
 17.451263 19.159668 20.246513 20.490934 19.984383 19.092417 18.187891 21.005323 24.897270 28.242872 29.713266 28.678553 25.785189 22.347345 27.397558 35.557625 42.825066 45.979961 43.381351 36.476238 28.419865 31.257189 41.906010 51.324284 55.203796 51.324291 41.906013 31.257189 28.419865 36.476238 43.381344 45.979954 42.825066 35.557625 27.397558 22.347347 25.785189 28.678551 29.713266 28.242878 24.897270 21.005323 18.187893 19.092417 19.984381 20.490934 20.246513 19.159668 17.451267,
 23.760756 29.018362 29.868595 25.930359 20.762583 17.471008 16.179085 26.029087 35.450108 40.388737 36.842674 28.069796 20.453920 16.683899 25.785540 38.573669 49.461010 49.942024 39.634293 26.867403 18.635509 22.422926 34.785336 49.390701 56.290096 49.390705 34.785336 22.422924 18.635511 26.867403 39.634289 49.942024 49.461010 38.573673 25.785536 16.683899 20.453920 28.069790 36.842674 40.388737 35.450108 26.029087 16.179089 17.471006 20.762577 25.930361 29.868601 29.018362 23.760754,
 17.880871 24.002295 31.337450 34.577061 29.935097 21.989763 17.105711 17.927715 26.545012 38.458759 44.315510 37.349457 25.108168 17.611399 17.961788 28.548443 44.417603 52.730354 43.817688 27.834879 17.901100 17.988104 29.137394 46.617210 56.159077 46.617210 29.137398 17.988102 17.901098 27.834875 43.817688 52.730354 44.417610 28.548443 17.961788 17.611397 25.108170 37.349449 44.315506 38.458759 26.545012 17.927715 17.105709 21.989763 29.935097 34.577061 31.337456 24.002295 17.880867,
 16.786808 18.717285 21.606144 25.492523 28.199741 27.484501 24.118645 17.427078 21.409224 28.482420 36.320633 39.466713 35.432266 27.750439 19.490553 27.692898 39.938072 49.732006 49.420151 39.474010 27.604280 23.690311 35.733418 49.700851 56.262089 49.700851 35.733418 23.690311 27.604280 39.474010 49.420139 49.732006 39.938076 27.692898 19.490549 27.750439 35.432266 39.466713 36.320633 28.482422 21.409224 17.427078 24.118647 27.484497 28.199739 25.492525 21.606146 18.717285 16.786808,
 6.706792 7.450472 8.023250 8.328403 8.406054 8.355299 8.245996 7.345339 8.568193 9.640737 10.160730 9.985108 9.330848 8.561258 8.688976 10.925839 13.019879 13.931413 13.184279 11.328241 9.351248 9.689183 12.484140 15.202460 16.387154 15.202460 12.484140 9.689182 9.351248 11.328242 13.184278 13.931413 13.019879 10.925839 8.688975 8.561258 9.330848 9.985107 10.160730 9.640737 8.568193 7.345339 8.245996 8.355299 8.406054 8.328402 8.023250 7.450472 6.706792,
 6.639892 7.656312 7.894802 7.321788 6.613154 6.284980 6.320074 7.303733 9.252479 10.419201 9.777223 8.142083 6.902494 6.499553 7.554870 10.243617 12.896985 13.122785 10.780275 8.174665 6.803511 7.264966 9.708880 13.126336 14.923771 13.126336 9.708880 7.264966 6.803511 8.174664 10.780273 13.122785 12.896985 10.243617 7.554870 6.499551 6.902494 8.142083 9.777223 10.419199 9.252479 7.303732 6.320073 6.284981 6.613155 7.321787 7.894802 7.656312 6.639893,
 5.182886 6.150845 7.336322 7.796135 7.212305 6.434872 6.088340 5.424442 6.667965 8.847202 9.985819 8.761892 6.959793 6.119061 5.656177 7.184814 10.332868 12.225734 10.282578 7.362246 6.027179 5.862638 7.464509 10.958145 13.235302 10.958145 7.464507 5.862638 6.027179 7.362246 10.282578 12.225732 10.332866 7.184814 5.656177 6.119061 6.959793 8.761892 9.985818 8.847201 6.667965 5.424442 6.088341 6.434872 7.212305 7.796135 7.336322 6.150845 5.182884,
 6.281533 6.760166 7.323649 8.124573 8.743817 8.685213 8.169766 6.440265 7.302277 8.820781 10.578485 11.223371 10.196633 8.582636 6.904490 8.604246 11.443460 13.869390 13.615459 11.036541 8.439543 7.715719 10.290938 13.776879 15.598409 13.776879 10.290937 7.715720 8.439543 11.036540 13.615459 13.869390 11.443460 8.604245 6.904490 8.582636 10.196633 11.223371 10.578485 8.820779 7.302277 6.440265 8.169766 8.685213 8.743817 8.124572 7.323649 6.760166 6.281532,

Pairwise cross-correlations of the modulus of all oriented sub-bands at the same scale (size QxQ)
 59.233543 54.058254 46.649326 53.234615,
 54.058254 59.509838 52.495949 50.530327,
 46.649326 52.495949 56.562820 52.255440,
 53.234615 50.530327 52.255440 58.531723,
 55.203793 51.010429 48.345760 51.278423,
 51.010429 56.290085 51.809345 48.787666,
 48.345760 51.809345 56.159061 51.557304,
 51.278423 48.787666 51.557304 56.262100,

Cross-correlations of the modulus of all oriented sub-bands with all oriented sub-bands at the coarser scale (size QxQ)
 51.889816 48.988506 45.768280 49.024818,
 49.324883 52.331600 49.851589 47.100815,
 44.147766 47.523804 50.701561 47.866840,
 48.844757 46.588696 49.351566 52.088463,
 23.818695 21.266163 19.119501 21.955362,
 22.650280 21.701115 19.704027 21.030910,
 21.942760 20.867317 20.140543 21.745079,
 23.067972 20.610870 20.105183 23.002632,

Cross-correlations of the real part of each oriented sub-band with both the real and imaginary part of all phase-doubled oriented sub-bands at the next coarser scale (Q matrices of size 1x2Q, which are computed and stored in a matrix of size Qx2Q)
 -21.630905 -9.624538 -0.804953 -9.628385 0.178180 0.063247 0.014088 0.039325,
 -9.301443 -22.440781 -9.344318 -0.743492 -0.010026 0.018800 -0.064599 0.011114,
 -0.760639 -9.765175 -20.954742 -9.534585 -0.022623 -0.070737 -0.027750 0.114718,
 -9.457766 -0.766879 -9.001554 -22.306879 0.145173 0.008869 0.036582 0.171040,
 -10.565187 -4.170729 -0.375218 -5.240243 0.389420 0.025162 -0.025706 0.141615,
 -4.454574 -8.997118 -3.827839 -0.429138 0.318420 -0.311078 -0.068145 -0.026545,
 -0.475571 -3.878026 -8.062064 -3.778655 -0.000119 -0.234069 0.048289 0.037768,
 -5.057092 -0.400657 -3.434944 -10.189266 -0.011006 0.015109 0.041777 0.273889,
