Low-band skewness and kurtosis
 -11.532164 149.625244,
 -7.218148 62.762226,
 -4.165725 24.495773,
 -0.684774 6.737737,

High-band variance
 16.685822,

Skewness, kurtosis, variance, mean, maximum and minimum of the reconstructed texture
 -11.614902 142.434723 319.842133 253.345703 255.000000 0.000000,

Auto-correlations of the low-frequency bands at each scale
 2.519886 -0.129456 5.676342 12.477649 9.637188 3.796781 3.324018 -2.668996 12.620789 57.514973 85.976196 60.832077 16.942717 0.340825 -0.539554 51.884384 161.068542 223.274780 163.733414 56.070084 3.594556 4.849811 78.060265 220.219757 298.618347 220.219757 78.060272 4.849810 3.594555 56.070080 163.733414 223.274796 161.068527 51.884384 -0.539555 0.340825 16.942715 60.832085 85.976181 57.514969 12.620791 -2.668997 3.324019 3.796780 9.637188 12.477650 5.676342 -0.129456 2.519885,
 5.901815 4.637058 -1.767812 -2.941391 1.867448 6.832369 5.726205 0.679096 -8.280371 -1.610880 11.157746 3.501961 -4.077018 2.639289 -4.674225 -4.592344 52.798344 99.649254 56.009113 -1.794480 -2.876294 -4.766159 5.923083 97.063171 163.818558 97.063179 5.923083 -4.766159 -2.876295 -1.794480 56.009113 99.649254 52.798344 -4.592343 -4.674225 2.639289 -4.077017 3.501961 11.157746 -1.610881 -8.280370 0.679096 5.726205 6.832369 1.867448 -2.941391 -1.767812 4.637057 5.901815,
 9.126647 6.498658 5.191515 4.318472 1.531951 1.460159 3.719639 8.122582 -0.235919 -0.131091 3.941015 -0.601308 -2.246979 3.302549 1.914529 -3.137250 15.314231 33.068275 17.348408 -1.421404 1.236057 -0.412594 0.093474 31.602703 56.479683 31.602703 0.093474 -0.412594 1.236057 -1.421404 17.348408 33.068279 15.314232 -3.137250 1.914529 3.302549 -2.246979 -0.601309 3.941014 -0.131091 -0.235919 8.122581 3.719639 1.460158 1.531950 4.318472 5.191516 6.498658 9.126647,
 0.817592 0.630070 0.880194 1.019642 0.294402 -0.161388 0.294727 0.567030 -0.055436 0.475356 1.072051 0.161961 -0.337670 0.272973 0.679787 0.489292 2.843197 4.840873 2.927594 0.875086 1.061095 1.341569 1.633894 5.071943 7.820341 5.071943 1.633894 1.341568 1.061095 0.875086 2.927594 4.840872 2.843197 0.489292 0.679787 0.272973 -0.337670 0.161961 1.072051 0.475357 -0.055436 0.567030 0.294727 -0.161388 0.294402 1.019642 0.880194 0.630070 0.817592,

Auto-correlations of the modulus of each oriented sub-band
 16.184820 18.011053 19.279154 19.789745 19.453133 18.359488 16.706316 26.211645 30.361586 33.279510 34.339169 33.301430 30.461840 26.457216 36.824631 43.672894 48.571529 50.338425 48.521915 43.659904 36.928234 41.541538 49.578495 55.402088 57.554012 55.402077 49.578499 41.541538 36.928234 43.659904 48.521915 50.338428 48.571522 43.672886 36.824627 26.457216 30.461836 33.301430 34.339169 33.279507 30.361586 26.211645 16.706316 18.359488 19.453133 19.789745 19.279154 18.011053 16.184820,
 28.945351 33.255516 33.082066 28.446228 21.601103 15.324007 11.117547 33.076843 41.207024 44.356552 40.828228 32.380390 22.838564 15.377529 32.982456 44.409695 51.969040 51.842983 44.046001 32.440418 21.680527 28.469639 40.932102 51.912979 56.374641 51.912979 40.932110 28.469637 21.680527 32.440418 44.046001 51.842983 51.969040 44.409702 32.982456 15.377531 22.838560 32.380390 40.828236 44.356552 41.207024 33.076843 11.117547 15.324009 21.601105 28.446226 33.082066 33.255516 28.945347,
 15.174410 24.274878 34.083405 38.676144 34.635994 24.961105 15.663917 16.535728 28.066643 40.641644 46.441738 41.068726 28.602217 16.933825 17.528616 30.859516 45.477280 52.135983 45.707954 31.149166 17.749094 17.965864 31.987553 47.352795 54.264145 47.352791 31.987558 17.965864 17.749094 31.149162 45.707958 52.135983 45.477276 30.859520 17.528616 16.933825 28.602217 41.068726 46.441738 40.641636 28.066643 16.535728 15.663918 24.961105 34.636002 38.676147 34.083405 24.274881 15.174410,
 9.664756 14.290839 21.026306 28.152657 32.735466 32.682823 28.283838 14.331164 22.069508 31.809065 40.251614 43.539433 40.210423 32.201183 20.893257 31.664972 43.211609 50.866478 50.808922 43.282394 32.135262 27.722704 39.959782 50.781067 55.202496 50.781063 39.959785 27.722704 32.135262 43.282394 50.808929 50.866474 43.211609 31.664976 20.893259 32.201183 40.210423 43.539433 40.251610 31.809065 22.069510 14.331162 28.283842 32.682816 32.735466 28.152658 21.026306 14.290842 9.664756,
 11.804247 13.007850 14.154932 14.717548 14.377114 13.271763 11.854192 16.717247 21.024914 24.845041 26.633711 25.553593 22.187824 17.994289 25.187796 33.848553 41.375957 44.622047 41.974716 34.824100 26.273170 30.137009 41.052105 50.448154 54.253471 50.448162 41.052105 30.137011 26.273170 34.824097 41.974716 44.622051 41.375961 33.848553 25.187796 17.994286 22.187824 25.553593 26.633709 24.845045 21.024914 16.717249 11.854192 13.271763 14.377114 14.717551 14.154934 13.007852 11.804247,
 19.506697 23.786318 24.807022 21.403320 15.905090 11.060966 7.806138 22.737938 31.591852 36.611660 33.565517 24.773497 15.960871 10.254551 22.919609 35.635349 46.508091 47.345222 37.316547 24.029839 14.388732 19.424335 32.356049 46.936028 53.692112 46.936028 32.356049 19.424335 14.388732 24.029839 37.316544 47.345219 46.508091 35.635349 22.919609 10.254551 15.960871 24.773493 33.565514 36.611668 31.591848 22.737938 7.806139 11.060966 15.905089 21.403320 24.807028 23.786314 19.506697,
 11.302495 17.443644 25.169586 28.716894 24.470139 16.197800 9.672450 11.862659 20.756329 32.832016 38.842953 32.596943 20.234831 10.989701 12.461166 23.801870 39.648228 47.747601 39.631546 23.674686 12.124401 12.651748 25.055069 42.449497 51.383389 42.449497 25.055069 12.651749 12.124401 23.674686 39.631542 47.747597 39.648228 23.801876 12.461165 10.989701 20.234829 32.596939 38.842949 32.832020 20.756329 11.862659 9.672449 16.197800 24.470137 28.716898 25.169586 17.443645 11.302497,
 8.138128 10.079232 13.780419 18.777845 22.234419 21.390162 17.008045 9.435690 14.242260 22.472223 31.190348 34.480854 29.723228 20.836248 13.012241 22.156395 35.102219 45.086025 44.496983 33.981617 21.388168 17.964264 30.642309 44.876671 51.454071 44.876671 30.642309 17.964266 21.388170 33.981613 44.496979 45.086021 35.102219 22.156395 13.012243 20.836248 29.723225 34.480846 31.190348 22.472223 14.242261 9.435692 17.008045 21.390160 22.234415 18.777845 13.780421 10.079233 8.138128,
 7.466699 7.998894 8.307552 8.212945 7.734385 7.170282 6.833909 8.462315 9.717555 10.692622 10.867559 10.077459 8.801675 7.694354 10.099891 12.653453 14.937957 15.742063 14.487679 11.977000 9.503618 10.804128 14.080104 17.225161 18.588732 17.225159 14.080104 10.804128 9.503619 11.977000 14.487679 15.742063 14.937956 12.653453 10.099890 7.694354 8.801675 10.077459 10.867559 10.692621 9.717555 8.462315 6.833909 7.170282 7.734385 8.212945 8.307552 7.998894 7.466699,
 8.291408 9.202222 9.292155 8.273999 6.784222 5.736140 5.485173 9.117574 11.481349 12.576622 11.352092 8.692333 6.446906 5.480241 8.805992 12.641753 15.876032 15.786834 12.341307 8.382882 6.070182 7.399950 11.163971 15.883332 18.206022 15.883332 11.163971 7.399950 6.070182 8.382883 12.341306 15.786835 15.876034 12.641751 8.805990 5.480241 6.446906 8.692332 11.352092 12.576622 11.481349 9.117574 5.485173 5.736140 6.784222 8.274000 9.292155 9.202222 8.291408,
 6.151396 7.124652 9.135292 10.139855 8.781497 6.789965 6.045075 6.305109 7.883611 11.192599 13.040055 10.952496 7.647422 6.174590 6.434641 8.610529 13.140933 15.820282 13.027978 8.492421 6.344946 6.458003 8.888404 13.937665 17.014688 13.937665 8.888404 6.458003 6.344946 8.492422 13.027978 15.820282 13.140933 8.610529 6.434641 6.174590 7.647422 10.952496 13.040055 11.192598 7.883610 6.305108 6.045075 6.789965 8.781497 10.139854 9.135292 7.124652 6.151396,
 5.552114 5.891071 6.514992 7.302270 7.749688 7.473773 6.779549 5.705180 6.299447 7.831038 9.731119 10.430135 9.232340 7.406257 5.962561 7.544123 10.694402 13.524615 13.314301 10.347878 7.460706 6.724452 9.484435 13.513930 15.639995 13.513930 9.484435 6.724452 7.460704 10.347878 13.314301 13.524615 10.694404 7.544122 5.962561 7.406256 9.232340 10.430134 9.731118 7.831038 6.299447 5.705180 6.779548 7.473774 7.749688 7.302270 6.514992 5.891071 5.552114,

Pairwise cross-correlations of the modulus of all oriented sub-bands at the same scale (size QxQ)
 57.554012 50.970966 44.019325 50.733917,
 50.970966 56.374657 50.039421 47.408672,
 44.019325 50.039421 54.264111 49.531818,
 50.733917 47.408672 49.531818 55.202511,
 54.253471 49.328632 44.401276 48.153812,
 49.328632 53.692123 48.570667 45.933540,
 44.401276 48.570667 51.383396 47.147072,
 48.153812 45.933540 47.147072 51.454067,

Cross-correlations of the modulus of all oriented sub-bands with all oriented sub-bands at the coarser scale (size QxQ)
 50.334713 46.491749 42.493298 46.031059,
 46.539829 49.936867 46.329071 43.700443,
 41.200909 45.118031 47.654400 44.452915,
 45.814159 43.438030 45.454224 48.186615,
 25.643406 23.896311 22.121418 21.931433,
 24.341305 24.846910 23.062517 20.791128,
 21.981844 22.631363 23.385769 20.980284,
 23.329496 21.968624 22.302872 22.170036,

Cross-correlations of the real part of each oriented sub-band with both the real and imaginary part of all phase-doubled oriented sub-bands at the next coarser scale (Q matrices of size 1x2Q, which are computed and stored in a matrix of size Qx2Q)
 -21.228907 -9.609423 -0.658527 -8.877479 -0.129041 0.033686 0.003480 0.140987,
 -9.395911 -21.309929 -8.560296 -0.755999 0.001722 0.071677 -0.025587 0.018635,
 -0.697725 -9.072299 -19.405186 -8.394196 0.010990 -0.013986 0.010716 0.036031,
 -8.884433 -0.812116 -8.199963 -19.825808 -0.080797 -0.004936 0.035856 0.174821,
 -12.069105 -5.469100 -0.469451 -5.103350 0.417372 0.083465 0.018511 0.101552,
 -5.457629 -12.338740 -5.184207 -0.539495 0.179019 0.168943 -0.115634 -0.038330,
 -0.464779 -5.351066 -11.286409 -4.625391 -0.016628 0.002752 -0.362733 0.162197,
 -5.153811 -0.501987 -4.677439 -10.711074 0.109976 -0.037292 -0.106142 0.494879,
