Low-band skewness and kurtosis
 -11.451409 147.520523,
 -7.265719 63.355530,
 -4.189294 24.119978,
 -0.845972 8.167540,

High-band variance
 17.154964,

Skewness, kurtosis, variance, mean, maximum and minimum of the reconstructed texture
 -11.516812 140.007080 326.583130 253.315247 255.000000 0.000000,

Auto-correlations of the low-frequency bands at each scale
 3.603270 0.774916 4.292188 9.689903 8.828334 8.956220 15.022056 1.691636 16.237680 59.592422 87.856087 64.985390 26.074495 13.808768 5.886725 58.007999 166.362305 228.428741 169.559448 63.913712 12.743520 11.504810 84.757965 226.416885 304.822174 226.416885 84.757965 11.504810 12.743518 63.913700 169.559433 228.428741 166.362274 58.008007 5.886726 13.808768 26.074490 64.985397 87.856087 59.592411 16.237680 1.691636 15.022058 8.956219 8.828335 9.689903 4.292188 0.774915 3.603270,
 9.788750 4.368659 -3.632865 -8.113763 -6.988191 -0.499397 4.263329 5.389171 -7.977573 -3.443528 7.273123 0.226062 -3.442609 6.513282 -4.314428 -3.101636 55.293339 102.946091 62.704964 6.317576 0.863915 -5.558239 11.755908 104.858200 170.708572 104.858200 11.755908 -5.558239 0.863915 6.317576 62.704964 102.946091 55.293339 -3.101636 -4.314429 6.513283 -3.442609 0.226061 7.273122 -3.443527 -7.977574 5.389171 4.263330 -0.499397 -6.988191 -8.113763 -3.632865 4.368659 9.788751,
 8.145243 8.282692 4.659185 4.026705 4.852071 5.997770 7.819055 6.066009 1.168520 -0.837556 2.928411 1.197911 0.347872 4.800972 4.540522 1.876922 17.353580 33.168835 18.192219 -0.078435 1.310646 2.532653 4.662990 34.472351 58.261929 34.472351 4.662990 2.532652 1.310646 -0.078434 18.192219 33.168835 17.353580 1.876921 4.540522 4.800972 0.347872 1.197911 2.928410 -0.837557 1.168519 6.066008 7.819055 5.997772 4.852071 4.026705 4.659184 8.282690 8.145243,
 0.523928 0.621203 1.138690 1.438290 1.380201 1.729609 1.841495 0.572540 0.082954 1.132040 2.013541 0.955750 0.661211 1.665189 0.886158 0.563512 3.569464 6.028893 3.320095 0.557826 1.079863 0.968654 1.084272 5.499102 9.069033 5.499102 1.084272 0.968654 1.079864 0.557826 3.320095 6.028893 3.569465 0.563512 0.886158 1.665189 0.661211 0.955750 2.013541 1.132040 0.082954 0.572540 1.841494 1.729609 1.380201 1.438291 1.138690 0.621203 0.523928,

Auto-correlations of the modulus of each oriented sub-band
 16.203465 17.673819 18.801561 19.369530 19.243828 18.451542 17.115936 26.011337 29.931717 32.816360 34.023907 33.257000 30.737261 27.016600 36.404694 43.077282 47.924595 49.772858 48.116390 43.449665 36.906361 41.097775 49.002422 54.740162 56.867260 54.740154 49.002422 41.097775 36.906361 43.449665 48.116383 49.772858 47.924591 43.077286 36.404694 27.016603 30.737261 33.257000 34.023899 32.816360 29.931717 26.011337 17.115938 18.451540 19.243828 19.369530 18.801561 17.673819 16.203461,
 30.591307 34.639328 34.508678 30.048567 23.361870 17.060846 12.567616 34.873718 42.461327 45.499729 42.178421 34.115627 24.930182 17.542204 35.010441 45.645363 52.800304 52.739677 45.374134 34.398235 24.132376 30.801659 42.474232 52.796185 57.017239 52.796185 42.474236 30.801659 24.132376 34.398228 45.374134 52.739677 52.800301 45.645363 35.010441 17.542204 24.930183 34.115631 42.178417 45.499729 42.461334 34.873718 12.567616 17.060846 23.361872 30.048571 34.508678 34.639332 30.591303,
 15.757416 24.678526 34.088245 38.165005 33.866791 24.668930 16.109165 17.349613 28.335550 40.304821 45.640850 40.142040 28.407953 17.745203 18.519445 30.981180 44.833241 51.154377 44.745182 31.047348 18.779148 19.043545 31.984009 46.487648 53.218891 46.487648 31.984011 19.043545 18.779148 31.047344 44.745190 51.154377 44.833241 30.981184 18.519445 17.745203 28.407949 40.142040 45.640854 40.304821 28.335552 17.349613 16.109165 24.668928 33.866791 38.165005 34.088245 24.678528 15.757417,
 10.642160 15.100953 21.506071 28.439775 33.256260 33.780949 30.020500 15.417544 22.983820 32.508774 41.000324 44.729763 41.961609 34.414669 22.204155 32.818069 44.215836 51.960056 52.234074 45.063744 34.198547 29.388672 41.440666 52.056061 56.394382 52.056061 41.440666 29.388672 34.198547 45.063736 52.234074 51.960056 44.215828 32.818069 22.204155 34.414673 41.961605 44.729771 41.000336 32.508774 22.983820 15.417542 30.020506 33.780945 33.256260 28.439775 21.506071 15.100953 10.642159,
 11.661205 12.618180 13.354311 13.495416 12.878740 11.782369 10.680775 17.393267 21.142445 24.292685 25.410645 23.803715 20.213352 16.169590 25.124981 33.435642 40.552223 43.294170 40.185795 32.805828 24.340889 28.748634 39.482212 48.819683 52.633591 48.819683 39.482212 28.748634 24.340889 32.805824 40.185791 43.294174 40.552223 33.435646 25.124981 16.169586 20.213352 23.803715 25.410650 24.292686 21.142445 17.393267 10.680773 11.782366 12.878740 13.495414 13.354311 12.618180 11.661207,
 21.016005 25.056772 26.089920 22.896717 17.635944 13.338609 11.062635 25.508501 34.160446 39.178116 36.280537 27.332209 18.279980 12.795017 26.519075 39.330410 50.256500 51.237530 41.068768 27.250669 17.157490 22.874104 36.302952 51.189224 58.016666 51.189228 36.302956 22.874104 17.157490 27.250669 41.068760 51.237530 50.256508 39.330410 26.519072 12.795017 18.279976 27.332209 36.280537 39.178116 34.160446 25.508501 11.062637 13.338609 17.635944 22.896717 26.089922 25.056776 21.016005,
 12.253152 17.852957 26.523190 30.990776 26.621002 18.144600 12.195933 13.318933 21.863750 34.800369 41.425365 34.730270 21.888397 13.074135 14.231523 25.387976 42.084694 50.687824 41.957195 25.288754 13.994147 14.498725 26.760038 44.996052 54.506134 44.996063 26.760044 14.498725 13.994147 25.288754 41.957191 50.687824 42.084702 25.387972 14.231523 13.074135 21.888397 34.730267 41.425365 34.800373 21.863750 13.318933 12.195933 18.144598 26.620998 30.990778 26.523191 17.852961 12.253153,
 10.033130 11.599070 15.037733 19.526346 22.314777 21.370518 17.715111 11.576591 15.782862 23.472555 31.438822 34.157185 29.658606 21.716848 14.757871 23.396290 35.831890 45.228470 44.434261 34.356102 22.490004 19.293716 31.494772 45.268349 51.626190 45.268349 31.494772 19.293715 22.490005 34.356102 44.434261 45.228466 35.831890 23.396290 14.757870 21.716848 29.658606 34.157181 31.438826 23.472559 15.782862 11.576591 17.715111 21.370518 22.314775 19.526346 15.037733 11.599071 10.033130,
 6.764411 7.047388 7.181426 7.163752 7.045288 6.903308 6.762605 7.185315 8.237967 9.265006 9.745891 9.387954 8.453111 7.434846 8.340709 10.886438 13.418065 14.603771 13.666075 11.270624 8.714172 9.262827 12.691952 16.042183 17.513006 16.042183 12.691950 9.262827 8.714173 11.270624 13.666075 14.603771 13.418065 10.886436 8.340709 7.434846 8.453110 9.387954 9.745889 9.265006 8.237967 7.185313 6.762605 6.903308 7.045289 7.163751 7.181425 7.047388 6.764411,
 7.172277 8.833009 9.414690 8.494568 7.228336 6.507862 6.392519 8.024126 10.766179 12.471510 11.500391 8.988482 7.043950 6.241894 8.197284 11.991624 15.576913 15.789775 12.380792 8.581189 6.412754 7.292267 10.913556 15.679636 18.141619 15.679636 10.913556 7.292267 6.412755 8.581189 12.380791 15.789775 15.576914 11.991624 8.197283 6.241895 7.043949 8.988482 11.500390 12.471508 10.766178 8.024124 6.392520 6.507861 7.228335 8.494568 9.414692 8.833009 7.172277,
 7.404833 8.782726 10.719372 11.773904 10.632396 8.862103 8.187764 7.545752 9.772981 13.215521 15.072767 13.023636 9.707130 8.054163 7.673178 10.632860 15.486278 18.190334 15.321033 10.532961 7.899020 7.783128 10.939240 16.374002 19.533609 16.374002 10.939239 7.783128 7.899020 10.532961 15.321034 18.190332 15.486278 10.632860 7.673178 8.054164 9.707130 13.023635 15.072764 13.215520 9.772981 7.545752 8.187765 8.862103 10.632396 11.773904 10.719373 8.782726 7.404833,
 5.820997 6.483620 7.251441 8.024564 8.574304 8.501733 7.802738 5.980570 7.105712 8.854448 10.807158 11.624691 10.490312 8.421867 6.478081 8.598156 12.045703 15.053104 14.907693 11.758385 8.364243 7.431281 10.754682 15.151865 17.411352 15.151865 10.754682 7.431281 8.364242 11.758385 14.907693 15.053104 12.045703 8.598156 6.478082 8.421867 10.490312 11.624691 10.807158 8.854448 7.105711 5.980571 7.802738 8.501733 8.574304 8.024564 7.251441 6.483620 5.820997,

Pairwise cross-correlations of the modulus of all oriented sub-bands at the same scale (size QxQ)
 56.867268 51.115696 43.212440 51.176472,
 51.115696 57.017254 49.179543 47.914848,
 43.212440 49.179543 53.218895 49.037640,
 51.176472 47.914848 49.037640 56.394379,
 52.633591 50.186356 45.586273 47.979851,
 50.186356 58.016663 51.622757 46.548199,
 45.586273 51.622757 54.506134 48.483017,
 47.979851 46.548199 48.483017 51.626194,

Cross-correlations of the modulus of all oriented sub-bands with all oriented sub-bands at the coarser scale (size QxQ)
 48.739040 48.381405 44.014412 45.559231,
 46.086418 52.253300 47.790245 43.544788,
 39.887157 46.275414 48.623451 43.549755,
 45.560970 46.129765 47.181767 48.642406,
 23.855019 22.472948 22.879766 22.928856,
 24.777792 26.175613 26.152628 23.191282,
 22.720354 23.816317 26.337132 23.801517,
 22.611876 21.036573 24.086056 24.275618,

Cross-correlations of the real part of each oriented sub-band with both the real and imaginary part of all phase-doubled oriented sub-bands at the next coarser scale (Q matrices of size 1x2Q, which are computed and stored in a matrix of size Qx2Q)
 -20.402857 -9.319946 -0.820751 -8.693449 0.204162 0.035312 -0.045130 0.043225,
 -9.006174 -22.167301 -9.249388 -0.716929 0.157173 -0.019562 -0.008487 -0.003998,
 -0.765813 -9.633029 -20.014933 -8.540392 -0.015242 -0.047816 0.125112 0.130685,
 -8.730335 -0.707812 -8.439839 -19.733990 0.004061 -0.000829 0.016659 0.213178,
 -11.362010 -5.352695 -0.474301 -4.925687 0.564462 -0.148133 -0.014346 0.070841,
 -5.119452 -12.555974 -5.415671 -0.515924 0.233696 -0.651856 -0.144120 0.034967,
 -0.490016 -5.737999 -12.119522 -5.311774 -0.004213 -0.249820 0.172369 0.174197,
 -4.905123 -0.509511 -5.263233 -11.516640 0.128254 0.029249 0.233513 0.081247,
