Low-band skewness and kurtosis
 -11.308561 144.552170,
 -6.708853 52.842064,
 -3.565431 17.401758,
 -0.428668 8.728558,

High-band variance
 17.754238,

Skewness, kurtosis, variance, mean, maximum and minimum of the reconstructed texture
 -11.382019 136.984329 330.526520 253.281113 255.000000 0.000000,

Auto-correlations of the low-frequency bands at each scale
 0.071214 -1.873849 1.613741 5.070878 2.237041 -0.208956 2.542585 -5.023147 9.884053 52.666988 78.960060 53.557552 11.837876 -1.572324 -2.721441 51.191200 162.991180 226.066452 163.404678 51.999668 -0.911829 1.015821 77.110695 225.744202 307.886078 225.744202 77.110695 1.015821 -0.911829 51.999668 163.404678 226.066452 162.991180 51.191208 -2.721441 -1.572324 11.837875 53.557556 78.960045 52.666996 9.884055 -5.023147 2.542585 -0.208957 2.237043 5.070879 1.613741 -1.873849 0.071214,
 9.301795 4.134182 -4.251427 -6.151744 -3.753937 1.313861 4.794295 7.606164 -6.874426 -3.736848 7.376461 -3.017110 -9.711294 2.711224 -1.206693 -4.717931 51.159023 98.163055 52.606712 -5.606461 -4.551822 -6.753936 3.425522 95.749954 164.139832 95.749977 3.425522 -6.753936 -4.551823 -5.606461 52.606712 98.163055 51.159027 -4.717931 -1.206692 2.711224 -9.711294 -3.017110 7.376461 -3.736848 -6.874426 7.606164 4.794295 1.313861 -3.753936 -6.151744 -4.251429 4.134182 9.301794,
 3.971765 5.355849 2.321375 -1.504179 -1.777561 1.289686 2.763146 2.297604 -0.443802 -0.630041 -0.413031 -4.419724 -3.430319 3.009089 0.403205 -0.461860 16.456823 29.756477 14.334777 -1.232060 2.936733 1.503781 2.617944 30.862364 53.083813 30.862364 2.617944 1.503781 2.936733 -1.232060 14.334775 29.756475 16.456823 -0.461860 0.403205 3.009089 -3.430319 -4.419724 -0.413031 -0.630041 -0.443802 2.297604 2.763146 1.289686 -1.777560 -1.504179 2.321375 5.355849 3.971766,
 0.849733 0.746169 0.224134 -0.092782 0.761643 1.590640 0.821805 0.486805 0.280055 0.259617 0.026361 -0.002076 0.876420 1.471113 0.019496 0.473044 3.054210 4.483670 2.303214 0.450807 1.021494 0.212002 0.725187 4.822798 7.845258 4.822799 0.725187 0.212002 1.021494 0.450807 2.303214 4.483670 3.054210 0.473044 0.019496 1.471113 0.876420 -0.002076 0.026361 0.259617 0.280055 0.486805 0.821805 1.590640 0.761643 -0.092782 0.224134 0.746169 0.849733,

Auto-correlations of the modulus of each oriented sub-band
 15.992196 17.368259 18.325974 18.642286 18.188988 17.027555 15.359135 25.859009 29.883915 32.811455 33.943100 32.937614 30.022705 25.853687 36.774612 43.864468 49.019440 50.981983 49.179867 44.092785 36.959393 41.808327 50.317608 56.472572 58.744762 56.472572 50.317608 41.808327 36.959393 44.092785 49.179863 50.981983 49.019440 43.864468 36.774612 25.853687 30.022701 32.937614 33.943100 32.811455 29.883915 25.859009 15.359135 17.027555 18.188990 18.642284 18.325974 17.368263 15.992196,
 29.944735 34.571007 34.620659 29.728817 22.095329 14.797285 9.670882 34.333435 43.053795 46.722389 43.134762 33.891434 23.207880 14.717237 34.178799 46.444416 54.811028 54.903660 46.442711 33.670246 21.819933 29.279860 42.762218 54.775772 59.693718 54.775772 42.762226 29.279860 21.819933 33.670246 46.442703 54.903656 54.811028 46.444416 34.178799 14.717234 23.207876 33.891434 43.134754 46.722389 43.053795 34.333435 9.670882 14.797283 22.095331 29.728819 34.620663 34.571011 29.944735,
 15.511775 26.134237 37.416615 42.300365 37.123253 25.588634 14.630970 16.987558 30.296209 44.629070 50.904305 44.365604 29.856501 16.347641 17.925383 33.183533 49.758957 57.101139 49.594929 32.930702 17.585537 18.146368 34.143387 51.576271 59.382946 51.576271 34.143391 18.146368 17.585537 32.930702 49.594933 57.101139 49.758957 33.183537 17.925381 16.347641 29.856497 44.365604 50.904305 44.629063 30.296211 16.987556 14.630972 25.588634 37.123253 42.300365 37.416615 26.134239 15.511774,
 9.828195 14.571671 21.762131 29.486631 34.578632 34.657402 29.917778 14.610929 23.014023 33.745914 43.152157 47.017902 43.552837 34.737968 21.790634 33.769588 46.609615 55.168224 55.306866 47.093407 34.672962 29.543003 43.222580 55.203846 60.046829 55.203846 43.222580 29.543003 34.672962 47.093399 55.306866 55.168224 46.609615 33.769592 21.790630 34.737968 43.552830 47.017906 43.152157 33.745914 23.014025 14.610929 29.917782 34.657402 34.578632 29.486631 21.762135 14.571672 9.828195,
 10.771155 11.835837 12.380256 12.160027 11.184185 9.829154 8.612332 17.780594 22.052807 25.362879 26.309759 24.345936 20.386717 16.085630 26.390087 35.433083 42.989529 45.811481 42.391533 34.459728 25.403206 30.236856 41.780739 51.727657 55.780155 51.727661 41.780743 30.236851 25.403206 34.459728 42.391533 45.811481 42.989532 35.433079 26.390087 16.085630 20.386721 24.345934 26.309759 25.362881 22.052805 17.780594 8.612332 9.829154 11.184184 12.160027 12.380256 11.835837 10.771155,
 18.690651 22.414280 22.361769 17.918205 11.816259 7.215944 5.090368 23.368389 31.990589 36.084980 32.010082 22.349266 13.128734 7.866001 23.930634 37.072666 47.606625 47.791500 37.056049 22.985588 12.900513 19.420126 33.191940 48.247135 55.070290 48.247147 33.191944 19.420126 12.900511 22.985590 37.056046 47.791500 47.606625 37.072666 23.930635 7.866001 13.128734 22.349266 32.010082 36.084980 31.990589 23.368389 5.090367 7.215944 11.816258 17.918205 22.361771 22.414284 18.690651,
 10.833355 16.039705 23.327936 27.154928 22.718460 13.845905 7.577409 11.714175 19.758280 31.754244 38.277199 31.631470 18.390944 9.389696 12.188932 22.827438 39.060848 47.887291 39.149509 22.210699 10.980816 11.974374 23.878397 42.076168 51.790623 42.076172 23.878401 11.974374 10.980816 22.210697 39.149502 47.887295 39.060848 22.827438 12.188932 9.389696 18.390942 31.631470 38.277199 31.754248 19.758280 11.714175 7.577408 13.845905 22.718456 27.154924 23.327940 16.039707 10.833355,
 8.853881 10.046916 13.161729 17.884520 21.189991 20.300486 16.076385 10.746708 14.755998 22.545948 31.141964 34.355988 29.557861 20.875790 14.200809 22.779085 35.675404 45.792130 45.128574 34.414894 21.956005 18.814444 31.254934 45.724365 52.499172 45.724365 31.254934 18.814444 21.956005 34.414894 45.128567 45.792137 35.675407 22.779087 14.200811 20.875790 29.557861 34.355988 31.141962 22.545950 14.755998 10.746707 16.076385 20.300486 21.189991 17.884518 13.161731 10.046916 8.853884,
 3.932411 4.210771 4.300050 4.169847 3.863833 3.505691 3.200213 4.745195 5.723451 6.540721 6.830442 6.415067 5.519578 4.559903 6.491498 8.858630 11.057048 12.037759 11.207060 9.080191 6.728105 7.687801 10.888688 13.868085 15.138981 13.868085 10.888688 7.687801 6.728106 9.080191 11.207060 12.037760 11.057048 8.858628 6.491498 4.559903 5.519578 6.415067 6.830441 6.540721 5.723451 4.745194 3.200213 3.505690 3.863833 4.169847 4.300050 4.210770 3.932411,
 4.828140 6.141644 6.498223 5.442936 4.045629 3.323349 3.097872 5.584548 8.015808 9.587396 8.620942 6.046391 4.068445 3.248048 5.691864 9.051168 12.410687 12.703764 9.480709 5.853990 3.831938 4.875686 8.078929 12.448706 14.736548 12.448706 8.078929 4.875686 3.831938 5.853991 9.480708 12.703764 12.410689 9.051168 5.691864 3.248048 4.068444 6.046391 8.620941 9.587396 8.015806 5.584548 3.097872 3.323349 4.045629 5.442935 6.498222 6.141644 4.828139,
 4.228325 5.765979 7.713706 8.420135 7.010102 5.044201 4.018600 4.535316 6.801438 10.092390 11.648153 9.518330 6.134717 4.286677 4.751286 7.661826 12.255724 14.706839 11.937864 7.260384 4.581291 4.770114 7.876665 13.062287 16.013775 13.062289 7.876665 4.770113 4.581291 7.260384 11.937862 14.706839 12.255725 7.661826 4.751286 4.286677 6.134717 9.518329 11.648153 10.092390 6.801438 4.535316 4.018600 5.044201 7.010102 8.420135 7.713706 5.765979 4.228324,
 3.693864 4.343751 4.971017 5.668599 6.093424 5.699182 4.736349 4.106354 5.212295 6.946945 8.959549 9.645200 8.228391 6.013239 4.860279 7.077213 10.539535 13.495160 13.189299 9.945619 6.560248 5.932314 9.285414 13.597374 15.819977 13.597374 9.285414 5.932314 6.560248 9.945619 13.189299 13.495160 10.539535 7.077212 4.860279 6.013239 8.228391 9.645200 8.959548 6.946945 5.212295 4.106354 4.736349 5.699182 6.093424 5.668600 4.971017 4.343751 3.693865,

Pairwise cross-correlations of the modulus of all oriented sub-bands at the same scale (size QxQ)
 58.744766 53.553787 47.452194 53.967121,
 53.553787 59.693718 54.129883 50.995583,
 47.452194 54.129883 59.382927 54.033340,
 53.967121 50.995583 54.033340 60.046810,
 55.780167 50.912083 45.175716 49.563656,
 50.912083 55.070282 48.681263 46.254848,
 45.175716 48.681263 51.790611 47.745865,
 49.563656 46.254848 47.745865 52.499172,

Cross-correlations of the modulus of all oriented sub-bands with all oriented sub-bands at the coarser scale (size QxQ)
 51.467300 48.091129 42.929398 46.607456,
 49.428738 51.908417 47.039455 44.967865,
 45.292709 47.919796 49.348385 46.764389,
 49.420612 46.569679 47.303890 50.797840,
 22.800745 21.059332 21.438038 22.565300,
 21.679396 21.956070 22.426563 21.664310,
 19.739641 20.231956 22.568810 21.621332,
 21.168907 19.377640 21.750296 23.181744,

Cross-correlations of the real part of each oriented sub-band with both the real and imaginary part of all phase-doubled oriented sub-bands at the next coarser scale (Q matrices of size 1x2Q, which are computed and stored in a matrix of size Qx2Q)
 -22.653135 -10.265777 -0.773367 -9.950487 0.017347 -0.010888 -0.005679 -0.007252,
 -9.944263 -23.058689 -9.387757 -0.853080 0.014944 -0.045524 0.012399 -0.004231,
 -0.758479 -9.741077 -21.516926 -9.595820 0.001890 0.003535 0.016447 0.006787,
 -9.638818 -0.838564 -9.246866 -22.485315 0.005031 0.001272 -0.003154 0.022137,
 -11.568806 -5.024305 -0.525831 -5.331569 0.112701 -0.111313 0.003808 0.167257,
 -4.938134 -11.414727 -5.142814 -0.482983 0.002205 -0.362457 0.074649 0.006039,
 -0.468365 -5.095982 -11.872889 -5.423315 0.005796 -0.057946 0.259058 0.104826,
 -5.221566 -0.512953 -5.427020 -12.228729 0.101654 0.044454 0.143107 0.381566,
