Low-band skewness and kurtosis
 -11.387010 146.198624,
 -6.943905 57.254086,
 -3.820269 20.016756,
 -1.229228 7.617621,

High-band variance
 17.226871,

Skewness, kurtosis, variance, mean, maximum and minimum of the reconstructed texture
 -11.478711 139.251373 326.274231 253.307236 255.000000 0.000000,

Auto-correlations of the low-frequency bands at each scale
 2.123110 -0.817900 0.641845 2.327124 -0.001111 0.283225 4.929682 -1.999237 12.616328 53.885880 78.561485 54.643749 16.328358 3.278656 1.499198 54.561268 163.394714 224.293808 164.438614 57.791447 5.362937 6.780358 81.613319 225.327774 304.386383 225.327774 81.613335 6.780358 5.362936 57.791439 164.438629 224.293777 163.394714 54.561268 1.499198 3.278656 16.328354 54.643757 78.561485 53.885880 12.616328 -1.999238 4.929682 0.283224 -0.001111 2.327125 0.641845 -0.817900 2.123110,
 9.715260 3.882999 -3.594725 -6.824172 -5.676537 2.962567 9.653081 5.118576 -8.599998 -6.332217 2.537656 -6.104503 -8.259377 4.003266 -0.544151 -1.463011 52.837711 97.160477 54.134632 -0.927397 -2.359544 -2.876498 10.221272 100.163757 165.732742 100.163757 10.221273 -2.876498 -2.359544 -0.927397 54.134628 97.160492 52.837711 -1.463011 -0.544150 4.003266 -8.259376 -6.104501 2.537655 -6.332218 -8.599998 5.118575 9.653082 2.962567 -5.676537 -6.824172 -3.594724 3.882999 9.715260,
 7.538030 6.741181 4.497718 2.489205 2.348162 5.405414 8.613010 7.724658 1.238264 1.538944 4.030820 0.532669 0.948543 6.479943 5.274351 0.571670 16.788750 31.398727 16.863474 0.950732 3.087950 2.714814 3.252558 31.073729 53.187912 31.073729 3.252557 2.714814 3.087950 0.950732 16.863474 31.398727 16.788748 0.571670 5.274351 6.479943 0.948543 0.532669 4.030821 1.538943 1.238264 7.724658 8.613010 5.405416 2.348162 2.489205 4.497718 6.741180 7.538030,
 0.991824 1.600333 1.791670 1.371688 1.107213 1.648851 1.933088 0.879945 0.795816 1.157047 1.465454 1.002068 1.194983 1.622028 0.906762 0.743503 2.748058 4.721744 3.320417 1.768394 1.792540 1.603839 1.833516 4.823135 7.336453 4.823135 1.833516 1.603839 1.792540 1.768393 3.320417 4.721744 2.748058 0.743503 0.906762 1.622028 1.194982 1.002068 1.465454 1.157047 0.795816 0.879945 1.933088 1.648850 1.107213 1.371688 1.791670 1.600333 0.991824,

Auto-correlations of the modulus of each oriented sub-band
 15.637550 16.885792 17.750826 18.061165 17.724092 16.797276 15.442217 25.789812 29.452614 32.056549 32.977432 31.939945 29.199942 25.380556 36.545673 43.042652 47.723244 49.391060 47.549232 42.719990 36.100662 41.092266 48.953239 54.692802 56.822773 54.692802 48.953239 41.092266 36.100662 42.719990 47.549232 49.391056 47.723244 43.042652 36.545670 25.380558 29.199942 31.939945 32.977432 32.056549 29.452618 25.789808 15.442220 16.797277 17.724092 18.061165 17.750822 16.885794 15.637548,
 30.780020 34.901150 34.614540 29.731609 22.461182 15.662376 10.977033 35.358486 43.326389 46.475250 42.852718 34.100712 24.119114 16.174721 35.505402 46.798717 54.374630 54.282871 46.369068 34.520653 23.451920 30.866240 43.367844 54.398811 58.889217 54.398811 43.367851 30.866240 23.451923 34.520653 46.369068 54.282871 54.374622 46.798717 35.505402 16.174723 24.119108 34.100712 42.852718 46.475246 43.326393 35.358490 10.977036 15.662375 22.461184 29.731611 34.614540 34.901150 30.780020,
 16.572721 26.461094 36.957088 41.411270 36.509758 26.013462 16.453697 17.974430 30.188271 43.463715 49.263645 43.145546 29.903320 17.943535 18.957035 32.826248 48.125416 54.955738 47.958900 32.688148 18.957384 19.318665 33.748444 49.782112 57.053444 49.782112 33.748444 19.318665 18.957384 32.688148 47.958900 54.955738 48.125412 32.826248 18.957031 17.943535 29.903316 43.145550 49.263645 43.463715 30.188271 17.974424 16.453697 26.013458 36.509758 41.411270 36.957088 26.461098 16.572721,
 11.010457 15.262768 21.794758 28.994837 33.873779 34.167019 30.025156 15.785776 23.422148 33.327396 42.162216 45.820175 42.616909 34.507404 22.669825 33.638649 45.578255 53.635849 53.709263 45.988255 34.504726 29.857391 42.456192 53.657600 58.253323 53.657600 42.456192 29.857391 34.504734 45.988247 53.709263 53.635849 45.578251 33.638649 22.669825 34.507404 42.616905 45.820179 42.162216 33.327393 23.422150 15.785774 30.025156 34.167019 33.873779 28.994837 21.794760 15.262767 11.010456,
 13.520524 13.988307 14.529481 14.818823 14.633771 14.054934 13.342721 18.772383 21.956739 24.838989 26.006161 24.718908 21.600262 18.054754 26.465775 34.159527 40.959816 43.691772 40.772041 33.728504 25.778811 30.164757 40.355564 49.402691 53.123722 49.402695 40.355564 30.164757 25.778811 33.728504 40.772041 43.691776 40.959820 34.159527 26.465778 18.054752 21.600260 24.718908 26.006159 24.838985 21.956739 18.772383 13.342721 14.054934 14.633771 14.818824 14.529481 13.988306 13.520527,
 21.054270 24.630331 25.382668 22.259588 17.493793 13.866061 12.142089 24.940975 33.070190 37.632568 34.480938 25.871069 17.754391 13.368518 25.378019 37.528515 48.050846 48.746189 38.637863 25.564533 16.741690 21.738251 34.163044 48.602493 55.358517 48.602493 34.163044 21.738251 16.741688 25.564533 38.637863 48.746189 48.050846 37.528511 25.378019 13.368520 17.754393 25.871069 34.480938 37.632568 33.070190 24.940979 12.142089 13.866061 17.493792 22.259590 25.382668 24.630331 21.054270,
 14.917702 20.717520 29.105419 33.300560 28.625523 19.884771 13.961314 15.622437 24.396530 37.308819 43.985706 37.108440 23.936968 15.000682 16.298384 27.687918 44.520985 53.339222 44.482174 27.493515 15.982965 16.490410 28.985682 47.460655 57.161461 47.460655 28.985683 16.490410 15.982963 27.493517 44.482170 53.339222 44.520985 27.687918 16.298384 15.000682 23.936968 37.108440 43.985710 37.308819 24.396534 15.622439 13.961315 19.884771 28.625521 33.300560 29.105425 20.717522 14.917702,
 12.233546 13.247263 16.363272 21.130220 24.568459 23.933088 20.106182 13.483249 17.038704 24.619078 33.237343 36.601337 31.930285 23.593512 16.554052 24.513901 37.162895 47.359779 46.731678 36.085102 24.107937 20.966442 32.772785 47.093204 53.957272 47.093212 32.772785 20.966438 24.107937 36.085102 46.731667 47.359779 37.162899 24.513901 16.554052 23.593512 31.930285 36.601330 33.237343 24.619083 17.038704 13.483251 20.106184 23.933088 24.568459 21.130222 16.363276 13.247261 12.233546,
 6.834422 6.911404 7.000095 7.217835 7.525434 7.787596 7.875933 8.063198 8.711767 9.318352 9.650702 9.549561 9.109755 8.551073 9.965824 11.767304 13.494509 14.196932 13.377421 11.616941 9.863671 10.759317 13.264853 15.822254 16.975233 15.822254 13.264852 10.759317 9.863671 11.616941 13.377421 14.196932 13.494509 11.767304 9.965824 8.551071 9.109755 9.549562 9.650701 9.318351 8.711766 8.063198 7.875933 7.787596 7.525434 7.217835 7.000094 6.911404 6.834422,
 7.921783 8.575498 8.816884 8.378532 7.826121 7.717521 8.015025 8.928028 10.422069 11.396755 10.727753 9.152466 8.113146 7.919746 9.544375 11.897642 14.323784 14.421677 12.004038 9.508336 8.333735 9.155087 11.387744 14.703316 16.496641 14.703317 11.387744 9.155087 8.333735 9.508336 12.004038 14.421677 14.323782 11.897642 9.544375 7.919746 8.113145 9.152466 10.727753 11.396755 10.422069 8.928029 8.015025 7.717521 7.826122 8.378532 8.816884 8.575495 7.921782,
 7.550210 7.911918 9.016621 9.768795 9.180696 8.446881 8.481007 7.929838 8.733770 11.027353 12.520023 11.164773 9.197132 8.520934 8.300406 9.609439 13.096151 15.377664 13.162848 9.881573 8.571160 8.527855 10.080827 14.020214 16.667625 14.020215 10.080827 8.527856 8.571160 9.881572 13.162848 15.377663 13.096151 9.609439 8.300406 8.520934 9.197131 11.164772 12.520022 11.027353 8.733770 7.929838 8.481007 8.446881 9.180696 9.768795 9.016621 7.911918 7.550210,
 7.259940 7.331577 7.510201 8.163929 8.917626 9.102136 8.777809 7.524683 7.816392 8.895339 10.621094 11.484694 10.632858 9.242004 8.059970 9.153799 11.746887 14.367430 14.241320 11.648634 9.340007 8.799962 10.926372 14.442942 16.439463 14.442942 10.926372 8.799962 9.340007 11.648635 14.241320 14.367431 11.746889 9.153799 8.059971 9.242003 10.632859 11.484693 10.621093 8.895339 7.816391 7.524682 8.777809 9.102136 8.917625 8.163929 7.510200 7.331576 7.259940,

Pairwise cross-correlations of the modulus of all oriented sub-bands at the same scale (size QxQ)
 56.822777 52.198380 45.538231 52.260284,
 52.198380 58.889198 52.330765 49.567665,
 45.538231 52.330765 57.053429 51.842724,
 52.260284 49.567665 51.842724 58.253334,
 53.123726 49.647022 47.437698 49.312454,
 49.647022 55.358501 52.083946 47.653854,
 47.437698 52.083946 57.161461 50.908932,
 49.312454 47.653854 50.908932 53.957279,

Cross-correlations of the modulus of all oriented sub-bands with all oriented sub-bands at the coarser scale (size QxQ)
 49.261215 46.959038 44.636818 46.432590,
 47.881332 52.077095 49.408684 45.133793,
 43.377468 47.766979 51.732777 46.953602,
 47.609905 45.838287 48.798073 50.649773,
 23.188898 22.520769 21.639404 22.560289,
 23.215784 23.930902 23.155367 22.300474,
 22.514084 23.333233 24.375402 23.437912,
 22.694450 21.863144 22.794670 23.510603,

Cross-correlations of the real part of each oriented sub-band with both the real and imaginary part of all phase-doubled oriented sub-bands at the next coarser scale (Q matrices of size 1x2Q, which are computed and stored in a matrix of size Qx2Q)
 -20.303394 -9.269456 -0.794985 -9.372487 0.064294 0.035743 -0.028653 0.024403,
 -8.790249 -22.312597 -9.928403 -0.789509 0.011048 0.039296 -0.038876 0.005367,
 -0.710550 -9.979126 -22.653307 -9.673189 0.006239 0.002905 0.026315 0.006018,
 -8.780621 -0.786804 -9.652145 -21.974485 0.040274 0.007666 -0.002265 0.014740,
 -10.731309 -4.838056 -0.445086 -4.720028 0.046212 0.038036 0.011585 -0.285711,
 -4.733605 -10.859746 -4.988088 -0.525885 -0.032726 -0.272365 -0.015527 0.017023,
 -0.439724 -4.824105 -11.466206 -5.106648 0.003460 -0.353173 -0.148764 -0.107208,
 -4.682488 -0.489845 -5.071601 -10.889301 0.097210 -0.012536 -0.057356 -0.523810,
