Low-band skewness and kurtosis
 -11.325504 144.874588,
 -6.712384 53.454628,
 -3.411577 15.633677,
 -0.951011 6.524642,

High-band variance
 17.373568,

Skewness, kurtosis, variance, mean, maximum and minimum of the reconstructed texture
 -11.409570 137.643524 329.565735 253.287598 255.000000 0.000000,

Auto-correlations of the low-frequency bands at each scale
 -1.868805 -5.398266 -3.668829 -1.534753 -4.384234 -4.796001 1.096352 -4.063740 9.773302 51.893673 76.934059 50.616364 9.347540 -3.019709 -1.799092 51.725933 163.541748 225.825226 162.534897 51.059013 -1.941088 0.667153 76.842903 225.541489 307.520782 225.541489 76.842911 0.667153 -1.941089 51.059013 162.534912 225.825226 163.541718 51.725933 -1.799092 -3.019709 9.347538 50.616367 76.934059 51.893673 9.773301 -4.063740 1.096352 -4.796001 -4.384232 -1.534752 -3.668829 -5.398265 -1.868805,
 4.732011 -0.618774 -8.712527 -9.504901 -4.237607 4.176266 10.049759 2.186898 -11.080348 -8.808748 0.783903 -7.356997 -7.427033 11.141780 -4.214684 -5.185248 50.202106 94.765846 49.549511 -4.386287 1.051416 -6.022981 4.669246 96.252754 163.932617 96.252769 4.669246 -6.022981 1.051416 -4.386287 49.549511 94.765831 50.202110 -5.185248 -4.214684 11.141781 -7.427033 -7.356995 0.783903 -8.808749 -11.080349 2.186898 10.049760 4.176266 -4.237608 -9.504901 -8.712525 -0.618774 4.732011,
 4.541995 3.350536 1.082864 0.097394 0.238887 2.390868 3.575174 3.500086 -1.575407 -3.046682 -0.472532 -1.466864 -0.421131 2.920212 0.322681 -1.710466 12.855471 27.466681 16.769762 2.104648 1.588045 -0.038983 3.433733 29.962509 50.045277 29.962509 3.433733 -0.038983 1.588044 2.104648 16.769762 27.466684 12.855471 -1.710466 0.322681 2.920212 -0.421131 -1.466864 -0.472533 -3.046682 -1.575407 3.500085 3.575174 2.390868 0.238888 0.097394 1.082864 3.350536 4.541995,
 0.553881 0.484942 0.687463 1.093183 1.418137 1.445314 0.975778 0.362220 -0.317495 0.018805 0.970958 0.990948 0.624910 0.573618 0.352025 -0.094444 1.905595 4.072687 2.781134 0.556873 0.297343 0.385895 0.688449 4.089812 6.648312 4.089813 0.688449 0.385895 0.297343 0.556873 2.781134 4.072687 1.905595 -0.094444 0.352025 0.573618 0.624910 0.990948 0.970958 0.018806 -0.317495 0.362220 0.975778 1.445314 1.418137 1.093183 0.687463 0.484942 0.553881,

Auto-correlations of the modulus of each oriented sub-band
 14.015837 15.488481 16.569202 17.095936 17.008501 16.404211 15.453478 25.335451 29.415762 32.318439 33.411133 32.444324 29.716709 25.888866 37.051918 44.131985 49.193466 51.030205 49.159256 44.103374 37.088852 42.121105 50.565346 56.651718 58.891285 56.651718 50.565346 42.121105 37.088860 44.103374 49.159256 51.030205 49.193466 44.131985 37.051918 25.888870 29.716705 32.444328 33.411129 32.318439 29.415762 25.335451 15.453477 16.404211 17.008501 17.095936 16.569202 15.488483 14.015837,
 29.265266 33.724068 33.505989 28.405815 20.744780 13.678656 9.136353 34.353924 42.936970 46.311527 42.501740 33.184963 22.511286 14.162611 34.526398 46.732880 54.814545 54.722477 46.308617 33.576401 21.637138 29.510397 43.057606 54.869873 59.625160 54.869873 43.057610 29.510391 21.637138 33.576393 46.308617 54.722477 54.814541 46.732872 34.526398 14.162611 22.511286 33.184963 42.501743 46.311527 42.936977 34.353924 9.136353 13.678655 20.744780 28.405815 33.505989 33.724068 29.265265,
 13.689121 24.239420 35.643826 40.757877 35.869408 24.891670 14.885178 15.484923 28.562086 42.891758 49.321739 42.998005 28.960323 16.302631 16.803165 31.664722 48.106335 55.513641 48.140293 31.846483 17.214563 17.413416 32.852455 50.027634 57.796284 50.027634 32.852459 17.413416 17.214563 31.846481 48.140293 55.513641 48.106327 31.664726 16.803165 16.302631 28.960320 42.998001 49.321739 42.891754 28.562090 15.484923 14.885178 24.891670 35.869408 40.757877 35.643826 24.239420 13.689121,
 8.558699 13.618773 21.098066 29.078348 34.401199 34.789120 30.576571 14.018593 22.592281 33.493809 43.032188 46.996666 43.724796 35.338036 21.746166 33.725327 46.597588 55.169266 55.316189 47.234718 35.143524 29.831184 43.330318 55.227013 60.048210 55.227013 43.330318 29.831184 35.143524 47.234711 55.316189 55.169266 46.597580 33.725327 21.746166 35.338036 43.724796 46.996666 43.032188 33.493809 22.592281 14.018592 30.576572 34.789120 34.401199 29.078348 21.098061 13.618773 8.558699,
 8.301604 9.227167 10.317421 11.313890 11.903978 11.935378 11.415643 14.700088 18.904671 22.773418 24.890837 24.458961 21.913050 18.387817 24.243029 33.316875 41.190193 44.639427 42.113602 35.074944 26.564199 29.765522 41.137718 50.864185 54.800346 50.864189 41.137718 29.765522 26.564199 35.074947 42.113602 44.639427 41.190193 33.316875 24.243025 18.387817 21.913050 24.458958 24.890833 22.773418 18.904669 14.700088 11.415643 11.935378 11.903978 11.313890 10.317422 9.227167 8.301605,
 16.459023 20.341520 20.833580 17.495901 13.229143 10.479679 8.934623 21.093611 29.968037 34.635727 31.149668 22.551472 15.066174 11.098722 22.201355 35.263760 46.362068 46.930016 36.405273 23.237900 14.502639 19.085588 32.061687 47.159721 54.254513 47.159721 32.061691 19.085588 14.502638 23.237900 36.405270 46.930016 46.362068 35.263760 22.201355 11.098722 15.066173 22.551470 31.149664 34.635727 29.968033 21.093611 8.934623 10.479678 13.229146 17.495901 20.833580 20.341524 16.459023,
 9.179012 15.012207 24.292376 29.262772 24.963959 16.802399 11.740176 10.841434 19.590569 33.512291 40.965885 34.087902 21.254038 13.292250 12.586261 23.788845 41.574947 51.133602 41.893963 24.788261 14.101175 13.841095 25.840322 44.936325 55.261513 44.936329 25.840322 13.841095 14.101173 24.788261 41.893959 51.133602 41.574951 23.788845 12.586261 13.292250 21.254038 34.087902 40.965885 33.512295 19.590569 10.841434 11.740176 16.802399 24.963959 29.262772 24.292377 15.012209 9.179012,
 6.200789 7.771328 11.890265 17.954477 22.607012 22.893900 19.574587 8.183280 13.189351 22.492691 32.647953 37.127682 33.205032 24.806261 13.249437 23.342289 37.744865 48.969147 48.939777 38.368427 25.281725 20.267624 34.083557 49.359055 56.348354 49.359062 34.083557 20.267624 25.281725 38.368420 48.939774 48.969139 37.744869 23.342293 13.249436 24.806261 33.205029 37.127674 32.647957 22.492693 13.189353 8.183280 19.574587 22.893898 22.607010 17.954477 11.890268 7.771328 6.200789,
 3.105866 3.497616 3.756406 3.877764 3.929430 3.936442 3.839859 3.825093 4.984611 5.944987 6.295758 5.955901 5.224427 4.453734 5.213883 7.553331 9.753131 10.620806 9.657240 7.621609 5.634561 6.181251 9.020020 11.894582 13.179049 11.894581 9.020020 6.181251 5.634561 7.621609 9.657240 10.620806 9.753131 7.553331 5.213884 4.453732 5.224427 5.955901 6.295757 5.944987 4.984610 3.825093 3.839859 3.936442 3.929430 3.877764 3.756406 3.497616 3.105866,
 5.267501 6.292006 6.599277 6.040705 5.161605 4.520626 4.237308 6.170355 8.577477 10.018884 9.288634 7.092041 5.081320 4.084828 6.298375 9.953921 13.310890 13.623454 10.598515 6.841123 4.507516 5.484070 9.086453 13.616716 15.846945 13.616718 9.086453 5.484070 4.507515 6.841123 10.598515 13.623453 13.310889 9.953922 6.298375 4.084828 5.081320 7.092041 9.288632 10.018883 8.577477 6.170355 4.237308 4.520626 5.161606 6.040705 6.599276 6.292006 5.267501,
 3.776152 4.990447 7.011783 8.383363 7.588232 5.712901 4.363876 3.993686 6.130309 9.543943 11.581852 9.937121 6.657724 4.391776 4.208091 7.211218 11.932336 14.618046 12.106371 7.471880 4.395383 4.347536 7.732317 12.978071 15.923920 12.978071 7.732317 4.347536 4.395383 7.471880 12.106373 14.618046 11.932336 7.211217 4.208091 4.391776 6.657724 9.937121 11.581853 9.543943 6.130309 3.993685 4.363876 5.712900 7.588232 8.383363 7.011783 4.990448 3.776152,
 2.615447 2.855475 3.576368 4.667308 5.533647 5.638682 5.092490 2.694819 3.500106 5.229348 7.323194 8.257510 7.356788 5.622435 3.207739 5.039467 8.224372 11.031179 10.925231 8.216529 5.364645 4.290710 7.141806 10.989861 12.996922 10.989861 7.141806 4.290710 5.364645 8.216529 10.925231 11.031180 8.224372 5.039467 3.207739 5.622435 7.356788 8.257510 7.323194 5.229348 3.500106 2.694819 5.092490 5.638682 5.533647 4.667308 3.576368 2.855476 2.615447,

Pairwise cross-correlations of the modulus of all oriented sub-bands at the same scale (size QxQ)
 58.891262 53.828476 46.548939 53.911140,
 53.828476 59.625137 53.136917 50.678288,
 46.548939 53.136917 57.796307 53.331020,
 53.911140 50.678288 53.331020 60.048195,
 54.800354 50.385857 47.900234 52.050388,
 50.385857 54.254505 50.411980 48.333485,
 47.900234 50.411980 55.261505 51.494896,
 52.050388 48.333485 51.494896 56.348351,

Cross-correlations of the modulus of all oriented sub-bands with all oriented sub-bands at the coarser scale (size QxQ)
 51.075310 47.765388 45.178143 48.481640,
 48.818066 51.959160 49.405571 46.673363,
 44.380703 47.489750 51.475201 48.217682,
 49.248043 46.262901 49.803673 52.906010,
 20.830145 22.291136 21.164228 19.286867,
 20.261362 23.476601 22.327635 18.553658,
 19.559763 22.517057 23.498150 19.885754,
 20.342607 21.784348 22.547039 20.563656,

Cross-correlations of the real part of each oriented sub-band with both the real and imaginary part of all phase-doubled oriented sub-bands at the next coarser scale (Q matrices of size 1x2Q, which are computed and stored in a matrix of size Qx2Q)
 -22.376228 -9.973929 -0.759828 -10.142803 0.011374 0.006283 0.000378 0.000901,
 -9.508361 -23.587969 -9.842384 -0.751740 0.006575 0.013775 -0.013018 -0.006385,
 -0.721172 -10.201453 -23.012655 -10.265606 -0.001505 0.002043 -0.048505 -0.008053,
 -9.727003 -0.735855 -10.006805 -23.817499 0.006092 -0.002400 -0.020105 0.020520,
 -10.432150 -5.042619 -0.546135 -4.499403 0.118723 -0.034227 -0.003482 -0.022198,
 -4.900467 -12.401078 -6.014674 -0.451346 0.046592 -0.143987 -0.212801 0.011204,
 -0.494734 -6.004448 -12.440823 -4.929247 -0.011582 -0.148440 -0.259688 0.022963,
 -4.419487 -0.530809 -5.105032 -10.701423 0.016684 -0.024218 -0.002351 -0.018702,
