Low-band skewness and kurtosis
 -11.327621 144.865692,
 -6.866143 55.750603,
 -3.910705 21.859049,
 -0.516774 6.221588,

High-band variance
 17.701754,

Skewness, kurtosis, variance, mean, maximum and minimum of the reconstructed texture
 -11.417299 137.796570 329.312286 253.289932 255.000000 0.000000,

Auto-correlations of the low-frequency bands at each scale
 2.643812 -3.260381 -2.969197 1.739222 3.314356 4.332036 8.079656 3.365374 13.936495 52.456261 78.427055 56.492088 18.176481 4.990564 6.284532 57.054089 164.308411 225.690552 165.578217 57.714539 5.120634 7.710280 82.308556 226.821930 306.747437 226.821915 82.308571 7.710280 5.120635 57.714527 165.578217 225.690552 164.308411 57.054096 6.284533 4.990565 18.176481 56.492100 78.427055 52.456268 13.936496 3.365373 8.079657 4.332037 3.314358 1.739222 -2.969198 -3.260382 2.643812,
 5.418696 1.504497 -5.797752 -8.622594 -5.987828 1.947531 6.249186 2.948810 -8.361701 -5.790369 3.602734 -3.199703 -5.207230 5.452327 -4.570286 -2.047124 53.375851 97.932365 56.426750 1.115264 -2.681879 -7.582734 9.467900 101.140968 166.364838 101.140976 9.467901 -7.582734 -2.681879 1.115263 56.426750 97.932381 53.375847 -2.047123 -4.570286 5.452327 -5.207230 -3.199703 3.602735 -5.790369 -8.361700 2.948809 6.249184 1.947531 -5.987826 -8.622594 -5.797753 1.504498 5.418696,
 2.747442 1.359358 -1.542665 -3.431940 -2.609882 1.468595 4.064741 0.386475 -3.726250 -3.423985 -1.486143 -4.473310 -2.552835 4.577061 -1.199948 -3.160423 15.392122 31.118280 15.639714 -1.009791 3.449233 0.718864 1.084581 31.801386 55.960606 31.801386 1.084581 0.718864 3.449233 -1.009791 15.639711 31.118280 15.392122 -3.160422 -1.199948 4.577061 -2.552835 -4.473310 -1.486143 -3.423985 -3.726250 0.386474 4.064741 1.468595 -2.609881 -3.431939 -1.542666 1.359358 2.747442,
 0.706114 0.861905 0.728895 0.607406 1.010182 1.653908 1.630108 1.032315 0.400005 -0.054092 0.012505 0.235082 1.009876 1.655147 0.943293 0.428522 2.187864 3.883474 2.048490 0.089907 0.505797 0.295741 0.323690 4.107561 7.153843 4.107561 0.323690 0.295741 0.505797 0.089907 2.048491 3.883474 2.187864 0.428522 0.943293 1.655146 1.009876 0.235082 0.012505 -0.054092 0.400005 1.032315 1.630108 1.653908 1.010182 0.607406 0.728895 0.861905 0.706113,

Auto-correlations of the modulus of each oriented sub-band
 14.428071 16.101021 17.335239 17.948057 17.845213 17.083225 15.808264 25.047747 29.137020 32.046673 33.174305 32.271526 29.596052 25.745453 36.050774 42.993599 47.940521 49.745590 47.944519 43.033707 36.174999 40.830170 49.091335 55.028488 57.208641 55.028488 49.091347 40.830170 36.174995 43.033699 47.944511 49.745594 47.940521 42.993603 36.050774 25.745453 29.596050 32.271526 33.174305 32.046673 29.137020 25.047745 15.808264 17.083225 17.845215 17.948055 17.335239 16.101023 14.428070,
 29.750944 34.184597 34.136822 29.419447 22.154041 15.197050 10.237136 34.767063 43.143993 46.473129 42.930103 34.090130 23.817808 15.442875 35.025578 46.907906 54.724144 54.678333 46.640617 34.409363 22.721651 30.262655 43.455078 54.839367 59.415695 54.839367 43.455082 30.262655 22.721649 34.409363 46.640621 54.678333 54.724140 46.907913 35.025578 15.442875 23.817808 34.090130 42.930103 46.473129 43.144001 34.767063 10.237137 15.197049 22.154041 29.419447 34.136818 34.184605 29.750944,
 14.832823 24.991997 35.879108 40.805328 36.127872 25.556467 15.692585 16.632448 29.154041 42.859219 49.106812 43.072582 29.640551 17.350891 17.958136 32.162861 47.888233 55.086063 48.011982 32.445400 18.367195 18.582119 33.362354 49.775993 57.284451 49.775986 33.362358 18.582119 18.367195 32.445396 48.011982 55.086063 47.888233 32.162868 17.958136 17.350891 29.640545 43.072575 49.106812 42.859215 29.154041 16.632448 15.692586 25.556463 36.127872 40.805328 35.879108 24.991997 14.832821,
 8.989152 14.093329 21.385073 29.093956 34.205860 34.517757 30.260784 14.252692 22.801832 33.434296 42.679245 46.488022 43.240376 34.904770 21.695923 33.540180 46.091831 54.430084 54.547619 46.632111 34.696499 29.520220 42.827686 54.443729 59.156334 54.443729 42.827686 29.520220 34.696499 46.632111 54.547623 54.430084 46.091831 33.540180 21.695919 34.904770 43.240372 46.488029 42.679245 33.434296 22.801832 14.252690 30.260780 34.517750 34.205864 29.093958 21.385073 14.093329 8.989152,
 7.421750 8.412043 9.319040 9.868425 9.917347 9.611929 9.231314 13.563920 17.623354 21.213634 22.900940 21.978157 19.079638 15.590717 22.114069 30.637081 38.092117 41.255398 38.563049 31.535240 23.369781 26.789581 37.481350 46.817966 50.630539 46.817966 37.481354 26.789581 23.369781 31.535236 38.563046 41.255394 38.092117 30.637081 22.114069 15.590715 19.079636 21.978157 22.900940 21.213638 17.623354 13.563920 9.231314 9.611928 9.917347 9.868425 9.319041 8.412045 7.421751,
 16.227388 20.690222 21.567385 17.883381 12.306519 8.115914 6.351179 20.973465 30.380552 35.608910 32.384357 23.093790 14.051312 8.970703 22.062555 35.638557 47.068439 47.996967 37.452652 23.343504 13.333180 18.670324 32.513367 47.939388 54.999516 47.939396 32.513367 18.670324 13.333180 23.343504 37.452656 47.996967 47.068439 35.638561 22.062553 8.970703 14.051311 23.093786 32.384357 35.608910 30.380556 20.973463 6.351179 8.115916 12.306519 17.883379 21.567385 20.690220 16.227388,
 8.102842 15.018368 24.363518 28.872137 24.134768 15.234107 9.093688 9.403671 19.527935 33.615967 40.592636 33.467461 19.952473 10.570095 10.675451 23.373526 41.321705 50.407078 41.233395 23.687988 11.459089 11.481290 25.020756 44.336960 54.306850 44.336960 25.020756 11.481290 11.459090 23.687988 41.233391 50.407074 41.321705 23.373526 10.675451 10.570097 19.952475 33.467461 40.592636 33.615967 19.527937 9.403671 9.093690 15.234107 24.134764 28.872137 24.363520 15.018367 8.102841,
 4.708503 6.629640 10.785403 16.297731 20.230919 20.234459 17.097445 6.872312 11.975717 20.911753 30.166231 33.898251 29.897423 21.843208 11.507474 21.313286 35.045242 45.411457 45.062702 34.801659 22.233198 17.755262 31.040113 45.684258 52.325951 45.684261 31.040117 17.755262 22.233198 34.801655 45.062702 45.411457 35.045246 21.313290 11.507474 21.843208 29.897423 33.898243 30.166227 20.911753 11.975718 6.872313 17.097445 20.234457 20.230919 16.297731 10.785404 6.629640 4.708503,
 3.646079 3.741806 3.908346 4.115241 4.293474 4.394125 4.374937 5.126655 5.926221 6.823231 7.408139 7.388717 6.842543 6.073286 7.701075 9.956502 12.201916 13.326873 12.670754 10.695539 8.454023 9.363647 12.475040 15.437686 16.711088 15.437686 12.475040 9.363647 8.454023 10.695540 12.670754 13.326873 12.201916 9.956504 7.701075 6.073286 6.842541 7.388717 7.408139 6.823231 5.926220 5.126654 4.374937 4.394125 4.293474 4.115241 3.908346 3.741806 3.646078,
 5.051058 6.179736 6.589076 6.051934 5.368303 5.081742 4.933751 6.329601 8.768917 10.395319 9.644433 7.455028 5.851296 5.320188 6.985767 10.504207 14.122642 14.533897 11.306577 7.700072 5.900076 6.637408 9.870251 14.546321 17.010763 14.546321 9.870251 6.637408 5.900076 7.700072 11.306575 14.533895 14.122642 10.504207 6.985767 5.320188 5.851296 7.455028 9.644433 10.395317 8.768915 6.329600 4.933751 5.081743 5.368303 6.051934 6.589076 6.179736 5.051058,
 4.588016 5.645506 7.712990 8.962053 8.033806 6.378749 5.402347 4.894114 6.718791 10.276395 12.331192 10.483893 7.399175 5.752375 5.361265 7.911948 12.849575 15.735595 12.934070 8.315007 5.912881 5.770879 8.570658 13.980787 17.239202 13.980789 8.570657 5.770879 5.912881 8.315008 12.934070 15.735595 12.849577 7.911947 5.361265 5.752376 7.399175 10.483892 12.331192 10.276395 6.718791 4.894114 5.402347 6.378749 8.033806 8.962052 7.712992 5.645506 4.588016,
 3.962051 3.847699 4.373488 5.578868 6.646469 6.731571 6.020804 4.088480 4.807712 6.846200 9.461591 10.683990 9.604590 7.463377 5.112321 7.353020 11.205216 14.538042 14.485789 11.335012 7.828091 6.728626 10.285008 14.793807 17.051405 14.793807 10.285007 6.728625 7.828091 11.335012 14.485789 14.538042 11.205215 7.353020 5.112321 7.463377 9.604590 10.683990 9.461591 6.846201 4.807712 4.088480 6.020804 6.731572 6.646469 5.578868 4.373489 3.847699 3.962051,

Pairwise cross-correlations of the modulus of all oriented sub-bands at the same scale (size QxQ)
 57.208622 53.040955 45.745705 52.572433,
 53.040955 59.415676 52.680538 50.511902,
 45.745705 52.680538 57.284451 52.729412,
 52.572433 50.511902 52.729412 59.156345,
 50.630543 48.625587 44.676796 46.790962,
 48.625587 54.999523 49.804710 45.095219,
 44.676796 49.804710 54.306862 48.887089,
 46.790962 45.095219 48.887089 52.325951,

Cross-correlations of the modulus of all oriented sub-bands with all oriented sub-bands at the coarser scale (size QxQ)
 48.366920 46.852554 43.713165 45.460270,
 46.814663 51.947178 48.669155 44.184353,
 42.207542 47.198788 50.843056 45.954716,
 46.475765 45.723141 48.459465 49.857483,
 22.803108 21.984303 20.688543 21.380184,
 22.902870 24.489069 23.102547 21.298212,
 22.097244 23.232103 24.452450 22.949503,
 22.067072 21.178854 22.421787 22.938097,

Cross-correlations of the real part of each oriented sub-band with both the real and imaginary part of all phase-doubled oriented sub-bands at the next coarser scale (Q matrices of size 1x2Q, which are computed and stored in a matrix of size Qx2Q)
 -20.376858 -9.803296 -0.864951 -8.985986 0.139604 0.068119 -0.018871 0.050117,
 -9.211908 -23.271442 -9.582477 -0.753921 0.086345 0.077041 0.079040 0.013809,
 -0.836826 -10.043054 -21.577820 -9.648837 -0.016830 0.049529 0.143169 -0.111175,
 -8.687721 -0.721786 -9.427429 -21.595270 -0.019569 0.021957 -0.046639 -0.079942,
 -11.779572 -5.483331 -0.552252 -5.260526 -0.187854 -0.010839 0.001894 -0.001949,
 -5.226437 -13.266207 -6.033015 -0.494147 -0.098982 0.016158 -0.042981 -0.021179,
 -0.496488 -6.031123 -12.964587 -5.258824 -0.043581 0.035239 -0.324378 -0.142496,
 -5.116845 -0.494826 -5.448084 -12.021268 -0.132573 -0.012605 -0.230885 -0.138888,
