Low-band skewness and kurtosis
 -11.351793 145.522430,
 -6.807562 54.966415,
 -3.577410 17.609116,
 -0.781901 5.961115,

High-band variance
 17.523415,

Skewness, kurtosis, variance, mean, maximum and minimum of the reconstructed texture
 -11.426405 137.988159 329.229675 253.291916 255.000000 0.000000,

Auto-correlations of the low-frequency bands at each scale
 4.477969 -1.528052 -2.549265 0.533036 0.057884 -1.333892 0.584676 2.351441 13.576686 52.528229 78.505493 54.878567 13.230765 -1.928485 2.718259 54.297695 163.488144 226.026154 164.656342 53.800728 0.305489 3.678558 78.760208 225.777328 306.971924 225.777298 78.760216 3.678559 0.305488 53.800728 164.656342 226.026184 163.488174 54.297695 2.718259 -1.928486 13.230765 54.878578 78.505493 52.528229 13.576686 2.351441 0.584676 -1.333892 0.057884 0.533036 -2.549265 -1.528052 4.477970,
 4.247129 1.074219 -6.149041 -9.083844 -6.391794 0.779572 5.899836 -0.576757 -11.195867 -6.289529 2.767972 -6.922742 -11.138291 0.949203 -5.525250 -4.048892 52.971107 96.919334 51.985428 -4.667735 -5.293093 -6.474338 7.165695 99.164642 165.503540 99.164658 7.165695 -6.474338 -5.293093 -4.667735 51.985428 96.919334 52.971107 -4.048892 -5.525250 0.949203 -11.138291 -6.922740 2.767972 -6.289529 -11.195867 -0.576757 5.899836 0.779572 -6.391792 -9.083844 -6.149042 1.074219 4.247129,
 3.537447 1.555550 -0.225412 0.180192 1.668628 4.241704 4.629339 4.029878 -1.748875 -3.515146 -0.971037 -2.462630 -1.697207 2.472203 0.455279 -1.617509 14.221567 28.851748 14.640423 -2.637342 -1.552714 -2.622208 0.124431 29.865000 52.656208 29.865000 0.124432 -2.622207 -1.552715 -2.637343 14.640423 28.851746 14.221567 -1.617508 0.455279 2.472202 -1.697207 -2.462629 -0.971037 -3.515146 -1.748875 4.029878 4.629338 4.241704 1.668628 0.180192 -0.225412 1.555549 3.537447,
 0.583687 0.604675 0.946985 1.329887 1.197825 0.665282 0.509499 0.435745 -0.297790 0.327309 1.315042 0.679873 -0.288587 0.086923 0.245877 -0.290780 2.136169 4.594601 2.884970 0.284019 0.276947 0.475406 0.736411 4.511327 7.402487 4.511327 0.736411 0.475406 0.276947 0.284019 2.884969 4.594602 2.136169 -0.290780 0.245877 0.086923 -0.288587 0.679873 1.315042 0.327309 -0.297790 0.435745 0.509499 0.665282 1.197824 1.329887 0.946985 0.604675 0.583687,

Auto-correlations of the modulus of each oriented sub-band
 14.283438 15.796565 16.811972 17.155666 16.754351 15.700365 14.174169 25.243454 29.282700 32.117016 33.133694 32.078342 29.221264 25.181368 36.672005 43.630123 48.593933 50.410397 48.599113 43.644196 36.701221 41.731129 50.022594 55.967991 58.148567 55.967991 50.022602 41.731129 36.701221 43.644196 48.599117 50.410397 48.593933 43.630123 36.672005 25.181368 29.221264 32.078339 33.133694 32.117016 29.282700 25.243450 14.174170 15.700364 16.754351 17.155668 16.811972 15.796567 14.283436,
 30.274656 34.987080 34.770264 29.495356 21.524397 13.930296 8.563902 35.141617 43.962608 47.379444 43.469440 33.993694 23.042948 14.165489 35.117081 47.519997 55.654606 55.521660 47.036083 34.187309 21.958754 29.971231 43.706066 55.576973 60.345951 55.576977 43.706070 29.971228 21.958755 34.187313 47.036083 55.521660 55.654606 47.519997 35.117081 14.165489 23.042948 33.993698 43.469440 47.379444 43.962608 35.141617 8.563902 13.930295 21.524397 29.495356 34.770267 34.987080 30.274656,
 14.544172 24.600573 35.362579 40.219326 35.412006 24.496729 14.263835 16.088854 28.617313 42.285568 48.463997 42.283295 28.505472 15.864067 17.119566 31.450737 47.275150 54.457832 47.252701 31.376308 16.995062 17.447226 32.455830 49.097569 56.676952 49.097569 32.455833 17.447222 16.995058 31.376307 47.252712 54.457832 47.275146 31.450737 17.119566 15.864067 28.505470 42.283291 48.463997 42.285564 28.617317 16.088852 14.263836 24.496725 35.412010 40.219322 35.362579 24.600573 14.544172,
 8.728584 13.951010 21.228403 28.813108 33.786232 33.936062 29.441826 14.251266 22.851475 33.394527 42.469643 46.138027 42.758175 34.224388 21.847858 33.710365 46.149277 54.321690 54.369862 46.420330 34.378441 29.565811 42.909260 54.457489 59.102158 54.457489 42.909271 29.565811 34.378441 46.420322 54.369862 54.321690 46.149277 33.710365 21.847858 34.224388 42.758175 46.138027 42.469643 33.394527 22.851477 14.251268 29.441826 33.936062 33.786232 28.813112 21.228401 13.951012 8.728584,
 8.248269 9.028076 9.780188 10.155903 9.964603 9.354218 8.596278 14.268558 18.374006 21.947994 23.477221 22.177443 18.681707 14.459075 23.011663 32.041580 39.762199 42.954082 40.002010 32.335899 23.165836 27.569962 39.177471 49.001350 52.940521 49.001350 39.177475 27.569958 23.165838 32.335896 40.002010 42.954082 39.762207 32.041580 23.011663 14.459077 18.681704 22.177443 23.477222 21.947998 18.374006 14.268558 8.596278 9.354217 9.964603 10.155904 9.780187 9.028076 8.248268,
 16.126698 20.192593 20.811338 16.954041 11.281859 7.128060 5.388798 20.432592 29.454641 34.316933 30.781979 21.198311 11.937514 6.693597 20.764120 34.232510 45.489422 46.216846 35.411972 21.011213 10.714141 16.537949 30.563040 46.116840 53.223850 46.116852 30.563036 16.537949 10.714140 21.011213 35.411972 46.216846 45.489426 34.232510 20.764120 6.693597 11.937514 21.198311 30.781975 34.316933 29.454641 20.432592 5.388798 7.128060 11.281859 16.954041 20.811338 20.192591 16.126698,
 8.626143 15.689274 25.280819 30.000555 25.304697 16.236607 10.050975 10.033008 20.218239 34.436230 41.556927 34.466476 20.574018 10.920362 11.219849 24.127472 42.328613 51.511806 42.353497 24.309519 11.645557 11.815939 25.755386 45.514416 55.526901 45.514420 25.755384 11.815941 11.645557 24.309517 42.353497 51.511810 42.328613 24.127472 11.219850 10.920364 20.574018 34.466473 41.556927 34.436237 20.218241 10.033009 10.050975 16.236607 25.304697 30.000553 25.280819 15.689274 8.626143,
 5.755378 7.421936 11.542330 17.386980 21.648605 21.397869 17.426758 7.262460 12.324933 21.565653 31.344175 35.148632 30.408634 21.295519 11.379012 21.584436 36.038559 47.013657 46.406013 35.122257 21.522526 17.267090 31.346647 46.997166 54.179501 46.997173 31.346647 17.267090 21.522528 35.122257 46.406013 47.013660 36.038559 21.584436 11.379012 21.295517 30.408630 35.148628 31.344175 21.565655 12.324933 7.262460 17.426758 21.397867 21.648605 17.386982 11.542330 7.421936 5.755378,
 3.510707 3.787604 4.163570 4.461194 4.552034 4.474053 4.341302 4.584270 5.561226 6.523279 6.923601 6.517880 5.610420 4.730696 6.392873 8.790286 11.096137 11.994031 10.868876 8.491362 6.166913 7.236003 10.425405 13.614439 15.018498 13.614439 10.425405 7.236002 6.166913 8.491362 10.868876 11.994029 11.096136 8.790285 6.392873 4.730696 5.610420 6.517881 6.923601 6.523278 5.561225 4.584270 4.341302 4.474053 4.552035 4.461194 4.163570 3.787604 3.510707,
 4.745944 5.869388 6.469243 6.117730 5.266535 4.622064 4.414059 5.832605 8.295310 9.885699 9.208650 6.980450 5.037244 4.237463 6.135469 9.818727 13.273713 13.576371 10.426953 6.639757 4.497856 5.383128 8.926314 13.557271 15.844294 13.557271 8.926314 5.383128 4.497856 6.639757 10.426953 13.576371 13.273713 9.818727 6.135469 4.237462 5.037244 6.980450 9.208650 9.885700 8.295309 5.832605 4.414058 4.622064 5.266535 6.117730 6.469243 5.869388 4.745944,
 3.359555 4.731230 7.378762 9.057651 7.874102 5.626465 4.423969 3.567743 5.740425 9.774568 12.219893 10.114444 6.322793 4.276546 3.801479 6.693258 12.052764 15.274681 12.238919 6.978594 4.142827 3.999336 7.176394 13.080861 16.597494 13.080861 7.176393 3.999336 4.142827 6.978594 12.238919 15.274681 12.052764 6.693258 3.801479 4.276546 6.322794 10.114443 12.219896 9.774568 5.740424 3.567743 4.423969 5.626464 7.874101 9.057651 7.378761 4.731230 3.359555,
 3.169878 3.748821 4.921716 6.352232 7.198539 6.847120 5.749021 3.488360 4.624449 6.896928 9.462230 10.362068 8.788389 6.292095 4.199590 6.481429 10.443781 13.813354 13.500347 9.874927 6.173619 5.257295 8.802748 13.620510 16.088970 13.620510 8.802748 5.257295 6.173619 9.874928 13.500347 13.813355 10.443780 6.481429 4.199589 6.292095 8.788389 10.362068 9.462231 6.896928 4.624449 3.488360 5.749021 6.847120 7.198539 6.352232 4.921715 3.748821 3.169878,

Pairwise cross-correlations of the modulus of all oriented sub-bands at the same scale (size QxQ)
 58.148571 53.641048 45.504951 52.931023,
 53.641048 60.345951 52.636452 50.569889,
 45.504951 52.636452 56.676933 52.363884,
 52.931023 50.569889 52.363884 59.102150,
 52.940517 49.259396 46.564762 48.981354,
 49.259396 53.223843 49.854351 45.682243,
 46.564762 49.854351 55.526901 50.518665,
 48.981354 45.682243 50.518665 54.179504,

Cross-correlations of the modulus of all oriented sub-bands with all oriented sub-bands at the coarser scale (size QxQ)
 49.782211 46.488487 44.871811 47.032684,
 48.190426 51.353485 49.582439 45.966209,
 42.743164 46.058533 50.987202 46.682716,
 47.534550 44.651211 49.143993 51.410740,
 22.517416 21.772840 21.012009 21.947159,
 21.563171 22.928091 22.209635 20.917131,
 21.025654 22.503117 24.176113 22.707745,
 21.629377 20.977924 22.550756 23.243589,

Cross-correlations of the real part of each oriented sub-band with both the real and imaginary part of all phase-doubled oriented sub-bands at the next coarser scale (Q matrices of size 1x2Q, which are computed and stored in a matrix of size Qx2Q)
 -21.662302 -9.843541 -0.806409 -9.714474 -0.075609 0.026498 0.003712 0.006512,
 -9.471302 -23.038975 -9.641074 -0.771104 0.012244 0.062207 -0.004072 0.000871,
 -0.792598 -9.982927 -22.236319 -10.058771 0.021100 -0.000965 -0.012783 0.014625,
 -9.336463 -0.773468 -9.699866 -23.057634 -0.037637 -0.009274 0.008086 0.000163,
 -11.930525 -5.308211 -0.463406 -5.354911 -0.181114 -0.116671 0.020323 -0.033705,
 -5.242229 -12.398170 -5.578325 -0.487016 -0.120657 -0.031426 -0.083721 -0.011797,
 -0.449278 -5.576975 -13.200193 -5.786777 0.004250 0.037343 -0.271957 -0.003112,
 -5.233377 -0.500958 -5.870494 -12.736322 -0.034293 -0.011474 -0.057221 0.010492,
