Low-band skewness and kurtosis
 -11.393147 146.491547,
 -6.899482 56.526268,
 -3.841522 20.060089,
 -1.272045 6.971201,

High-band variance
 17.418682,

Skewness, kurtosis, variance, mean, maximum and minimum of the reconstructed texture
 -11.464209 138.856201 327.868408 253.301773 255.000000 0.000000,

Auto-correlations of the low-frequency bands at each scale
 0.184827 -1.882212 2.782462 7.059477 3.859787 0.040359 1.128026 -3.147608 11.919036 55.795128 82.348503 55.959969 12.678846 -1.904282 -0.690035 52.917202 164.154526 226.549622 164.066223 53.352722 0.869493 3.233218 78.191216 224.814316 305.798035 224.814316 78.191216 3.233218 0.869493 53.352711 164.066223 226.549606 164.154526 52.917206 -0.690035 -1.904282 12.678843 55.959969 82.348503 55.795128 11.919039 -3.147608 1.128026 0.040359 3.859787 7.059479 2.782463 -1.882212 0.184826,
 9.949310 4.220507 -0.501247 -0.455317 -1.173437 1.895497 6.301306 5.854519 -8.238717 -2.292433 10.064032 -2.447912 -11.046707 1.056313 -2.016608 -4.766765 51.936497 99.013916 53.566723 -3.798655 -1.596549 -2.615811 6.660262 97.531113 165.002762 97.531136 6.660262 -2.615812 -1.596549 -3.798655 53.566723 99.013916 51.936501 -4.766765 -2.016608 1.056313 -11.046705 -2.447912 10.064032 -2.292433 -8.238718 5.854519 6.301306 1.895497 -1.173436 -0.455317 -0.501248 4.220507 9.949312,
 3.691241 2.600523 2.764911 3.598774 4.900386 6.566630 5.848252 3.860058 -1.854859 -0.395646 3.317547 0.826937 1.213754 5.976142 3.647460 0.454723 17.022293 31.437637 16.192741 0.226451 3.750046 3.105007 3.457641 31.476755 54.056427 31.476755 3.457641 3.105007 3.750047 0.226451 16.192741 31.437637 17.022289 0.454723 3.647461 5.976142 1.213754 0.826937 3.317547 -0.395646 -1.854859 3.860058 5.848251 6.566630 4.900386 3.598774 2.764911 2.600523 3.691241,
 0.851489 0.501115 0.502014 0.641220 0.777758 1.066516 1.005219 0.644113 -0.122906 0.352926 1.168086 1.043827 1.130421 1.242493 0.255625 -0.063295 2.219226 4.252711 2.681492 0.896641 0.796441 0.252080 0.533736 3.866779 6.520973 3.866779 0.533736 0.252080 0.796441 0.896641 2.681492 4.252711 2.219226 -0.063295 0.255625 1.242493 1.130421 1.043827 1.168086 0.352926 -0.122906 0.644113 1.005219 1.066516 0.777758 0.641220 0.502014 0.501115 0.851489,

Auto-correlations of the modulus of each oriented sub-band
 16.454247 17.892830 18.898001 19.258305 18.867569 17.804359 16.261539 26.576431 30.529856 33.370445 34.437725 33.449081 30.685394 26.796392 37.582527 44.408710 49.355762 51.205372 49.439602 44.581268 37.853016 42.610764 50.707417 56.594501 58.774532 56.594501 50.707424 42.610764 37.853016 44.581261 49.439606 51.205379 49.355762 44.408710 37.582523 26.796392 30.685394 33.449081 34.437721 33.370441 30.529856 26.576426 16.261541 17.804358 18.867569 19.258307 18.898001 17.892830 16.454245,
 29.686302 34.081158 34.098061 29.487425 22.357635 15.552021 10.767655 34.145405 42.428192 45.786243 42.275436 33.517685 23.454311 15.473881 34.085453 45.789848 53.645149 53.610119 45.556496 33.457260 22.212570 29.367859 42.228531 53.603497 58.228764 53.603497 42.228531 29.367855 22.212570 33.457260 45.556496 53.610119 53.645149 45.789841 34.085449 15.473884 23.454309 33.517685 42.275444 45.786243 42.428192 34.145405 10.767656 15.552021 22.357637 29.487425 34.098061 34.081161 29.686295,
 14.999187 24.978058 35.917290 40.995899 36.458221 25.730345 15.577951 16.551048 28.952023 42.668938 48.979034 43.101723 29.545122 16.990515 17.697897 31.892632 47.641163 54.816299 47.883652 32.221069 17.936298 18.200472 33.091938 49.569752 56.987705 49.569752 33.091938 18.200472 17.936298 32.221066 47.883652 54.816296 47.641163 31.892632 17.697897 16.990515 29.545116 43.101727 48.979027 42.668941 28.952023 16.551046 15.577954 25.730343 36.458221 40.995899 35.917290 24.978064 14.999185,
 10.798954 15.621405 22.727043 30.238981 35.059235 34.942463 30.176889 15.522049 23.748873 34.179516 43.239483 46.821236 43.280590 34.669769 22.494516 34.038033 46.422607 54.635460 54.644241 46.615723 34.664948 29.877129 42.991268 54.550034 59.243511 54.550034 42.991272 29.877129 34.664948 46.615723 54.644241 54.635460 46.422607 34.038036 22.494513 34.669777 43.280590 46.821236 43.239483 34.179516 23.748873 15.522049 30.176889 34.942463 35.059238 30.238981 22.727043 15.621405 10.798954,
 12.783833 14.184650 15.359260 15.778367 15.189742 13.858717 12.374103 19.227251 23.531767 27.191109 28.523190 26.694731 22.519299 17.803181 27.516928 36.374985 44.001461 47.014900 43.709202 35.722073 26.552286 31.389652 42.713879 52.531410 56.526718 52.531410 42.713882 31.389652 26.552284 35.722069 43.709202 47.014900 44.001461 36.374989 27.516932 17.803181 22.519299 26.694729 28.523190 27.191109 23.531767 19.227251 12.374103 13.858718 15.189740 15.778367 15.359260 14.184650 12.783833,
 18.278473 22.510687 23.272072 19.823400 14.787069 11.037603 9.390529 22.784937 31.373848 35.842560 32.386909 23.633070 15.357606 10.627129 23.638998 36.189896 46.651546 47.040672 36.804054 23.657358 14.390942 19.854397 32.704643 47.206043 53.949291 47.206051 32.704643 19.854397 14.390942 23.657356 36.804054 47.040672 46.651550 36.189896 23.638994 10.627129 15.357606 23.633070 32.386909 35.842560 31.373848 22.784937 9.390530 11.037603 14.787069 19.823402 23.272072 22.510687 18.278469,
 12.035651 17.987690 26.075914 30.330126 26.579214 19.010361 13.581981 13.222926 21.926487 34.448368 41.046829 34.866650 22.603926 14.144192 14.228513 25.371136 41.753029 50.342396 41.970737 25.678759 14.630614 14.730210 26.835873 44.765091 54.123943 44.765095 26.835873 14.730210 14.630614 25.678759 41.970737 50.342396 41.753033 25.371134 14.228513 14.144192 22.603922 34.866650 41.046829 34.448372 21.926485 13.222926 13.581981 19.010361 26.579208 30.330122 26.075914 17.987694 12.035650,
 9.571176 11.308882 14.789339 19.633362 22.991587 22.252083 18.337063 11.222349 15.511496 23.221363 31.529636 34.611519 30.078154 21.927750 14.681197 23.226862 35.736732 45.518791 44.870258 34.598633 22.656330 19.438519 31.569462 45.588596 52.185196 45.588596 31.569464 19.438519 22.656330 34.598633 44.870258 45.518791 35.736736 23.226862 14.681199 21.927752 30.078150 34.611519 31.529636 23.221363 15.511496 11.222349 18.337063 22.252083 22.991587 19.633362 14.789339 11.308882 9.571176,
 5.624038 6.101392 6.507329 6.661677 6.488972 6.061831 5.526156 6.817569 7.799528 8.679046 9.024524 8.598731 7.571831 6.370308 8.383353 10.722351 12.844316 13.686481 12.694989 10.368014 7.784474 8.909683 12.245776 15.334524 16.644457 15.334524 12.245775 8.909683 7.784474 10.368012 12.694986 13.686481 12.844316 10.722351 8.383353 6.370308 7.571831 8.598730 9.024524 8.679046 7.799528 6.817569 5.526156 6.061832 6.488972 6.661676 6.507329 6.101390 5.624038,
 6.022911 6.933643 7.313597 6.809815 5.880644 5.136202 4.665103 6.896168 8.846978 10.201660 9.630987 7.643405 5.873877 4.924079 7.026977 10.018806 13.045693 13.428269 10.640538 7.328996 5.345783 6.224249 9.231592 13.288037 15.412214 13.288037 9.231592 6.224249 5.345783 7.328996 10.640538 13.428269 13.045693 10.018805 7.026977 4.924079 5.873877 7.643405 9.630987 10.201660 8.846978 6.896167 4.665104 5.136202 5.880644 6.809815 7.313597 6.933643 6.022911,
 5.544817 7.002731 9.182579 10.254000 9.154523 7.373951 6.143303 5.785831 7.864619 11.303920 13.094438 11.218049 8.196496 6.357272 6.056239 8.720559 13.309216 15.848312 13.213545 8.902391 6.397520 6.284048 9.144582 14.125480 17.064215 14.125480 9.144582 6.284048 6.397519 8.902390 13.213545 15.848312 13.309218 8.720558 6.056240 6.357272 8.196496 11.218048 13.094435 11.303920 7.864617 5.785831 6.143303 7.373950 9.154523 10.254000 9.182579 7.002731 5.544816,
 5.637929 6.044769 6.788890 7.804558 8.386843 7.917643 6.764822 5.549896 6.444697 8.290625 10.549912 11.388144 9.988633 7.698309 5.768844 7.780199 11.286264 14.442645 14.254297 11.013790 7.624613 6.635400 9.865195 14.214382 16.507494 14.214382 9.865195 6.635401 7.624613 11.013789 14.254297 14.442645 11.286264 7.780199 5.768844 7.698309 9.988633 11.388144 10.549911 8.290625 6.444697 5.549896 6.764822 7.917644 8.386843 7.804558 6.788890 6.044769 5.637929,

Pairwise cross-correlations of the modulus of all oriented sub-bands at the same scale (size QxQ)
 58.774529 52.971523 46.011021 53.403561,
 52.971523 58.228760 52.189751 50.173294,
 46.011021 52.189751 56.987694 52.755360,
 53.403561 50.173294 52.755360 59.243496,
 56.526722 50.898594 46.830688 50.090034,
 50.898594 53.949276 49.436638 46.093166,
 46.830688 49.436638 54.123951 48.590637,
 50.090034 46.093166 48.590637 52.185177,

Cross-correlations of the modulus of all oriented sub-bands with all oriented sub-bands at the coarser scale (size QxQ)
 52.020107 47.446945 44.122265 46.954338,
 49.022316 50.980034 48.069534 44.662601,
 44.290867 46.607590 49.583221 45.504330,
 49.576710 45.843102 48.171299 50.298050,
 24.055559 22.101110 22.469305 23.618603,
 22.025167 22.357393 22.928581 22.086046,
 20.411949 21.313938 23.487505 22.569757,
 21.697271 20.436728 22.552555 23.455667,

Cross-correlations of the real part of each oriented sub-band with both the real and imaginary part of all phase-doubled oriented sub-bands at the next coarser scale (Q matrices of size 1x2Q, which are computed and stored in a matrix of size Qx2Q)
 -22.103113 -9.883563 -0.690612 -9.762033 -0.068659 0.020440 -0.019245 -0.007509,
 -9.550159 -22.273355 -9.221156 -0.852339 0.013978 0.119539 0.034574 0.003748,
 -0.721012 -9.629304 -21.108381 -9.374258 0.002805 0.034155 0.056284 0.031310,
 -9.475428 -0.871161 -8.944404 -21.858072 -0.043290 -0.038887 -0.018050 0.021379,
 -12.302136 -5.102035 -0.416228 -5.020329 -0.504355 -0.277525 -0.016245 -0.243147,
 -5.270856 -10.758941 -4.802776 -0.528634 -0.297200 -0.170347 0.283067 0.018802,
 -0.418410 -4.772946 -11.209467 -4.844164 0.006914 0.147494 0.788720 -0.165926,
 -5.342889 -0.618564 -4.903055 -10.949309 -0.079422 0.009429 0.221246 -0.641181,
