Low-band skewness and kurtosis
 -11.284591 143.848434,
 -6.693906 53.184277,
 -3.474606 16.599411,
 -0.394864 5.246353,

High-band variance
 17.604626,

Skewness, kurtosis, variance, mean, maximum and minimum of the reconstructed texture
 -11.382019 136.984329 330.526520 253.281113 255.000000 0.000000,

Auto-correlations of the low-frequency bands at each scale
 1.881407 -0.803650 1.598652 3.306308 -1.731941 -4.267709 1.703629 -4.766597 9.917878 53.164780 79.160271 52.267872 9.127660 -4.846456 -4.378631 50.525780 163.361160 226.669891 163.563065 50.826229 -4.555317 -1.922874 76.338142 225.930832 308.147400 225.930832 76.338142 -1.922874 -4.555317 50.826229 163.563065 226.669891 163.361176 50.525780 -4.378631 -4.846455 9.127659 52.267872 79.160271 53.164780 9.917878 -4.766597 1.703629 -4.267709 -1.731940 3.306308 1.598652 -0.803650 1.881407,
 3.289387 1.889545 -4.861444 -8.966378 -5.894247 3.772541 9.142839 1.407621 -8.620800 -2.833701 5.465804 -5.107557 -6.847673 6.802902 -6.518813 -6.616991 52.129738 97.448921 50.587467 -5.575736 -3.878131 -10.185499 0.989616 94.656403 163.565231 94.656403 0.989616 -10.185499 -3.878132 -5.575735 50.587467 97.448921 52.129738 -6.616992 -6.518812 6.802902 -6.847672 -5.107557 5.465804 -2.833701 -8.620800 1.407621 9.142839 3.772541 -5.894247 -8.966376 -4.861443 1.889545 3.289387,
 6.128576 2.502164 -0.459438 0.696913 2.577019 4.235411 3.779053 4.734601 -3.456560 -4.003633 1.382774 0.098911 -0.772097 2.191583 1.149892 -3.657762 12.903830 29.501867 15.512484 -2.189266 -1.072734 -1.476037 -0.553857 28.783266 51.872894 28.783266 -0.553857 -1.476037 -1.072734 -2.189266 15.512482 29.501863 12.903830 -3.657762 1.149892 2.191583 -0.772097 0.098912 1.382774 -4.003633 -3.456560 4.734601 3.779053 4.235411 2.577020 0.696913 -0.459439 2.502165 6.128576,
 0.579578 1.064653 0.981024 0.501532 0.502964 0.894209 0.888776 0.735838 0.501476 0.615341 0.729970 0.403596 0.616084 1.094071 0.635498 0.232593 1.964690 3.637567 2.203025 0.701146 0.974949 0.734170 0.705829 3.554607 5.956372 3.554607 0.705829 0.734170 0.974949 0.701145 2.203025 3.637567 1.964690 0.232593 0.635499 1.094071 0.616084 0.403596 0.729970 0.615341 0.501476 0.735838 0.888776 0.894209 0.502964 0.501532 0.981024 1.064653 0.579578,

Auto-correlations of the modulus of each oriented sub-band
 15.033648 16.747238 17.959160 18.459333 18.157749 17.149126 15.630074 25.582642 29.912216 32.993301 34.133141 33.047836 30.033585 25.777094 36.715267 44.078255 49.356590 51.280094 49.330307 44.044178 36.684296 41.598717 50.358368 56.668884 58.989586 56.668884 50.358372 41.598717 36.684299 44.044174 49.330299 51.280094 49.356590 44.078262 36.715263 25.777094 30.033581 33.047832 34.133148 32.993305 29.912216 25.582640 15.630074 17.149126 18.157751 18.459332 17.959160 16.747238 15.033648,
 30.217539 35.096462 35.010693 29.736092 21.680462 14.130231 9.095325 34.847839 43.872494 47.441399 43.536243 33.891956 22.776236 13.982207 34.574577 47.259693 55.619263 55.523628 46.852673 33.702770 21.316504 29.248068 43.274136 55.460175 60.353302 55.460175 43.274143 29.248068 21.316507 33.702770 46.852673 55.523624 55.619263 47.259693 34.574574 13.982208 22.776236 33.891956 43.536251 47.441399 43.872494 34.847839 9.095327 14.130229 21.680462 29.736092 35.010685 35.096466 30.217537,
 14.491564 25.726862 37.302284 42.230713 37.025009 25.567423 14.895289 16.027683 29.848503 44.435932 50.760345 44.189869 29.668570 16.264887 17.080162 32.725231 49.501774 56.888557 49.359295 32.613003 17.190254 17.491013 33.730587 51.304375 59.137207 51.304375 33.730591 17.491013 17.190254 32.613003 49.359295 56.888557 49.501766 32.725235 17.080162 16.264889 29.668570 44.189873 50.760345 44.435925 29.848503 16.027681 14.895292 25.567425 37.025009 42.230713 37.302277 25.726862 14.491563,
 8.715369 13.868255 21.188534 28.931644 34.140068 34.544724 30.234203 13.600278 22.263065 33.099060 42.555813 46.523949 43.251911 34.613243 20.798304 32.972240 45.942772 54.577202 54.757668 46.553452 34.083389 28.651108 42.486004 54.583050 59.473484 54.583050 42.486004 28.651108 34.083393 46.553452 54.757671 54.577206 45.942776 32.972240 20.798304 34.613247 43.251907 46.523949 42.555813 33.099060 22.263063 13.600278 30.234205 34.544724 34.140068 28.931648 21.188534 13.868255 8.715371,
 7.924462 8.913955 10.120118 11.033428 11.249547 10.704649 9.601807 14.840208 19.121252 22.986931 24.818459 23.732653 20.263968 15.824932 24.028688 33.377026 41.401566 44.697689 41.624165 33.694614 24.228676 28.496141 40.553722 50.846935 54.981911 50.846935 40.553726 28.496141 24.228676 33.694614 41.624157 44.697689 41.401566 33.377026 24.028688 15.824932 20.263964 23.732653 24.818459 22.986933 19.121248 14.840207 9.601807 10.704649 11.249548 11.033428 10.120118 8.913953 7.924462,
 15.992145 19.888918 20.604782 17.239550 12.325173 8.660863 6.730624 20.740833 29.608801 34.417553 30.991489 21.828890 13.102883 8.162257 21.572554 34.802292 45.907429 46.519985 35.869198 21.855274 12.031346 17.650427 31.295877 46.626141 53.636433 46.626144 31.295881 17.650427 12.031347 21.855270 35.869190 46.519985 45.907433 34.802296 21.572554 8.162258 13.102883 21.828888 30.991491 34.417561 29.608807 20.740833 6.730624 8.660862 12.325173 17.239550 20.604784 19.888918 15.992144,
 5.960081 12.038745 21.583689 26.839804 22.888887 14.474932 8.336718 7.203072 16.312931 30.347233 37.786667 31.095709 17.998688 9.026821 8.446522 20.120935 37.973988 47.443138 38.279861 20.948935 9.425247 9.267084 21.901934 41.135662 51.408363 41.135666 21.901936 9.267084 9.425246 20.948935 38.279858 47.443138 37.973988 20.120937 8.446520 9.026821 17.998686 31.095703 37.786667 30.347237 16.312929 7.203072 8.336718 14.474934 22.888885 26.839806 21.583693 12.038743 5.960081,
 4.361747 6.918931 12.203343 18.811686 23.217354 22.722694 18.204060 6.662018 12.565311 22.671036 32.931805 36.877029 31.940025 22.138580 11.339842 22.303526 37.422417 48.704594 48.172382 36.554924 22.137777 17.565353 32.442104 48.602139 55.880333 48.602150 32.442104 17.565353 22.137777 36.554916 48.172379 48.704594 37.422417 22.303524 11.339843 22.138580 31.940025 36.877022 32.931805 22.671036 12.565311 6.662020 18.204058 22.722694 23.217352 18.811686 12.203344 6.918932 4.361748,
 4.749372 4.969975 5.004921 4.821989 4.508828 4.190766 3.928157 5.966165 6.923209 7.659459 7.733677 7.020012 5.860389 4.745415 7.575859 9.984553 12.165786 12.913092 11.663757 9.145844 6.594327 8.042914 11.348799 14.527077 15.908717 14.527077 11.348798 8.042914 6.594327 9.145844 11.663757 12.913091 12.165786 9.984552 7.575859 4.745415 5.860388 7.020012 7.733676 7.659458 6.923209 5.966165 3.928157 4.190766 4.508828 4.821989 5.004921 4.969975 4.749372,
 5.883185 6.339027 6.326087 5.622022 4.650211 3.941380 3.488740 7.313317 9.113684 10.061475 9.101078 6.849559 4.879944 3.796557 7.510124 10.792341 13.754793 13.848768 10.752380 7.066108 4.727644 6.280185 9.752329 14.112199 16.298878 14.112199 9.752329 6.280185 4.727644 7.066108 10.752378 13.848768 13.754790 10.792340 7.510124 3.796557 4.879943 6.849559 9.101078 10.061475 9.113684 7.313317 3.488740 3.941380 4.650211 5.622022 6.326087 6.339027 5.883185,
 4.321531 4.789176 6.513491 7.750523 6.812918 4.846998 3.657954 4.354200 5.702496 8.878580 10.866001 9.051882 5.686100 3.728254 4.231586 6.529377 11.116960 13.840643 11.169357 6.481241 3.840346 4.025892 6.846845 12.075032 15.131795 12.075032 6.846843 4.025892 3.840346 6.481240 11.169357 13.840643 11.116960 6.529377 4.231586 3.728254 5.686100 9.051882 10.866001 8.878578 5.702495 4.354199 3.657954 4.846998 6.812918 7.750523 6.513491 4.789176 4.321531,
 4.256137 4.102813 4.223638 4.857320 5.497560 5.352533 4.403363 4.137019 4.382596 5.727296 7.746863 8.669798 7.416110 5.083894 4.016423 5.596539 8.913282 11.944086 11.792830 8.549707 5.083509 4.451787 7.584334 11.942543 14.159765 11.942543 7.584333 4.451787 5.083509 8.549708 11.792832 11.944088 8.913281 5.596539 4.016423 5.083894 7.416110 8.669800 7.746863 5.727296 4.382596 4.137018 4.403364 5.352533 5.497560 4.857320 4.223638 4.102812 4.256137,

Pairwise cross-correlations of the modulus of all oriented sub-bands at the same scale (size QxQ)
 58.989582 54.024277 47.263107 53.578548,
 54.024277 60.353310 54.286350 50.824173,
 47.263107 54.286350 59.137207 53.674889,
 53.578548 50.824173 53.674889 59.473511,
 54.981899 49.961460 45.757820 51.479179,
 49.961460 53.636429 48.383694 47.907101,
 45.757820 48.383694 51.408356 49.222950,
 51.479179 47.907101 49.222950 55.880333,

Cross-correlations of the modulus of all oriented sub-bands with all oriented sub-bands at the coarser scale (size QxQ)
 51.882145 47.754040 43.114132 49.046574,
 49.465015 51.872066 47.621307 47.308971,
 44.918896 47.468296 49.784367 48.891823,
 49.113377 45.611088 47.510193 52.828461,
 23.306795 22.618782 21.124750 21.077337,
 22.166023 23.533556 22.000248 19.692852,
 20.205517 21.430885 22.291761 20.067480,
 22.385052 21.602058 22.212324 22.034082,

Cross-correlations of the real part of each oriented sub-band with both the real and imaginary part of all phase-doubled oriented sub-bands at the next coarser scale (Q matrices of size 1x2Q, which are computed and stored in a matrix of size Qx2Q)
 -22.875608 -9.807542 -0.736096 -10.310136 -0.011968 0.034923 0.000065 -0.010058,
 -9.624677 -22.800182 -9.340525 -0.742892 -0.002858 0.129317 0.015019 -0.005384,
 -0.754453 -9.658417 -21.861818 -9.732792 -0.001742 0.035856 0.021671 -0.008160,
 -10.111279 -0.724299 -9.504825 -23.330151 -0.012941 -0.014976 -0.002655 -0.022597,
 -12.475847 -5.845057 -0.485072 -5.180815 -0.009608 0.000243 0.023987 -0.190701,
 -5.708316 -13.104321 -5.238082 -0.453739 -0.004803 0.041869 -0.096393 -0.022909,
 -0.517874 -5.590143 -11.698279 -5.249250 0.022515 -0.044700 -0.220190 0.135357,
 -5.200264 -0.508530 -5.151251 -11.956087 0.078237 -0.042984 -0.036869 0.023702,
