Low-band skewness and kurtosis
 -11.438154 147.667770,
 -6.927466 56.395847,
 -4.048414 22.500744,
 -1.226846 8.875242,

High-band variance
 17.225523,

Skewness, kurtosis, variance, mean, maximum and minimum of the reconstructed texture
 -11.529460 140.501114 323.080048 253.322449 255.000000 0.000000,

Auto-correlations of the low-frequency bands at each scale
 8.405500 2.743025 -0.152240 0.554623 -0.103005 1.479594 7.609564 4.113824 17.673531 54.721905 76.486763 51.261414 12.533303 1.994966 3.352682 56.522018 163.049301 221.630402 159.857513 52.218761 1.811329 4.069356 78.379013 222.050507 301.194000 222.050507 78.379021 4.069356 1.811330 52.218761 159.857529 221.630402 163.049286 56.522018 3.352680 1.994967 12.533303 51.261406 76.486763 54.721912 17.673531 4.113824 7.609565 1.479594 -0.103008 0.554624 -0.152239 2.743025 8.405500,
 11.076460 8.604208 1.319100 0.674158 6.638808 10.468934 8.419185 6.878508 -4.395563 -1.299186 7.993250 1.934838 -1.106187 7.962047 -1.940229 -0.672122 53.077354 95.071815 53.334084 1.110859 -0.035517 -5.190259 9.194324 97.043457 160.694183 97.043457 9.194324 -5.190259 -0.035517 1.110860 53.334080 95.071815 53.077366 -0.672121 -1.940229 7.962048 -1.106186 1.934838 7.993251 -1.299185 -4.395564 6.878509 8.419185 10.468933 6.638807 0.674158 1.319100 8.604210 11.076459,
 6.757079 7.754561 4.865113 2.620435 3.621147 5.897043 5.593888 6.540533 3.085381 3.046641 6.056048 3.846755 3.087739 6.034170 5.411981 2.332149 18.207422 33.616341 19.389660 2.405696 3.823649 3.647298 4.068793 31.751284 54.249413 31.751284 4.068793 3.647297 3.823650 2.405696 19.389662 33.616341 18.207424 2.332149 5.411981 6.034170 3.087739 3.846754 6.056047 3.046641 3.085381 6.540531 5.593889 5.897044 3.621147 2.620435 4.865113 7.754560 6.757077,
 1.015551 0.799211 0.988789 1.428686 1.564433 1.629900 1.587894 1.181526 0.671615 1.038259 1.858944 1.334775 0.600227 0.730581 1.229840 1.048125 3.205014 5.306215 3.348848 0.635476 0.440976 1.004983 1.406463 5.126431 8.006056 5.126432 1.406463 1.004983 0.440976 0.635476 3.348848 5.306215 3.205014 1.048125 1.229840 0.730581 0.600228 1.334775 1.858944 1.038259 0.671615 1.181526 1.587895 1.629900 1.564433 1.428686 0.988788 0.799211 1.015551,

Auto-correlations of the modulus of each oriented sub-band
 15.949660 17.439957 18.517437 19.006380 18.830526 18.062605 16.856560 25.124754 29.093475 31.996738 33.199486 32.417053 29.887360 26.209578 35.582489 42.437176 47.450195 49.417725 47.805119 43.075405 36.400425 40.652557 48.792580 54.689201 56.864788 54.689190 48.792583 40.652557 36.400433 43.075397 47.805111 49.417725 47.450188 42.437180 35.582489 26.209578 29.887354 32.417049 33.199482 31.996738 29.093470 25.124750 16.856560 18.062601 18.830526 19.006380 18.517437 17.439957 15.949660,
 30.334948 34.596359 34.344482 29.554976 22.537195 16.169474 11.975965 34.494087 42.750877 45.971638 42.294079 33.490143 23.580803 15.897254 34.188343 45.898308 53.728306 53.622791 45.506981 33.417366 22.249487 29.344965 42.216068 53.606102 58.248974 53.606094 42.216068 29.344965 22.249489 33.417362 45.506981 53.622795 53.728313 45.898312 34.188343 15.897256 23.580801 33.490143 42.294075 45.971638 42.750881 34.494087 11.975965 16.169470 22.537197 29.554976 34.344479 34.596359 30.334948,
 16.674341 25.944321 36.013271 40.869133 36.823273 26.973061 17.596031 18.038357 29.760756 42.710484 48.806389 43.227230 30.389433 18.613256 19.005045 32.520096 47.603561 54.605572 47.848469 32.809788 19.275213 19.433702 33.614929 49.482521 56.756863 49.482517 33.614929 19.433702 19.275213 32.809788 47.848469 54.605572 47.603561 32.520103 19.005041 18.613256 30.389431 43.227230 48.806389 42.710480 29.760759 18.038355 17.596031 26.973061 36.823273 40.869133 36.013271 25.944323 16.674341,
 12.608727 17.631758 24.767920 32.174969 36.882050 36.797024 32.252277 17.425081 25.892893 36.317238 45.217632 48.685894 45.229389 36.816696 24.566456 36.316925 48.642345 56.687756 56.652611 48.747517 36.872471 32.074165 45.274849 56.720322 61.324123 56.720318 45.274860 32.074165 36.872471 48.747517 56.652611 56.687756 48.642345 36.316921 24.566454 36.816696 45.229385 48.685894 45.217632 36.317230 25.892895 17.425081 32.252277 36.797028 36.882057 32.174969 24.767918 17.631760 12.608727,
 12.476296 13.798621 15.139806 15.956536 15.888332 15.069177 13.943398 16.995338 20.766283 24.293625 25.966145 24.972914 21.961946 18.395830 23.886625 31.846672 38.982788 42.018414 39.376709 32.608475 24.878115 27.861980 38.051727 47.125366 50.870564 47.125374 38.051727 27.861980 24.878115 32.608475 39.376709 42.018414 38.982792 31.846678 23.886625 18.395830 21.961946 24.972912 25.966145 24.293629 20.766283 16.995338 13.943396 15.069178 15.888330 15.956533 15.139806 13.798624 12.476297,
 19.536434 23.531237 24.210245 21.162138 16.818907 13.569420 12.004797 22.926367 31.324526 35.792122 32.798439 24.884731 17.463142 13.361547 23.159620 35.352596 45.720146 46.341560 36.709263 24.334782 15.984170 19.956923 32.075783 46.179741 52.777168 46.179745 32.075783 19.956919 15.984173 24.334782 36.709255 46.341560 45.720146 35.352592 23.159622 13.361548 17.463142 24.884731 32.798439 35.792122 31.324526 22.926365 12.004797 13.569423 16.818905 21.162140 24.210251 23.531237 19.536436,
 13.372093 19.023378 26.989050 31.123295 27.401161 19.787436 14.261647 13.953702 22.515732 35.031071 41.535465 35.300522 23.115770 14.720793 14.561970 25.502287 41.801071 50.361668 41.905743 25.822206 15.019115 14.976596 26.790825 44.507481 53.904083 44.507481 26.790825 14.976596 15.019115 25.822203 41.905743 50.361660 41.801071 25.502289 14.561970 14.720793 23.115767 35.300518 41.535465 35.031075 22.515732 13.953702 14.261647 19.787432 27.401159 31.123295 26.989054 19.023382 13.372094,
 11.124430 12.380946 16.234875 21.644957 25.253672 24.329912 20.029732 11.983662 16.236891 24.626400 33.554203 36.774319 31.899504 23.296265 14.914979 23.836866 37.069187 47.283432 46.568230 35.869457 23.468519 19.732298 32.354126 46.908867 53.731213 46.908867 32.354130 19.732298 23.468519 35.869457 46.568222 47.283432 37.069187 23.836870 14.914978 23.296265 31.899500 36.774319 33.554199 24.626404 16.236891 11.983660 20.029732 24.329914 25.253670 21.644957 16.234875 12.380947 11.124431,
 6.432904 6.905235 7.262074 7.442290 7.457669 7.350141 7.151635 7.307827 8.347115 9.214822 9.601841 9.405610 8.804502 8.092394 8.815723 10.991419 12.963470 13.797276 13.043074 11.206233 9.231496 9.751922 12.593452 15.305652 16.480335 15.305649 12.593452 9.751922 9.231498 11.206235 13.043073 13.797276 12.963470 10.991418 8.815723 8.092394 8.804501 9.405610 9.601841 9.214822 8.347114 7.307826 7.151636 7.350140 7.457670 7.442288 7.262074 6.905235 6.432904,
 6.777388 7.797268 8.190094 7.726829 7.043253 6.675928 6.486791 7.683811 9.797570 11.124514 10.525310 8.734670 7.309703 6.667771 8.012914 11.036054 13.927806 14.227764 11.679802 8.733541 7.022927 7.626934 10.459736 14.198000 16.116877 14.198000 10.459736 7.626934 7.022927 8.733541 11.679802 14.227762 13.927806 11.036054 8.012914 6.667769 7.309703 8.734671 10.525310 11.124514 9.797570 7.683811 6.486791 6.675928 7.043253 7.726830 8.190092 7.797267 6.777388,
 5.706671 6.540305 7.730072 8.551345 8.079020 6.930452 6.154012 6.047989 7.354038 9.557683 10.928022 9.669493 7.465742 6.307508 6.264784 7.998927 11.308753 13.378525 11.316569 7.997095 6.384795 6.373942 8.239264 12.051120 14.487325 12.051120 8.239264 6.373940 6.384794 7.997095 11.316569 13.378524 11.308753 7.998927 6.264783 6.307508 7.465741 9.669493 10.928021 9.557683 7.354036 6.047989 6.154012 6.930452 8.079020 8.551345 7.730070 6.540305 5.706670,
 5.970359 6.680699 7.382410 8.186588 8.663891 8.222375 7.177882 6.418880 7.378985 8.815716 10.510144 11.049961 9.750392 7.855759 6.936682 8.551817 11.286995 13.744308 13.440071 10.697341 8.058917 7.589006 10.063185 13.591396 15.487279 13.591396 10.063185 7.589005 8.058917 10.697341 13.440071 13.744308 11.286993 8.551817 6.936682 7.855758 9.750392 11.049960 10.510143 8.815715 7.378985 6.418879 7.177884 8.222375 8.663890 8.186588 7.382411 6.680699 5.970358,

Pairwise cross-correlations of the modulus of all oriented sub-bands at the same scale (size QxQ)
 56.864796 52.027679 46.092884 53.831188,
 52.027679 58.248974 52.109505 51.007660,
 46.092884 52.109505 56.756866 53.711590,
 53.831188 51.007660 53.711590 61.324123,
 50.870560 47.661022 45.665310 47.960323,
 47.661022 52.777161 49.000065 45.472649,
 45.665310 49.000065 53.904083 49.261227,
 47.960323 45.472649 49.261227 53.731205,

Cross-correlations of the modulus of all oriented sub-bands with all oriented sub-bands at the coarser scale (size QxQ)
 48.226326 46.263351 43.985394 46.472073,
 46.537937 49.955639 47.620548 45.049683,
 42.476509 46.267982 49.801228 46.633038,
 47.663918 45.947559 49.320351 51.726513,
 23.049614 21.503717 19.346327 21.035509,
 22.820745 22.812532 20.559057 20.586384,
 21.972582 21.847015 21.424259 21.761486,
 22.691927 20.951372 20.729736 22.396910,

Cross-correlations of the real part of each oriented sub-band with both the real and imaginary part of all phase-doubled oriented sub-bands at the next coarser scale (Q matrices of size 1x2Q, which are computed and stored in a matrix of size Qx2Q)
 -20.124430 -9.080672 -0.798240 -9.130537 0.058127 -0.026628 -0.002800 0.078106,
 -8.888359 -21.084696 -8.730554 -0.706226 0.029880 -0.169739 0.021637 0.005766,
 -0.790850 -9.090522 -20.295584 -9.338017 -0.028227 -0.030455 -0.021058 -0.028133,
 -8.801575 -0.703179 -9.012581 -21.689932 -0.072570 0.022530 -0.027055 0.098932,
 -10.763921 -5.276921 -0.479815 -4.183328 0.520371 0.005724 -0.021529 -0.142832,
 -5.239532 -11.269487 -4.622024 -0.388931 0.157892 -0.525669 -0.185638 -0.023587,
 -0.456220 -4.769078 -9.761744 -4.123229 0.009100 -0.436721 -0.217565 0.096853,
 -4.376356 -0.463818 -4.229489 -9.403848 0.306608 -0.007112 -0.079155 0.113538,
