Low-band skewness and kurtosis
 -11.376007 146.154999,
 -6.889159 56.264503,
 -3.701294 18.989159,
 -1.095725 10.151350,

High-band variance
 17.592737,

Skewness, kurtosis, variance, mean, maximum and minimum of the reconstructed texture
 -11.452853 138.617126 328.097870 253.298752 255.000000 0.000000,

Auto-correlations of the low-frequency bands at each scale
 7.697891 2.800385 2.691928 6.025404 5.063972 2.295060 1.990342 1.388391 14.776760 54.987156 80.680153 56.798058 15.287300 -1.164065 -0.385542 53.660278 163.563324 225.632553 164.790726 54.883736 -0.257472 1.306975 78.667397 225.283188 305.763550 225.283188 78.667404 1.306975 -0.257473 54.883724 164.790726 225.632538 163.563309 53.660290 -0.385542 -1.164065 15.287299 56.798058 80.680153 54.987156 14.776763 1.388391 1.990341 2.295060 5.063975 6.025404 2.691926 2.800385 7.697892,
 10.922623 4.264385 -5.139842 -7.049666 -3.365973 2.157494 5.433516 7.588754 -5.100992 -1.120626 8.424027 -3.453296 -12.255335 -2.082264 -3.028808 -3.520265 54.395149 100.083420 53.121189 -7.530625 -9.011178 -9.556695 3.077457 97.501015 165.808365 97.501015 3.077457 -9.556695 -9.011178 -7.530624 53.121185 100.083420 54.395149 -3.520265 -3.028808 -2.082265 -12.255334 -3.453295 8.424027 -1.120627 -5.100992 7.588754 5.433516 2.157495 -3.365972 -7.049666 -5.139843 4.264384 10.922623,
 3.261255 2.636871 -0.457360 -0.380055 1.994358 4.146935 4.849136 3.850328 -0.175394 -1.736329 0.490429 -1.377006 -1.837563 1.697666 2.025640 0.774577 16.772129 30.247292 14.347462 -3.622394 -2.149435 -1.183362 0.912084 30.467726 53.466713 30.467726 0.912084 -1.183362 -2.149435 -3.622394 14.347462 30.247290 16.772129 0.774577 2.025640 1.697666 -1.837563 -1.377006 0.490429 -1.736329 -0.175394 3.850328 4.849136 4.146935 1.994359 -0.380055 -0.457361 2.636871 3.261255,
 0.695322 1.005920 0.887730 0.640649 0.563512 0.667492 0.688014 0.702308 0.284052 0.530908 0.950899 0.371170 0.078021 0.765814 0.423590 0.076984 2.417470 4.568450 2.670225 0.342444 0.794687 0.583099 0.675342 4.571520 7.601247 4.571520 0.675342 0.583099 0.794687 0.342444 2.670225 4.568450 2.417470 0.076984 0.423590 0.765814 0.078021 0.371170 0.950899 0.530908 0.284052 0.702308 0.688014 0.667492 0.563512 0.640649 0.887730 1.005920 0.695322,

Auto-correlations of the modulus of each oriented sub-band
 16.128241 17.395102 18.115446 18.120792 17.340691 15.879294 13.951728 25.605185 29.410667 32.036049 32.851772 31.580364 28.489580 24.230686 35.806259 42.584076 47.438152 49.175018 47.271511 42.222557 35.227036 40.252457 48.469788 54.410507 56.602524 54.410507 48.469795 40.252449 35.227036 42.222553 47.271511 49.175011 47.438145 42.584076 35.806259 24.230690 28.489580 31.580366 32.851772 32.036045 29.410667 25.605185 13.951730 15.879293 17.340691 18.120792 18.115444 17.395103 16.128241,
 31.110533 35.385368 34.949123 29.668076 21.734653 14.072285 8.490563 35.500305 43.981533 47.198456 43.296188 33.911324 22.989519 14.014093 35.053375 47.231739 55.203262 55.045021 46.643906 33.884193 21.684851 29.689972 43.297085 55.051834 59.767830 55.051834 43.297085 29.689972 21.684853 33.884193 46.643906 55.045029 55.203262 47.231739 35.053368 14.014093 22.989515 33.911324 43.296188 47.198456 43.981541 35.500301 8.490564 14.072287 21.734653 29.668077 34.949127 35.385376 31.110533,
 15.147345 25.144464 35.795223 40.630589 35.941788 24.974792 14.318985 16.593506 29.231020 42.859425 49.007401 42.905983 29.000734 15.864811 17.456505 32.051777 47.895885 55.030384 47.898624 31.896500 17.035530 17.611387 33.013966 49.733505 57.245018 49.733505 33.013966 17.611387 17.035530 31.896500 47.898628 55.030384 47.895885 32.051777 17.456503 15.864811 29.000731 42.905983 49.007401 42.859425 29.231020 16.593504 14.318986 24.974792 35.941788 40.630589 35.795223 25.144464 15.147345,
 10.045330 15.041231 22.250406 29.790174 34.574570 34.352539 29.382448 14.766397 23.217278 33.729683 42.751812 46.246868 42.581451 33.709476 21.563400 33.392284 45.859615 54.019634 53.967224 45.837261 33.581882 28.799870 42.235771 53.880207 58.559982 53.880207 42.235775 28.799868 33.581882 45.837261 53.967224 54.019634 45.859615 33.392284 21.563400 33.709480 42.581451 46.246868 42.751808 33.729683 23.217276 14.766396 29.382450 34.352535 34.574570 29.790174 22.250404 15.041232 10.045331,
 10.634226 11.615864 12.288809 12.380606 11.730350 10.475840 8.961717 17.630535 21.756718 25.027603 26.008181 23.968054 19.646656 14.675378 25.999283 34.927544 42.432735 45.286968 41.830784 33.606358 23.987095 29.453178 41.151291 51.121082 55.137054 51.121090 41.151291 29.453178 23.987095 33.606358 41.830784 45.286968 42.432739 34.927551 25.999283 14.675378 19.646656 23.968048 26.008184 25.027603 21.756718 17.630535 8.961718 10.475840 11.730349 12.380605 12.288810 11.615864 10.634226,
 17.691771 21.290445 21.088264 16.720720 11.052796 7.142571 5.534394 22.362679 31.033871 35.120884 31.032162 21.321754 12.113393 6.965703 22.771770 36.040527 46.678482 46.925938 36.113194 21.806196 11.530853 18.089855 32.055630 47.282158 54.155033 47.282162 32.055634 18.089855 11.530853 21.806196 36.113190 46.925938 46.678493 36.040535 22.771770 6.965703 12.113392 21.321754 31.032162 35.120884 31.033871 22.362679 5.534393 7.142572 11.052796 16.720720 21.088264 21.290449 17.691771,
 8.642076 14.136254 22.201498 26.792301 23.096651 14.743703 8.494347 9.681995 18.388676 31.069784 37.948040 31.697042 18.586924 9.227807 10.365927 21.923918 38.689663 47.522663 38.999874 21.910608 9.970225 10.449177 23.288240 41.839474 51.385956 41.839474 23.288240 10.449177 9.970224 21.910606 38.999874 47.522655 38.689663 21.923918 10.365927 9.227805 18.586924 31.697042 37.948032 31.069784 18.388676 9.681995 8.494347 14.743702 23.096651 26.792297 22.201500 14.136253 8.642076,
 6.994533 8.843048 12.987601 18.620417 22.517078 21.860014 17.326981 9.325738 14.430274 23.328264 32.456169 35.666862 30.478642 20.899626 13.247730 23.221277 37.135620 47.434612 46.471924 35.067669 21.379070 18.102219 31.948206 47.264656 54.212421 47.264660 31.948206 18.102221 21.379074 35.067669 46.471924 47.434612 37.135620 23.221277 13.247732 20.899630 30.478640 35.666862 32.456169 23.328264 14.430272 9.325738 17.326982 21.860014 22.517078 18.620417 12.987601 8.843048 6.994532,
 3.249469 3.510390 3.767748 3.928252 3.903393 3.669731 3.315328 4.542957 5.559651 6.550097 7.036180 6.683769 5.641921 4.422504 6.571743 9.001943 11.368320 12.432174 11.435452 8.969039 6.325546 7.520295 10.910819 14.215746 15.664771 14.215745 10.910818 7.520295 6.325545 8.969039 11.435452 12.432174 11.368320 9.001944 6.571743 4.422504 5.641920 6.683769 7.036180 6.550097 5.559651 4.542957 3.315328 3.669731 3.903394 3.928252 3.767747 3.510391 3.249469,
 4.770675 5.777821 6.017790 5.309541 4.263602 3.413257 2.942371 5.544407 7.881736 9.371959 8.623810 6.471318 4.575212 3.506498 5.804224 9.161336 12.496389 12.857517 9.907948 6.446171 4.326842 5.257088 8.462327 12.746185 14.955103 12.746186 8.462327 5.257088 4.326842 6.446172 9.907949 12.857517 12.496389 9.161336 5.804224 3.506498 4.575212 6.471318 8.623810 9.371959 7.881736 5.544407 2.942371 3.413257 4.263603 5.309541 6.017790 5.777821 4.770675,
 3.534767 4.721575 6.700540 7.664061 6.370357 4.435794 3.492304 3.714838 5.768309 9.240125 11.066270 8.964658 5.623896 3.847677 3.986335 6.756017 11.557120 14.243967 11.388646 6.696529 4.109783 4.166386 7.160583 12.472611 15.602624 12.472612 7.160583 4.166387 4.109782 6.696530 11.388646 14.243967 11.557120 6.756017 3.986336 3.847677 5.623896 8.964656 11.066269 9.240125 5.768308 3.714839 3.492304 4.435795 6.370357 7.664061 6.700540 4.721575 3.534767,
 4.176510 4.499756 5.174174 6.179595 6.792462 6.305226 5.108848 4.322163 5.391382 7.514279 9.917557 10.644019 8.866415 6.191053 4.962451 7.416729 11.413794 14.698718 14.236843 10.467244 6.580243 5.979211 9.758225 14.641675 17.113840 14.641675 9.758225 5.979211 6.580242 10.467244 14.236843 14.698718 11.413795 7.416729 4.962451 6.191052 8.866415 10.644019 9.917557 7.514279 5.391381 4.322163 5.108848 6.305226 6.792462 6.179595 5.174174 4.499756 4.176511,

Pairwise cross-correlations of the modulus of all oriented sub-bands at the same scale (size QxQ)
 56.602512 52.719635 45.429684 51.991993,
 52.719635 59.767818 52.909679 50.364384,
 45.429684 52.909679 57.245022 52.515446,
 51.991993 50.364384 52.515446 58.559959,
 55.137051 50.610050 45.542919 49.797840,
 50.610050 54.155041 48.219131 45.838074,
 45.542919 48.219131 51.385956 48.640316,
 49.797840 45.838074 48.640316 54.212418,

Cross-correlations of the modulus of all oriented sub-bands with all oriented sub-bands at the coarser scale (size QxQ)
 50.734852 46.797829 42.333977 46.680840,
 49.110134 51.348915 47.074718 45.882729,
 44.248348 46.654213 48.812355 46.674934,
 48.727207 45.064445 46.932545 51.407871,
 23.230347 21.980871 21.125504 23.270277,
 21.786413 22.573017 21.775631 21.784645,
 20.138926 21.048664 22.419207 22.382179,
 21.962017 20.541542 22.055502 24.572536,

Cross-correlations of the real part of each oriented sub-band with both the real and imaginary part of all phase-doubled oriented sub-bands at the next coarser scale (Q matrices of size 1x2Q, which are computed and stored in a matrix of size Qx2Q)
 -22.129084 -9.970484 -0.851989 -9.885834 -0.107681 0.038537 0.001417 0.069486,
 -9.775574 -22.443600 -8.953975 -0.750886 -0.016195 -0.083455 -0.016577 0.034300,
 -0.841500 -9.375422 -20.665512 -9.621849 0.004139 -0.075049 0.084470 0.058605,
 -9.605325 -0.755131 -9.208595 -22.800762 -0.049922 0.017228 0.071912 0.047938,
 -12.469304 -5.345857 -0.544214 -5.496548 -0.152997 0.061215 0.017783 0.029388,
 -5.553521 -11.476738 -4.945016 -0.506565 -0.129690 0.219992 -0.022708 0.032243,
 -0.521539 -4.807769 -12.104021 -5.953873 0.034241 0.074432 -0.108375 0.103268,
 -5.452765 -0.476912 -5.816752 -13.218751 0.020608 -0.019728 0.004674 0.083044,
