Low-band skewness and kurtosis
 -11.399487 146.336334,
 -7.210471 61.788410,
 -4.303969 25.048824,
 -1.089731 10.127872,

High-band variance
 17.379955,

Skewness, kurtosis, variance, mean, maximum and minimum of the reconstructed texture
 -11.483862 139.321259 327.442505 253.305817 255.000000 0.000000,

Auto-correlations of the low-frequency bands at each scale
 7.340965 3.808825 3.916692 4.684184 1.828143 1.368908 6.189241 7.313044 20.710930 59.062435 81.634071 56.644257 17.954044 6.455972 13.744693 64.339630 168.364029 226.170959 166.301498 61.980274 12.878408 18.127089 89.379601 228.380295 305.368744 228.380310 89.379608 18.127089 12.878410 61.980267 166.301498 226.170959 168.363983 64.339638 13.744693 6.455972 17.954044 56.644257 81.634071 59.062435 20.710928 7.313044 6.189242 1.368908 1.828143 4.684184 3.916693 3.808824 7.340965,
 17.950233 11.268559 -0.042460 -4.424381 -1.104182 6.855556 12.641513 12.178259 -1.053954 -1.113061 5.293437 -3.293929 -5.275812 8.228720 7.248921 6.380074 58.471706 99.840622 57.411518 5.280858 6.939377 7.952808 19.153015 105.952789 169.480820 105.952789 19.153019 7.952808 6.939376 5.280857 57.411507 99.840637 58.471710 6.380074 7.248921 8.228720 -5.275812 -3.293927 5.293437 -1.113061 -1.053954 12.178259 12.641513 6.855555 -1.104182 -4.424381 -0.042459 11.268562 17.950233,
 9.144695 8.204062 3.357482 -1.342206 -0.656992 3.667658 6.244744 9.030551 6.711263 4.722494 3.427395 1.055197 2.416429 6.984540 5.439236 8.117164 23.958805 35.062054 21.778437 6.120702 5.700626 4.257445 10.530291 38.567379 58.414116 38.567379 10.530289 4.257445 5.700627 6.120702 21.778437 35.062054 23.958803 8.117164 5.439236 6.984539 2.416429 1.055197 3.427395 4.722492 6.711263 9.030551 6.244744 3.667658 -0.656992 -1.342206 3.357482 8.204062 9.144695,
 0.283089 0.550535 0.347560 0.019751 0.469872 1.623842 2.693779 -0.546152 -1.075036 -1.063628 -0.365724 0.443151 1.479381 2.221252 -0.367560 -0.008515 2.712888 5.503089 4.662044 2.410258 1.169710 0.509030 2.434583 7.057107 10.128612 7.057107 2.434583 0.509030 1.169710 2.410258 4.662044 5.503089 2.712888 -0.008515 -0.367560 2.221252 1.479381 0.443152 -0.365724 -1.063629 -1.075036 -0.546152 2.693779 1.623842 0.469872 0.019751 0.347559 0.550535 0.283089,

Auto-correlations of the modulus of each oriented sub-band
 16.936426 18.057318 18.816299 19.077667 18.778275 17.982965 16.831139 26.227629 29.617922 32.080643 33.020565 32.168148 29.762390 26.394800 36.270859 42.337963 46.832462 48.556927 46.958622 42.529675 36.469353 40.836071 48.163029 53.606827 55.654011 53.606823 48.163033 40.836071 36.469353 42.529678 46.958622 48.556927 46.832462 42.337963 36.270855 26.394800 29.762390 32.168148 33.020561 32.080639 29.617926 26.227629 16.831139 17.982962 18.778276 19.077667 18.816299 18.057322 16.936428,
 29.915756 33.777920 33.544533 28.922958 22.170546 16.201130 12.469248 34.115643 41.525360 44.553551 41.128712 32.892124 23.865376 17.156248 34.297970 44.709549 51.925323 51.869335 44.307858 33.336399 23.593697 30.164442 41.488358 51.888138 56.237667 51.888138 41.488361 30.164436 23.593697 33.336399 44.307858 51.869328 51.925323 44.709549 34.297966 17.156248 23.865372 32.892124 41.128708 44.553551 41.525360 34.115639 12.469248 16.201130 22.170546 28.922964 33.544533 33.777924 29.915756,
 19.427784 27.751143 36.850254 40.864616 36.453777 26.881683 18.215622 20.881001 31.484898 43.323811 48.670273 43.038891 30.834404 19.988039 21.788067 34.065720 47.964096 54.339912 47.813988 33.714043 21.309031 21.952347 34.888351 49.620983 56.435829 49.620983 34.888351 21.952343 21.309031 33.714043 47.813999 54.339912 47.964096 34.065720 21.788065 19.988043 30.834400 43.038895 48.670273 43.323811 31.484898 20.881001 18.215622 26.881683 36.453781 40.864624 36.850250 27.751148 19.427782,
 13.256132 17.123785 23.012053 29.593029 34.163605 34.481121 30.738951 18.205229 25.060606 34.063847 42.241314 45.711411 42.763504 35.389019 24.898806 34.811966 45.833607 53.408001 53.515797 46.297577 35.804535 31.659081 43.141392 53.610935 57.970551 53.610935 43.141396 31.659079 35.804535 46.297573 53.515797 53.408001 45.833607 34.811974 24.898806 35.389027 42.763504 45.711411 42.241310 34.063847 25.060606 18.205229 30.738953 34.481121 34.163605 29.593029 23.012053 17.123785 13.256133,
 14.186909 14.269545 14.198742 14.016315 13.619947 12.972137 12.221350 19.397614 22.380304 24.833181 25.805267 24.750484 22.105742 18.895723 26.643904 34.044224 40.319592 42.893475 40.454102 34.241348 26.883194 30.534061 40.222057 48.525478 51.908680 48.525482 40.222057 30.534061 26.883194 34.241341 40.454094 42.893475 40.319599 34.044224 26.643904 18.895727 22.105740 24.750479 25.805267 24.833187 22.380306 19.397614 12.221350 12.972137 13.619947 14.016315 14.198743 14.269547 14.186907,
 22.753019 25.481153 24.742006 20.548746 15.744458 12.503575 10.860070 26.560030 33.871155 37.304775 33.464355 25.232939 17.992146 13.829588 27.050556 38.112770 47.443024 47.644684 38.135742 26.449812 18.312389 23.582373 34.912010 47.888027 54.133102 47.888035 34.912014 23.582373 18.312391 26.449808 38.135738 47.644684 47.443035 38.112770 27.050556 13.829586 17.992146 25.232939 33.464355 37.304779 33.871162 26.560030 10.860071 12.503573 15.744455 20.548746 24.742008 25.481155 22.753019,
 19.602571 23.924383 30.666330 34.277210 30.406929 23.286268 18.320219 21.754139 28.901697 39.892387 45.865025 39.837467 28.585701 20.891489 23.308069 32.909874 47.562229 55.543991 47.574207 32.783768 22.859838 23.747065 34.443760 50.613373 59.396214 50.613377 34.443760 23.747065 22.859838 32.783768 47.574207 55.543991 47.562229 32.909874 23.308069 20.891487 28.585701 39.837463 45.865021 39.892395 28.901701 21.754137 18.320219 23.286266 30.406929 34.277214 30.666330 23.924383 19.602571,
 13.590518 14.388542 16.970293 21.120869 24.322226 24.269583 21.526222 16.010656 19.669178 26.559364 34.265636 37.368729 33.589508 26.609720 20.097607 27.902681 39.339146 48.454311 47.907516 38.612473 27.998573 25.032742 35.986435 48.734501 54.881489 48.734505 35.986443 25.032742 27.998575 38.612469 47.907513 48.454311 39.339149 27.902683 20.097607 26.609726 33.589508 37.368725 34.265636 26.559370 19.669178 16.010654 21.526220 24.269583 24.322226 21.120865 16.970293 14.388543 13.590517,
 4.978280 4.923717 4.779460 4.693385 4.732122 4.886993 5.109303 5.833824 6.236298 6.574095 6.737022 6.621681 6.324358 6.070953 6.888892 8.369680 9.938928 10.725622 10.148059 8.668225 7.223310 7.599449 9.792557 12.150391 13.248045 12.150391 9.792555 7.599449 7.223310 8.668225 10.148059 10.725621 9.938928 8.369679 6.888892 6.070953 6.324358 6.621680 6.737021 6.574095 6.236297 5.833824 5.109303 4.886993 4.732122 4.693385 4.779460 4.923716 4.978279,
 7.276146 7.786387 7.536147 6.581079 5.575069 5.208561 5.585163 8.027775 9.789698 10.759935 9.891316 7.802709 6.177289 5.834714 8.097910 10.848858 13.551474 13.822732 11.175137 8.091774 6.489716 7.428443 10.115103 13.789345 15.707860 13.789345 10.115102 7.428442 6.489716 8.091774 11.175137 13.822732 13.551473 10.848856 8.097910 5.834714 6.177290 7.802708 9.891315 10.759935 9.789698 8.027775 5.585163 5.208562 5.575069 6.581079 7.536147 7.786386 7.276146,
 7.644712 8.465516 9.303939 9.527831 8.827659 7.980394 7.598767 8.117287 9.533292 11.554475 12.493712 10.948125 8.753923 7.741284 8.235465 10.205559 13.583022 15.503205 13.180661 9.653546 7.919228 8.119241 10.254173 14.307402 16.853519 14.307402 10.254172 8.119239 7.919229 9.653548 13.180661 15.503204 13.583022 10.205559 8.235465 7.741283 8.753922 10.948125 12.493712 11.554474 9.533290 8.117286 7.598767 7.980394 8.827659 9.527831 9.303939 8.465515 7.644712,
 7.102153 7.322112 7.718597 8.347685 8.846143 8.868743 8.610188 7.912987 8.557859 9.815825 11.304633 11.816130 10.925606 9.665262 8.939214 10.465840 13.084525 15.320856 15.007463 12.571529 10.298763 9.945963 12.298531 15.622167 17.379040 15.622167 12.298531 9.945962 10.298763 12.571530 15.007463 15.320857 13.084525 10.465839 8.939213 9.665260 10.925607 11.816130 11.304631 9.815825 8.557859 7.912985 8.610189 8.868745 8.846143 8.347684 7.718597 7.322111 7.102152,

Pairwise cross-correlations of the modulus of all oriented sub-bands at the same scale (size QxQ)
 55.654011 50.527706 45.241058 51.113110,
 50.527706 56.237659 50.791157 48.145515,
 45.241058 50.791157 56.435833 51.373661,
 51.113110 48.145515 51.373661 57.970554,
 51.908672 48.225105 46.250443 48.614140,
 48.225105 54.133110 50.969028 46.672295,
 46.250443 50.969028 59.396206 52.239765,
 48.614140 46.672295 52.239765 54.881485,

Cross-correlations of the modulus of all oriented sub-bands with all oriented sub-bands at the coarser scale (size QxQ)
 47.048756 45.921806 45.100979 46.197304,
 45.387802 49.699589 48.977734 44.531746,
 42.012890 47.117168 52.323151 47.097893,
 46.202549 45.055363 49.667671 50.950794,
 19.822266 20.876982 21.415108 22.091385,
 19.707962 22.246948 23.071674 22.116991,
 20.169880 22.764164 25.300192 24.216204,
 20.185036 20.932014 23.311022 24.174765,

Cross-correlations of the real part of each oriented sub-band with both the real and imaginary part of all phase-doubled oriented sub-bands at the next coarser scale (Q matrices of size 1x2Q, which are computed and stored in a matrix of size Qx2Q)
 -18.690628 -8.385962 -0.749279 -8.670591 0.308055 0.070960 0.002907 -0.071297,
 -7.992308 -19.843149 -9.153222 -0.899630 0.159569 -0.160691 -0.129617 0.037557,
 -0.695903 -9.136302 -21.528732 -9.406929 0.014878 -0.264807 0.073677 0.015711,
 -8.282359 -0.827168 -9.438389 -20.400877 0.112240 -0.010598 0.154419 -0.141742,
 -8.831621 -4.087011 -0.552398 -4.474726 0.293985 0.076325 0.055719 0.099103,
 -4.006202 -10.147759 -4.999082 -0.427846 0.186671 0.156230 0.135487 0.022377,
 -0.564938 -4.876294 -10.897057 -4.847681 -0.073150 0.049558 0.682949 0.319180,
 -4.117056 -0.448047 -4.991463 -10.691004 -0.070761 -0.002986 0.536786 0.474829,
