Low-band skewness and kurtosis
 -11.373343 145.833633,
 -6.947668 57.270084,
 -3.793565 19.918232,
 -0.736665 5.999040,

High-band variance
 17.368637,

Skewness, kurtosis, variance, mean, maximum and minimum of the reconstructed texture
 -11.444633 138.371841 329.064453 253.295868 255.000000 0.000000,

Auto-correlations of the low-frequency bands at each scale
 0.597792 -3.958678 -0.613629 4.650239 2.607848 -1.679043 -0.948305 1.141715 13.947752 54.454811 79.768867 54.531818 11.843287 -3.836376 6.469007 58.796844 166.111328 226.135025 164.750519 55.361538 1.486387 8.533303 83.862747 227.821152 306.982330 227.821152 83.862747 8.533303 1.486387 55.361534 164.750549 226.135025 166.111328 58.796844 6.469007 -3.836376 11.843287 54.531818 79.768875 54.454811 13.947752 1.141714 -0.948305 -1.679043 2.607848 4.650239 -0.613630 -3.958678 0.597791,
 7.715675 0.979548 -7.643411 -8.066319 -4.404786 2.430131 9.143706 3.468357 -8.475869 -5.630293 4.560499 -5.413812 -10.377374 4.379982 -2.750774 -0.858378 54.694111 98.749069 52.791534 -4.793434 -3.704346 -5.361124 8.413038 100.433311 167.261230 100.433327 8.413038 -5.361125 -3.704347 -4.793434 52.791527 98.749069 54.694122 -0.858377 -2.750775 4.379981 -10.377374 -5.413813 4.560499 -5.630292 -8.475869 3.468356 9.143707 2.430132 -4.404786 -8.066319 -7.643411 0.979548 7.715675,
 4.132803 2.837647 -0.465366 -2.889638 -1.631343 2.657031 4.062816 3.498646 -2.133950 -2.231215 0.008649 -2.192931 -0.495088 4.331347 0.246734 -2.749394 15.180268 30.814318 16.527107 0.422803 2.481328 -0.105917 1.182719 30.990948 54.223057 30.990948 1.182719 -0.105916 2.481328 0.422803 16.527107 30.814318 15.180268 -2.749394 0.246734 4.331346 -0.495088 -2.192931 0.008649 -2.231214 -2.133949 3.498646 4.062816 2.657031 -1.631343 -2.889638 -0.465366 2.837647 4.132803,
 0.829252 0.570258 0.304149 0.475242 0.810658 1.099255 1.087501 1.052968 0.334121 0.046355 0.314465 0.272342 0.700914 1.264633 0.731323 0.598908 2.217362 3.658663 2.029633 0.493020 0.663708 0.308353 0.751389 3.837479 6.331000 3.837479 0.751389 0.308353 0.663707 0.493020 2.029633 3.658663 2.217362 0.598908 0.731323 1.264633 0.700913 0.272343 0.314465 0.046354 0.334121 1.052968 1.087501 1.099255 0.810658 0.475242 0.304149 0.570258 0.829252,

Auto-correlations of the modulus of each oriented sub-band
 15.190885 16.666958 17.606144 17.873343 17.427595 16.377487 14.921074 25.585814 29.465906 32.146477 33.051418 31.948801 29.110922 25.162695 36.324459 43.020477 47.806499 49.538673 47.720901 42.833801 36.055496 40.948589 48.977627 54.787460 56.933846 54.787457 48.977627 40.948589 36.055500 42.833801 47.720901 49.538666 47.806507 43.020477 36.324451 25.162695 29.110916 31.948803 33.051418 32.146477 29.465908 25.585808 14.921077 16.377487 17.427595 17.873343 17.606144 16.666960 15.190884,
 28.803053 32.832386 32.630951 27.900711 20.620430 13.674275 8.778681 33.516304 41.487385 44.670246 41.107635 32.248173 22.048403 13.828307 33.546783 45.048832 52.756935 52.711761 44.618435 32.484821 21.073187 28.653667 41.493404 52.791378 57.428650 52.791378 41.493404 28.653662 21.073187 32.484818 44.618435 52.711761 52.756935 45.048836 33.546780 13.828310 22.048399 32.248173 41.107635 44.670238 41.487385 33.516296 8.778682 13.674273 20.620432 27.900715 32.630951 32.832386 28.803053,
 15.689017 25.946297 37.006561 42.017250 37.225315 26.127007 15.592991 17.485992 30.238508 44.110168 50.346451 44.215710 30.308559 17.362202 18.691463 33.260414 49.191452 56.344818 49.227085 33.276012 18.607079 19.091068 34.359142 51.057896 58.552505 51.057896 34.359150 19.091066 18.607080 33.276009 49.227085 56.344818 49.191452 33.260418 18.691463 17.362204 30.308559 44.215714 50.346455 44.110168 30.238508 17.485991 15.592991 26.127007 37.225315 42.017258 37.006561 25.946301 15.689015,
 9.644938 14.591670 21.639458 29.043686 33.850449 33.876362 29.411650 14.770959 22.942011 33.173542 42.079716 45.652138 42.246357 33.918983 21.900064 33.245323 45.402370 53.508907 53.532719 45.647305 33.969421 29.270487 42.130592 53.509945 58.160717 53.509941 42.130596 29.270487 33.969421 45.647301 53.532719 53.508907 45.402363 33.245327 21.900063 33.918983 42.246349 45.652145 42.079716 33.173542 22.942011 14.770957 29.411650 33.876362 33.850449 29.043686 21.639454 14.591671 9.644938,
 9.181059 10.223232 11.198484 11.781527 11.797875 11.381494 10.776974 15.041624 19.461500 23.318325 25.087917 24.036108 20.862736 17.036665 23.607845 32.752773 40.649509 44.002399 41.207855 33.796871 25.060339 28.528061 39.926888 49.712391 53.657829 49.712395 39.926888 28.528061 25.060339 33.796871 41.207855 44.002399 40.649509 32.752773 23.607845 17.036665 20.862736 24.036108 25.087917 23.318329 19.461498 15.041622 10.776975 11.381494 11.797873 11.781525 11.198486 10.223230 9.181058,
 17.373104 21.497852 21.933447 18.006067 12.649375 9.089238 7.922110 21.167038 30.274923 34.916588 31.129017 21.775080 13.328307 9.200854 21.120108 34.469040 45.551659 46.028522 35.242672 21.454969 12.270083 17.146809 30.545607 45.809269 52.878639 45.809277 30.545612 17.146809 12.270083 21.454967 35.242664 46.028522 45.551659 34.469040 21.120108 9.200854 13.328307 21.775076 31.129017 34.916588 30.274923 21.167040 7.922111 9.089238 12.649375 18.006067 21.933451 21.497849 17.373104,
 10.120466 16.734118 25.389256 29.724440 25.108700 16.337305 10.650800 11.347191 21.198820 34.682919 41.595718 34.569740 20.951469 11.769222 12.316478 24.934214 42.642441 51.776115 42.601105 24.806658 12.554483 12.769002 26.378784 45.836601 55.900146 45.836605 26.378784 12.769002 12.554485 24.806658 42.601093 51.776115 42.642445 24.934212 12.316477 11.769224 20.951469 34.569740 41.595726 34.682919 21.198820 11.347188 10.650800 16.337305 25.108700 29.724440 25.389259 16.734118 10.120466,
 6.398730 8.771674 13.088144 18.677755 22.680279 22.561611 19.016880 8.382888 13.992031 23.172831 32.604832 36.389130 32.079441 23.477148 12.927858 23.291996 37.433281 48.105949 47.699371 36.933838 23.739483 19.192245 33.089432 48.288685 55.206524 48.288685 33.089436 19.192245 23.739481 36.933834 47.699371 48.105946 37.433285 23.291996 12.927860 23.477148 32.079441 36.389118 32.604832 23.172836 13.992032 8.382888 19.016880 22.561611 22.680279 18.677759 13.088146 8.771673 6.398730,
 3.672164 3.767973 3.996586 4.194418 4.247849 4.188552 4.140472 5.194228 6.029989 6.854444 7.204388 6.833075 5.939706 4.970903 7.383423 9.713492 11.834558 12.650174 11.633187 9.353451 6.882751 8.243144 11.493384 14.502447 15.778983 14.502450 11.493382 8.243144 6.882751 9.353452 11.633188 12.650174 11.834559 9.713493 7.383421 4.970903 5.939706 6.833074 7.204388 6.854445 6.029989 5.194227 4.140472 4.188552 4.247849 4.194417 3.996586 3.767973 3.672164,
 5.848991 6.545771 6.553382 5.717077 4.749253 4.250340 4.156739 7.348734 9.323886 10.419493 9.428968 7.150003 5.267215 4.394683 7.799896 11.070957 14.133632 14.278842 11.214583 7.576098 5.341605 6.819335 10.212777 14.550182 16.715178 14.550182 10.212776 6.819335 5.341605 7.576099 11.214583 14.278842 14.133634 11.070956 7.799896 4.394682 5.267214 7.150002 9.428968 10.419494 9.323886 7.348734 4.156739 4.250340 4.749252 5.717077 6.553382 6.545770 5.848991,
 3.902092 4.787234 6.790489 7.993063 7.146693 5.466663 4.387599 4.314159 5.892682 9.312980 11.390678 9.690673 6.506662 4.643199 4.623485 7.013594 11.841784 14.777435 12.096889 7.397602 4.807314 4.800004 7.631129 13.034793 16.280016 13.034793 7.631129 4.800004 4.807314 7.397603 12.096889 14.777435 11.841784 7.013594 4.623485 4.643199 6.506662 9.690672 11.390677 9.312981 5.892681 4.314159 4.387599 5.466663 7.146693 7.993063 6.790489 4.787233 3.902092,
 3.815508 3.786769 4.183125 5.240824 6.242076 6.306017 5.568208 4.021033 4.628174 6.438198 8.874969 9.957287 8.783210 6.632357 4.717767 6.750408 10.453888 13.693549 13.529636 10.283381 6.812609 5.897798 9.313576 13.828796 16.120359 13.828794 9.313576 5.897798 6.812608 10.283381 13.529636 13.693547 10.453888 6.750408 4.717767 6.632356 8.783211 9.957289 8.874968 6.438198 4.628172 4.021032 5.568207 6.306017 6.242074 5.240824 4.183125 3.786769 3.815508,

Pairwise cross-correlations of the modulus of all oriented sub-bands at the same scale (size QxQ)
 56.933849 51.963093 45.785542 51.450401,
 51.963093 57.428638 51.767857 48.452572,
 45.785542 51.767857 58.552490 52.852940,
 51.450401 48.452572 52.852940 58.160709,
 53.657822 49.273300 46.666595 49.980984,
 49.273300 52.878632 49.661339 46.988411,
 46.666595 49.661339 55.900143 51.458229,
 49.980984 46.988411 51.458229 55.206528,

Cross-correlations of the modulus of all oriented sub-bands with all oriented sub-bands at the coarser scale (size QxQ)
 49.967949 46.026497 43.638916 46.581524,
 47.538906 50.001659 47.685162 44.828796,
 44.366825 46.827866 51.502945 47.960541,
 48.090645 44.606777 48.655834 51.500137,
 23.147739 22.766003 21.278269 21.950245,
 21.982410 23.318727 22.168032 20.949030,
 21.211912 22.978329 24.142099 22.587208,
 22.190697 21.738539 22.806202 23.481081,

Cross-correlations of the real part of each oriented sub-band with both the real and imaginary part of all phase-doubled oriented sub-bands at the next coarser scale (Q matrices of size 1x2Q, which are computed and stored in a matrix of size Qx2Q)
 -20.646614 -9.452788 -0.727344 -9.468030 0.400962 0.008891 0.006293 -0.070306,
 -8.956794 -21.644434 -9.429390 -0.793368 0.125551 0.033956 -0.010450 -0.024249,
 -0.666834 -9.447659 -22.592434 -10.285870 0.004336 -0.003453 -0.001106 -0.048048,
 -8.817823 -0.827842 -9.982761 -22.913572 0.183013 -0.011112 0.018572 -0.082161,
 -11.448817 -5.205425 -0.527065 -5.260003 -0.171233 -0.043743 0.013518 -0.013275,
 -5.045720 -12.470609 -5.766149 -0.481654 -0.140557 0.259971 0.010176 -0.006739,
 -0.538411 -5.707678 -12.625441 -5.363408 0.018384 0.208931 -0.126504 -0.218943,
 -5.107820 -0.476510 -5.411705 -12.196931 0.014691 0.002810 -0.138040 -0.236628,
