Low-band skewness and kurtosis
 -11.333244 144.927750,
 -6.815139 55.041241,
 -3.565531 17.550705,
 -0.553697 5.368302,

High-band variance
 17.365419,

Skewness, kurtosis, variance, mean, maximum and minimum of the reconstructed texture
 -11.418662 137.834763 329.483154 253.289581 255.000000 0.000000,

Auto-correlations of the low-frequency bands at each scale
 -0.263326 -3.122569 -1.942227 -0.192886 -2.552901 -3.142969 0.522294 -4.698071 9.804043 51.306610 77.161102 53.261963 12.945154 -1.682787 -1.416970 52.878197 163.159119 225.709320 165.482574 56.247269 1.520880 3.677099 80.940948 227.129272 307.384003 227.129272 80.940956 3.677098 1.520880 56.247261 165.482574 225.709320 163.159119 52.878204 -1.416970 -1.682787 12.945154 53.261967 77.161095 51.306610 9.804043 -4.698071 0.522294 -3.142968 -2.552900 -0.192886 -1.942225 -3.122570 -0.263325,
 4.962982 1.655994 -4.525152 -5.613760 -2.784059 0.844752 3.117115 0.113942 -11.176973 -6.277548 4.385424 -5.493899 -12.812269 -1.981948 -5.903628 -5.989400 50.934708 96.802010 51.919132 -6.019495 -6.127833 -6.643007 5.477995 97.825409 165.213333 97.825424 5.477996 -6.643007 -6.127833 -6.019495 51.919132 96.802002 50.934711 -5.989400 -5.903628 -1.981948 -12.812268 -5.493899 4.385424 -6.277548 -11.176973 0.113942 3.117116 0.844752 -2.784058 -5.613760 -4.525153 1.655994 4.962982,
 1.763006 0.805535 0.060452 0.778517 1.542299 2.840280 2.739274 2.346171 -2.597922 -1.668617 1.861178 -1.886011 -2.886497 2.536112 1.201231 -2.706083 14.265232 29.718763 13.626034 -3.343148 2.027075 1.255972 -0.533261 28.269869 51.994419 28.269869 -0.533260 1.255972 2.027075 -3.343147 13.626034 29.718763 14.265232 -2.706082 1.201230 2.536113 -2.886498 -1.886011 1.861178 -1.668617 -2.597921 2.346171 2.739274 2.840280 1.542299 0.778517 0.060452 0.805535 1.763006,
 0.961164 0.426354 0.261413 0.650035 0.841889 0.951397 0.792777 0.529458 -0.223009 0.010094 0.766149 0.471443 0.514398 1.271935 -0.000198 -0.341197 2.038382 4.187622 2.211098 0.181096 1.034810 0.256022 0.039891 3.758733 6.818813 3.758733 0.039891 0.256022 1.034810 0.181096 2.211098 4.187622 2.038382 -0.341197 -0.000198 1.271935 0.514398 0.471444 0.766149 0.010094 -0.223009 0.529458 0.792777 0.951397 0.841889 0.650035 0.261413 0.426354 0.961164,

Auto-correlations of the modulus of each oriented sub-band
 13.529865 15.130666 16.238098 16.666941 16.332144 15.317458 13.814635 23.885853 28.001369 30.942806 32.058929 31.081062 28.294849 24.352861 35.110214 42.105991 47.166939 49.048302 47.238266 42.288910 35.437260 40.225983 48.486839 54.499073 56.728146 54.499073 48.486843 40.225983 35.437260 42.288906 47.238262 49.048302 47.166946 42.105995 35.110214 24.352863 28.294849 31.081064 32.058929 30.942806 28.001368 23.885851 13.814636 15.317460 16.332144 16.666941 16.238098 15.130667 13.529864,
 29.768541 34.777863 34.884514 29.801561 21.842289 14.159971 8.696121 34.366779 43.486629 47.257305 43.564590 34.093266 23.027340 14.049610 34.278347 46.923378 55.375690 55.434383 46.913662 33.902061 21.551420 29.287945 43.193913 55.303978 60.188484 55.303978 43.193913 29.287943 21.551420 33.902061 46.913662 55.434383 55.375683 46.923378 34.278347 14.049610 23.027338 34.093266 43.564587 47.257301 43.486629 34.366779 8.696121 14.159971 21.842293 29.801561 34.884514 34.777863 29.768539,
 14.880867 25.783487 36.979561 41.766220 36.728271 25.440186 14.526545 16.383566 29.877052 44.049213 50.203827 43.825478 29.576973 16.092609 17.394169 32.762142 49.121460 56.319172 48.983429 32.582413 17.227610 17.702311 33.754147 50.937691 58.580063 50.937691 33.754147 17.702307 17.227610 32.582413 48.983433 56.319172 49.121456 32.762142 17.394169 16.092611 29.576969 43.825478 50.203827 44.049206 29.877052 16.383566 14.526545 25.440186 36.728275 41.766212 36.979557 25.783487 14.880867,
 8.403203 13.527068 20.842686 28.555342 33.585598 33.670181 29.043604 13.485538 22.031225 32.704189 41.986160 45.736671 42.298828 33.687855 20.837254 32.704178 45.337044 53.729424 53.791256 45.715740 33.601452 28.564756 41.958244 53.698174 58.465885 53.698177 41.958248 28.564753 33.601452 45.715740 53.791264 53.729416 45.337044 32.704182 20.837254 33.687855 42.298824 45.736671 41.986160 32.704189 22.031225 13.485535 29.043606 33.670181 33.585598 28.555342 20.842686 13.527070 8.403202,
 8.408193 9.544650 10.588691 11.056053 10.731759 9.864746 8.937648 14.663521 18.965647 22.700932 24.222458 22.813334 19.313030 15.377848 23.874630 32.901615 40.671021 43.810764 40.774963 33.211285 24.493805 28.882614 40.231911 50.021339 53.972538 50.021339 40.231911 28.882614 24.493809 33.211285 40.774960 43.810760 40.671024 32.901615 23.874630 15.377846 19.313030 22.813334 24.222458 22.700935 18.965651 14.663521 8.937648 9.864745 10.731757 11.056053 10.588693 9.544649 8.408193,
 15.017767 19.763794 21.007986 17.536861 12.021015 7.812524 6.014919 19.677080 29.254930 34.586544 31.190773 21.613722 12.388596 7.399998 20.506495 34.444752 46.219540 46.966656 35.860516 21.228947 11.137796 16.636940 30.833601 46.936985 54.337879 46.936985 30.833601 16.636940 11.137796 21.228947 35.860512 46.966656 46.219547 34.444752 20.506495 7.399997 12.388596 21.613716 31.190773 34.586544 29.254936 19.677076 6.014919 7.812524 12.021015 17.536863 21.007986 19.763794 15.017767,
 7.417229 14.811172 24.984217 30.108536 25.377874 15.587602 8.438171 8.812082 19.483965 34.408466 41.946457 34.731937 20.018101 9.463977 10.059014 23.541531 42.536755 52.161640 42.739853 23.818953 10.381432 10.666083 25.264433 45.887463 56.306690 45.887466 25.264433 10.666082 10.381433 23.818956 42.739853 52.161640 42.536755 23.541529 10.059014 9.463977 20.018101 34.731937 41.946457 34.408474 19.483967 8.812082 8.438171 15.587600 25.377874 30.108536 24.984221 14.811172 7.417229,
 6.049697 8.160048 12.507271 18.133520 21.678030 20.423491 15.651940 7.739277 12.824899 21.952230 31.395901 34.637238 29.270452 19.925423 11.633578 21.459663 35.675800 46.450123 45.565411 34.069012 20.721210 17.036629 30.629272 46.172733 53.363789 46.172741 30.629272 17.036629 20.721210 34.069004 45.565411 46.450123 35.675800 21.459663 11.633578 19.925423 29.270451 34.637234 31.395901 21.952230 12.824899 7.739277 15.651940 20.423491 21.678030 18.133522 12.507273 8.160048 6.049697,
 4.477375 4.596938 4.789226 4.922091 4.902312 4.711477 4.367210 5.802095 6.701122 7.588737 8.002717 7.704826 6.872270 5.865469 8.062008 10.435775 12.648059 13.605530 12.759767 10.662879 8.324178 9.491086 12.657851 15.587379 16.836107 15.587379 12.657850 9.491085 8.324178 10.662879 12.759767 13.605530 12.648059 10.435775 8.062007 5.865469 6.872270 7.704826 8.002717 7.588737 6.701121 5.802095 4.367209 4.711478 4.902312 4.922090 4.789226 4.596938 4.477375,
 4.186591 5.189430 5.640224 5.145849 4.453294 4.141164 3.935207 5.437757 7.473397 8.833964 8.093919 6.162595 4.798332 4.275822 6.115347 9.138000 12.209749 12.412667 9.536941 6.454001 4.884927 5.705163 8.525481 12.579353 14.718670 12.579353 8.525481 5.705163 4.884927 6.454001 9.536941 12.412667 12.209749 9.138000 6.115347 4.275822 4.798333 6.162595 8.093919 8.833964 7.473396 5.437758 3.935207 4.141164 4.453294 5.145849 5.640223 5.189430 4.186591,
 2.761360 4.046347 6.299842 7.748646 6.799002 4.888053 3.730891 3.241141 5.160025 8.651969 10.839800 9.091842 5.829016 4.026958 3.801191 6.331217 11.041636 13.931771 11.319914 6.720514 4.252405 4.195440 6.972177 12.186139 15.304504 12.186139 6.972177 4.195440 4.252405 6.720514 11.319914 13.931771 11.041636 6.331217 3.801191 4.026958 5.829016 9.091841 10.839800 8.651969 5.160025 3.241141 3.730891 4.888053 6.799002 7.748646 6.299842 4.046347 2.761360,
 3.192762 3.742594 4.677655 5.853217 6.606531 6.262382 5.214320 3.650318 4.716070 6.687580 8.999518 9.897134 8.543869 6.399295 4.641732 6.720127 10.209629 13.281935 13.105574 9.972534 6.784911 5.961680 9.083714 13.304666 15.502212 13.304664 9.083714 5.961680 6.784911 9.972534 13.105574 13.281935 10.209628 6.720127 4.641732 6.399295 8.543869 9.897133 8.999518 6.687580 4.716069 3.650318 5.214321 6.262382 6.606533 5.853216 4.677654 3.742595 3.192762,

Pairwise cross-correlations of the modulus of all oriented sub-bands at the same scale (size QxQ)
 56.728146 52.583874 45.767666 52.155560,
 52.583874 60.188477 53.900089 50.002518,
 45.767666 53.900089 58.580055 52.617168,
 52.155560 50.002518 52.617168 58.465866,
 53.972538 49.822872 47.630085 49.748260,
 49.822872 54.337883 51.220539 46.995888,
 47.630085 51.220539 56.306694 50.734779,
 49.748260 46.995888 50.734779 53.363789,

Cross-correlations of the modulus of all oriented sub-bands with all oriented sub-bands at the coarser scale (size QxQ)
 50.167057 46.706951 44.181587 46.576115,
 49.227348 52.283146 49.781651 46.099129,
 44.318512 47.848972 51.838848 47.539257,
 48.217117 45.220032 48.670456 51.035683,
 23.607914 21.482172 20.535507 22.066896,
 22.586821 22.634512 21.712646 21.064878,
 21.791611 22.051662 23.008322 22.191071,
 22.679632 20.368589 21.404642 22.977551,

Cross-correlations of the real part of each oriented sub-band with both the real and imaginary part of all phase-doubled oriented sub-bands at the next coarser scale (Q matrices of size 1x2Q, which are computed and stored in a matrix of size Qx2Q)
 -21.655895 -9.890821 -0.704206 -9.664702 0.062462 -0.002415 0.000654 -0.005969,
 -9.389901 -23.568581 -9.930765 -0.747025 0.034727 -0.007743 -0.009375 -0.001716,
 -0.725719 -10.305245 -22.931280 -9.729087 -0.001922 -0.000170 -0.019812 0.016188,
 -9.336643 -0.766371 -9.662127 -22.510374 0.017197 0.000776 0.003272 -0.000737,
 -12.910236 -5.505661 -0.407129 -5.463711 0.073587 0.016118 0.025701 0.016356,
 -5.567173 -11.932682 -5.327743 -0.532512 -0.027729 0.103589 -0.125694 0.026385,
 -0.431282 -5.232265 -12.361076 -5.117060 0.008091 0.025451 -0.324460 -0.009319,
 -5.604095 -0.531143 -5.272676 -11.842285 0.097754 -0.011515 -0.090091 -0.048378,
