Low-band skewness and kurtosis
 -11.288837 143.936859,
 -6.756101 54.188744,
 -3.558911 17.348526,
 -0.822039 6.960697,

High-band variance
 17.668987,

Skewness, kurtosis, variance, mean, maximum and minimum of the reconstructed texture
 -11.382019 136.984329 330.526520 253.281113 255.000000 0.000000,

Auto-correlations of the low-frequency bands at each scale
 -0.554650 -4.903356 -3.664831 -1.386685 -4.191711 -5.652326 -2.013387 -1.072496 10.650446 51.135696 76.362503 51.033039 10.108878 -3.236908 4.714996 54.745800 163.807693 225.859909 163.840256 54.116066 2.208259 7.900117 80.981140 226.909805 308.017792 226.909805 80.981148 7.900116 2.208259 54.116066 163.840256 225.859909 163.807693 54.745808 4.714995 -3.236908 10.108876 51.033035 76.362503 51.135696 10.650447 -1.072496 -2.013387 -5.652325 -4.191711 -1.386684 -3.664831 -4.903356 -0.554649,
 6.828113 3.517562 -5.130415 -8.766912 -5.740304 1.877399 4.930959 3.326112 -7.440355 -5.535971 1.948311 -7.920045 -11.778521 -0.745727 -2.914223 -1.066938 52.586849 95.041878 50.730339 -4.437282 -5.831698 -5.126009 9.628364 99.092316 164.241669 99.092316 9.628366 -5.126009 -5.831698 -4.437283 50.730339 95.041878 52.586857 -1.066938 -2.914223 -0.745726 -11.778521 -7.920043 1.948311 -5.535971 -7.440356 3.326112 4.930959 1.877400 -5.740304 -8.766911 -5.130415 3.517561 6.828112,
 2.091646 2.722405 1.754791 0.360823 -1.001969 -0.566842 1.970260 1.656856 -2.415472 -2.166896 -0.185870 -4.327349 -5.762973 -0.351772 -0.596907 -3.069750 14.713870 29.634417 13.596164 -4.465487 -1.087876 -1.049814 -0.849412 29.576162 53.328228 29.576162 -0.849412 -1.049814 -1.087876 -4.465487 13.596164 29.634417 14.713871 -3.069750 -0.596907 -0.351772 -5.762973 -4.327348 -0.185870 -2.166895 -2.415471 1.656856 1.970259 -0.566842 -1.001970 0.360823 1.754791 2.722405 2.091646,
 0.808466 0.138977 0.562604 0.564095 0.359692 1.625498 2.333774 0.800769 -0.417496 0.297680 0.897174 -0.102024 0.214630 1.395616 0.578406 -0.290011 2.446105 4.753274 2.114804 -0.351214 0.368237 0.318649 0.016361 4.221717 7.722460 4.221717 0.016361 0.318649 0.368237 -0.351214 2.114804 4.753274 2.446105 -0.290011 0.578406 1.395616 0.214630 -0.102024 0.897174 0.297680 -0.417496 0.800769 2.333774 1.625498 0.359692 0.564095 0.562604 0.138977 0.808466,

Auto-correlations of the modulus of each oriented sub-band
 14.483111 15.977466 16.873314 17.005787 16.326859 14.962268 13.137734 25.490076 29.629034 32.454445 33.332172 32.021118 28.833761 24.449997 37.148090 44.285210 49.332478 51.093361 49.080616 43.827766 36.553101 42.092365 50.632450 56.763367 59.016457 56.763363 50.632450 42.092365 36.553104 43.827763 49.080616 51.093361 49.332478 44.285210 37.148090 24.449997 28.833759 32.021126 33.332172 32.454441 29.629036 25.490072 13.137734 14.962265 16.326860 17.005787 16.873314 15.977467 14.483112,
 29.493784 34.019157 33.884190 28.792807 21.008600 13.587742 8.306764 34.377663 42.939907 46.404427 42.692814 33.426655 22.699127 14.000597 34.638485 46.717327 54.805206 54.795845 46.467632 33.835693 21.874369 29.794767 43.204113 54.926968 59.675896 54.926968 43.204124 29.794767 21.874371 33.835693 46.467632 54.795849 54.805206 46.717335 34.638485 14.000599 22.699127 33.426655 42.692818 46.404427 42.939911 34.377663 8.306764 13.587742 21.008602 28.792807 33.884193 34.019165 29.493786,
 16.121914 26.404200 37.327698 42.104259 37.038807 25.718269 14.977643 17.701494 30.603617 44.520031 50.667057 44.285225 30.078190 16.856396 18.702639 33.525913 49.647213 56.829727 49.513889 33.238091 18.251316 18.910822 34.493069 51.479038 59.094223 51.479038 34.493069 18.910822 18.251316 33.238087 49.513893 56.829727 49.647202 33.525913 18.702637 16.856396 30.078190 44.285225 50.667057 44.520027 30.603617 17.701492 14.977645 25.718267 37.038807 42.104256 37.327698 26.404205 16.121912,
 9.296675 14.127499 21.164904 28.712893 33.667976 33.616360 28.758862 14.455164 22.717659 33.176136 42.370510 46.067291 42.436867 33.573006 21.702993 33.364342 45.912323 54.305836 54.313278 46.053955 33.796013 29.137007 42.486580 54.300655 59.121983 54.300655 42.486580 29.137007 33.796013 46.053955 54.313278 54.305828 45.912323 33.364346 21.702991 33.573009 42.436867 46.067295 42.370510 33.176132 22.717659 14.455164 28.758862 33.616364 33.667976 28.712893 21.164902 14.127499 9.296675,
 7.814089 8.868882 9.625608 9.743300 9.098634 7.907291 6.566317 13.401757 17.557457 21.002840 22.280819 20.721344 17.035431 12.774763 21.486172 30.342329 37.898773 40.938103 37.908539 30.311134 21.431017 25.747765 37.052177 46.751163 50.664623 46.751163 37.052177 25.747761 21.431017 30.311129 37.908539 40.938107 37.898777 30.342331 21.486172 12.774765 17.035431 20.721340 22.280817 21.002840 17.557457 13.401757 6.566318 7.907291 9.098634 9.743300 9.625610 8.868880 7.814088,
 15.966206 20.402922 20.830902 16.546703 10.545780 6.030481 3.802059 19.795507 29.285486 34.090527 30.123539 20.254904 10.901356 5.511730 19.757956 33.630077 45.033676 45.486069 34.338974 19.852976 9.552210 15.339008 29.526112 45.298191 52.557713 45.298191 29.526112 15.339008 9.552210 19.852976 34.338974 45.486076 45.033680 33.630077 19.757956 5.511731 10.901356 20.254908 30.123539 34.090534 29.285486 19.795507 3.802060 6.030480 10.545780 16.546703 20.830902 20.402922 15.966205,
 9.238837 16.457941 25.468390 29.755165 24.938795 15.112113 7.159946 10.100623 20.914015 35.016418 41.966400 34.769001 20.054394 8.674240 10.749546 24.721512 43.248402 52.471828 43.185596 24.314428 10.023455 10.785202 26.134336 46.561787 56.713043 46.561790 26.134336 10.785201 10.023455 24.314428 43.185585 52.471828 43.248405 24.721512 10.749547 8.674241 20.054394 34.768993 41.966400 35.016430 20.914017 10.100623 7.159946 15.112113 24.938791 29.755161 25.468390 16.457941 9.238837,
 5.969162 7.900577 12.047481 17.586626 21.285086 20.232487 15.313354 7.271402 12.624680 21.853401 31.381823 34.867310 29.586081 19.826368 11.127764 21.452347 35.811119 46.650017 45.919228 34.367607 20.503067 16.644075 30.769014 46.415146 53.574795 46.415146 30.769014 16.644075 20.503067 34.367607 45.919224 46.650024 35.811119 21.452347 11.127764 19.826368 29.586081 34.867313 31.381823 21.853399 12.624680 7.271402 15.313354 20.232487 21.285084 17.586626 12.047480 7.900576 5.969161,
 3.759778 4.308068 4.705330 4.772028 4.500748 4.072451 3.705856 4.960248 6.128397 7.173884 7.544656 7.001844 5.880412 4.771778 7.248252 9.687905 12.002679 12.986341 11.972901 9.616724 7.159833 8.534157 11.749780 14.843081 16.186987 14.843081 11.749780 8.534157 7.159833 9.616726 11.972900 12.986341 12.002679 9.687903 7.248252 4.771778 5.880412 7.001844 7.544656 7.173884 6.128397 4.960248 3.705856 4.072451 4.500748 4.772028 4.705330 4.308068 3.759778,
 4.328859 5.635814 6.146036 5.422802 4.216140 3.459880 3.340581 5.330392 7.967433 9.561872 8.635020 6.107794 4.061626 3.384045 5.584281 9.330338 12.881478 13.095801 9.757518 5.896310 3.875391 4.843846 8.316819 13.025549 15.395157 13.025549 8.316818 4.843846 3.875391 5.896310 9.757518 13.095800 12.881478 9.330338 5.584280 3.384045 4.061626 6.107794 8.635020 9.561872 7.967433 5.330391 3.340581 3.459880 4.216140 5.422802 6.146036 5.635814 4.328858,
 3.255874 4.977245 7.684468 8.866582 7.158949 4.741968 3.906774 3.712301 6.059222 10.078086 12.109378 9.660274 5.816644 4.157032 4.162730 7.059009 12.343514 15.248816 12.112129 6.907390 4.389657 4.421260 7.432530 13.245124 16.615332 13.245124 7.432529 4.421260 4.389657 6.907390 12.112129 15.248816 12.343514 7.059009 4.162731 4.157032 5.816645 9.660274 12.109378 10.078086 6.059221 3.712302 3.906774 4.741968 7.158949 8.866581 7.684467 4.977244 3.255874,
 3.452417 4.221395 5.084451 5.846087 6.128591 5.599532 4.665215 4.016332 5.159881 7.078899 9.067887 9.556844 8.004255 5.875272 5.001780 7.225567 10.884176 13.838418 13.385904 9.990104 6.660949 6.191592 9.556254 14.087106 16.382969 14.087106 9.556254 6.191592 6.660949 9.990105 13.385904 13.838420 10.884174 7.225565 5.001780 5.875272 8.004255 9.556844 9.067887 7.078899 5.159881 4.016332 4.665216 5.599532 6.128591 5.846088 5.084451 4.221395 3.452417,

Pairwise cross-correlations of the modulus of all oriented sub-bands at the same scale (size QxQ)
 59.016472 54.020699 47.301876 53.505852,
 54.020699 59.675873 53.943066 50.677044,
 47.301876 53.943066 59.094223 53.617783,
 53.505852 50.677044 53.617783 59.121979,
 50.664612 47.410900 45.702770 47.841740,
 47.410900 52.557716 50.149757 46.105122,
 45.702770 50.149757 56.713051 51.043732,
 47.841740 46.105122 51.043732 53.574787,

Cross-correlations of the modulus of all oriented sub-bands with all oriented sub-bands at the coarser scale (size QxQ)
 49.024250 46.592804 45.749386 47.032082,
 47.032955 50.826557 50.072365 45.516525,
 42.788826 47.199860 53.000416 47.715118,
 46.935272 44.932365 49.973217 51.413685,
 22.737415 20.918795 20.201975 21.458155,
 22.169783 22.404119 21.915752 21.162516,
 22.093609 22.690128 24.692522 23.504189,
 22.579395 20.771511 22.458012 23.751711,

Cross-correlations of the real part of each oriented sub-band with both the real and imaginary part of all phase-doubled oriented sub-bands at the next coarser scale (Q matrices of size 1x2Q, which are computed and stored in a matrix of size Qx2Q)
 -20.562069 -9.444521 -0.715576 -9.637439 -0.005396 -0.026554 0.004046 0.016399,
 -8.881432 -22.524754 -9.656155 -0.839531 -0.011724 0.035482 0.003279 0.004612,
 -0.722595 -9.939027 -22.986891 -10.334366 0.002140 0.034051 -0.006799 0.001314,
 -8.937551 -0.790254 -10.027885 -22.953699 -0.004089 -0.007122 0.002942 -0.001163,
 -12.068885 -5.195491 -0.513502 -5.678535 -0.127046 0.000339 -0.009725 -0.030902,
 -5.234359 -11.986217 -5.758119 -0.520475 -0.000920 0.110160 0.077935 -0.011438,
 -0.498048 -5.404918 -13.465816 -5.918812 0.015298 0.101445 0.250476 0.005626,
 -5.464993 -0.488782 -5.962940 -13.203430 -0.063369 0.013249 0.083466 -0.019638,
