Low-band skewness and kurtosis
 -11.381844 146.310562,
 -6.851521 55.031277,
 -3.799986 19.714680,
 -0.793358 7.714851,

High-band variance
 17.530100,

Skewness, kurtosis, variance, mean, maximum and minimum of the reconstructed texture
 -11.452853 138.617126 328.097870 253.298752 255.000000 0.000000,

Auto-correlations of the low-frequency bands at each scale
 0.516177 -0.763776 4.071850 7.961926 4.398352 2.724025 7.274527 -3.938520 12.056135 55.756180 81.510582 54.948002 13.565046 0.835424 -1.904161 52.953251 164.083374 225.873337 163.315994 53.335846 0.415026 1.867720 78.390091 225.035934 305.860962 225.035934 78.390099 1.867721 0.415025 53.335838 163.315994 225.873337 164.083359 52.953262 -1.904161 0.835425 13.565044 54.948006 81.510574 55.756184 12.056139 -3.938520 7.274527 2.724025 4.398354 7.961926 4.071848 -0.763777 0.516177,
 11.435563 3.251323 -4.017806 -3.813733 -0.564354 6.611730 11.110936 4.002685 -9.659460 -3.364729 9.685120 0.174093 -5.454412 6.202188 -6.272521 -7.071755 52.009941 99.963348 54.992496 -3.033008 -2.961524 -8.314354 3.299142 96.741089 164.979019 96.741089 3.299142 -8.314355 -2.961524 -3.033007 54.992489 99.963348 52.009941 -7.071755 -6.272521 6.202189 -5.454412 0.174094 9.685120 -3.364730 -9.659458 4.002685 11.110938 6.611729 -0.564354 -3.813732 -4.017807 3.251323 11.435562,
 5.085385 5.502595 2.308199 0.970075 2.904616 4.580349 3.586817 6.578501 2.877641 0.664850 3.409900 2.801319 3.308838 6.505997 5.124072 2.522689 16.207041 30.963348 18.396761 3.457386 5.344493 3.741074 4.417847 30.414036 51.975456 30.414036 4.417847 3.741073 5.344494 3.457386 18.396761 30.963345 16.207039 2.522689 5.124071 6.505998 3.308838 2.801319 3.409900 0.664849 2.877640 6.578501 3.586817 4.580349 2.904616 0.970075 2.308199 5.502595 5.085385,
 0.250264 0.426041 0.038959 -0.019019 0.328245 0.979403 1.754626 0.221804 0.347062 0.351260 0.662414 0.766210 1.405808 2.514264 0.334545 0.767170 2.784070 4.555965 3.291080 1.907763 2.335567 1.236417 1.718750 4.858564 7.315470 4.858564 1.718750 1.236416 2.335567 1.907763 3.291080 4.555965 2.784070 0.767170 0.334545 2.514264 1.405808 0.766210 0.662414 0.351260 0.347062 0.221804 1.754626 0.979403 0.328245 -0.019019 0.038959 0.426041 0.250264,

Auto-correlations of the modulus of each oriented sub-band
 16.157930 17.863674 19.163933 19.800558 19.635193 18.738077 17.318552 25.994528 30.156485 33.204094 34.418713 33.488747 30.690790 26.703686 36.646317 43.653717 48.755283 50.669277 48.858227 43.856331 36.919819 41.449417 49.752888 55.796951 58.036034 55.796951 49.752888 41.449413 36.919823 43.856327 48.858227 50.669277 48.755283 43.653717 36.646313 26.703686 30.690790 33.488747 34.418713 33.204094 30.156487 25.994528 17.318552 18.738077 19.635193 19.800558 19.163933 17.863674 16.157928,
 29.993090 34.446186 34.459648 29.831612 22.750328 16.091663 11.535113 34.205845 42.595608 45.983719 42.435753 33.653576 23.626997 15.729985 33.970978 45.804657 53.725491 53.670635 45.550407 33.397663 22.123487 29.171406 42.140007 53.608124 58.278702 53.608124 42.140015 29.171406 22.123487 33.397663 45.550407 53.670635 53.725491 45.804657 33.970978 15.729985 23.626997 33.653572 42.435753 45.983719 42.595615 34.205845 11.535114 16.091663 22.750330 29.831612 34.459648 34.446194 29.993090,
 14.949841 25.615301 37.019619 42.224319 37.659653 26.989365 16.893305 16.566530 29.658289 43.838440 50.278923 44.311943 30.670511 17.984322 17.825476 32.641808 48.805901 56.120289 49.065018 33.186329 18.576483 18.534693 33.920071 50.725418 58.279518 50.725418 33.920071 18.534693 18.576485 33.186325 49.065022 56.120289 48.805897 32.641811 17.825476 17.984322 30.670509 44.311943 50.278915 43.838440 29.658293 16.566530 16.893305 26.989359 37.659657 42.224319 37.019627 25.615301 14.949843,
 10.330271 15.585989 23.040710 30.842989 35.987114 36.215591 31.719736 15.082611 23.692123 34.433514 43.766777 47.617191 44.274246 35.699566 22.094957 34.010468 46.696175 55.130550 55.266956 47.217678 35.056744 29.736092 43.198593 54.977238 59.740799 54.977238 43.198597 29.736086 35.056744 47.217678 55.266956 55.130550 46.696178 34.010471 22.094955 35.699566 44.274242 47.617195 43.766777 34.433510 23.692123 15.082608 31.719740 36.215588 35.987114 30.842989 23.040710 15.585988 10.330270,
 14.478318 15.162130 16.055002 16.753262 16.879791 16.484968 15.880959 19.930662 23.814497 27.463705 29.170485 28.004679 24.768021 21.117706 27.791378 36.487499 44.292034 47.523262 44.360344 36.708805 28.236876 31.881931 42.993126 53.009693 57.178246 53.009693 42.993126 31.881933 28.236876 36.708797 44.360340 47.523262 44.292038 36.487499 27.791376 21.117706 24.768021 28.004675 29.170485 27.463705 23.814497 19.930666 15.880959 16.484970 16.879791 16.753263 16.055002 15.162130 14.478321,
 20.805767 24.018333 24.393244 21.283190 16.999561 14.164609 13.276274 24.722504 32.651413 37.045429 33.994610 25.752197 18.127720 14.390673 25.284269 37.352722 47.841312 48.617172 38.722755 25.852959 17.373945 21.942343 34.261173 48.678238 55.402168 48.678238 34.261173 21.942343 17.373943 25.852961 38.722752 48.617168 47.841324 37.352722 25.284269 14.390671 18.127720 25.752197 33.994610 37.045433 32.651413 24.722504 13.276274 14.164607 16.999561 21.283186 24.393244 24.018337 20.805767,
 12.534289 16.996010 24.656828 29.220642 25.889029 18.487812 13.193556 13.129692 20.662252 32.940620 39.617653 33.559151 21.619574 13.682235 13.648164 23.819128 40.085201 48.738140 40.249035 24.244873 13.955462 13.951010 25.194067 42.976803 52.494957 42.976803 25.194067 13.951010 13.955462 24.244873 40.249031 48.738140 40.085197 23.819128 13.648166 13.682237 21.619577 33.559143 39.617649 32.940620 20.662252 13.129692 13.193554 18.487812 25.889029 29.220642 24.656828 16.996010 12.534290,
 11.400281 12.131348 15.331193 20.485907 24.295134 23.927759 20.195505 12.465648 16.143547 24.088097 32.955196 36.465752 32.150166 24.015589 15.670092 24.089426 37.115082 47.318821 46.817818 36.446243 24.355364 20.628710 32.897846 47.324944 54.049171 47.324951 32.897846 20.628708 24.355368 36.446243 46.817818 47.318829 37.115082 24.089426 15.670091 24.015589 32.150162 36.465752 32.955196 24.088095 16.143549 12.465648 20.195505 23.927759 24.295134 20.485909 15.331193 12.131348 11.400280,
 5.408745 5.572680 5.824485 6.032277 6.013154 5.700726 5.251266 6.183067 7.087084 8.003246 8.532981 8.380085 7.630232 6.699355 7.786894 9.989474 12.139656 13.158947 12.442147 10.521835 8.450592 8.984112 11.887694 14.730626 15.984080 14.730625 11.887693 8.984112 8.450593 10.521835 12.442147 13.158947 12.139656 9.989476 7.786894 6.699355 7.630232 8.380084 8.532981 8.003246 7.087084 6.183067 5.251266 5.700726 6.013154 6.032277 5.824484 5.572680 5.408744,
 6.896862 7.597905 7.812298 7.265424 6.484162 5.847383 5.427112 7.758213 9.738274 10.993030 10.264232 8.359753 6.833282 6.024067 7.797453 10.916235 14.014538 14.266549 11.441038 8.326759 6.559802 7.197246 10.131741 14.190536 16.342474 14.190536 10.131740 7.197246 6.559802 8.326760 11.441038 14.266549 14.014538 10.916233 7.797452 6.024068 6.833282 8.359752 10.264232 10.993030 9.738273 7.758213 5.427111 5.847384 6.484162 7.265425 7.812298 7.597905 6.896862,
 4.759207 5.676422 7.125379 8.027172 7.404142 5.973537 4.979013 5.026131 6.534316 9.141768 10.702439 9.233078 6.724524 5.312992 5.292672 7.306047 11.050606 13.383907 11.027187 7.382082 5.492927 5.479714 7.644866 11.840031 14.586241 11.840031 7.644865 5.479714 5.492927 7.382082 11.027187 13.383907 11.050606 7.306047 5.292672 5.312992 6.724523 9.233078 10.702439 9.141768 6.534316 5.026131 4.979013 5.973537 7.404142 8.027172 7.125379 5.676423 4.759207,
 4.421315 4.767906 5.488156 6.339700 6.851877 6.537805 5.730743 4.616667 5.452023 7.034135 8.911703 9.652289 8.569975 6.888117 5.362462 7.067285 9.965969 12.620934 12.500104 9.890160 7.298805 6.530756 9.105552 12.668280 14.597486 12.668280 9.105552 6.530756 7.298805 9.890160 12.500104 12.620934 9.965969 7.067284 5.362462 6.888118 8.569974 9.652289 8.911701 7.034134 5.452022 4.616667 5.730743 6.537805 6.851878 6.339700 5.488156 4.767905 4.421315,

Pairwise cross-correlations of the modulus of all oriented sub-bands at the same scale (size QxQ)
 58.036007 52.696777 46.653999 53.514172,
 52.696777 58.278683 52.578384 50.267078,
 46.653999 52.578384 58.279522 53.405178,
 53.514172 50.267078 53.405178 59.740795,
 57.178249 51.812088 46.759422 51.398895,
 51.812088 55.402172 49.563732 47.941574,
 46.759422 49.563732 52.494957 49.160534,
 51.398895 47.941574 49.160534 54.049168,

Cross-correlations of the modulus of all oriented sub-bands with all oriented sub-bands at the coarser scale (size QxQ)
 52.124683 48.462704 43.030735 47.479710,
 49.405323 52.035900 47.051876 45.459743,
 45.408951 48.055195 49.072235 47.075390,
 49.854683 47.095573 47.336128 51.301224,
 23.481989 22.925751 20.677570 21.402302,
 22.700605 23.955330 21.586403 20.332500,
 20.726068 21.949608 21.378050 20.496887,
 22.041637 21.518780 20.991558 21.713011,

Cross-correlations of the real part of each oriented sub-band with both the real and imaginary part of all phase-doubled oriented sub-bands at the next coarser scale (Q matrices of size 1x2Q, which are computed and stored in a matrix of size Qx2Q)
 -23.012657 -10.207991 -0.736689 -9.881966 0.016394 -0.015464 -0.012022 -0.027031,
 -10.030621 -22.894827 -9.191691 -0.814369 0.023767 -0.053834 0.035231 0.013594,
 -0.795000 -9.630141 -21.081633 -9.379784 -0.007542 0.030272 0.032743 -0.014458,
 -9.853821 -0.804295 -9.049125 -22.163033 -0.037302 0.021280 0.002269 -0.133103,
 -10.905214 -5.272761 -0.476453 -4.472687 -0.244380 -0.064908 -0.018516 -0.032547,
 -5.107905 -11.491425 -4.559727 -0.426377 -0.052394 -0.275725 -0.103917 0.071438,
 -0.524577 -4.785192 -9.786874 -4.072869 0.014605 -0.170027 -0.199946 -0.032008,
 -4.693777 -0.463709 -4.190509 -9.715029 -0.078827 -0.023612 -0.067589 -0.318734,
