Low-band skewness and kurtosis
 -11.414266 146.949142,
 -7.022148 58.779476,
 -4.099556 23.258299,
 -1.068922 6.622940,

High-band variance
 17.390411,

Skewness, kurtosis, variance, mean, maximum and minimum of the reconstructed texture
 -11.468595 138.936951 327.959900 253.302933 255.000000 0.000000,

Auto-correlations of the low-frequency bands at each scale
 9.659962 2.061925 1.135590 4.206356 3.309459 1.850587 3.277217 7.704184 16.922878 54.840721 79.680183 55.829830 15.517122 0.730742 9.489756 58.663639 164.919174 225.506180 165.112244 57.190727 4.549396 10.070733 83.355774 226.619675 305.872223 226.619675 83.355774 10.070731 4.549397 57.190723 165.112244 225.506165 164.919174 58.663647 9.489755 0.730742 15.517122 55.829834 79.680183 54.840717 16.922880 7.704183 3.277217 1.850587 3.309461 4.206357 1.135590 2.061926 9.659964,
 6.154078 5.723429 -0.047035 -4.135966 -1.197043 6.297840 7.587755 4.483562 -2.744625 1.548044 8.172448 -1.744081 -6.810281 1.009212 -0.699537 3.924282 58.302113 98.762932 54.016880 -2.992239 -7.152833 -5.809898 10.997945 101.236137 165.359726 101.236137 10.997945 -5.809898 -7.152833 -2.992238 54.016880 98.762909 58.302124 3.924282 -0.699537 1.009212 -6.810280 -1.744081 8.172447 1.548044 -2.744625 4.483562 7.587755 6.297840 -1.197042 -4.135966 -0.047036 5.723430 6.154078,
 2.763566 3.314503 3.136353 2.423158 2.547900 3.986598 4.541001 3.170510 -1.907909 0.845243 4.696453 -0.311006 -2.263074 2.708438 1.612991 -1.743662 18.149609 34.410507 15.959671 -3.643592 -0.299824 -0.280677 -0.196619 31.972244 57.572674 31.972244 -0.196619 -0.280677 -0.299824 -3.643592 15.959670 34.410507 18.149609 -1.743662 1.612991 2.708438 -2.263074 -0.311006 4.696453 0.845243 -1.907909 3.170509 4.541001 3.986598 2.547900 2.423157 3.136353 3.314503 2.763566,
 1.578779 0.856954 0.182484 0.584386 0.899103 0.599782 0.197296 0.880570 -0.069451 0.129354 1.125070 0.564004 -0.143890 0.117633 0.360997 -0.178459 2.596594 5.322358 2.989096 0.280302 0.592599 0.634347 0.554674 4.824328 8.418912 4.824328 0.554674 0.634347 0.592599 0.280302 2.989097 5.322358 2.596594 -0.178459 0.360997 0.117633 -0.143890 0.564004 1.125070 0.129354 -0.069451 0.880570 0.197296 0.599782 0.899103 0.584386 0.182484 0.856953 1.578779,

Auto-correlations of the modulus of each oriented sub-band
 16.597157 18.046211 18.886000 18.953537 18.187401 16.702209 14.719889 26.569639 30.380516 32.935246 33.641979 32.256516 29.073517 24.743881 37.018635 43.713104 48.419254 50.003429 47.988113 42.886379 35.871552 41.263977 49.414841 55.276917 57.434990 55.276917 49.414841 41.263969 35.871552 42.886379 47.988117 50.003418 48.419250 43.713104 37.018635 24.743881 29.073521 32.256516 33.641979 32.935242 30.380516 26.569633 14.719891 16.702209 18.187401 18.953539 18.885994 18.046209 16.597157,
 31.133827 35.470238 35.241695 30.363993 23.026114 15.992889 10.824131 35.665516 43.943516 47.131618 43.436134 34.534210 24.274862 15.859934 35.589783 47.383595 55.146633 55.010811 46.892822 34.684929 23.074688 30.650484 43.739182 55.121708 59.731640 55.121708 43.739182 30.650484 23.074690 34.684921 46.892822 55.010811 55.146629 47.383595 35.589783 15.859934 24.274862 34.534210 43.436134 47.131618 43.943516 35.665508 10.824131 15.992889 23.026114 30.363993 35.241695 35.470238 31.133825,
 17.373207 27.132555 37.378185 41.877327 37.119823 26.536247 16.461630 18.713421 30.885561 44.050022 49.958702 43.905094 30.494934 18.041677 19.565777 33.542389 48.886963 55.860607 48.834167 33.355141 19.207478 19.751831 34.459538 50.664219 58.053478 50.664219 34.459538 19.751831 19.207478 33.355141 48.834171 55.860607 48.886963 33.542393 19.565777 18.041677 30.494928 43.905094 49.958694 44.050022 30.885565 18.713421 16.461630 26.536245 37.119823 41.877327 37.378185 27.132559 17.373209,
 11.850780 16.501150 23.039389 30.000454 34.529469 34.323212 29.498459 16.180317 24.070593 33.932369 42.567329 45.992710 42.426361 33.786110 22.527746 33.733723 45.707428 53.694195 53.666733 45.688942 33.796074 29.335215 42.244850 53.607777 58.238297 53.607777 42.244854 29.335215 33.796074 45.688934 53.666733 53.694191 45.707428 33.733727 22.527742 33.786110 42.426357 45.992710 42.567329 33.932369 24.070593 16.180317 29.498459 34.323204 34.529480 30.000454 23.039389 16.501152 11.850780,
 9.647098 11.382124 12.817619 13.381056 12.843064 11.470100 9.776752 14.776970 19.016088 22.608351 24.021938 22.555853 18.881481 14.478738 22.327755 30.547812 37.668247 40.566124 37.680946 30.415384 21.911970 26.046192 36.591827 45.775806 49.512306 45.775810 36.591827 26.046186 21.911970 30.415380 37.680946 40.566124 37.668255 30.547806 22.327755 14.478738 18.881481 22.555853 24.021938 22.608351 19.016087 14.776971 9.776752 11.470098 12.843061 13.381056 12.817619 11.382124 9.647098,
 17.065657 21.848236 23.322464 20.201265 14.674240 9.908244 7.158711 20.543139 29.620998 34.851074 32.055462 23.149965 14.070864 8.518294 20.787916 33.665466 44.540047 45.486774 35.449646 21.863012 12.032690 17.086901 30.288443 44.970520 51.687294 44.970528 30.288443 17.086899 12.032690 21.863012 35.449646 45.486774 44.540047 33.665462 20.787916 8.518294 14.070861 23.149963 32.055458 34.851078 29.621002 20.543135 7.158712 9.908243 14.674240 20.201269 23.322468 21.848240 17.065655,
 10.708321 17.843538 26.288292 30.166279 25.782511 17.045126 10.307920 11.737859 21.925234 34.853992 41.114296 34.504139 21.309994 11.381862 12.608414 25.452162 42.381008 50.791210 42.196884 25.106661 12.387377 12.879617 26.768278 45.404766 54.780563 45.404766 26.768278 12.879617 12.387378 25.106661 42.196888 50.791210 42.381012 25.452158 12.608414 11.381864 21.309990 34.504139 41.114296 34.853996 21.925230 11.737859 10.307920 17.045126 25.782511 30.166279 26.288292 17.843538 10.708321,
 7.982539 10.996721 15.742994 21.079388 24.237471 22.976786 18.220829 9.743407 15.597214 24.638115 33.413502 36.314163 31.124434 21.684059 13.405371 23.624767 37.320583 47.387760 46.513065 35.412014 21.923161 18.353140 32.110943 47.095230 53.896019 47.095230 32.110947 18.353140 21.923161 35.412014 46.513065 47.387760 37.320583 23.624762 13.405371 21.684059 31.124434 36.314163 33.413506 24.638115 15.597216 9.743406 18.220829 22.976786 24.237471 21.079388 15.742996 10.996720 7.982539,
 5.435372 5.963613 6.407030 6.614097 6.536834 6.292635 6.044080 6.877180 8.262923 9.488800 9.985030 9.480222 8.276983 6.978318 9.003315 11.853695 14.414460 15.445474 14.322764 11.680001 8.782160 10.030169 13.764548 17.170273 18.600933 17.170273 13.764547 10.030169 8.782161 11.680001 14.322764 15.445474 14.414460 11.853695 9.003315 6.978317 8.276983 9.480222 9.985028 9.488800 8.262923 6.877180 6.044080 6.292635 6.536834 6.614097 6.407030 5.963613 5.435371,
 5.616356 6.923949 7.373338 6.517297 5.095373 4.128562 3.963749 6.479285 8.987961 10.519403 9.696272 7.261699 5.053196 4.014266 6.679217 10.279874 13.632559 13.871628 10.759925 6.982861 4.644819 5.821496 9.337129 13.826302 16.064465 13.826302 9.337127 5.821496 4.644820 6.982861 10.759925 13.871630 13.632559 10.279872 6.679217 4.014266 5.053196 7.261699 9.696272 10.519401 8.987961 6.479283 3.963749 4.128562 5.095373 6.517297 7.373338 6.923948 5.616356,
 4.295679 5.861939 8.109324 9.104011 7.853421 5.717414 4.455918 4.519271 6.865469 10.539463 12.336814 10.229044 6.570738 4.443254 4.625151 7.665535 12.682021 15.335021 12.473830 7.445393 4.514383 4.607805 7.900878 13.495511 16.617929 13.495510 7.900878 4.607805 4.514383 7.445392 12.473830 15.335020 12.682021 7.665535 4.625151 4.443254 6.570737 10.229044 12.336814 10.539463 6.865469 4.519272 4.455918 5.717414 7.853420 9.104011 8.109324 5.861939 4.295680,
 4.345080 4.854448 5.776581 7.033497 7.828525 7.487219 6.369351 4.881014 6.073593 8.279054 10.661652 11.419648 9.844549 7.302382 5.589637 8.161121 12.204226 15.425606 15.033691 11.370205 7.438599 6.619820 10.533956 15.474623 17.909407 15.474624 10.533955 6.619820 7.438598 11.370205 15.033691 15.425606 12.204226 8.161120 5.589637 7.302382 9.844548 11.419648 10.661652 8.279055 6.073593 4.881013 6.369351 7.487219 7.828525 7.033497 5.776580 4.854448 4.345080,

Pairwise cross-correlations of the modulus of all oriented sub-bands at the same scale (size QxQ)
 57.434978 53.111916 46.074055 52.168312,
 53.111916 59.731632 52.881340 50.245945,
 46.074055 52.881340 58.053455 52.715317,
 52.168312 50.245945 52.715317 58.238289,
 49.512299 46.455284 43.920006 46.602001,
 46.455284 51.687283 48.684673 45.272339,
 43.920006 48.684673 54.780548 50.239563,
 46.602001 45.272339 50.239563 53.896000,

Cross-correlations of the modulus of all oriented sub-bands with all oriented sub-bands at the coarser scale (size QxQ)
 47.491116 45.364128 43.745602 45.996254,
 45.598232 49.729679 48.301083 45.337543,
 41.935780 46.097782 50.428123 47.084755,
 45.694721 44.342888 48.209717 50.426083,
 24.725645 21.495525 19.680498 22.077456,
 23.934420 22.944258 21.616089 21.723852,
 23.049650 22.293293 23.549591 23.690563,
 24.173067 21.428459 22.528267 24.643448,

Cross-correlations of the real part of each oriented sub-band with both the real and imaginary part of all phase-doubled oriented sub-bands at the next coarser scale (Q matrices of size 1x2Q, which are computed and stored in a matrix of size Qx2Q)
 -19.774286 -8.860157 -0.778595 -9.071091 -0.097955 0.050501 0.017132 0.039847,
 -8.719952 -20.385418 -8.843877 -0.800937 0.007834 0.266482 0.073188 -0.022869,
 -0.767515 -8.945079 -20.950645 -9.760392 -0.023558 0.147576 -0.092956 0.003127,
 -8.624167 -0.784580 -9.439844 -21.676844 -0.122166 -0.011780 -0.098589 0.183377,
 -12.158974 -5.167084 -0.523389 -5.624419 -0.124988 0.067868 0.067957 0.022188,
 -5.283131 -10.948276 -4.426825 -0.528167 -0.116469 0.396636 0.056319 -0.012021,
 -0.536633 -4.534137 -10.735882 -5.406340 -0.014514 0.223925 -0.136953 0.049450,
 -5.511446 -0.514456 -5.124351 -12.366295 -0.067754 -0.009176 0.011941 0.154042,
