Low-band skewness and kurtosis
 -11.457142 148.087830,
 -6.938143 57.532669,
 -3.713372 19.025007,
 -0.330472 8.859550,

High-band variance
 17.291771,

Skewness, kurtosis, variance, mean, maximum and minimum of the reconstructed texture
 -11.515409 140.058868 326.138855 253.314484 255.000000 0.000000,

Auto-correlations of the low-frequency bands at each scale
 -1.913302 -4.997467 -2.362587 1.597132 0.168576 -1.173548 2.025725 -3.074483 11.371453 53.265408 79.312057 54.631763 12.918304 -1.819426 0.502297 54.190224 163.399002 224.658630 163.499359 53.846985 -0.168308 3.176769 79.353485 224.499832 304.197388 224.499832 79.353493 3.176769 -0.168308 53.846977 163.499359 224.658600 163.398987 54.190228 0.502297 -1.819426 12.918304 54.631767 79.312057 53.265400 11.371455 -3.074483 2.025725 -1.173548 0.168574 1.597133 -2.362585 -4.997467 -1.913303,
 8.588359 -0.259816 -3.821011 -1.799319 0.437771 7.020741 12.133108 3.175382 -13.963557 -8.154977 4.927305 -3.964853 -8.523036 2.733562 -5.957120 -7.132315 50.041973 96.181671 52.055912 -4.717222 -6.630577 -8.924929 5.634513 98.148323 165.024597 98.148323 5.634513 -8.924927 -6.630577 -4.717222 52.055912 96.181679 50.041973 -7.132315 -5.957119 2.733562 -8.523036 -3.964852 4.927305 -8.154978 -13.963558 3.175382 12.133108 7.020741 0.437772 -1.799319 -3.821012 -0.259816 8.588359,
 2.970423 2.564786 0.561965 0.583291 3.017627 4.945211 4.410102 4.254091 -0.322011 -0.967123 3.106384 2.087128 0.024372 1.475288 1.759748 -0.980951 14.706039 30.244730 16.173645 -2.675258 -2.549928 -2.012861 -0.628463 28.426805 51.172680 28.426809 -0.628463 -2.012861 -2.549928 -2.675258 16.173643 30.244728 14.706040 -0.980951 1.759748 1.475288 0.024372 2.087128 3.106383 -0.967123 -0.322011 4.254091 4.410102 4.945211 3.017627 0.583292 0.561965 2.564786 2.970423,
 0.841221 0.795902 0.321659 0.092510 0.188611 0.637837 1.046088 0.301895 -0.057017 0.067568 0.560617 0.350635 0.477443 1.195559 -0.039951 -0.060337 2.117231 4.192298 2.806525 1.003627 1.189408 0.597351 0.969628 4.312154 6.901397 4.312154 0.969628 0.597351 1.189408 1.003627 2.806525 4.192298 2.117231 -0.060337 -0.039951 1.195559 0.477443 0.350635 0.560617 0.067568 -0.057017 0.301895 1.046088 0.637837 0.188611 0.092510 0.321659 0.795902 0.841221,

Auto-correlations of the modulus of each oriented sub-band
 14.084460 15.523232 16.576187 17.020601 16.720730 15.720014 14.177542 24.604462 28.608919 31.489681 32.587616 31.590012 28.740597 24.658363 35.723503 42.653854 47.639774 49.490208 47.678799 42.695766 35.715477 40.601574 48.887352 54.852039 57.049156 54.852039 48.887352 40.601574 35.715477 42.695759 47.678799 49.490200 47.639767 42.653854 35.723503 24.658363 28.740595 31.590014 32.587616 31.489677 28.608919 24.604462 14.177544 15.720016 16.720730 17.020601 16.576187 15.523233 14.084461,
 29.372536 33.654789 33.519718 28.733023 21.413218 14.392347 9.349175 34.073162 42.288254 45.547260 41.939407 33.034260 22.689812 14.254429 34.045673 45.764694 53.526596 53.454285 45.394596 33.146622 21.477495 29.097387 42.175297 53.518993 58.086079 53.519001 42.175297 29.097382 21.477495 33.146622 45.394596 53.454288 53.526588 45.764702 34.045673 14.254428 22.689814 33.034264 41.939407 45.547253 42.288254 34.073158 9.349175 14.392347 21.413218 28.733023 33.519718 33.654793 29.372536,
 13.379240 23.742786 34.603939 39.413269 34.818851 24.337717 14.435329 15.064917 27.830980 41.480701 47.528458 41.567104 28.192776 15.775943 16.303518 30.789356 46.498714 53.502205 46.511265 30.955347 16.659983 16.869020 31.924925 48.354866 55.735538 48.354862 31.924929 16.869020 16.659983 30.955347 46.511265 53.502205 46.498714 30.789358 16.303520 15.775943 28.192776 41.567104 47.528458 41.480701 27.830980 15.064914 14.435330 24.337713 34.818855 39.413265 34.603935 23.742786 13.379239,
 8.030667 13.455703 20.965889 28.758781 33.889080 34.138489 29.682386 13.249519 22.070288 32.826782 42.078304 45.876858 42.579475 34.075394 20.819448 32.884670 45.474144 53.759663 53.876266 45.953690 33.874077 28.738245 42.216221 53.826180 58.491074 53.826180 42.216225 28.738245 33.874077 45.953682 53.876274 53.759663 45.474144 32.884670 20.819447 34.075394 42.579472 45.876850 42.078304 32.826782 22.070288 13.249518 29.682388 34.138489 33.889080 28.758781 20.965889 13.455705 8.030668,
 11.321017 12.232260 13.037884 13.408200 13.015807 11.836546 10.143435 17.130613 21.207254 24.603149 25.802382 24.004845 19.857651 14.929314 24.692091 33.822651 41.494366 44.375107 40.889694 32.626629 23.005596 27.930677 39.829849 49.985950 54.066780 49.985954 39.829849 27.930676 23.005598 32.626625 40.889690 44.375103 41.494370 33.822655 24.692089 14.929314 19.857651 24.004839 25.802382 24.603153 21.207254 17.130611 10.143437 11.836546 13.015807 13.408200 13.037884 12.232262 11.321014,
 18.144083 21.861856 22.502062 19.118864 13.990246 9.991071 7.854525 22.633768 31.276655 35.900238 32.494354 23.211897 14.083760 8.705627 22.736269 36.133862 47.244083 47.866016 37.048950 22.597260 12.190202 18.039194 32.202938 47.860451 55.002571 47.860455 32.202938 18.039194 12.190202 22.597260 37.048946 47.866016 47.244083 36.133862 22.736267 8.705626 14.083760 23.211895 32.494354 35.900242 31.276653 22.633766 7.854525 9.991071 13.990246 19.118862 22.502066 21.861856 18.144083,
 8.668340 15.334894 25.370905 30.950344 26.855309 17.799347 10.669307 9.626015 19.903315 34.908665 42.781155 35.836277 21.519159 10.821782 10.362733 23.803534 43.004627 52.819855 43.405643 24.561472 10.877766 10.772998 25.563076 46.330433 56.844574 46.330433 25.563076 10.772997 10.877766 24.561472 43.405640 52.819851 43.004627 23.803535 10.362733 10.821780 21.519159 35.836269 42.781155 34.908669 19.903315 9.626015 10.669308 17.799343 26.855307 30.950344 25.370909 15.334894 8.668340,
 7.002523 8.677829 12.883417 18.776867 22.959345 22.459520 17.772026 7.941709 12.723683 21.914463 31.725201 35.548965 30.558823 20.600899 10.716374 20.818855 35.502983 46.708160 46.141674 34.394943 19.948244 15.619685 30.142742 46.339211 53.719299 46.339211 30.142742 15.619685 19.948244 34.394943 46.141663 46.708160 35.502979 20.818851 10.716373 20.600899 30.558823 35.548965 31.725201 21.914463 12.723683 7.941708 17.772026 22.459520 22.959343 18.776865 12.883417 8.677830 7.002523,
 3.787341 4.080569 4.335939 4.445034 4.344627 4.094204 3.810208 5.162263 6.161541 7.045408 7.374333 6.886795 5.832886 4.736729 6.860066 9.354704 11.680467 12.636239 11.565026 9.116548 6.547749 7.642504 11.073072 14.372933 15.808568 14.372933 11.073071 7.642504 6.547748 9.116548 11.565026 12.636239 11.680467 9.354704 6.860066 4.736729 5.832886 6.886795 7.374333 7.045408 6.161541 5.162263 3.810208 4.094204 4.344626 4.445034 4.335939 4.080569 3.787341,
 5.174381 6.077708 6.569317 6.077510 4.993559 4.076584 3.654890 6.383636 8.553852 10.030467 9.415529 7.183315 5.018997 3.856007 6.612425 10.060249 13.337638 13.704085 10.715842 6.935490 4.523177 5.688756 9.226690 13.675013 15.877020 13.675013 9.226690 5.688756 4.523177 6.935491 10.715843 13.704085 13.337636 10.060249 6.612424 3.856007 5.018997 7.183315 9.415529 10.030467 8.553851 6.383636 3.654889 4.076584 4.993560 6.077510 6.569317 6.077708 5.174381,
 2.733850 3.803597 5.813313 7.007771 6.115653 4.276000 3.096219 2.993292 4.652839 7.895904 9.836245 8.149453 5.005492 3.059543 3.159034 5.497817 9.952133 12.623464 10.073994 5.660807 3.097184 3.172471 5.901470 10.881821 13.867978 10.881821 5.901470 3.172471 3.097184 5.660807 10.073994 12.623463 9.952133 5.497816 3.159034 3.059543 5.005492 8.149453 9.836245 7.895904 4.652838 2.993292 3.096219 4.276000 6.115653 7.007771 5.813313 3.803596 2.733849,
 3.117632 3.555014 4.405801 5.621672 6.519732 6.364079 5.350589 3.435510 4.368452 6.340819 8.628872 9.426937 7.979569 5.636137 3.987497 6.045029 9.606691 12.550701 12.189689 8.896901 5.514624 4.834107 8.071012 12.393382 14.554867 12.393382 8.071012 4.834107 5.514624 8.896901 12.189689 12.550701 9.606691 6.045029 3.987497 5.636137 7.979570 9.426936 8.628872 6.340819 4.368452 3.435510 5.350589 6.364079 6.519732 5.621672 4.405801 3.555014 3.117631,

Pairwise cross-correlations of the modulus of all oriented sub-bands at the same scale (size QxQ)
 57.049160 52.110168 44.491051 52.069752,
 52.110168 58.086048 51.188301 49.059761,
 44.491051 51.188301 55.735523 51.591038,
 52.069752 49.059761 51.591038 58.491039,
 54.066772 50.894955 48.307228 49.911201,
 50.894955 55.002556 51.584702 47.628494,
 48.307228 51.584702 56.844566 51.453594,
 49.911201 47.628494 51.453594 53.719307,

Cross-correlations of the modulus of all oriented sub-bands with all oriented sub-bands at the coarser scale (size QxQ)
 50.187416 47.363983 44.732082 46.734440,
 48.284412 51.905579 49.360096 45.401573,
 42.956486 46.728054 50.863346 46.507454,
 47.982826 45.838715 49.533421 51.267773,
 23.645891 22.553562 18.895334 21.591633,
 22.677267 23.828358 20.382483 20.799187,
 22.011545 22.866764 21.151117 21.839966,
 22.346746 21.502077 19.871656 22.187340,

Cross-correlations of the real part of each oriented sub-band with both the real and imaginary part of all phase-doubled oriented sub-bands at the next coarser scale (Q matrices of size 1x2Q, which are computed and stored in a matrix of size Qx2Q)
 -21.824654 -10.086483 -0.701990 -9.571765 0.021660 0.041161 -0.011802 -0.044885,
 -9.546236 -23.321711 -9.576769 -0.731188 -0.038823 0.031403 -0.000721 -0.015777,
 -0.697771 -10.003158 -22.270901 -9.839263 -0.004792 -0.005359 -0.021213 -0.155929,
 -9.240138 -0.778994 -9.563170 -22.561031 0.032055 0.007275 -0.089031 -0.195988,
 -12.481803 -5.600902 -0.495783 -4.886836 0.519331 0.005036 -0.034612 -0.160993,
 -5.722812 -12.062463 -4.867541 -0.509372 0.241064 0.007686 -0.126947 -0.028442,
 -0.467027 -4.906086 -11.283924 -4.943440 0.012380 -0.061991 0.064720 0.042119,
 -5.144093 -0.452575 -5.101692 -10.938047 0.189059 -0.026246 0.053723 -0.078021,
