Low-band skewness and kurtosis
 -11.574214 150.078842,
 -8.011427 77.053017,
 -5.985954 45.021496,
 -2.817719 23.247799,

High-band variance
 17.012918,

Skewness, kurtosis, variance, mean, maximum and minimum of the reconstructed texture
 -11.601937 141.885056 324.807678 253.335007 255.000000 0.000000,

Auto-correlations of the low-frequency bands at each scale
 32.729885 31.024809 32.909286 31.101826 25.175793 26.142670 34.306221 37.494232 46.165730 81.205238 98.913048 70.706131 34.864460 30.281166 42.844616 82.116074 177.691986 230.323959 170.848145 73.806290 35.815666 43.376095 101.115913 229.989731 303.215393 229.989716 101.115913 43.376091 35.815674 73.806274 170.848145 230.323929 177.691971 82.116081 42.844616 30.281166 34.864456 70.706131 98.913048 81.205223 46.165730 37.494221 34.306221 26.142670 25.175793 31.101828 32.909290 31.024811 32.729881,
 24.105522 24.688362 18.262266 19.280191 29.882454 42.386284 47.298973 26.474295 22.404652 23.061731 29.964890 26.268368 23.814890 30.910748 30.060392 39.915432 82.451004 113.397064 76.869064 27.992809 19.904959 25.441561 47.431152 122.721779 174.230576 122.721779 47.431152 25.441561 19.904959 27.992809 76.869064 113.397064 82.451004 39.915432 30.060392 30.910748 23.814886 26.268368 29.964890 23.061731 22.404652 26.474293 47.298965 42.386280 29.882448 19.280188 18.262268 24.688362 24.105526,
 6.060254 10.267858 11.559690 15.885670 24.534538 32.606495 36.974304 8.203259 12.164226 18.977583 27.576914 32.215294 35.380074 37.242760 11.526870 18.562904 41.219215 58.744736 47.919029 30.958643 27.349325 17.048050 26.096027 57.951813 79.849571 57.951813 26.096025 17.048050 27.349325 30.958639 47.919022 58.744736 41.219212 18.562904 11.526868 37.242760 35.380074 32.215286 27.576914 18.977579 12.164224 8.203259 36.974304 32.606495 24.534536 15.885671 11.559689 10.267857 6.060253,
 -1.172842 -2.824620 -3.705272 2.971841 12.938381 12.351303 1.866337 -1.664093 -4.264860 -1.561660 8.741807 13.823206 6.504813 -2.206029 -2.949643 -4.234003 5.216713 17.563110 14.290756 0.898494 -4.512273 -4.322556 -2.396017 12.250968 22.565672 12.250969 -2.396018 -4.322557 -4.512273 0.898494 14.290755 17.563110 5.216714 -4.234003 -2.949643 -2.206029 6.504814 13.823203 8.741808 -1.561660 -4.264862 -1.664092 1.866337 12.351303 12.938381 2.971842 -3.705272 -2.824619 -1.172841,

Auto-correlations of the modulus of each oriented sub-band
 26.440500 27.559158 28.218256 28.357376 27.976761 27.155907 26.021837 34.098751 36.815277 38.632938 39.159271 38.221710 36.013844 32.991550 42.392609 47.362240 50.918594 52.160213 50.659489 46.799644 41.534515 45.868256 52.102493 56.686272 58.401955 56.686268 52.102501 45.868252 41.534527 46.799641 50.659496 52.160217 50.918594 47.362244 42.392605 32.991550 36.013844 38.221710 39.159271 38.632935 36.815281 34.098743 26.021839 27.155907 27.976765 28.357376 28.218256 27.559162 26.440498,
 31.269373 34.161716 34.153400 31.266150 27.198755 23.831167 21.805485 34.973843 40.493038 42.732639 40.175179 34.369328 28.383142 24.141825 35.577869 43.508732 49.170380 49.014111 43.033279 34.885456 28.046659 32.632683 41.116627 49.340927 52.950840 49.340927 41.116627 32.632679 28.046659 34.885452 43.033279 49.014111 49.170372 43.508739 35.577869 24.141825 28.383137 34.369328 40.175179 42.732639 40.493038 34.973843 21.805487 23.831167 27.198755 31.266150 34.153400 34.161716 31.269375,
 25.164429 30.644266 37.384365 40.935295 38.463768 32.522926 27.313414 26.495667 33.553074 42.507561 47.158249 43.402252 35.022884 28.086939 27.547537 35.805286 46.425468 51.860172 46.950005 36.625210 28.401806 28.214462 36.922577 48.086594 53.650650 48.086594 36.922577 28.214462 28.401812 36.625210 46.950005 51.860172 46.425472 35.805290 27.547537 28.086937 35.022881 43.402252 47.158245 42.507561 33.553078 26.495665 27.313417 32.522923 38.463768 40.935299 37.384365 30.644266 25.164429,
 24.799061 27.318174 31.383856 36.294090 39.880211 40.178772 37.189190 27.873709 32.491360 39.037022 45.384281 48.228661 45.901253 40.025360 32.142586 39.329224 47.842117 54.012863 54.161957 48.290054 39.991169 36.828094 45.646484 54.077316 57.710972 54.077316 45.646488 36.828091 39.991173 48.290051 54.161961 54.012863 47.842117 39.329224 32.142582 40.025360 45.901253 48.228672 45.384285 39.037022 32.491364 27.873703 37.189190 40.178772 39.880215 36.294090 31.383856 27.318174 24.799061,
 17.116955 18.833874 20.316305 21.418787 22.044916 22.237429 22.142790 20.086275 22.642328 24.982828 26.406458 26.442862 25.280403 23.636637 24.474764 29.173639 33.610989 35.748390 34.375134 30.505100 26.191607 27.215225 33.232655 39.036091 41.593777 39.036091 33.232655 27.215223 26.191607 30.505100 34.375130 35.748390 33.610989 29.173639 24.474762 23.636633 25.280401 26.442862 26.406458 24.982828 22.642330 20.086273 22.142790 22.237427 22.044912 21.418787 20.316305 18.833874 17.116955,
 22.117182 25.180189 26.559608 25.752739 24.274750 23.515158 23.339861 25.069365 30.279257 33.684364 32.635231 28.698147 25.356256 23.628473 26.387497 33.414749 40.017918 40.865185 35.225349 28.572531 24.310030 25.627058 32.304455 40.644798 44.972263 40.644798 32.304459 25.627058 24.310030 28.572525 35.225349 40.865181 40.017921 33.414749 26.387497 23.628469 25.356256 28.698141 32.635231 33.684368 30.279259 25.069365 23.339861 23.515158 24.274748 25.752739 26.559608 25.180191 22.117182,
 24.039280 28.515234 33.822723 37.033699 36.385654 34.216961 32.628040 26.628931 32.701202 40.660576 45.065796 42.200420 36.442993 32.392387 28.946159 36.307556 46.615891 52.248863 47.296677 38.160133 31.838203 30.737514 38.301216 49.221382 55.257835 49.221390 38.301216 30.737516 31.838203 38.160133 47.296677 52.248863 46.615894 36.307549 28.946159 32.392387 36.442993 42.200420 45.065796 40.660568 32.701199 26.628931 32.628036 34.216961 36.385647 37.033699 33.822723 28.515234 24.039284,
 20.429834 23.203939 26.765005 30.790367 33.664116 33.915108 32.122238 22.755733 26.591091 32.221718 38.225361 40.594917 37.901581 33.235245 26.101530 31.935205 40.250301 47.213650 46.715572 39.934792 32.784595 30.038239 37.572479 46.853443 51.684174 46.853443 37.572479 30.038239 32.784599 39.934792 46.715569 47.213650 40.250301 31.935211 26.101534 33.235245 37.901581 40.594917 38.225361 32.221718 26.591091 22.755732 32.122234 33.915104 33.664112 30.790367 26.765009 23.203939 20.429834,
 5.200120 6.459510 7.615988 8.605227 9.391137 9.951923 10.223634 7.195977 8.706560 10.003741 10.904267 11.280750 11.139504 10.574441 9.360090 11.457396 13.274847 14.233179 13.972301 12.700618 10.971109 10.721953 13.197330 15.367328 16.280609 15.367328 13.197330 10.721952 10.971109 12.700618 13.972301 14.233181 13.274847 11.457396 9.360089 10.574441 11.139503 11.280751 10.904267 10.003739 8.706559 7.195976 10.223634 9.951923 9.391136 8.605227 7.615987 6.459510 5.200119,
 7.272122 8.778975 10.042152 10.914762 11.543441 12.014802 12.032799 9.066107 11.157293 12.936507 13.514977 13.105361 12.642037 12.157044 10.443581 12.899021 15.447388 16.290207 14.920737 13.151505 11.874571 11.319352 13.445617 16.147558 17.622198 16.147558 13.445616 11.319352 11.874570 13.151505 14.920737 16.290207 15.447387 12.899021 10.443581 12.157043 12.642037 13.105363 13.514977 12.936507 11.157291 9.066106 12.032799 12.014802 11.543440 10.914762 10.042153 8.778973 7.272124,
 5.453013 6.994795 8.361371 9.441159 10.197106 10.469216 10.278445 6.917833 8.754506 10.725956 11.831694 11.561928 10.966853 10.452971 8.200661 10.079004 12.752228 14.289046 12.893972 11.083423 10.107825 9.296989 10.819731 13.529446 15.415787 13.529445 10.819731 9.296989 10.107825 11.083423 12.893973 14.289046 12.752225 10.079004 8.200662 10.452971 10.966854 11.561927 11.831692 10.725955 8.754506 6.917832 10.278445 10.469216 10.197106 9.441159 8.361371 6.994795 5.453013,
 5.469776 7.353193 9.292066 11.148153 12.346878 12.687490 12.568693 7.340885 9.423378 11.779070 13.957288 14.763989 14.096879 12.959242 9.316122 11.752867 14.692156 17.002562 16.846249 14.802696 12.626278 11.271498 13.917669 16.948694 18.528198 16.948694 13.917666 11.271497 12.626278 14.802697 16.846249 17.002558 14.692156 11.752867 9.316121 12.959240 14.096881 14.763990 13.957288 11.779068 9.423377 7.340885 12.568690 12.687489 12.346876 11.148152 9.292065 7.353192 5.469776,

Pairwise cross-correlations of the modulus of all oriented sub-bands at the same scale (size QxQ)
 58.401943 50.177528 45.441074 52.556061,
 50.177528 52.950832 47.766289 47.678993,
 45.441074 47.766289 53.650612 50.051754,
 52.556061 47.678993 50.051754 57.710968,
 41.593773 38.226181 39.187881 40.451412,
 38.226181 44.972260 43.279926 39.520485,
 39.187881 43.279926 55.257839 48.793278,
 40.451412 39.520485 48.793278 51.684174,

Cross-correlations of the modulus of all oriented sub-bands with all oriented sub-bands at the coarser scale (size QxQ)
 41.507225 40.220844 44.354416 44.288162,
 38.618717 40.866760 44.387142 41.421101,
 36.412247 40.228989 46.812988 43.136517,
 40.440132 39.920074 46.988506 46.811466,
 19.976402 19.913713 17.944639 20.245100,
 19.964521 21.612274 19.703363 20.327770,
 21.696695 23.846550 22.825665 24.683935,
 21.594421 22.414368 20.857227 23.653652,

Cross-correlations of the real part of each oriented sub-band with both the real and imaginary part of all phase-doubled oriented sub-bands at the next coarser scale (Q matrices of size 1x2Q, which are computed and stored in a matrix of size Qx2Q)
 -12.007526 -5.419739 -0.641965 -6.403365 0.145946 -0.027854 0.005236 0.208695,
 -5.180840 -12.769018 -6.080767 -0.820256 0.250753 0.322774 0.089335 0.032288,
 -0.665759 -6.065239 -14.715990 -7.572775 -0.015925 0.320504 0.575694 0.334151,
 -5.613452 -0.660654 -6.969988 -15.447634 -0.235365 0.018472 0.460780 0.610198,
 -5.139135 -2.932319 -0.230812 -2.536455 0.291080 -0.300179 0.065781 -0.437533,
 -2.315915 -6.413193 -2.898933 -0.328681 -0.087268 0.122675 0.147145 0.024052,
 -0.330525 -2.691298 -6.933233 -2.364745 0.025764 0.159178 -0.072783 0.248184,
 -2.511926 -0.230838 -3.105751 -5.219421 0.359679 -0.099896 -0.088463 -0.123954,
