Low-band skewness and kurtosis
 -11.439316 147.586075,
 -6.985380 58.295197,
 -3.828388 20.257408,
 -0.303579 6.533926,

High-band variance
 17.259058,

Skewness, kurtosis, variance, mean, maximum and minimum of the reconstructed texture
 -11.504228 139.802536 325.787933 253.313049 255.000000 0.000000,

Auto-correlations of the low-frequency bands at each scale
 1.951746 -2.906204 -0.988806 3.735546 3.434085 1.762544 3.188547 1.557967 13.929011 53.792183 79.166031 55.354336 14.487674 -0.611790 4.579830 56.734371 163.927353 224.014008 163.281876 54.937450 1.857791 6.202894 81.176025 224.835739 303.853149 224.835709 81.176041 6.202895 1.857791 54.937447 163.281891 224.014023 163.927353 56.734371 4.579830 -0.611791 14.487673 55.354336 79.166031 53.792183 13.929011 1.557967 3.188548 1.762543 3.434085 3.735546 -0.988805 -2.906204 1.951746,
 7.491715 0.693561 -7.716883 -8.529527 -2.992108 5.198521 7.663606 2.015235 -9.716285 -6.212678 4.234044 -2.999762 -6.472950 3.860311 -4.520199 -1.978222 53.520355 97.252434 53.638950 -2.024366 -3.257114 -6.392624 8.446437 99.283264 164.825317 99.283287 8.446438 -6.392625 -3.257114 -2.024366 53.638947 97.252411 53.520355 -1.978222 -4.520199 3.860311 -6.472950 -2.999760 4.234043 -6.212681 -9.716284 2.015235 7.663607 5.198520 -2.992107 -8.529526 -7.716883 0.693562 7.491714,
 6.621911 5.581567 0.087525 -2.660659 0.164910 4.732419 4.423828 4.277007 -0.463649 -2.885342 -1.053366 -1.283229 0.784466 4.302186 0.625939 -1.024390 15.065299 29.999340 16.548883 -0.142029 0.238909 -1.673175 1.525293 31.108881 53.812256 31.108883 1.525293 -1.673175 0.238909 -0.142029 16.548883 29.999336 15.065297 -1.024390 0.625939 4.302186 0.784466 -1.283229 -1.053366 -2.885342 -0.463648 4.277007 4.423828 4.732419 0.164910 -2.660659 0.087525 5.581567 6.621911,
 0.357829 0.721644 0.676836 0.414651 0.313177 0.747093 1.478034 0.852037 0.662242 0.784300 0.683643 -0.346987 -0.423822 1.052415 1.238566 1.188049 3.236451 4.479892 1.831864 -0.466505 0.603577 0.955702 0.866963 4.499703 7.373820 4.499703 0.866963 0.955702 0.603577 -0.466505 1.831864 4.479891 3.236451 1.188049 1.238566 1.052415 -0.423822 -0.346987 0.683643 0.784300 0.662242 0.852038 1.478033 0.747093 0.313177 0.414651 0.676836 0.721644 0.357829,

Auto-correlations of the modulus of each oriented sub-band
 14.759677 16.273588 17.340681 17.788057 17.529346 16.627378 15.231298 25.352287 29.210964 31.933512 32.926388 31.925634 29.169313 25.250900 36.205811 42.878006 47.659439 49.403725 47.609138 42.734127 35.942970 40.815594 48.863285 54.683052 56.830769 54.683052 48.863289 40.815594 35.942970 42.734119 47.609138 49.403725 47.659439 42.878006 36.205811 25.250900 29.169313 31.925634 32.926388 31.933508 29.210964 25.352283 15.231298 16.627378 17.529348 17.788057 17.340681 16.273590 14.759675,
 29.559969 33.605942 33.338001 28.559231 21.338739 14.569238 9.904088 34.296535 42.266544 45.384052 41.763111 32.946156 22.879383 14.845975 34.330437 45.773247 53.388634 53.286457 45.251396 33.241890 21.966925 29.464855 42.204998 53.374916 57.939011 53.374924 42.205002 29.464853 21.966925 33.241886 45.251396 53.286457 53.388630 45.773254 34.330437 14.845975 22.879377 32.946159 41.763111 45.384052 42.266544 34.296535 9.904088 14.569236 21.338739 28.559229 33.338001 33.605949 29.559967,
 14.886850 24.788500 35.505173 40.394810 35.949158 25.693186 16.060179 16.733738 29.078640 42.593735 48.704323 42.850021 29.673086 17.540628 18.070459 32.152885 47.685238 54.698738 47.785828 32.437656 18.477661 18.682619 33.358166 49.574257 56.908188 49.574257 33.358166 18.682617 18.477661 32.437653 47.785835 54.698738 47.685234 32.152885 18.070456 17.540628 29.673086 42.850021 48.704319 42.593735 29.078640 16.733736 16.060179 25.693186 35.949158 40.394810 35.505173 24.788500 14.886848,
 9.060848 14.131741 21.347363 28.931061 33.895195 34.022263 29.575390 14.406645 22.751406 33.124344 42.102528 45.716763 42.355595 34.006187 21.744421 33.290382 45.537766 53.630577 53.659985 45.796986 34.028988 29.265041 42.293392 53.699413 58.321495 53.699413 42.293396 29.265041 34.028988 45.796978 53.659977 53.630577 45.537766 33.290386 21.744419 34.006187 42.355587 45.716770 42.102531 33.124344 22.751410 14.406646 29.575390 34.022259 33.895195 28.931061 21.347366 14.131742 9.060848,
 9.524641 10.401780 11.075339 11.345093 11.048879 10.263795 9.247212 15.287903 19.308012 22.738832 24.130318 22.774979 19.363247 15.337598 23.530087 32.244141 39.780281 42.834751 39.804474 32.314770 23.633629 27.758837 38.903984 48.600105 52.567566 48.600117 38.903984 27.758833 23.633633 32.314766 39.804474 42.834751 39.780285 32.244141 23.530083 15.337598 19.363247 22.774977 24.130318 22.738834 19.308010 15.287903 9.247214 10.263795 11.048879 11.345092 11.075342 10.401780 9.524641,
 18.242277 21.841469 21.939867 18.045958 12.885095 9.350588 7.871640 22.084837 30.675558 35.097511 31.571320 22.584675 14.190090 9.580181 22.454517 35.307827 46.036556 46.657719 36.336586 22.839050 13.415067 18.695807 31.881432 46.708118 53.549278 46.708118 31.881432 18.695807 13.415069 22.839050 36.336582 46.657711 46.036556 35.307831 22.454517 9.580181 14.190090 22.584673 31.571323 35.097515 30.675562 22.084837 7.871640 9.350588 12.885093 18.045958 21.939871 21.841471 18.242275,
 11.351514 16.721197 24.668495 28.874697 25.009752 17.073116 11.044516 12.287841 21.045176 33.930508 40.594769 34.104282 21.295269 12.103672 13.019603 24.669123 41.731461 50.528976 41.766346 24.777172 12.927792 13.274770 26.130594 44.826138 54.511147 44.826145 26.130598 13.274770 12.927794 24.777172 41.766346 50.528976 41.731464 24.669123 13.019603 12.103672 21.295263 34.104275 40.594769 33.930508 21.045179 12.287841 11.044516 17.073116 25.009752 28.874697 24.668501 16.721199 11.351513,
 7.032628 8.171422 11.802761 17.537148 22.056791 22.098465 18.111530 8.823153 13.419565 22.144951 31.670567 35.590965 31.122465 22.187294 13.052100 22.664982 36.458630 47.053246 46.576965 35.771049 22.720005 18.801430 32.178848 47.142101 54.012074 47.142105 32.178848 18.801430 22.720003 35.771049 46.576969 47.053238 36.458630 22.664982 13.052100 22.187294 31.122465 35.590965 31.670567 22.144951 13.419567 8.823153 18.111530 22.098465 22.056791 17.537148 11.802763 8.171423 7.032629,
 4.340979 4.416987 4.415642 4.297678 4.072829 3.819847 3.608557 4.935504 5.716661 6.472497 6.742781 6.343276 5.545987 4.769482 6.507647 8.702416 10.864807 11.772049 10.815546 8.654921 6.451878 7.409431 10.500617 13.568751 14.925630 13.568751 10.500617 7.409431 6.451878 8.654921 10.815544 11.772050 10.864808 8.702416 6.507647 4.769482 5.545987 6.343275 6.742780 6.472498 5.716661 4.935504 3.608557 3.819847 4.072828 4.297678 4.415643 4.416987 4.340979,
 6.857153 7.969451 8.056301 6.885404 5.441833 4.612977 4.357119 7.505487 10.101410 11.683154 10.625235 7.848785 5.543207 4.559977 7.450995 11.288269 14.995562 15.326303 11.821758 7.639762 5.187729 6.409276 10.199139 15.153833 17.661293 15.153832 10.199139 6.409276 5.187729 7.639762 11.821758 15.326302 14.995562 11.288267 7.450994 4.559976 5.543206 7.848785 10.625235 11.683154 10.101410 7.505487 4.357118 4.612977 5.441833 6.885404 8.056301 7.969452 6.857153,
 5.177082 6.269413 7.765503 8.532940 7.453995 5.607766 4.451292 4.989273 6.976009 10.136127 11.879310 9.909641 6.531472 4.580060 4.833977 7.627669 12.411125 15.171267 12.294209 7.411791 4.669727 4.741918 7.846823 13.353580 16.616758 13.353580 7.846823 4.741918 4.669727 7.411791 12.294209 15.171266 12.411123 7.627669 4.833978 4.580060 6.531471 9.909641 11.879310 10.136127 6.976008 4.989272 4.451292 5.607766 7.453995 8.532939 7.765503 6.269413 5.177081,
 4.683808 4.656749 5.087815 6.070993 6.901854 6.658531 5.481877 4.427222 5.158671 7.063306 9.462304 10.419170 8.967418 6.416357 4.636690 6.808744 10.608189 13.868991 13.638315 10.179260 6.424985 5.510557 9.091169 13.739968 16.073647 13.739968 9.091169 5.510557 6.424985 10.179260 13.638314 13.868989 10.608191 6.808742 4.636689 6.416357 8.967418 10.419169 9.462304 7.063305 5.158670 4.427222 5.481877 6.658533 6.901854 6.070993 5.087813 4.656748 4.683808,

Pairwise cross-correlations of the modulus of all oriented sub-bands at the same scale (size QxQ)
 56.830772 52.117790 45.252048 51.574055,
 52.117790 57.939007 51.383343 48.795635,
 45.252048 51.383343 56.908165 52.384800,
 51.574055 48.795635 52.384800 58.321484,
 52.567551 49.089767 45.765617 48.864723,
 49.089767 53.549271 49.623810 46.397888,
 45.765617 49.623810 54.511139 49.981339,
 48.864723 46.397888 49.981339 54.012062,

Cross-correlations of the modulus of all oriented sub-bands with all oriented sub-bands at the coarser scale (size QxQ)
 49.064690 46.547295 43.330875 45.938351,
 47.276566 50.857529 47.460171 44.459564,
 43.076183 46.591427 50.110065 46.743061,
 47.152340 45.091221 48.104527 50.613449,
 22.386280 23.120129 21.217518 21.524405,
 21.831802 24.695120 22.721895 20.932634,
 20.572878 23.796078 24.005033 22.267906,
 21.272881 22.295195 22.637165 22.819408,

Cross-correlations of the real part of each oriented sub-band with both the real and imaginary part of all phase-doubled oriented sub-bands at the next coarser scale (Q matrices of size 1x2Q, which are computed and stored in a matrix of size Qx2Q)
 -20.819239 -9.547441 -0.766792 -9.277623 0.035117 0.015257 0.005219 0.028689,
 -9.101306 -21.948679 -9.256802 -0.779171 0.008915 -0.001885 -0.012506 -0.001386,
 -0.715465 -9.476740 -21.713133 -9.807036 0.009438 -0.022617 -0.033777 -0.003325,
 -8.884377 -0.772673 -9.597732 -22.105850 0.014446 0.002021 -0.001946 0.043456,
 -11.223292 -5.357708 -0.519663 -4.882642 0.289072 0.185133 -0.016174 0.130324,
 -5.099797 -12.544057 -5.681774 -0.410509 0.343653 0.178361 0.032959 0.042131,
 -0.458866 -5.534284 -12.560192 -5.219311 0.035004 -0.004341 0.296157 0.110525,
 -4.809181 -0.450887 -5.361302 -11.713217 -0.036344 0.018154 0.125418 0.150527,
