Low-band skewness and kurtosis
 -11.524423 148.817383,
 -7.674078 70.441681,
 -5.044266 34.386398,
 -2.037684 17.757195,

High-band variance
 16.814402,

Skewness, kurtosis, variance, mean, maximum and minimum of the reconstructed texture
 -11.572394 141.185104 326.059265 253.327179 255.000000 0.000000,

Auto-correlations of the low-frequency bands at each scale
 12.704701 10.682403 11.171042 15.747115 19.324984 19.528708 16.384047 10.195203 23.835707 62.172733 88.995255 72.766678 37.858650 18.701130 16.974066 66.848686 168.385406 228.190430 177.560272 80.120193 26.390690 27.028103 99.171455 232.046951 304.712555 232.046936 99.171471 27.028103 26.390690 80.120178 177.560272 228.190430 168.385406 66.848686 16.974066 18.701130 37.858646 72.766685 88.995247 62.172733 23.835707 10.195203 16.384047 19.528704 19.324987 15.747118 11.171042 10.682403 12.704703,
 24.131468 18.645365 3.786186 -0.588293 7.319436 18.470552 22.363697 19.639566 4.089030 2.993450 14.494503 9.749426 3.950836 13.454369 11.241482 8.368975 62.306995 110.197304 70.527885 11.124041 6.668603 6.870429 20.894062 112.749733 178.047821 112.749748 20.894064 6.870429 6.668604 11.124041 70.527885 110.197311 62.306995 8.368975 11.241481 13.454367 3.950836 9.749426 14.494503 2.993449 4.089030 19.639565 22.363701 18.470552 7.319437 -0.588293 3.786186 18.645367 24.131462,
 8.086967 10.396146 11.830295 12.255332 12.549021 14.874043 18.041925 9.644405 7.705956 10.248323 14.115465 12.835116 13.559508 17.404539 10.229292 10.113799 27.517990 42.435760 30.662931 15.412535 14.625076 11.857272 15.981627 43.894447 64.653419 43.894447 15.981627 11.857271 14.625079 15.412535 30.662931 42.435760 27.517990 10.113799 10.229290 17.404537 13.559508 12.835116 14.115464 10.248323 7.705956 9.644405 18.041925 14.874043 12.549021 12.255332 11.830295 10.396145 8.086967,
 -1.206256 -0.864496 0.724366 2.824469 4.592619 5.231005 3.386414 -1.353125 -1.438564 1.026902 4.413199 5.597399 4.796895 2.460667 -1.726949 -1.078866 4.084713 9.080412 7.622414 3.255090 0.447134 -1.281688 0.958310 7.717793 12.231933 7.717791 0.958310 -1.281688 0.447134 3.255090 7.622415 9.080412 4.084712 -1.078866 -1.726950 2.460667 4.796896 5.597400 4.413199 1.026901 -1.438564 -1.353126 3.386414 5.231005 4.592619 2.824469 0.724365 -0.864496 -1.206256,

Auto-correlations of the modulus of each oriented sub-band
 18.175556 19.319338 20.289667 20.856194 20.865101 20.315228 19.326775 25.123373 28.071047 30.303270 31.236340 30.608973 28.647635 25.876081 33.455482 38.719402 42.643917 44.107853 42.645912 38.805153 33.682625 37.399666 43.769142 48.590084 50.428596 48.590084 43.769146 37.399666 33.682629 38.805145 42.645920 44.107857 42.643921 38.719402 33.455479 25.876083 28.647635 30.608974 31.236340 30.303270 28.071051 25.123369 19.326775 20.315228 20.865101 20.856194 20.289663 19.319342 18.175556,
 32.449619 36.131134 36.067505 32.236057 26.600201 21.406195 17.765373 36.025196 43.032547 45.921860 42.954563 35.773602 27.777489 21.502354 36.151794 45.893391 52.657452 52.639229 45.814098 35.889366 26.890951 32.550926 43.040825 52.645874 56.671646 52.645874 43.040833 32.550926 26.890947 35.889359 45.814098 52.639229 52.657452 45.893402 36.151794 21.502354 27.777487 35.773602 42.954563 45.921856 43.032555 36.025196 17.765373 21.406191 26.600203 32.236057 36.067505 36.131138 32.449619,
 20.981207 28.772314 37.464958 41.830093 38.729237 30.581070 22.319136 22.200640 32.282757 43.486042 48.848038 44.315540 33.524410 23.142567 23.115828 34.865715 47.886711 53.967068 48.285019 35.494888 23.606262 23.608200 36.009068 49.624416 55.866745 49.624416 36.009071 23.608194 23.606264 35.494888 48.285023 53.967068 47.886711 34.865715 23.115822 23.142569 33.524410 44.315540 48.848034 43.486046 32.282757 22.200636 22.319136 30.581070 38.729240 41.830101 37.464954 28.772318 20.981205,
 14.952419 18.292061 23.755995 29.842722 33.739704 33.498299 29.554932 18.171017 24.137800 32.227459 39.530102 42.263947 39.113689 32.140038 23.008076 31.658691 41.490639 48.230415 48.001396 41.222145 31.754776 28.234209 38.367096 47.830479 51.859310 47.830479 38.367096 28.234209 31.754776 41.222141 48.001396 48.230423 41.490635 31.658691 23.008076 32.140038 39.113686 42.263947 39.530102 32.227459 24.137800 18.171017 29.554934 33.498295 33.739700 29.842722 23.755995 18.292063 14.952419,
 20.034264 21.677095 22.857285 23.485561 23.514956 23.037615 22.314571 24.244331 27.802198 30.627722 31.805702 30.871693 28.358822 25.439384 30.466675 37.369560 43.294281 45.724987 43.364418 37.498211 30.840637 33.780083 42.565289 50.371319 53.607445 50.371319 42.565289 33.780083 30.840637 37.498211 43.364414 45.724991 43.294285 37.369560 30.466675 25.439384 28.358820 30.871689 31.805700 30.627726 27.802198 24.244331 22.314569 23.037619 23.514954 23.485561 22.857288 21.677095 20.034260,
 27.822128 31.733536 32.983368 30.756914 27.405642 25.485170 24.969309 31.940481 39.389992 43.816471 41.478474 34.496243 28.505388 25.795900 33.257652 43.679932 53.019985 53.886711 45.238815 34.625862 27.997234 31.234491 41.362988 53.686741 59.708862 53.686741 41.362988 31.234491 27.997234 34.625858 45.238815 53.886707 53.019985 43.679932 33.257648 25.795898 28.505386 34.496235 41.478466 43.816471 39.389992 31.940481 24.969309 25.485170 27.405640 30.756912 32.983372 31.733536 27.822130,
 22.378384 27.129108 33.056976 36.435787 34.215988 28.812323 24.717649 23.992895 30.743397 40.417934 45.829319 41.249767 31.811113 25.450319 25.216503 33.747330 46.897438 54.209652 47.319355 34.276505 25.916256 25.877386 35.094296 49.647823 57.684330 49.647827 35.094296 25.877386 25.916256 34.276505 47.319351 54.209652 46.897446 33.747326 25.216503 25.450319 31.811117 41.249767 45.829319 40.417927 30.743397 23.992895 24.717649 28.812323 34.215988 36.435787 33.056976 27.129108 22.378382,
 19.541946 21.334904 24.106411 28.267622 31.686829 31.709152 28.666014 20.824049 24.203514 30.336739 37.498859 40.650436 37.276234 30.634069 23.283321 29.849615 40.034679 48.453106 48.207821 39.817322 30.202782 27.056751 36.605530 48.160130 53.745583 48.160130 36.605530 27.056747 30.202782 39.817322 48.207813 48.453106 40.034679 29.849617 23.283321 30.634073 37.276234 40.650436 37.498852 30.336739 24.203514 20.824045 28.666014 31.709150 31.686825 28.267626 24.106411 21.334906 19.541943,
 7.470486 8.514662 9.238596 9.634336 9.917086 10.268197 10.596299 8.800637 10.024518 10.996531 11.484270 11.435090 11.148640 10.845306 10.177286 12.076386 13.943535 14.821438 14.134887 12.545688 11.089741 11.029382 13.309316 15.811687 17.004581 15.811687 13.309317 11.029382 11.089743 12.545688 14.134887 14.821438 13.943534 12.076386 10.177286 10.845306 11.148639 11.435090 11.484270 10.996531 10.024517 8.800636 10.596299 10.268197 9.917087 9.634336 9.238595 8.514662 7.470486,
 8.151628 9.444694 10.187518 10.313828 10.239996 10.385245 10.695003 9.552773 11.556604 12.978736 12.883327 11.707426 10.674902 10.364561 10.468813 13.089164 15.674778 16.137854 14.120854 11.654082 10.249943 10.503021 12.947376 16.193701 17.874125 16.193701 12.947376 10.503022 10.249943 11.654080 14.120852 16.137854 15.674779 13.089166 10.468813 10.364561 10.674902 11.707425 12.883327 12.978736 11.556604 9.552773 10.695003 10.385244 10.239996 10.313827 10.187519 9.444694 8.151628,
 7.112974 8.546564 10.365267 11.470353 11.608347 11.641595 11.428366 7.934774 9.999775 12.839907 14.354642 13.364305 11.928317 10.898471 8.641204 11.158823 14.955160 17.116814 15.055510 12.040307 10.129253 9.353933 11.839124 15.796778 18.324490 15.796778 11.839124 9.353932 10.129253 12.040307 15.055510 17.116812 14.955160 11.158823 8.641204 10.898473 11.928317 13.364305 14.354642 12.839907 9.999774 7.934773 11.428366 11.641596 11.608347 11.470353 10.365265 8.546564 7.112974,
 6.754329 8.023316 9.293171 10.231273 10.810819 11.108455 11.178414 7.765868 9.076747 10.698202 12.242906 12.839761 12.257500 11.164521 8.542268 10.330218 13.037064 15.342136 15.145366 12.849528 10.502551 9.445741 11.967421 15.364310 17.198841 15.364310 11.967421 9.445741 10.502553 12.849528 15.145366 15.342136 13.037064 10.330219 8.542268 11.164521 12.257500 12.839761 12.242905 10.698201 9.076747 7.765867 11.178414 11.108455 10.810820 10.231273 9.293169 8.023316 6.754329,

Pairwise cross-correlations of the modulus of all oriented sub-bands at the same scale (size QxQ)
 50.428585 47.400532 41.835529 45.346310,
 47.400532 56.671646 50.261673 45.344193,
 41.835529 50.261673 55.866722 48.468739,
 45.346310 45.344193 48.468739 51.859329,
 53.607437 51.389912 45.777771 47.908844,
 51.389912 59.708862 52.706409 47.577648,
 45.777771 52.706409 57.684311 50.149956,
 47.908844 47.577648 50.149956 53.745579,

Cross-correlations of the modulus of all oriented sub-bands with all oriented sub-bands at the coarser scale (size QxQ)
 45.831734 44.717754 40.940857 42.676804,
 46.799862 51.633106 48.555229 44.351761,
 42.786755 47.709789 49.647751 45.657719,
 43.821201 43.243225 44.363125 45.592228,
 22.644949 22.040848 21.348579 22.483519,
 23.584290 24.742241 24.243744 23.371458,
 22.472523 24.258406 25.889578 24.462753,
 22.147219 22.421532 23.178347 23.781092,

Cross-correlations of the real part of each oriented sub-band with both the real and imaginary part of all phase-doubled oriented sub-bands at the next coarser scale (Q matrices of size 1x2Q, which are computed and stored in a matrix of size Qx2Q)
 -17.486425 -9.280475 -0.774449 -7.280979 0.202239 0.009302 -0.009142 -0.145643,
 -8.589162 -21.214037 -8.771562 -0.699862 0.062342 -0.163211 -0.040768 0.055923,
 -0.812636 -9.302189 -18.698416 -7.572864 0.029001 -0.125131 0.077965 -0.001031,
 -7.153237 -0.822763 -7.641567 -16.876766 0.151904 0.013407 0.042465 -0.328772,
 -8.537835 -4.013091 -0.484223 -3.738995 0.515850 0.201276 -0.026457 -0.016803,
 -3.975198 -8.808703 -4.332149 -0.424528 0.196904 -0.554138 0.001546 0.028542,
 -0.397111 -4.201161 -9.316424 -3.719145 0.035110 -0.505016 0.470070 -0.242789,
 -3.794856 -0.492390 -4.095220 -8.158965 0.360285 0.044902 0.195000 -0.466237,
