Low-band skewness and kurtosis
 -11.398005 146.597565,
 -6.928802 57.490631,
 -3.810596 19.887106,
 -0.551006 9.018223,

High-band variance
 17.317211,

Skewness, kurtosis, variance, mean, maximum and minimum of the reconstructed texture
 -11.501065 139.814758 324.041290 253.315948 255.000000 0.000000,

Auto-correlations of the low-frequency bands at each scale
 8.902351 5.622693 2.912236 1.525976 -2.157050 -3.612263 -0.384573 3.540600 16.795570 53.785496 76.395576 52.048462 12.423515 -1.312537 3.619440 55.918968 161.925415 221.773224 162.178726 55.160145 2.384912 5.755730 80.702477 223.466476 301.986206 223.466476 80.702477 5.755731 2.384911 55.160145 162.178726 221.773224 161.925385 55.918968 3.619440 -1.312538 12.423515 52.048454 76.395576 53.785496 16.795576 3.540600 -0.384573 -3.612262 -2.157048 1.525977 2.912234 5.622693 8.902351,
 6.871080 2.719776 -2.196229 -5.723307 -5.748068 1.130720 8.357633 3.553884 -6.941720 -0.797486 5.604137 -7.999158 -11.127501 4.995585 -0.374920 0.121201 55.615246 96.777664 50.002213 -3.903279 -1.018788 -2.032491 9.301176 97.941643 163.145584 97.941658 9.301176 -2.032491 -1.018788 -3.903279 50.002213 96.777679 55.615250 0.121201 -0.374920 4.995585 -11.127501 -7.999160 5.604137 -0.797484 -6.941720 3.553884 8.357633 1.130720 -5.748068 -5.723307 -2.196229 2.719776 6.871080,
 4.312604 5.518066 4.289150 1.501648 -0.474029 1.514704 4.550242 4.980222 2.113057 2.628137 3.149070 -1.625263 -1.632523 4.179117 2.190592 0.897388 17.482431 30.772959 15.869647 -0.580352 1.215868 0.028531 2.436755 31.015928 52.809269 31.015924 2.436755 0.028531 1.215868 -0.580352 15.869646 30.772961 17.482431 0.897388 2.190592 4.179116 -1.632523 -1.625263 3.149070 2.628137 2.113057 4.980221 4.550242 1.514704 -0.474029 1.501648 4.289150 5.518065 4.312603,
 1.059300 1.722691 1.156386 0.348340 0.814819 1.668940 1.472928 0.789369 0.849860 0.908683 0.604551 0.129985 0.603688 1.317975 0.384581 0.387657 3.125750 5.009015 2.633538 0.373858 0.899774 0.477654 0.605185 4.986306 8.396456 4.986306 0.605185 0.477654 0.899774 0.373858 2.633538 5.009015 3.125749 0.387657 0.384581 1.317975 0.603688 0.129985 0.604551 0.908682 0.849860 0.789369 1.472928 1.668940 0.814819 0.348340 1.156386 1.722691 1.059300,

Auto-correlations of the modulus of each oriented sub-band
 15.355160 16.632471 17.426962 17.581331 17.051645 15.965521 14.538349 24.815008 28.437115 31.008144 31.900230 30.840942 28.107141 24.346926 35.084366 41.543877 46.257549 48.011467 46.260891 41.507790 34.972130 39.710979 47.527718 53.257549 55.389862 53.257549 47.527718 39.710979 34.972130 41.507790 46.260891 48.011463 46.257549 41.543880 35.084362 24.346926 28.107141 30.840944 31.900230 31.008142 28.437120 24.815008 14.538350 15.965518 17.051645 17.581331 17.426962 16.632473 15.355162,
 31.001150 35.714638 35.527496 30.189175 22.175360 14.726917 9.729806 35.361946 44.064640 47.556713 43.671318 34.216446 23.478119 15.065753 35.151966 47.220806 55.356724 55.273167 46.814384 34.193508 22.511442 30.170898 43.395535 55.128716 59.917458 55.128712 43.395538 30.170898 22.511442 34.193508 46.814388 55.273167 55.356716 47.220806 35.151962 15.065754 23.478119 34.216446 43.671318 47.556713 44.064644 35.361946 9.729806 14.726917 22.175360 30.189175 35.527496 35.714638 31.001154,
 17.018820 26.926914 37.202843 41.431812 36.206371 25.181643 15.129281 18.337420 30.687943 43.922619 49.609146 43.154762 29.335423 16.881371 19.063997 33.189949 48.661079 55.523449 48.246983 32.454147 18.270704 19.049232 33.848194 50.260056 57.705273 50.260052 33.848194 19.049232 18.270704 32.454144 48.246983 55.523449 48.661079 33.189953 19.063997 16.881371 29.335423 43.154762 49.609138 43.922619 30.687943 18.337418 15.129282 25.181643 36.206375 41.431812 37.202839 26.926920 17.018820,
 11.982867 16.249889 22.459373 29.173882 33.639721 33.647007 29.374153 16.713564 24.134539 33.614838 42.028320 45.465504 42.200043 34.172462 23.330851 33.971298 45.528797 53.325951 53.374958 45.763718 34.505657 30.189915 42.467499 53.416729 57.906918 53.416729 42.467503 30.189915 34.505657 45.763710 53.374950 53.325947 45.528797 33.971298 23.330851 34.172470 42.200039 45.465504 42.028320 33.614838 24.134539 16.713568 29.374153 33.647003 33.639721 29.173878 22.459373 16.249891 11.982865,
 12.445605 13.303954 13.843804 13.845864 13.272315 12.343360 11.378162 17.871195 21.594624 24.683477 25.846037 24.488123 21.228752 17.374380 26.056301 34.208160 41.107948 43.857777 41.079155 34.105232 25.819712 30.195255 40.729927 49.652161 53.224129 49.652161 40.729927 30.195255 25.819712 34.105232 41.079151 43.857777 41.107952 34.208160 26.056301 17.374380 21.228748 24.488123 25.846037 24.683477 21.594627 17.871197 11.378162 12.343358 13.272314 13.845864 13.843804 13.303954 12.445608,
 17.589304 21.051371 21.328125 17.863274 13.352826 10.369630 9.003020 21.373762 29.221508 33.395069 30.100540 21.917500 14.605223 10.729280 22.090090 33.749767 43.777336 44.347073 34.673534 22.438082 14.176157 18.896839 30.764584 44.518688 51.021423 44.518696 30.764587 18.896839 14.176157 22.438082 34.673527 44.347073 43.777336 33.749771 22.090090 10.729281 14.605223 21.917500 30.100544 33.395073 29.221508 21.373762 9.003021 10.369632 13.352825 17.863276 21.328129 21.051371 17.589304,
 13.117354 18.686502 26.399488 30.360992 25.994864 17.457083 11.350169 14.159162 22.708750 34.984737 41.469395 35.006092 22.222458 13.293846 15.064970 26.275751 42.566635 51.195995 42.745716 26.201664 14.774521 15.386713 27.754759 45.759258 55.172150 45.759258 27.754759 15.386711 14.774521 26.201664 42.745712 51.195999 42.566639 26.275751 15.064971 13.293846 22.222454 35.006092 41.469391 34.984745 22.708750 14.159162 11.350170 17.457083 25.994862 30.360989 26.399488 18.686504 13.117354,
 10.800027 12.388576 15.961375 20.819881 24.020584 22.987192 18.744955 12.088418 16.725227 24.983736 33.786804 37.051903 32.147091 23.368637 15.653029 24.824886 38.043545 48.381622 47.726013 36.843704 24.180090 20.679844 33.484722 48.164219 55.093845 48.164219 33.484722 20.679840 24.180086 36.843704 47.726013 48.381618 38.043541 24.824886 15.653029 23.368643 32.147087 37.051903 33.786804 24.983736 16.725227 12.088418 18.744957 22.987188 24.020580 20.819881 15.961376 12.388576 10.800027,
 4.665422 4.893146 5.212837 5.457646 5.408638 5.056970 4.614424 5.689284 6.658260 7.644174 8.136563 7.773643 6.766706 5.681850 7.276993 9.581647 11.838116 12.846686 11.914243 9.657232 7.316613 8.183026 11.268835 14.314374 15.656862 14.314374 11.268835 8.183026 7.316612 9.657233 11.914243 12.846686 11.838116 9.581645 7.276992 5.681850 6.766706 7.773643 8.136562 7.644174 6.658260 5.689283 4.614423 5.056970 5.408638 5.457646 5.212837 4.893146 4.665422,
 6.235570 7.047270 7.219073 6.521800 5.488652 4.710818 4.338539 7.280624 9.125906 10.214927 9.433882 7.379374 5.533629 4.576941 7.624938 10.530636 13.277624 13.452199 10.726889 7.487823 5.463263 6.778170 9.749299 13.576080 15.529850 13.576080 9.749299 6.778170 5.463263 7.487823 10.726891 13.452199 13.277624 10.530634 7.624937 4.576941 5.533629 7.379374 9.433882 10.214926 9.125906 7.280624 4.338539 4.710818 5.488653 6.521800 7.219073 7.047269 6.235569,
 5.664647 6.667834 7.953009 8.489035 7.415657 5.915619 5.192774 5.911094 7.492915 10.078992 11.481291 9.701612 6.893863 5.487750 6.093972 8.278518 12.236198 14.586303 12.050126 7.940784 5.824464 6.069631 8.507507 13.134340 15.991755 13.134340 8.507506 6.069631 5.824464 7.940785 12.050125 14.586303 12.236198 8.278518 6.093972 5.487750 6.893862 9.701612 11.481290 10.078992 7.492915 5.911092 5.192774 5.915619 7.415657 8.489035 7.953009 6.667834 5.664647,
 4.660982 5.471860 6.435260 7.350691 7.785276 7.400495 6.549224 5.295003 6.560727 8.398275 10.225169 10.738083 9.439992 7.488880 6.169703 8.374125 11.650423 14.279293 13.940976 10.957644 7.853022 7.215652 10.388716 14.427063 16.459366 14.427063 10.388716 7.215652 7.853022 10.957644 13.940976 14.279295 11.650423 8.374125 6.169703 7.488880 9.439993 10.738083 10.225167 8.398275 6.560725 5.295002 6.549224 7.400495 7.785276 7.350691 6.435259 5.471860 4.660982,

Pairwise cross-correlations of the modulus of all oriented sub-bands at the same scale (size QxQ)
 55.389832 52.119202 45.361378 51.518398,
 52.119202 59.917439 53.164661 50.327171,
 45.361378 53.164661 57.705261 51.987087,
 51.518398 50.327171 51.987087 57.906918,
 53.224133 47.715435 46.714977 49.620827,
 47.715435 51.021423 49.080265 45.376591,
 46.714977 49.080265 55.172146 50.553112,
 49.620827 45.376591 50.553112 55.093849,

Cross-correlations of the modulus of all oriented sub-bands with all oriented sub-bands at the coarser scale (size QxQ)
 49.027515 44.487041 43.453140 46.701500,
 48.381424 49.617352 48.703724 46.454723,
 43.685802 45.598732 50.880093 47.859768,
 47.964802 43.600380 48.320312 51.779716,
 22.073961 21.583498 20.988894 22.123249,
 20.467033 22.141403 21.439177 20.304218,
 20.624315 22.261126 23.597635 22.373163,
 22.196722 21.280062 22.274099 23.773556,

Cross-correlations of the real part of each oriented sub-band with both the real and imaginary part of all phase-doubled oriented sub-bands at the next coarser scale (Q matrices of size 1x2Q, which are computed and stored in a matrix of size Qx2Q)
 -19.948341 -9.043788 -0.782247 -9.641518 -0.042622 -0.013725 0.011604 -0.005324,
 -8.469491 -21.407890 -9.470913 -0.751032 -0.009766 0.051732 0.074258 -0.000435,
 -0.774560 -9.503173 -22.061579 -9.751084 0.009284 0.052109 0.152178 -0.006780,
 -9.029363 -0.785020 -9.644180 -22.535946 -0.003308 -0.007749 0.049306 -0.007879,
 -11.054488 -4.398505 -0.522983 -5.162425 0.192246 -0.091479 0.005484 -0.035360,
 -4.574029 -10.441293 -5.376248 -0.539310 0.112569 -0.123012 0.090716 -0.021623,
 -0.484008 -5.028001 -12.148800 -5.257226 -0.017377 0.070490 0.233061 -0.022561,
 -5.161406 -0.529874 -5.397947 -11.575710 0.025947 0.021479 0.112424 -0.014702,
