Low-band skewness and kurtosis
 -11.821013 155.692535,
 -8.624165 89.345421,
 -6.030559 43.913925,
 -3.197196 20.220552,

High-band variance
 16.091654,

Skewness, kurtosis, variance, mean, maximum and minimum of the reconstructed texture
 -11.855641 147.830490 316.945709 253.394379 255.000000 0.000000,

Auto-correlations of the low-frequency bands at each scale
 38.694447 35.366009 35.087265 36.167675 34.719799 34.443615 35.210552 38.263515 50.995827 85.319099 105.211143 82.799934 46.386333 29.581781 36.680672 84.362282 177.595444 229.173019 177.040604 83.330070 33.017483 36.758121 105.050468 229.034622 296.650330 229.034607 105.050476 36.758121 33.017483 83.330070 177.040619 229.173019 177.595444 84.362282 36.680668 29.581781 46.386326 82.799942 105.211159 85.319092 50.995834 38.263515 35.210552 34.443615 34.719810 36.167675 35.087265 35.366013 38.694447,
 25.741470 22.460648 15.980619 22.817274 39.150543 50.829983 47.994133 25.050026 20.103674 25.153622 35.368340 31.756294 33.165134 45.977310 18.077782 28.650520 82.759315 119.884926 76.983345 26.485250 29.476055 17.228451 34.058186 120.318077 180.940048 120.318077 34.058186 17.228451 29.476055 26.485250 76.983345 119.884933 82.759315 28.650522 18.077782 45.977303 33.165134 31.756292 35.368336 25.153625 20.103674 25.050026 47.994129 50.829971 39.150536 22.817274 15.980622 22.460649 25.741470,
 -1.895735 0.302606 6.359708 16.190533 27.031897 39.351578 47.222851 2.177165 4.667351 14.661234 28.746382 34.596718 36.650337 38.129234 6.877623 14.381558 38.643780 60.315491 51.048252 31.003345 22.875216 12.479794 25.144714 58.832146 81.330841 58.832146 25.144714 12.479794 22.875216 31.003347 51.048244 60.315491 38.643780 14.381558 6.877622 38.129234 36.650333 34.596714 28.746378 14.661235 4.667353 2.177163 47.222855 39.351578 27.031897 16.190533 6.359708 0.302607 -1.895736,
 -1.142169 -2.962100 -4.686770 2.722782 13.715255 11.360611 -0.685363 -1.458895 -4.669732 -2.931968 8.004128 13.310049 4.272084 -4.716631 -2.789118 -5.369362 2.707096 15.305296 12.263647 -1.349342 -5.796999 -4.526858 -4.165292 9.256632 19.342072 9.256632 -4.165292 -4.526858 -5.796999 -1.349343 12.263647 15.305296 2.707096 -5.369361 -2.789118 -4.716631 4.272084 13.310048 8.004128 -2.931968 -4.669733 -1.458894 -0.685363 11.360611 13.715254 2.722782 -4.686770 -2.962100 -1.142169,

Auto-correlations of the modulus of each oriented sub-band
 22.860428 24.349234 25.379189 25.871775 25.860365 25.467241 24.828794 28.251692 31.034986 32.936382 33.559811 32.829014 31.056612 28.737436 34.192390 38.821423 42.198681 43.347836 41.910751 38.457047 34.017784 36.759998 42.296669 46.558781 48.208107 46.558781 42.296669 36.759998 34.017788 38.457043 41.910759 43.347836 42.198685 38.821423 34.192390 28.737436 31.056606 32.829010 33.559814 32.936382 31.034981 28.251692 24.828798 25.467239 25.860367 25.871773 25.379189 24.349236 22.860428,
 32.142864 34.707520 34.647827 32.010445 28.206638 24.977057 23.195646 35.472679 40.519882 42.444271 40.140064 34.861744 29.247175 25.211330 35.728230 43.105793 48.115105 47.954300 42.652760 35.203934 28.704464 32.886917 40.855877 48.242718 51.378265 48.242718 40.855877 32.886913 28.704464 35.203934 42.652760 47.954300 48.115105 43.105797 35.728230 25.211336 29.247173 34.861740 40.140064 42.444267 40.519886 35.472675 23.195646 24.977057 28.206638 32.010445 34.647827 34.707523 32.142860,
 21.829096 27.277628 33.395668 36.672409 34.761574 29.472164 24.635729 23.153112 29.874828 37.871143 42.062283 38.954948 31.449465 24.977720 24.119577 31.849487 41.383099 46.268921 42.001717 32.685299 25.019215 24.737759 32.851921 42.934990 47.905930 42.934990 32.851921 24.737757 25.019215 32.685299 42.001720 46.268921 41.383099 31.849487 24.119576 24.977722 31.449471 38.954948 42.062283 37.871143 29.874828 23.153112 24.635729 29.472164 34.761574 36.672409 33.395672 27.277628 21.829096,
 21.578312 24.688736 28.801273 33.065552 35.709427 35.472729 32.844154 24.058155 28.651756 34.630524 39.998772 41.946838 39.517738 34.517807 27.509716 33.953304 41.457340 46.693996 46.432404 41.102638 34.062111 31.341326 38.926830 46.353447 49.612068 46.353443 38.926838 31.341322 34.062111 41.102638 46.432404 46.693996 41.457333 33.953304 27.509716 34.517811 39.517731 41.946831 39.998772 34.630516 28.651756 24.058155 32.844158 35.472729 35.709431 33.065552 28.801273 24.688736 21.578308,
 19.241976 22.573235 25.787325 28.609398 30.734077 31.870634 31.812525 23.504581 27.758705 31.495548 33.980934 34.848412 34.233910 32.500156 28.990353 35.273052 40.743313 43.444855 42.427612 38.646690 33.879860 33.386055 40.519524 46.795078 49.409016 46.795078 40.519535 33.386051 33.879860 38.646690 42.427605 43.444855 40.743313 35.273060 28.990347 32.500160 34.233902 34.848408 33.980934 31.495550 27.758709 23.504578 31.812525 31.870634 30.734077 28.609398 25.787325 22.573236 19.241976,
 23.778286 27.315292 28.925467 29.233631 29.559345 29.904648 29.177856 27.443810 33.461983 36.905762 36.121971 33.214096 30.868347 29.167925 28.898062 36.852615 43.833759 44.637222 39.236065 32.840752 28.505920 28.622692 35.845787 44.527668 48.880699 44.527672 35.845791 28.622692 28.505920 32.840752 39.236061 44.637222 43.833759 36.852619 28.898058 29.167925 30.868345 33.214096 36.121971 36.905762 33.461983 27.443806 29.177858 29.904644 29.559345 29.233631 28.925467 27.315292 23.778286,
 19.050007 23.822697 29.471943 33.910938 34.476891 32.949913 31.140739 22.238554 28.181372 36.100235 41.403908 39.391960 34.494301 30.787289 25.070673 31.793350 41.610668 47.730469 43.168377 34.960991 29.478334 27.505880 34.115246 44.211094 50.295799 44.211094 34.115250 27.505878 29.478334 34.960991 43.168373 47.730469 41.610672 31.793356 25.070669 30.787292 34.494301 39.391956 41.403912 36.100235 28.181376 22.238552 31.140741 32.949909 34.476883 33.910942 29.471945 23.822701 19.050005,
 18.813084 23.594442 29.154753 34.953781 39.393433 41.039940 40.099064 23.458923 29.486809 36.728760 43.680069 47.192993 45.703007 41.256699 29.226004 36.917709 46.036205 53.148819 53.559093 47.575157 39.898926 35.400677 44.161270 53.360573 57.691013 53.360577 44.161274 35.400669 39.898926 47.575150 53.559090 53.148819 46.036205 36.917709 29.226004 41.256699 45.703007 47.192986 43.680069 36.728760 29.486814 23.458923 40.099060 41.039940 39.393436 34.953781 29.154753 23.594444 18.813082,
 3.789341 5.530564 7.509804 9.509660 11.148347 12.057954 12.080002 5.697438 7.968366 10.249687 12.000155 12.801949 12.566468 11.497705 7.911510 10.857683 13.634335 15.148841 14.801531 13.048668 10.722675 9.757254 12.947171 15.853669 17.109238 15.853671 12.947171 9.757254 10.722676 13.048670 14.801532 15.148841 13.634335 10.857683 7.911512 11.497705 12.566466 12.801948 12.000155 10.249686 7.968365 5.697438 12.080002 12.057956 11.148347 9.509659 7.509804 5.530564 3.789340,
 7.252462 9.173429 10.891701 12.083177 12.810560 13.217115 13.184447 8.992573 11.467937 13.616639 14.560984 14.393988 13.796200 12.910839 10.501614 13.474168 16.367693 17.424223 16.189947 14.210310 12.352347 11.576031 14.308928 17.358957 18.909323 17.358955 14.308928 11.576031 12.352347 14.210311 16.189947 17.424225 16.367691 13.474168 10.501614 12.910839 13.796200 14.393989 14.560982 13.616637 11.467936 8.992573 13.184449 13.217115 12.810560 12.083177 10.891701 9.173429 7.252461,
 3.570774 5.357025 7.697920 9.824903 10.906341 11.026040 10.443583 5.049373 7.070508 9.860774 12.094373 12.352841 11.452435 10.216445 6.592300 8.734691 11.863564 14.111009 13.207079 11.139233 9.370519 8.089932 10.163811 13.101849 14.980674 13.101849 10.163809 8.089932 9.370519 11.139235 13.207079 14.111010 11.863564 8.734690 6.592300 10.216445 11.452435 12.352841 12.094373 9.860773 7.070508 5.049373 10.443583 11.026042 10.906341 9.824903 7.697920 5.357025 3.570774,
 1.830562 3.722853 5.991898 8.368121 10.428079 11.642571 11.766771 3.739728 6.233608 9.038534 11.546532 12.916010 12.768046 11.488182 6.038484 9.090497 12.382474 14.726922 14.807955 12.922825 10.320228 8.381386 11.623323 14.766246 16.205229 14.766245 11.623323 8.381386 10.320228 12.922827 14.807955 14.726922 12.382474 9.090496 6.038484 11.488182 12.768046 12.916011 11.546530 9.038534 6.233607 3.739727 11.766771 11.642571 10.428079 8.368121 5.991898 3.722852 1.830562,

Pairwise cross-correlations of the modulus of all oriented sub-bands at the same scale (size QxQ)
 48.208076 44.468452 38.669216 43.460960,
 44.468452 51.378284 43.752243 41.971199,
 38.669216 43.752243 47.905922 43.621468,
 43.460960 41.971199 43.621468 49.612061,
 49.409004 43.232456 41.064724 47.473423,
 43.232456 48.880707 43.396526 43.394993,
 41.064724 43.396526 50.295795 47.877678,
 47.473423 43.394993 47.877678 57.691006,

Cross-correlations of the modulus of all oriented sub-bands with all oriented sub-bands at the coarser scale (size QxQ)
 42.197868 39.753078 38.040249 43.183651,
 40.787792 43.223743 41.712296 42.519169,
 37.819939 40.243340 42.986977 43.036324,
 41.340729 38.920113 41.238911 46.514477,
 22.538965 22.577927 19.715569 21.940889,
 21.476374 24.107025 20.884220 21.981020,
 20.499859 22.456245 21.378471 22.531727,
 22.454559 23.110516 21.718758 23.413927,

Cross-correlations of the real part of each oriented sub-band with both the real and imaginary part of all phase-doubled oriented sub-bands at the next coarser scale (Q matrices of size 1x2Q, which are computed and stored in a matrix of size Qx2Q)
 -12.664092 -5.773442 -0.728248 -6.136832 0.452473 0.238856 -0.088830 -0.181263,
 -5.596788 -12.184962 -5.408235 -0.649686 0.285563 -0.048538 -0.494715 -0.097301,
 -0.763030 -5.341081 -11.735568 -5.716533 0.102086 -0.174738 -1.196958 -0.303155,
 -6.212547 -0.635547 -5.555685 -13.308209 0.244570 -0.011709 -0.614616 -0.456937,
 -6.083090 -3.513533 -0.214293 -2.094021 0.197062 0.205552 -0.101953 -0.661138,
 -3.371118 -6.303752 -2.031728 -0.323063 0.380552 0.185287 -0.383701 -0.050039,
 -0.409162 -2.411905 -3.807301 -1.541384 0.031909 0.067605 -0.473193 -0.118998,
 -2.432122 -0.394852 -1.619705 -3.795700 -0.029983 0.074899 -0.176464 -0.867718,
