Low-band skewness and kurtosis
 -11.406664 146.773438,
 -6.971368 57.993099,
 -3.970770 22.441681,
 -1.114881 8.624709,

High-band variance
 17.325644,

Skewness, kurtosis, variance, mean, maximum and minimum of the reconstructed texture
 -11.486571 139.407867 326.020691 253.309570 255.000000 0.000000,

Auto-correlations of the low-frequency bands at each scale
 0.856687 -0.503575 1.807747 4.778899 4.179194 6.629519 14.624098 -2.523731 13.138083 55.118191 80.926964 57.491440 19.392023 8.670305 -0.924776 53.065105 163.038330 224.866714 164.256256 56.258224 4.837373 3.170957 78.355896 223.843979 303.996033 223.843979 78.355896 3.170957 4.837374 56.258224 164.256256 224.866730 163.038330 53.065105 -0.924776 8.670305 19.392023 57.491444 80.926949 55.118183 13.138083 -2.523731 14.624098 6.629519 4.179196 4.778900 1.807745 -0.503575 0.856686,
 7.985247 1.664908 -6.826370 -10.342388 -6.170223 3.202775 6.741415 5.991413 -9.643103 -6.427524 5.400360 0.904194 -0.362813 8.023186 -4.225377 -5.697342 50.531685 98.340332 59.060066 4.741734 -0.372859 -7.659488 7.587683 98.675987 164.385818 98.675987 7.587683 -7.659488 -0.372859 4.741735 59.060062 98.340324 50.531685 -5.697343 -4.225376 8.023186 -0.362812 0.904193 5.400360 -6.427522 -9.643104 5.991413 6.741415 3.202774 -6.170223 -10.342388 -6.826369 1.664908 7.985246,
 4.869429 2.084747 -2.412610 -2.734633 1.836844 6.110755 5.903164 3.653873 -1.311162 -3.688726 -0.714506 -1.239581 -1.024240 3.344090 2.942422 0.910185 15.781487 30.558371 16.180662 -1.391170 1.447995 2.515747 3.512086 32.071018 54.844296 32.071018 3.512086 2.515747 1.447994 -1.391170 16.180662 30.558367 15.781487 0.910185 2.942422 3.344090 -1.024241 -1.239580 -0.714505 -3.688726 -1.311162 3.653873 5.903163 6.110755 1.836844 -2.734633 -2.412609 2.084747 4.869429,
 1.094806 1.723633 1.534232 0.725489 0.734174 1.698138 2.029938 1.344574 1.222219 0.759992 0.328285 0.166176 0.745027 1.521793 0.577426 0.495316 2.310736 4.018973 2.564475 0.490068 0.361869 -0.054442 0.609311 4.406334 7.165575 4.406334 0.609311 -0.054442 0.361869 0.490068 2.564475 4.018973 2.310736 0.495316 0.577426 1.521793 0.745027 0.166177 0.328285 0.759992 1.222219 1.344574 2.029938 1.698138 0.734174 0.725489 1.534232 1.723633 1.094806,

Auto-correlations of the modulus of each oriented sub-band
 14.803899 16.432697 17.829580 18.732830 18.937565 18.392910 17.174168 24.830700 28.989372 32.157871 33.640766 33.082848 30.650709 26.884958 35.772530 42.831348 48.016346 50.092541 48.523819 43.762383 36.957016 41.092075 49.418510 55.433811 57.652077 55.433811 49.418510 41.092072 36.957016 43.762379 48.523823 50.092541 48.016346 42.831352 35.772530 26.884964 30.650705 33.082848 33.640766 32.157867 28.989376 24.830700 17.174168 18.392910 18.937565 18.732834 17.829580 16.432699 14.803899,
 29.510683 33.943451 34.022846 29.484295 22.493755 15.958786 11.501977 34.240685 42.480713 45.869640 42.462967 33.862988 24.006775 16.217579 34.410385 45.997768 53.765835 53.769463 45.869385 33.962688 22.849405 29.862309 42.594551 53.798340 58.343040 53.798340 42.594555 29.862307 22.849409 33.962688 45.869385 53.769455 53.765835 45.997768 34.410385 16.217579 24.006775 33.862988 42.462963 45.869640 42.480721 34.240685 11.501979 15.958788 22.493755 29.484297 34.022846 33.943451 29.510677,
 13.756454 23.796459 34.564209 39.463345 35.133400 25.233900 16.070185 15.587432 27.961426 41.515041 47.709862 41.966602 29.079313 17.372709 17.046597 31.033503 46.547558 53.654240 46.801510 31.649542 18.023226 17.911394 32.367466 48.481266 55.840946 48.481266 32.367470 17.911392 18.023226 31.649536 46.801517 53.654240 46.547558 31.033506 17.046597 17.372709 29.079309 41.966602 47.709862 41.515038 27.961428 15.587429 16.070187 25.233900 35.133408 39.463341 34.564205 23.796461 13.756454,
 8.825917 13.944403 21.379519 29.320541 34.802544 35.620903 31.786358 14.207738 22.901230 33.706749 43.146420 47.254929 44.399517 36.285385 21.935846 33.994633 46.674450 55.104912 55.405643 47.695854 35.748955 30.158245 43.638279 55.249088 59.919518 55.249088 43.638283 30.158245 35.748955 47.695854 55.405651 55.104916 46.674438 33.994633 21.935846 36.285385 44.399517 47.254929 43.146423 33.706749 22.901232 14.207741 31.786362 35.620899 34.802544 29.320541 21.379519 13.944405 8.825918,
 9.520021 9.966675 10.313085 10.448206 10.231780 9.650803 8.829968 16.324522 19.899803 22.829845 23.828398 22.360888 19.113895 15.361704 24.338015 32.777920 39.938263 42.528751 39.198399 31.787367 23.508539 27.779598 38.610016 48.200779 52.159233 48.200783 38.610016 27.779598 23.508539 31.787367 39.198391 42.528748 39.938267 32.777924 24.338011 15.361704 19.113895 22.360886 23.828398 22.829845 19.899803 16.324524 8.829968 9.650804 10.231780 10.448206 10.313085 9.966675 9.520020,
 18.714113 22.607019 23.233488 19.709427 14.514486 10.546336 8.619429 24.096128 32.927540 37.780987 34.561760 25.520927 16.608421 11.373992 25.477076 38.607216 49.635834 50.474808 40.154175 26.257326 16.222597 21.983990 35.617390 50.696102 57.582695 50.696102 35.617393 21.983990 16.222597 26.257326 40.154171 50.474808 49.635834 38.607216 25.477072 11.373992 16.608421 25.520926 34.561760 37.780991 32.927540 24.096128 8.619429 10.546338 14.514486 19.709427 23.233492 22.607019 18.714113,
 9.397931 14.474344 22.531059 26.855228 23.173683 15.717040 10.071712 10.741493 18.826242 31.393240 37.966656 31.619595 19.566841 11.037953 11.735004 22.435612 38.864040 47.546757 38.865204 22.732702 11.808212 12.105951 23.921631 41.811970 51.436760 41.811974 23.921631 12.105951 11.808211 22.732702 38.865200 47.546761 38.864040 22.435608 11.735004 11.037953 19.566839 31.619595 37.966656 31.393240 18.826246 10.741494 10.071712 15.717040 23.173683 26.855228 22.531059 14.474346 9.397931,
 7.328155 7.867185 10.909625 16.122080 20.341906 20.531214 17.015434 8.974565 12.471596 20.368944 29.401873 33.244591 29.156273 20.768763 12.295755 20.740623 33.800987 44.089859 43.716686 33.351391 20.902317 17.147543 29.652731 44.079308 50.766930 44.079311 29.652733 17.147543 20.902317 33.351391 43.716686 44.089855 33.800983 20.740625 12.295755 20.768763 29.156273 33.244591 29.401873 20.368948 12.471599 8.974565 17.015434 20.531214 20.341906 16.122080 10.909625 7.867185 7.328156,
 4.758752 4.920707 5.072506 5.170434 5.222929 5.275614 5.329072 5.622606 6.549970 7.387593 7.762567 7.514215 6.824475 6.067140 7.575371 9.885928 12.060656 13.002875 12.125897 9.996282 7.763176 8.764516 11.865067 14.863438 16.167208 14.863438 11.865067 8.764516 7.763176 9.996280 12.125897 13.002876 12.060656 9.885928 7.575371 6.067140 6.824474 7.514215 7.762567 7.387593 6.549970 5.622604 5.329071 5.275614 5.222929 5.170434 5.072505 4.920707 4.758752,
 6.321566 7.009148 7.479759 7.233011 6.589534 6.042289 5.642810 7.311290 9.271978 10.795792 10.231674 8.148373 6.441473 5.720701 7.701950 10.902974 14.375314 14.883534 11.710471 8.083793 6.168706 7.084964 10.260579 14.864972 17.357609 14.864972 10.260578 7.084963 6.168706 8.083793 11.710472 14.883534 14.375314 10.902973 7.701950 5.720701 6.441473 8.148373 10.231674 10.795792 9.271978 7.311290 5.642810 6.042289 6.589533 7.233010 7.479758 7.009147 6.321566,
 5.908644 6.547527 8.205973 9.395941 8.653975 6.947122 5.916528 6.158435 7.616162 10.661684 12.678518 11.151682 7.997671 6.143712 6.417514 8.763666 13.226562 15.992172 13.535474 8.973381 6.385294 6.509427 9.324424 14.453271 17.457771 14.453271 9.324422 6.509427 6.385294 8.973381 13.535474 15.992172 13.226560 8.763666 6.417514 6.143712 7.997670 11.151681 12.678518 10.661683 7.616161 6.158435 5.916528 6.947122 8.653975 9.395941 8.205973 6.547526 5.908643,
 4.965337 5.070024 5.552358 6.482485 7.341706 7.359346 6.623618 5.056639 5.804943 7.540640 9.761826 10.732513 9.514490 7.333364 5.574425 7.578897 11.056939 14.104998 13.904031 10.700355 7.307984 6.499069 9.762864 14.083567 16.290701 14.083567 9.762862 6.499069 7.307985 10.700355 13.904031 14.104998 11.056939 7.578896 5.574425 7.333363 9.514490 10.732512 9.761825 7.540640 5.804943 5.056639 6.623619 7.359347 7.341705 6.482485 5.552358 5.070024 4.965336,

Pairwise cross-correlations of the modulus of all oriented sub-bands at the same scale (size QxQ)
 57.652088 52.130001 45.304790 53.252216,
 52.130001 58.343033 51.789696 50.065632,
 45.304790 51.789696 55.840954 52.006233,
 53.252216 50.065632 52.006233 59.919544,
 52.159233 50.234612 44.651882 47.377300,
 50.234612 57.582684 50.058399 46.225731,
 44.651882 50.058399 51.436756 46.597477,
 47.377300 46.225731 46.597477 50.766930,

Cross-correlations of the modulus of all oriented sub-bands with all oriented sub-bands at the coarser scale (size QxQ)
 49.240089 48.303944 42.610352 45.329224,
 47.568321 52.746437 47.118111 43.711369,
 42.610882 47.768490 48.445290 44.888561,
 47.261749 47.176266 46.964821 49.315468,
 22.820499 22.420910 22.019579 21.960014,
 23.444141 25.170458 24.437738 21.937185,
 21.161221 22.757336 24.061041 22.015562,
 21.590839 21.018518 22.386133 22.597681,

Cross-correlations of the real part of each oriented sub-band with both the real and imaginary part of all phase-doubled oriented sub-bands at the next coarser scale (Q matrices of size 1x2Q, which are computed and stored in a matrix of size Qx2Q)
 -20.728662 -9.981407 -0.837410 -8.905128 -0.245048 -0.071806 -0.015375 0.007721,
 -9.304819 -23.568890 -9.443909 -0.639694 -0.206176 -0.147044 0.108322 0.020476,
 -0.804225 -9.965509 -20.468666 -8.687353 -0.014169 -0.022161 0.266419 -0.046376,
 -8.840875 -0.690183 -8.574826 -20.635717 -0.001141 0.013098 0.052590 -0.131707,
 -10.954189 -5.687926 -0.535745 -4.602502 -0.043518 -0.084260 0.000497 -0.186383,
 -5.158668 -13.307071 -5.520035 -0.393280 -0.043218 -0.246134 0.009200 -0.017379,
 -0.476383 -5.840538 -12.109281 -5.106256 0.063789 -0.105195 0.014726 -0.162874,
 -4.591136 -0.491185 -5.364497 -11.136961 0.093566 0.015473 -0.013386 -0.479492,
