Low-band skewness and kurtosis
 -11.363585 145.722351,
 -6.870987 55.978146,
 -3.726122 18.961788,
 -0.470515 6.138149,

High-band variance
 17.471405,

Skewness, kurtosis, variance, mean, maximum and minimum of the reconstructed texture
 -11.437695 138.225342 329.000275 253.294937 255.000000 0.000000,

Auto-correlations of the low-frequency bands at each scale
 8.803637 1.216876 1.061840 3.991124 1.220923 -2.314117 -0.725832 3.417623 15.374874 55.989212 81.582359 55.411797 11.960953 -3.000650 1.141655 54.063885 164.629227 227.168289 164.554672 52.898079 -0.671999 1.869857 77.671181 225.286118 306.806183 225.286118 77.671188 1.869857 -0.671999 52.898071 164.554672 227.168320 164.629227 54.063889 1.141654 -3.000650 11.960953 55.411797 81.582359 55.989204 15.374874 3.417623 -0.725833 -2.314116 1.220922 3.991124 1.061841 1.216876 8.803637,
 9.269255 3.822092 -4.670489 -6.920969 -4.507977 1.623292 5.923026 6.198775 -4.816799 -2.219573 5.960898 -5.349238 -11.879193 -0.901355 -0.506976 -0.054372 54.972023 98.307625 51.691689 -6.499049 -6.969391 -5.609386 6.432104 98.068901 165.139008 98.068901 6.432104 -5.609386 -6.969391 -6.499049 51.691685 98.307625 54.972027 -0.054372 -0.506976 -0.901354 -11.879193 -5.349238 5.960898 -2.219572 -4.816799 6.198775 5.923026 1.623292 -4.507978 -6.920969 -4.670489 3.822092 9.269255,
 5.575759 4.706142 1.254709 -0.610514 0.722126 3.397566 2.690299 4.390712 -0.587519 -0.618160 1.333396 -1.401366 -0.920210 2.900459 3.063957 -0.645916 16.494722 30.782475 14.890226 -2.001457 0.960605 1.187969 0.887658 30.339989 53.720230 30.339989 0.887659 1.187969 0.960605 -2.001457 14.890226 30.782475 16.494724 -0.645915 3.063957 2.900459 -0.920210 -1.401366 1.333396 -0.618160 -0.587519 4.390712 2.690299 3.397566 0.722126 -0.610514 1.254709 4.706142 5.575759,
 0.745616 1.427223 1.311268 0.550037 0.357419 0.862360 0.902368 0.518619 0.601517 0.748684 0.785291 0.492978 0.601114 0.834697 0.252037 0.347644 2.643863 4.505711 2.745013 0.507183 0.471187 0.211993 0.612444 4.473105 7.354184 4.473105 0.612444 0.211992 0.471187 0.507183 2.745013 4.505711 2.643863 0.347644 0.252037 0.834697 0.601114 0.492978 0.785291 0.748684 0.601517 0.518619 0.902368 0.862360 0.357420 0.550037 1.311268 1.427223 0.745616,

Auto-correlations of the modulus of each oriented sub-band
 16.744438 18.074209 18.808420 18.810413 18.046986 16.646891 14.829899 26.900709 30.875576 33.591152 34.422970 33.112602 29.952162 25.617846 37.468510 44.504478 49.534340 51.337635 49.384930 44.185520 36.976952 42.056133 50.538708 56.664097 58.921623 56.664097 50.538712 42.056133 36.976952 44.185516 49.384941 51.337635 49.534332 44.504482 37.468506 25.617846 29.952162 33.112602 34.422970 33.591152 30.875582 26.900705 14.829900 16.646889 18.046986 18.810413 18.808420 18.074209 16.744438,
 31.136362 35.283707 34.725479 29.421017 21.567511 14.071036 8.754229 35.540367 43.997871 47.141239 43.148281 33.712288 22.825125 14.030893 35.026199 47.269272 55.290852 55.099400 46.579727 33.729836 21.568110 29.577717 43.247494 55.124218 59.919563 55.124218 43.247498 29.577717 21.568113 33.729832 46.579735 55.099400 55.290844 47.269279 35.026199 14.030896 22.825125 33.712288 43.148281 47.141235 43.997871 35.540363 8.754230 14.071036 21.567511 29.421015 34.725479 35.283710 31.136358,
 15.467979 24.827936 35.217098 40.050858 35.368027 24.593060 14.516275 16.855181 28.691326 41.959202 48.098896 42.053818 28.454359 16.044476 17.678991 31.396978 46.846661 53.967377 46.890484 31.251833 17.215120 17.806665 32.332649 48.664295 56.146545 48.664295 32.332649 17.806665 17.215122 31.251831 46.890480 53.967377 46.846657 31.396978 17.678988 16.044477 28.454359 42.053822 48.098896 41.959202 28.691326 16.855179 14.516275 24.593054 35.368027 40.050858 35.217106 24.827936 15.467977,
 10.937235 15.858288 22.876150 30.190567 34.825726 34.636288 29.898432 15.801005 24.096334 34.399273 43.233040 46.655594 43.107494 34.509468 22.718704 34.343716 46.604034 54.626244 54.577908 46.617657 34.629482 29.983398 43.182968 54.634895 59.239735 54.634895 43.182972 29.983395 34.629482 46.617645 54.577908 54.626240 46.604027 34.343719 22.718704 34.509476 43.107494 46.655590 43.233040 34.399269 24.096334 15.801005 29.898432 34.636288 34.825729 30.190567 22.876150 15.858292 10.937235,
 11.107586 11.963178 12.569786 12.592413 11.931942 10.845057 9.705501 16.868837 20.912319 24.258802 25.384186 23.684029 19.970465 15.757250 24.703825 33.498138 41.066338 44.090794 40.994732 33.319164 24.368986 28.680391 40.017422 49.839840 53.836872 49.839844 40.017422 28.680391 24.368986 33.319160 40.994732 44.090794 41.066349 33.498142 24.703825 15.757250 19.970463 23.684029 25.384186 24.258806 20.912321 16.868837 9.705500 10.845057 11.931940 12.592413 12.569789 11.963178 11.107586,
 18.188560 21.795244 21.715881 17.522141 11.951259 8.037745 6.496189 21.981165 30.536583 34.736252 30.862423 21.475229 12.704232 7.992198 22.066317 34.962105 45.578987 45.961594 35.377113 21.578442 11.994358 17.776068 31.103775 46.046505 52.886478 46.046509 31.103779 17.776068 11.994357 21.578440 35.377106 45.961594 45.578987 34.962105 22.066317 7.992198 12.704229 21.475227 30.862423 34.736252 30.536583 21.981165 6.496188 8.037745 11.951259 17.522142 21.715883 21.795248 18.188559,
 10.999710 16.694904 24.518133 28.709919 24.620914 16.189119 10.174894 11.866654 20.701323 33.258804 40.047886 33.535130 20.327291 11.130735 12.466954 24.039406 40.767708 49.751034 40.992317 23.828215 12.014960 12.536878 25.293812 43.866310 53.665943 43.866310 25.293814 12.536878 12.014960 23.828211 40.992317 49.751034 40.767715 24.039408 12.466954 11.130735 20.327293 33.535118 40.047886 33.258812 20.701323 11.866654 10.174895 16.189119 24.620914 28.709917 24.518139 16.694904 10.999710,
 8.614967 10.583822 14.588159 19.739105 23.117514 22.264223 18.074631 10.371409 15.622642 24.389153 33.239307 36.208946 31.075062 21.999840 14.202141 24.226522 38.060356 48.352123 47.309654 36.008091 22.690451 19.284203 32.988491 48.270329 55.325928 48.270332 32.988499 19.284203 22.690451 36.008091 47.309650 48.352123 38.060352 24.226522 14.202141 21.999840 31.075062 36.208946 33.239307 24.389153 15.622644 10.371409 18.074631 22.264223 23.117508 19.739105 14.588161 10.583824 8.614966,
 4.434577 4.771367 4.968394 4.932371 4.662828 4.319279 4.093550 5.816051 6.898074 7.767958 7.993489 7.405950 6.349808 5.389785 8.174479 10.517334 12.580840 13.317719 12.219295 9.951001 7.683863 9.218407 12.277594 15.179809 16.429535 15.179807 12.277594 9.218407 7.683863 9.951001 12.219296 13.317719 12.580840 10.517334 8.174479 5.389786 6.349808 7.405951 7.993489 7.767957 6.898074 5.816050 4.093550 4.319279 4.662829 4.932371 4.968394 4.771367 4.434576,
 5.678232 6.396993 6.345838 5.390485 4.413938 4.131667 4.355532 6.892491 8.808377 9.877983 8.866737 6.683180 5.132542 4.680163 7.343266 10.277044 13.133883 13.245653 10.362504 7.198783 5.523954 6.674098 9.500676 13.395908 15.426521 13.395908 9.500676 6.674098 5.523954 7.198783 10.362502 13.245651 13.133883 10.277044 7.343266 4.680163 5.132541 6.683178 8.866737 9.877983 8.808376 6.892489 4.355533 4.131667 4.413938 5.390486 6.345838 6.396993 5.678231,
 4.756434 5.827784 7.559450 8.417615 7.338917 5.652043 4.628370 5.192796 6.848022 9.870172 11.532141 9.584302 6.522963 4.953290 5.450274 7.613110 11.936090 14.522956 11.737787 7.372898 5.277794 5.474984 7.820517 12.724929 15.822781 12.724929 7.820516 5.474983 5.277794 7.372898 11.737784 14.522956 11.936090 7.613110 5.450272 4.953290 6.522963 9.584302 11.532141 9.870172 6.848022 5.192795 4.628369 5.652043 7.338917 8.417614 7.559450 5.827784 4.756434,
 4.783766 5.122224 5.677783 6.549045 7.160984 6.766438 5.674994 5.404008 6.252159 7.929276 10.030048 10.771500 9.269066 7.031580 6.280509 8.198396 11.605555 14.635655 14.324432 10.992932 7.757426 7.292664 10.375270 14.712064 16.992453 14.712064 10.375270 7.292663 7.757426 10.992932 14.324433 14.635657 11.605555 8.198395 6.280508 7.031580 9.269066 10.771501 10.030048 7.929276 6.252159 5.404007 5.674994 6.766438 7.160984 6.549044 5.677783 5.122224 4.783765,

Pairwise cross-correlations of the modulus of all oriented sub-bands at the same scale (size QxQ)
 58.921623 53.878857 45.684776 53.370056,
 53.878857 59.919571 52.188217 50.572105,
 45.684776 52.188217 56.146549 52.239235,
 53.370056 50.572105 52.239235 59.239750,
 53.836868 49.148857 46.378460 49.941650,
 49.148857 52.886467 48.756218 46.488705,
 46.378460 48.756218 53.665939 50.050629,
 49.941650 46.488705 50.050629 55.325932,

Cross-correlations of the modulus of all oriented sub-bands with all oriented sub-bands at the coarser scale (size QxQ)
 50.534107 47.128082 44.680531 48.247818,
 48.082649 50.650818 48.690304 46.576569,
 42.588665 45.443062 49.717396 46.833843,
 47.961384 44.579502 48.811634 52.105896,
 23.796978 21.680569 20.795782 23.032549,
 22.168131 22.247755 21.854040 21.682991,
 21.481203 21.745361 23.195482 23.196812,
 22.839407 20.924850 22.450001 24.776461,

Cross-correlations of the real part of each oriented sub-band with both the real and imaginary part of all phase-doubled oriented sub-bands at the next coarser scale (Q matrices of size 1x2Q, which are computed and stored in a matrix of size Qx2Q)
 -21.827131 -9.549377 -0.779653 -9.802258 0.013925 0.008734 0.003782 0.024051,
 -9.457535 -21.799320 -9.039852 -0.742374 0.009389 -0.011382 0.039503 0.001411,
 -0.777040 -9.325807 -21.096128 -9.999417 0.006175 -0.006741 0.174123 0.005196,
 -9.444104 -0.776602 -9.334219 -23.261990 -0.006435 0.004093 0.076216 0.038097,
 -11.934326 -5.294635 -0.466640 -5.427059 0.684741 -0.000277 -0.016210 -0.000852,
 -5.265199 -11.482214 -4.931433 -0.492127 0.202539 0.005716 0.139399 -0.047422,
 -0.542562 -4.833327 -11.685284 -5.368951 -0.000897 0.057437 0.131607 -0.062444,
 -5.409921 -0.459409 -5.348922 -12.284361 0.295030 0.017616 -0.092186 0.088846,
