Low-band skewness and kurtosis
 -11.332944 145.088394,
 -6.703502 53.108459,
 -3.445584 16.271990,
 -0.725920 6.972088,

High-band variance
 17.434170,

Skewness, kurtosis, variance, mean, maximum and minimum of the reconstructed texture
 -11.409570 137.643524 329.565735 253.287598 255.000000 0.000000,

Auto-correlations of the low-frequency bands at each scale
 1.435563 -2.484181 -1.887389 -0.367185 -3.511699 -4.291779 1.576331 -2.833275 11.243303 52.423557 76.879349 50.563179 9.838154 -1.584090 -1.620754 52.520817 163.682251 225.593307 162.506210 51.830650 -0.440007 1.374534 77.689743 225.708130 307.414795 225.708130 77.689743 1.374533 -0.440007 51.830650 162.506210 225.593338 163.682236 52.520817 -1.620754 -1.584090 9.838154 50.563179 76.879349 52.423557 11.243303 -2.833273 1.576330 -4.291778 -3.511698 -0.367185 -1.887388 -2.484181 1.435563,
 6.065886 1.592853 -7.167008 -11.532182 -7.637717 2.823488 7.263915 -0.286178 -11.388302 -6.388034 2.395976 -6.726569 -8.476198 3.692591 -7.222821 -6.041391 51.729149 96.105560 50.814507 -5.177598 -5.625988 -9.749736 3.844361 96.653465 163.838867 96.653465 3.844361 -9.749736 -5.625988 -5.177598 50.814495 96.105560 51.729145 -6.041391 -7.222821 3.692591 -8.476196 -6.726567 2.395976 -6.388035 -11.388302 -0.286177 7.263915 2.823488 -7.637718 -11.532182 -7.167006 1.592853 6.065886,
 3.780253 3.504871 1.256320 -0.114028 0.785071 3.571285 5.195734 2.172787 -1.391543 -1.325946 0.346900 -2.364332 -2.074138 2.611009 -1.100062 -3.079725 14.066113 28.293455 13.124051 -3.936516 -1.004531 -2.284793 -1.618599 27.947134 50.919685 27.947134 -1.618599 -2.284793 -1.004531 -3.936516 13.124051 28.293453 14.066112 -3.079724 -1.100062 2.611009 -2.074138 -2.364332 0.346900 -1.325945 -1.391543 2.172786 5.195734 3.571285 0.785071 -0.114028 1.256320 3.504870 3.780253,
 1.055820 0.971208 0.342374 -0.069346 0.322903 1.264245 1.567344 1.466868 0.898236 0.372289 0.188405 -0.381330 -0.121038 1.029927 0.856490 0.513772 2.466696 4.133989 1.701369 -0.629050 0.308189 0.192000 0.047439 3.983491 7.215371 3.983491 0.047439 0.192000 0.308189 -0.629050 1.701369 4.133989 2.466696 0.513772 0.856490 1.029927 -0.121038 -0.381330 0.188405 0.372289 0.898236 1.466868 1.567344 1.264245 0.322903 -0.069346 0.342374 0.971208 1.055820,

Auto-correlations of the modulus of each oriented sub-band
 13.937658 15.568726 16.709913 17.173176 16.870876 15.880995 14.375235 24.815609 29.059679 32.088169 33.246593 32.247860 29.346682 25.176609 36.278172 43.526253 48.727016 50.670639 48.837017 43.709618 36.486916 41.410767 50.034313 56.217533 58.485825 56.217533 50.034317 41.410767 36.486923 43.709610 48.837017 50.670635 48.727016 43.526253 36.278172 25.176615 29.346682 32.247864 33.246593 32.088165 29.059681 24.815609 14.375237 15.880995 16.870876 17.173176 16.709915 15.568724 13.937657,
 30.113201 34.775043 34.475468 29.086926 21.019068 13.422104 8.167557 34.552818 43.444134 46.882275 42.908371 33.297321 22.247364 13.395226 34.188969 46.755619 55.028652 54.903980 46.274204 33.233154 20.909866 28.870079 42.779675 54.865673 59.731712 54.865673 42.779675 28.870079 20.909866 33.233147 46.274204 54.903984 55.028652 46.755623 34.188969 13.395226 22.247362 33.297321 42.908371 46.882275 43.444130 34.552814 8.167556 13.422104 21.019068 29.086927 34.475464 34.775047 30.113201,
 14.679876 25.324070 36.555214 41.446438 36.248215 24.834095 14.294477 16.172495 29.467672 43.745434 50.062328 43.530899 29.136261 15.944411 17.196001 32.373253 48.861488 56.239227 48.752144 32.206825 17.091381 17.536558 33.379494 50.697445 58.503578 50.697445 33.379494 17.536558 17.091381 32.206821 48.752144 56.239227 48.861496 32.373253 17.196001 15.944412 29.136255 43.530899 50.062328 43.745434 29.467676 16.172495 14.294476 24.834091 36.248215 41.446438 36.555210 25.324072 14.679875,
 7.874115 13.335942 21.081060 29.199282 34.552479 34.827160 30.225842 13.388254 22.467335 33.659210 43.308849 47.250046 43.796261 34.937534 21.194452 33.705364 46.838112 55.479969 55.577129 47.293701 34.707756 29.351248 43.364254 55.481880 60.357735 55.481880 43.364254 29.351248 34.707760 47.293694 55.577129 55.479973 46.838104 33.705364 21.194452 34.937538 43.796257 47.250050 43.308849 33.659210 22.467335 13.388254 30.225842 34.827152 34.552483 29.199282 21.081062 13.335943 7.874115,
 8.182227 9.209310 9.918400 10.112014 9.700727 8.816358 7.710477 13.871642 18.135433 21.682175 23.050358 21.566153 17.915430 13.545484 22.535084 31.706217 39.510532 42.579826 39.384937 31.533518 22.331619 26.900913 38.605000 48.680618 52.758995 48.680630 38.605000 26.900913 22.331619 31.533518 39.384930 42.579826 39.510540 31.706221 22.535084 13.545482 17.915426 21.566151 23.050358 21.682175 18.135433 13.871642 7.710477 8.816358 9.700726 10.112014 9.918402 9.209310 8.182227,
 17.817598 22.263346 22.434641 17.934311 11.845243 7.409582 5.286076 21.118969 30.773775 35.647926 31.838984 21.991379 12.457136 6.901660 21.101484 35.222404 46.746811 47.437386 36.505684 21.777079 11.101272 16.908445 31.479195 47.392929 54.558929 47.392929 31.479195 16.908445 11.101272 21.777079 36.505680 47.437386 46.746819 35.222404 21.101484 6.901659 12.457136 21.991379 31.838984 35.647926 30.773779 21.118969 5.286076 7.409581 11.845243 17.934311 22.434641 22.263350 17.817600,
 9.600132 15.964133 24.193430 27.977240 23.273424 14.625842 8.357606 9.830099 19.685448 33.120213 39.677078 32.511192 18.834097 9.053737 10.038188 22.904356 40.877869 49.924061 40.597450 22.523907 9.700324 10.053568 24.111473 43.944016 54.102291 43.944027 24.111473 10.053568 9.700324 22.523905 40.597450 49.924061 40.877869 22.904356 10.038188 9.053737 18.834097 32.511185 39.677082 33.120216 19.685450 9.830099 8.357606 14.625842 23.273422 27.977240 24.193436 15.964135 9.600134,
 6.078313 7.556297 11.383023 17.111315 21.438044 21.260334 17.090765 6.915931 11.903443 21.239492 31.256895 35.299770 30.546259 20.947077 10.577307 21.042425 35.925865 47.228790 46.763618 35.216984 20.934290 16.420008 31.104443 47.228016 54.522366 47.228016 31.104443 16.420008 20.934290 35.216976 46.763618 47.228790 35.925865 21.042425 10.577306 20.947079 30.546259 35.299770 31.256895 21.239496 11.903443 6.915930 17.090765 21.260334 21.438042 17.111315 11.383023 7.556297 6.078313,
 3.727349 4.174407 4.458410 4.543936 4.453772 4.258539 4.026182 4.591986 5.710852 6.659437 7.031640 6.647898 5.759373 4.817711 6.409908 8.847540 11.124212 12.099081 11.178729 8.970806 6.648815 7.619525 10.820945 13.888561 15.214358 13.888561 10.820945 7.619525 6.648815 8.970806 11.178729 12.099081 11.124211 8.847540 6.409908 4.817711 5.759373 6.647898 7.031640 6.659435 5.710852 4.591985 4.026182 4.258539 4.453772 4.543936 4.458410 4.174407 3.727349,
 5.672785 6.616119 6.691338 5.749970 4.601877 4.036732 4.054270 6.206203 8.530775 9.865140 8.873397 6.464569 4.594420 4.056349 6.125112 9.642076 13.029496 13.267767 10.051884 6.316770 4.393585 5.281473 8.635811 13.228179 15.547971 13.228179 8.635811 5.281473 4.393585 6.316771 10.051883 13.267765 13.029496 9.642076 6.125112 4.056349 4.594421 6.464570 8.873397 9.865140 8.530775 6.206202 4.054270 4.036732 4.601876 5.749969 6.691338 6.616119 5.672785,
 3.835606 5.016689 6.894419 7.807859 6.642780 4.736722 3.827515 3.917188 5.825233 9.136105 10.966879 9.021850 5.634957 3.915412 4.021635 6.581958 11.296576 14.047517 11.272086 6.478815 4.008715 4.063315 6.870544 12.228291 15.395348 12.228291 6.870544 4.063314 4.008715 6.478816 11.272086 14.047517 11.296576 6.581958 4.021634 3.915412 5.634958 9.021851 10.966877 9.136105 5.825233 3.917187 3.827515 4.736723 6.642780 7.807859 6.894419 5.016689 3.835606,
 3.499163 3.734184 4.383286 5.458891 6.383173 6.414937 5.575648 3.508997 4.409110 6.474593 8.937695 9.965771 8.662638 6.297938 4.162165 6.432916 10.348027 13.613471 13.382264 9.973521 6.336119 5.381412 8.959190 13.645428 15.976590 13.645428 8.959190 5.381412 6.336119 9.973521 13.382262 13.613469 10.348027 6.432916 4.162165 6.297938 8.662637 9.965771 8.937695 6.474593 4.409110 3.508996 5.575648 6.414936 6.383173 5.458891 4.383286 3.734185 3.499163,

Pairwise cross-correlations of the modulus of all oriented sub-bands at the same scale (size QxQ)
 58.485855 53.339924 46.620323 53.824017,
 53.339924 59.731712 53.551872 50.588013,
 46.620323 53.551872 58.503582 53.733067,
 53.824017 50.588013 53.733067 60.357704,
 52.758995 49.379677 46.027798 49.494293,
 49.379677 54.558929 50.679916 47.310310,
 46.027798 50.679916 54.102295 50.024456,
 49.494293 47.310310 50.024456 54.522362,

Cross-correlations of the modulus of all oriented sub-bands with all oriented sub-bands at the coarser scale (size QxQ)
 49.893055 47.767872 44.447422 47.490009,
 47.747368 52.007885 48.674255 45.732914,
 43.473103 47.835220 51.087650 47.613701,
 48.077000 46.467587 49.060982 52.160915,
 22.444853 21.499615 20.468555 21.644739,
 21.794449 23.245235 22.141489 21.022194,
 20.695314 22.112974 23.129208 22.098011,
 21.825041 20.953215 22.020153 23.206038,

Cross-correlations of the real part of each oriented sub-band with both the real and imaginary part of all phase-doubled oriented sub-bands at the next coarser scale (Q matrices of size 1x2Q, which are computed and stored in a matrix of size Qx2Q)
 -22.290644 -9.897232 -0.777535 -10.051251 0.001859 -0.006793 -0.004466 -0.009081,
 -9.552599 -23.531372 -9.968349 -0.733886 -0.003781 -0.011309 0.003957 0.002302,
 -0.750080 -10.251328 -22.819033 -10.076673 0.000955 0.000821 0.003232 0.004224,
 -9.678092 -0.740133 -9.786208 -23.567678 0.005851 -0.001158 0.002595 -0.007209,
 -12.254918 -5.370003 -0.494946 -5.606665 0.153684 0.031324 0.022035 -0.052999,
 -5.421167 -12.636288 -5.402859 -0.472892 0.044808 0.020478 -0.015258 -0.002934,
 -0.563099 -5.532776 -12.310596 -5.584202 -0.019734 -0.022445 -0.175485 -0.049807,
 -5.620129 -0.447136 -5.435913 -12.822403 0.027684 -0.008605 -0.065448 -0.100130,
