Low-band skewness and kurtosis
 -11.295909 144.182922,
 -6.724936 53.515072,
 -3.581806 17.520357,
 -0.584864 5.134245,

High-band variance
 17.729391,

Skewness, kurtosis, variance, mean, maximum and minimum of the reconstructed texture
 -11.382019 136.984329 330.526520 253.281113 255.000000 0.000000,

Auto-correlations of the low-frequency bands at each scale
 4.311938 -1.241368 -0.578956 2.062544 -0.416688 -1.433986 3.863682 -0.377048 11.580864 52.495773 78.576942 53.838669 12.983854 -0.089733 -0.924651 51.861938 163.119415 226.355576 164.359985 53.479435 0.004239 1.161446 77.518967 225.964691 307.930359 225.964691 77.518982 1.161445 0.004239 53.479435 164.359985 226.355576 163.119400 51.861935 -0.924652 -0.089733 12.983853 53.838673 78.576927 52.495766 11.580864 -0.377048 3.863683 -1.433986 -0.416687 2.062544 -0.578957 -1.241368 4.311938,
 5.571321 0.318336 -7.034413 -9.810280 -5.059840 4.954272 9.180461 3.597234 -9.318932 -5.830237 2.920735 -4.508291 -5.511739 6.131682 -3.396462 -3.381389 52.801739 96.757790 52.287350 -3.026490 -3.419765 -7.406659 5.626455 97.590546 164.470062 97.590553 5.626455 -7.406659 -3.419764 -3.026489 52.287338 96.757767 52.801750 -3.381389 -3.396462 6.131682 -5.511737 -4.508290 2.920735 -5.830238 -9.318932 3.597234 9.180461 4.954272 -5.059840 -9.810279 -7.034414 0.318336 5.571321,
 1.599442 1.256400 -0.758552 -2.009880 -0.677753 2.863710 4.038583 2.033789 -2.356686 -2.792339 -0.346502 -1.887771 -0.850826 3.948066 1.777600 -0.696630 15.162750 29.487040 15.538367 -0.817122 1.735505 0.851534 1.817660 30.303358 52.537094 30.303358 1.817660 0.851534 1.735505 -0.817122 15.538365 29.487040 15.162748 -0.696630 1.777600 3.948066 -0.850826 -1.887771 -0.346501 -2.792339 -2.356685 2.033789 4.038583 2.863710 -0.677753 -2.009880 -0.758552 1.256399 1.599442,
 0.899930 0.765932 0.399695 0.569498 1.318572 1.773042 1.703228 0.998536 0.216912 -0.025334 0.856530 1.433096 1.637085 1.877321 0.696143 0.119966 1.865111 4.131302 2.879652 0.910394 0.966199 0.426478 0.449704 3.757376 6.527605 3.757376 0.449704 0.426478 0.966199 0.910394 2.879652 4.131302 1.865111 0.119966 0.696143 1.877321 1.637085 1.433096 0.856530 -0.025334 0.216912 0.998536 1.703228 1.773042 1.318572 0.569497 0.399695 0.765932 0.899930,

Auto-correlations of the modulus of each oriented sub-band
 15.785318 17.192131 18.185890 18.582170 18.287508 17.369495 15.988207 26.357252 30.411982 33.287544 34.328152 33.251629 30.331167 26.218903 37.288635 44.430214 49.543736 51.399708 49.484188 44.312180 37.117546 42.020802 50.600727 56.782421 59.054977 56.782421 50.600739 42.020802 37.117546 44.312176 49.484188 51.399708 49.543736 44.430214 37.288635 26.218903 30.331167 33.251629 34.328152 33.287544 30.411987 26.357252 15.988206 17.369493 18.287510 18.582172 18.185890 17.192133 15.785318,
 31.040615 35.464428 35.119030 29.850126 21.992645 14.672020 9.765479 36.032665 44.643124 47.940872 43.994255 34.514496 23.643614 15.020683 35.984520 48.286522 56.372272 56.210400 47.682312 34.802708 22.665819 30.727764 44.422222 56.322124 61.106384 56.322124 44.422230 30.727764 22.665819 34.802708 47.682312 56.210400 56.372261 48.286522 35.984520 15.020685 23.643614 34.514496 43.994255 47.940872 44.643127 36.032661 9.765480 14.672020 21.992645 29.850130 35.119022 35.464432 31.040611,
 14.905613 25.123453 36.137352 40.996433 35.967407 25.040150 15.206783 16.556448 29.280228 43.260612 49.511162 43.106266 29.183672 16.746813 17.683060 32.191292 48.333900 55.636917 48.240063 32.125950 17.771734 18.112097 33.223660 50.155151 57.886066 50.155151 33.223663 18.112093 17.771734 32.125946 48.240063 55.636917 48.333900 32.191296 17.683058 16.746815 29.183670 43.106266 49.511162 43.260612 29.280228 16.556448 15.206783 25.040150 35.967407 40.996433 36.137352 25.123453 14.905614,
 8.993570 13.864719 20.965336 28.586882 33.788761 34.316315 30.227539 14.213153 22.619619 33.193699 42.455677 46.364140 43.203411 34.836655 21.651318 33.521538 46.175743 54.599873 54.755127 46.755035 34.646313 29.484783 42.954983 54.745827 59.524685 54.745827 42.954983 29.484783 34.646305 46.755024 54.755127 54.599873 46.175743 33.521538 21.651318 34.836662 43.203415 46.364143 42.455677 33.193699 22.619621 14.213153 30.227539 34.316307 33.788765 28.586882 20.965336 13.864722 8.993570,
 9.426881 10.221171 11.016734 11.544285 11.600343 11.256973 10.735023 16.266594 19.896179 23.071884 24.421833 23.221214 20.080479 16.374090 24.703459 33.100479 40.346550 43.235176 40.210777 32.812386 24.280466 28.569206 39.608185 49.224827 53.140072 49.224827 39.608192 28.569206 24.280466 32.812382 40.210770 43.235176 40.346550 33.100475 24.703455 16.374090 20.080473 23.221210 24.421833 23.071886 19.896179 16.266594 10.735023 11.256973 11.600342 11.544284 11.016735 10.221171 9.426881,
 17.574863 21.364100 22.035036 18.600910 13.457805 9.537601 7.668236 22.541630 30.988457 35.675591 32.479343 23.578751 14.944670 9.971082 23.548365 36.256840 47.063774 47.854839 37.575760 23.923790 14.239588 19.817726 33.076092 47.977840 54.847790 47.977844 33.076092 19.817726 14.239588 23.923790 37.575752 47.854839 47.063778 36.256840 23.548365 9.971080 14.944670 23.578745 32.479343 35.675591 30.988457 22.541630 7.668235 9.537599 13.457803 18.600910 22.035036 21.364098 17.574863,
 9.569409 15.144815 23.676556 28.073589 23.808384 15.767511 10.431353 11.062916 19.526093 32.633701 39.546818 32.861996 20.123646 11.653769 12.236714 23.235609 40.247093 49.311844 40.438660 23.621632 12.541488 12.780161 24.849348 43.369122 53.234467 43.369129 24.849348 12.780161 12.541488 23.621626 40.438660 49.311840 40.247097 23.235611 12.236714 11.653769 20.123644 32.861992 39.546818 32.633709 19.526093 11.062916 10.431353 15.767511 23.808380 28.073589 23.676559 15.144816 9.569409,
 6.384048 7.955048 12.000722 17.815298 22.190088 22.210999 18.424265 8.665375 13.371808 22.409151 32.172058 36.149288 31.642427 22.657251 12.896615 22.611708 36.837132 47.809238 47.319233 36.212215 22.844091 18.612036 32.277725 47.714985 54.849571 47.714985 32.277729 18.612036 22.844091 36.212215 47.319229 47.809238 36.837132 22.611710 12.896615 22.657251 31.642427 36.149288 32.172054 22.409155 13.371808 8.665372 18.424265 22.210999 22.190084 17.815298 12.000724 7.955050 6.384047,
 3.931967 4.091553 4.307463 4.495912 4.588175 4.595585 4.554800 5.253556 5.984405 6.721563 7.153612 7.075527 6.600855 6.010900 7.326231 9.312357 11.210518 12.104813 11.458765 9.719674 7.805047 8.573944 11.344337 13.992747 15.141793 13.992749 11.344336 8.573944 7.805047 9.719676 11.458765 12.104813 11.210518 9.312356 7.326231 6.010899 6.600855 7.075526 7.153612 6.721563 5.984404 5.253555 4.554800 4.595585 4.588175 4.495912 4.307464 4.091552 3.931967,
 5.008658 6.177954 6.589551 5.945445 5.003799 4.477743 4.241764 6.150592 8.466064 9.972124 9.313693 7.242758 5.542447 4.792869 6.755816 10.072604 13.300868 13.667772 10.815303 7.440534 5.507563 6.356515 9.515403 13.728355 15.877319 13.728357 9.515403 6.356515 5.507563 7.440535 10.815303 13.667769 13.300868 10.072604 6.755816 4.792868 5.542447 7.242758 9.313693 9.972124 8.466064 6.150592 4.241763 4.477743 5.003799 5.945445 6.589551 6.177955 5.008658,
 4.522617 5.670034 7.159409 7.878956 6.945829 5.462007 4.611557 4.873574 6.675633 9.625006 11.271650 9.491899 6.573445 5.020972 5.199635 7.576034 11.877751 14.447622 11.817101 7.545450 5.317421 5.383083 7.945674 12.802500 15.806556 12.802500 7.945674 5.383083 5.317421 7.545451 11.817101 14.447624 11.877751 7.576034 5.199635 5.020972 6.573445 9.491899 11.271650 9.625006 6.675632 4.873574 4.611557 5.462008 6.945829 7.878956 7.159409 5.670033 4.522617,
 4.088362 4.144706 4.428765 5.261757 6.134060 6.258460 5.558242 4.476679 5.079478 6.628230 8.744537 9.742736 8.711688 6.634591 5.229725 7.029998 10.323445 13.278745 13.185284 10.192616 6.934668 6.249044 9.337051 13.480835 15.598404 13.480835 9.337051 6.249045 6.934668 10.192616 13.185284 13.278745 10.323445 7.029998 5.229726 6.634590 8.711688 9.742733 8.744537 6.628231 5.079478 4.476679 5.558242 6.258460 6.134060 5.261756 4.428765 4.144705 4.088363,

Pairwise cross-correlations of the modulus of all oriented sub-bands at the same scale (size QxQ)
 59.054962 54.684952 47.006329 53.842701,
 54.684952 61.106384 53.917133 51.297882,
 47.006329 53.917133 57.886082 53.010273,
 53.842701 51.297882 53.010273 59.524689,
 53.140068 49.680645 45.497337 49.325401,
 49.680645 54.847778 49.746250 46.941322,
 45.497337 49.746250 53.234467 49.305946,
 49.325401 46.941322 49.305946 54.849571,

Cross-correlations of the modulus of all oriented sub-bands with all oriented sub-bands at the coarser scale (size QxQ)
 50.444267 48.006767 44.148041 48.042744,
 48.665077 52.346199 48.707710 46.611984,
 43.643051 47.351795 50.195133 47.716721,
 47.833717 45.946884 48.164452 51.706566,
 22.349159 21.947401 20.755461 21.369129,
 21.582886 23.469948 22.222193 20.431244,
 20.251337 22.039217 22.995817 21.306000,
 21.518324 21.172173 22.128437 22.435743,

Cross-correlations of the real part of each oriented sub-band with both the real and imaginary part of all phase-doubled oriented sub-bands at the next coarser scale (Q matrices of size 1x2Q, which are computed and stored in a matrix of size Qx2Q)
 -21.860973 -9.907546 -0.849561 -9.686005 -0.012328 -0.003876 0.007846 0.014764,
 -9.493272 -23.378111 -9.686774 -0.763989 0.014609 -0.016884 -0.012605 0.002805,
 -0.797525 -10.065816 -22.071646 -9.853833 0.012621 -0.004123 -0.035055 -0.027117,
 -9.422400 -0.762716 -9.657820 -22.755394 -0.011322 0.002854 -0.008476 -0.034737,
 -10.987658 -5.085841 -0.510523 -4.952168 -0.083780 0.106135 -0.018913 -0.016463,
 -4.930422 -11.816965 -5.285130 -0.417587 -0.047046 0.117080 -0.019456 0.002558,
 -0.485428 -5.190090 -11.884579 -5.290550 -0.003423 -0.005032 0.170332 0.127583,
 -4.789438 -0.445524 -5.323719 -11.766130 -0.012305 0.016510 0.095960 0.151284,
