Low-band skewness and kurtosis
 -11.394355 146.341354,
 -6.950450 57.876785,
 -3.619900 18.224474,
 -0.438869 5.107459,

High-band variance
 17.331158,

Skewness, kurtosis, variance, mean, maximum and minimum of the reconstructed texture
 -11.478012 139.174423 327.567749 253.305084 255.000000 0.000000,

Auto-correlations of the low-frequency bands at each scale
 0.438041 -1.316649 1.793875 4.002488 0.338804 -2.178360 -0.238526 -3.198758 12.200218 55.232361 81.068764 56.306999 14.921059 -1.476175 -1.728885 52.874874 163.839340 226.140808 165.768936 56.295589 0.388515 1.628185 79.278748 225.553116 305.565735 225.553116 79.278755 1.628185 0.388515 56.295589 165.768936 226.140808 163.839340 52.874874 -1.728885 -1.476175 14.921059 56.306999 81.068764 55.232357 12.200218 -3.198759 -0.238526 -2.178360 0.338806 4.002489 1.793874 -1.316651 0.438041,
 5.136901 2.385500 -1.013093 -4.101977 -6.464032 -0.689262 5.877141 0.319887 -10.940912 -3.645634 6.249085 -7.461314 -14.010153 0.312112 -6.835589 -6.414115 52.605858 98.813721 51.718906 -7.744310 -7.403436 -9.638859 3.550456 98.237038 166.757889 98.237045 3.550457 -9.638859 -7.403436 -7.744310 51.718906 98.813736 52.605858 -6.414116 -6.835589 0.312112 -14.010152 -7.461314 6.249085 -3.645634 -10.940912 0.319887 5.877141 -0.689262 -6.464031 -4.101977 -1.013093 2.385500 5.136900,
 2.742772 2.229235 1.079862 1.114718 1.294831 2.612678 4.576083 1.774006 -2.172625 -0.532296 2.536841 -1.327176 -1.707940 3.930403 -0.502529 -2.701182 15.115112 30.016727 14.167228 -2.486914 0.657076 -1.547373 -0.636435 28.511843 51.742588 28.511843 -0.636435 -1.547373 0.657076 -2.486914 14.167228 30.016726 15.115111 -2.701182 -0.502529 3.930403 -1.707940 -1.327176 2.536840 -0.532296 -2.172625 1.774007 4.576083 2.612678 1.294831 1.114718 1.079861 2.229235 2.742773,
 0.555468 0.641128 0.727227 0.746215 0.698267 0.732964 0.628377 0.489388 0.256990 0.374749 0.622273 0.341380 0.385495 0.769227 0.219247 0.407679 2.424979 3.998540 2.221019 0.245994 0.306535 0.007745 0.557822 4.061719 6.721460 4.061719 0.557822 0.007745 0.306535 0.245994 2.221019 3.998540 2.424979 0.407679 0.219247 0.769227 0.385495 0.341380 0.622273 0.374749 0.256990 0.489388 0.628377 0.732965 0.698266 0.746215 0.727227 0.641128 0.555468,

Auto-correlations of the modulus of each oriented sub-band
 14.545625 16.084532 17.055714 17.295092 16.750381 15.545189 13.906316 25.052475 29.018633 31.711214 32.547504 31.318045 28.334822 24.250378 35.952621 42.765896 47.553040 49.179607 47.217266 42.201633 35.312084 40.470341 48.623280 54.493938 56.653008 54.493938 48.623280 40.470337 35.312084 42.201633 47.217266 49.179611 47.553040 42.765903 35.952621 24.250376 28.334822 31.318045 32.547501 31.711214 29.018633 25.052473 13.906316 15.545188 16.750383 17.295092 17.055714 16.084530 14.545625,
 29.834055 34.592991 34.674698 29.761553 21.907701 14.064679 8.239160 34.498962 43.174007 46.670044 43.080063 33.884605 22.912033 13.706511 34.527794 46.740696 54.732990 54.714500 46.519768 33.832039 21.467062 29.470995 43.142990 54.786594 59.420727 54.786594 43.142994 29.470995 21.467062 33.832039 46.519772 54.714500 54.732983 46.740696 34.527794 13.706512 22.912031 33.884609 43.080063 46.670040 43.174007 34.498962 8.239161 14.064679 21.907701 29.761557 34.674694 34.592999 29.834053,
 14.327082 24.790205 35.605679 40.142258 35.079369 24.045576 13.574662 15.589631 28.388306 42.028587 47.984821 41.756062 27.969183 15.096145 16.422197 30.952225 46.700539 53.730133 46.608772 30.782103 16.184240 16.651066 31.853355 48.416763 55.869141 48.416763 31.853355 16.651064 16.184240 30.782097 46.608784 53.730133 46.700539 30.952229 16.422199 15.096145 27.969183 41.756062 47.984821 42.028587 28.388306 15.589631 13.574662 24.045572 35.079369 40.142258 35.605671 24.790205 14.327084,
 9.249861 14.282202 21.313755 28.610640 33.262249 33.171249 28.583931 13.879790 22.241522 32.599838 41.510529 45.005207 41.529888 33.027924 20.706589 32.347866 44.673466 52.789257 52.766205 44.802773 32.864975 28.008440 41.181526 52.680447 57.334606 52.680447 41.181530 28.008440 32.864975 44.802765 52.766205 52.789257 44.673466 32.347866 20.706585 33.027920 41.529888 45.005215 41.510529 32.599838 22.241524 13.879790 28.583931 33.171249 33.262253 28.610640 21.313755 14.282205 9.249861,
 10.468064 11.976204 13.155150 13.494579 12.826811 11.511729 10.106636 16.427845 21.163288 25.153479 26.682686 24.994848 20.985048 16.382105 25.058964 34.595032 42.731724 46.009850 42.801472 34.757999 25.318645 29.683514 41.646126 51.839619 55.933064 51.839619 41.646126 29.683514 25.318645 34.757999 42.801472 46.009850 42.731724 34.595032 25.058964 16.382103 20.985048 24.994848 26.682690 25.153479 21.163288 16.427843 10.106636 11.511727 12.826811 13.494579 13.155150 11.976204 10.468065,
 16.537424 21.366291 22.497520 18.704912 12.778081 8.417720 6.646399 20.538864 30.243542 35.620174 32.181862 22.321436 12.853672 7.853469 20.825027 34.834942 46.610023 47.428993 36.292835 21.515221 11.362409 16.752155 31.012726 47.107010 54.472336 47.107010 31.012726 16.752155 11.362409 21.515219 36.292839 47.428993 46.610023 34.834942 20.825027 7.853468 12.853671 22.321432 32.181862 35.620182 30.243542 20.538864 6.646399 8.417720 12.778081 18.704916 22.497522 21.366291 16.537424,
 8.815608 16.069979 25.998848 30.724150 25.382505 15.388948 8.690525 9.707514 20.259491 34.938633 42.073635 34.336910 19.573402 9.578663 10.408528 23.682587 42.428024 51.741940 42.081516 23.277208 10.344137 10.672985 24.913317 45.314610 55.634056 45.314610 24.913317 10.672987 10.344140 23.277210 42.081516 51.741936 42.428024 23.682587 10.408528 9.578663 19.573400 34.336910 42.073635 34.938641 20.259491 9.707514 8.690525 15.388948 25.382505 30.724150 25.998848 16.069979 8.815608,
 6.308382 8.895700 13.553080 19.090359 22.531471 21.617786 17.345381 7.816917 13.411697 22.718206 32.076782 35.517776 30.725792 21.694124 11.780590 22.085485 36.436058 47.246990 46.741783 35.613285 22.128851 17.724375 31.725420 47.299416 54.390305 47.299427 31.725422 17.724375 22.128851 35.613285 46.741779 47.246994 36.436062 22.085491 11.780590 21.694120 30.725792 35.517769 32.076778 22.718208 13.411700 7.816918 17.345381 21.617786 22.531469 19.090359 13.553080 8.895700 6.308383,
 3.874846 4.316271 4.767075 5.132387 5.333365 5.397095 5.418365 5.253994 6.431556 7.578056 8.185688 7.964635 7.142641 6.225515 7.310965 9.935787 12.474898 13.602247 12.604932 10.186480 7.669228 8.425047 11.885931 15.280552 16.764841 15.280552 11.885929 8.425047 7.669227 10.186480 12.604931 13.602247 12.474898 9.935789 7.310966 6.225515 7.142641 7.964635 8.185688 7.578055 6.431556 5.253994 5.418365 5.397095 5.333365 5.132387 4.767075 4.316271 3.874845,
 4.752398 5.491399 5.577100 4.855897 4.016262 3.678842 3.839854 5.635510 7.694417 8.952565 8.128453 6.016515 4.365635 3.790795 5.933802 9.199721 12.386044 12.629057 9.621543 6.166273 4.255349 5.213050 8.403604 12.752181 14.982119 12.752181 8.403604 5.213050 4.255349 6.166273 9.621540 12.629057 12.386044 9.199721 5.933801 3.790795 4.365635 6.016515 8.128453 8.952565 7.694417 5.635510 3.839854 3.678842 4.016262 4.855896 5.577100 5.491399 4.752397,
 3.600935 4.415425 6.152719 7.159061 6.147707 4.517586 3.806926 3.676260 5.218572 8.400613 10.274410 8.371553 5.266058 3.849383 3.804855 6.009804 10.565961 13.328526 10.554270 6.031011 3.904638 3.903761 6.356561 11.487526 14.658585 11.487526 6.356561 3.903761 3.904638 6.031011 10.554270 13.328526 10.565960 6.009804 3.804855 3.849383 5.266058 8.371554 10.274410 8.400613 5.218572 3.676260 3.806926 4.517586 6.147708 7.159062 6.152719 4.415425 3.600935,
 3.554326 3.664988 4.257193 5.424733 6.417165 6.451406 5.733403 3.627724 4.393415 6.392973 8.892095 9.923563 8.665459 6.478574 4.170232 6.311996 10.166195 13.464324 13.266707 9.940675 6.415930 5.327569 8.826844 13.467553 15.809755 13.467553 8.826844 5.327569 6.415930 9.940675 13.266707 13.464322 10.166197 6.311996 4.170231 6.478574 8.665459 9.923563 8.892095 6.392973 4.393415 3.627724 5.733404 6.451406 6.417165 5.424733 4.257193 3.664988 3.554326,

Pairwise cross-correlations of the modulus of all oriented sub-bands at the same scale (size QxQ)
 56.653004 52.162201 44.459530 51.463604,
 52.162201 59.420723 52.087860 48.877422,
 44.459530 52.087860 55.869160 50.795357,
 51.463604 48.877422 50.795357 57.334595,
 55.933048 50.959084 48.482685 51.183121,
 50.959084 54.472332 51.281265 47.221912,
 48.482685 51.281265 55.634060 50.619591,
 51.183121 47.221912 50.619591 54.390293,

Cross-correlations of the modulus of all oriented sub-bands with all oriented sub-bands at the coarser scale (size QxQ)
 51.151096 46.670906 44.238049 47.139061,
 49.343590 52.148556 49.732590 45.632286,
 43.940567 46.648655 50.554295 46.426147,
 48.734356 44.809170 48.351654 51.212807,
 24.742956 22.313904 20.500357 22.956781,
 23.051823 22.718456 21.158955 21.298065,
 22.176983 21.831530 22.212017 22.477058,
 23.099684 20.835552 21.284081 23.551756,

Cross-correlations of the real part of each oriented sub-band with both the real and imaginary part of all phase-doubled oriented sub-bands at the next coarser scale (Q matrices of size 1x2Q, which are computed and stored in a matrix of size Qx2Q)
 -22.307037 -9.756887 -0.723430 -10.006675 0.022601 -0.008132 -0.004323 -0.016775,
 -9.472671 -22.908262 -9.429341 -0.758906 0.006282 -0.025173 -0.013103 -0.001587,
 -0.723327 -9.874022 -21.702152 -9.726988 -0.001784 -0.001974 -0.014793 -0.012786,
 -9.738923 -0.744251 -9.293020 -22.882851 0.009690 0.000850 -0.002288 -0.032579,
 -13.258291 -5.394054 -0.413560 -5.708079 0.019682 0.075316 -0.023679 0.021288,
 -5.468163 -11.724482 -4.968490 -0.522972 0.071317 0.088084 -0.040186 0.001240,
 -0.462754 -4.997280 -11.439875 -5.138109 0.002698 0.022160 -0.149137 -0.093177,
 -5.932371 -0.519300 -4.967194 -12.216473 -0.050266 0.008507 -0.157284 -0.058764,
