Low-band skewness and kurtosis
 -11.388680 146.589432,
 -6.820632 55.113556,
 -3.715319 18.935011,
 -0.192061 5.098221,

High-band variance
 17.625080,

Skewness, kurtosis, variance, mean, maximum and minimum of the reconstructed texture
 -11.459162 138.813965 326.793121 253.302383 255.000000 0.000000,

Auto-correlations of the low-frequency bands at each scale
 9.670333 7.858801 7.339967 6.239159 0.554205 -2.221225 1.959399 3.006545 16.918341 55.995377 79.147308 52.500889 10.450511 -3.489573 -0.019940 53.562672 162.645020 223.851761 161.827286 51.105225 -3.428154 -0.346354 76.857254 223.712540 304.409149 223.712494 76.857254 -0.346355 -3.428154 51.105225 161.827301 223.851761 162.645004 53.562672 -0.019940 -3.489573 10.450509 52.500889 79.147308 55.995373 16.918343 3.006546 1.959399 -2.221225 0.554207 6.239160 7.339967 7.858801 9.670333,
 3.566441 -1.461128 -4.913586 -4.707594 -3.450117 0.337303 3.973209 3.104160 -7.337652 0.405302 9.233940 -4.330040 -11.097219 1.570721 -3.863408 -2.944596 55.773239 98.819702 50.143761 -7.563744 -5.338580 -8.219722 2.710300 95.551979 163.233429 95.551979 2.710301 -8.219722 -5.338580 -7.563743 50.143757 98.819710 55.773251 -2.944597 -3.863408 1.570721 -11.097219 -4.330039 9.233940 0.405302 -7.337652 3.104160 3.973209 0.337304 -3.450117 -4.707593 -4.913585 -1.461128 3.566441,
 3.786903 1.699641 -1.422700 -1.930890 0.007832 2.466420 2.866232 3.724660 -2.186371 -3.022553 -0.538897 -2.948561 -1.675791 4.489074 2.710699 -0.617011 15.527071 29.804098 14.156671 -1.596691 3.431565 2.511099 1.820912 30.191225 53.334362 30.191225 1.820911 2.511099 3.431565 -1.596691 14.156671 29.804098 15.527071 -0.617010 2.710700 4.489074 -1.675791 -2.948561 -0.538897 -3.022553 -2.186371 3.724661 2.866231 2.466420 0.007833 -1.930890 -1.422700 1.699641 3.786902,
 0.921711 0.849064 0.240269 -0.048876 0.485248 1.111940 0.943310 1.232012 0.451690 -0.312947 -0.240646 0.365535 1.193840 1.341786 0.869305 0.435540 1.940580 3.533585 2.411819 0.886615 0.825883 0.388575 0.675394 4.017226 6.539048 4.017226 0.675394 0.388575 0.825883 0.886615 2.411819 3.533585 1.940581 0.435540 0.869305 1.341786 1.193840 0.365535 -0.240646 -0.312947 0.451690 1.232012 0.943310 1.111940 0.485248 -0.048876 0.240269 0.849064 0.921711,

Auto-correlations of the modulus of each oriented sub-band
 15.977289 17.446983 18.407679 18.671469 18.167963 17.008953 15.409548 25.572197 29.501028 32.280151 33.266418 32.188652 29.320690 25.313850 35.830399 42.699375 47.669155 49.511517 47.702045 42.738258 35.839474 40.497116 48.758495 54.755322 56.970299 54.755322 48.758499 40.497112 35.839478 42.738258 47.702045 49.511517 47.669151 42.699383 35.830391 25.313856 29.320686 32.188652 33.266418 32.280151 29.501028 25.572197 15.409548 17.008949 18.167965 18.671473 18.407679 17.446987 15.977287,
 30.725348 35.480656 35.335564 30.054520 21.951826 14.206387 8.820040 35.277412 44.203125 47.689289 43.759377 34.108849 22.909313 13.905730 34.815590 47.443840 55.721668 55.588261 46.935226 33.790882 21.326227 29.332123 43.352890 55.484810 60.346806 55.484802 43.352890 29.332119 21.326227 33.790882 46.935226 55.588257 55.721668 47.443840 34.815594 13.905730 22.909311 34.108849 43.759377 47.689285 44.203125 35.277405 8.820040 14.206387 21.951828 30.054523 35.335564 35.480656 30.725348,
 14.825675 25.545218 36.529968 41.192822 35.987499 24.597801 13.953526 16.449932 29.681271 43.631222 49.680279 43.138790 28.831635 15.663267 17.415337 32.463215 48.651321 55.812428 48.353874 31.959328 16.950069 17.585640 33.287514 50.382465 58.074940 50.382462 33.287514 17.585638 16.950069 31.959322 48.353878 55.812435 48.651318 32.463219 17.415337 15.663267 28.831629 43.138790 49.680279 43.631222 29.681273 16.449932 13.953528 24.597801 35.987499 41.192822 36.529972 25.545223 14.825675,
 10.327988 15.403950 22.395493 29.632586 34.333214 34.365746 29.845058 15.238709 23.597004 33.908329 42.829399 46.461784 43.112751 34.565296 22.148430 33.864544 46.265537 54.491283 54.600964 46.623169 34.485199 29.539322 42.911324 54.554768 59.251244 54.554756 42.911327 29.539322 34.485199 46.623169 54.600964 54.491280 46.265530 33.864544 22.148428 34.565300 43.112743 46.461784 42.829395 33.908333 23.597008 15.238709 29.845058 34.365738 34.333221 29.632586 22.395493 15.403952 10.327986,
 10.221809 10.813740 11.509871 11.913198 11.698110 10.952770 10.067133 17.699211 21.579176 24.983168 26.314005 24.755241 21.078966 16.963823 26.798586 35.443954 42.885113 45.779152 42.540531 34.845669 26.116869 30.913870 41.997971 51.645596 55.567932 51.645596 41.997974 30.913870 26.116867 34.845669 42.540531 45.779152 42.885113 35.443954 26.798586 16.963823 21.078966 24.755241 26.314009 24.983170 21.579176 17.699211 10.067134 10.952769 11.698107 11.913198 11.509873 10.813741 10.221809,
 16.201023 18.999720 19.057449 15.656362 10.999656 7.755202 6.615629 20.642733 28.161631 32.091396 28.808012 20.475542 12.669991 8.621796 21.501469 33.314911 43.289074 43.777328 34.016472 21.284861 12.668701 17.966805 30.221159 44.268917 50.742474 44.268917 30.221159 17.966806 12.668700 21.284861 34.016468 43.777332 43.289074 33.314911 21.501469 8.621796 12.669991 20.475542 28.808012 32.091396 28.161634 20.642729 6.615629 7.755201 10.999656 15.656362 19.057449 18.999722 16.201023,
 8.949039 13.620914 21.808208 26.518209 22.702080 14.654719 9.249735 9.990405 17.559448 30.201744 37.228851 31.012587 18.432352 10.146369 10.825028 20.989407 37.485146 46.472744 38.008438 21.507284 10.889194 11.168057 22.542454 40.609871 50.232674 40.609871 22.542454 11.168057 10.889194 21.507284 38.008434 46.472744 37.485146 20.989407 10.825028 10.146369 18.432352 31.012583 37.228844 30.201744 17.559452 9.990405 9.249735 14.654719 22.702078 26.518211 21.808212 13.620914 8.949040,
 7.354001 8.881698 13.221927 18.984652 22.603388 21.626482 17.337515 9.951263 14.853510 23.992050 33.209221 36.200607 30.942875 21.864286 14.462690 24.234461 38.232182 48.540157 47.495495 36.221802 23.070700 19.843491 33.315784 48.507244 55.434605 48.507244 33.315784 19.843491 23.070698 36.221798 47.495491 48.540157 38.232182 24.234465 14.462690 21.864286 30.942875 36.200607 33.209221 23.992050 14.853510 9.951264 17.337515 21.626480 22.603384 18.984653 13.221927 8.881698 7.354002,
 4.306291 4.431480 4.566288 4.672110 4.651642 4.483538 4.253212 5.827432 6.662848 7.442145 7.778095 7.390701 6.457350 5.454554 8.080370 10.342912 12.489896 13.405389 12.441499 10.175949 7.785070 9.263809 12.406459 15.426476 16.738268 15.426476 12.406457 9.263810 7.785070 10.175950 12.441499 13.405389 12.489896 10.342912 8.080370 5.454554 6.457350 7.390701 7.778095 7.442145 6.662848 5.827433 4.253211 4.483539 4.651642 4.672110 4.566288 4.431480 4.306291,
 5.968145 6.496260 6.391034 5.593502 4.815247 4.392956 4.135425 7.097341 8.853412 9.863927 8.895924 6.839827 5.321427 4.569776 7.354026 10.194954 13.116517 13.274086 10.305405 7.151665 5.444621 6.574348 9.325442 13.316850 15.499912 13.316853 9.325442 6.574348 5.444622 7.151666 10.305406 13.274085 13.116517 10.194952 7.354026 4.569776 5.321427 6.839826 8.895924 9.863928 8.853412 7.097341 4.135425 4.392956 4.815247 5.593503 6.391034 6.496259 5.968145,
 5.148643 5.890125 7.467067 8.532529 7.711610 6.294427 5.737270 5.702145 7.048721 9.914133 11.689850 9.994048 7.286324 6.130802 6.231102 8.137748 12.202284 14.697175 12.196506 8.243696 6.474916 6.533787 8.623278 13.155024 15.992949 13.155024 8.623277 6.533787 6.474916 8.243697 12.196506 14.697174 12.202282 8.137747 6.231102 6.130802 7.286324 9.994048 11.689850 9.914131 7.048721 5.702145 5.737270 6.294427 7.711610 8.532529 7.467067 5.890124 5.148643,
 4.200990 4.101565 4.530342 5.751377 6.908829 6.970001 6.165945 4.774242 5.277760 6.994809 9.453340 10.621596 9.472703 7.445297 5.836116 7.607115 11.061717 14.259350 14.187643 11.116277 7.987949 7.211503 10.233814 14.463017 16.675993 14.463017 10.233814 7.211503 7.987949 11.116279 14.187642 14.259350 11.061717 7.607115 5.836115 7.445297 9.472704 10.621596 9.453339 6.994810 5.277760 4.774242 6.165945 6.970001 6.908829 5.751377 4.530342 4.101564 4.200989,

Pairwise cross-correlations of the modulus of all oriented sub-bands at the same scale (size QxQ)
 56.970284 52.818810 46.033882 52.589199,
 52.818810 60.346809 53.869720 50.890282,
 46.033882 53.869720 58.074951 53.028988,
 52.589199 50.890282 53.028988 59.251244,
 55.567932 48.805645 44.846493 51.126278,
 48.805645 50.742477 46.074184 45.319820,
 44.846493 46.074184 50.232677 48.322472,
 51.126278 45.319820 48.322472 55.434593,

Cross-correlations of the modulus of all oriented sub-bands with all oriented sub-bands at the coarser scale (size QxQ)
 50.948685 45.287086 41.299404 47.804554,
 49.066952 49.411095 46.094643 47.207588,
 44.717667 45.079327 47.770576 47.937790,
 48.755054 43.836304 46.179085 52.497833,
 24.107578 22.363010 21.693798 22.883801,
 21.580233 22.425406 21.572737 20.232285,
 20.462034 20.944033 22.284445 21.173336,
 23.366760 21.208914 22.892389 24.388956,

Cross-correlations of the real part of each oriented sub-band with both the real and imaginary part of all phase-doubled oriented sub-bands at the next coarser scale (Q matrices of size 1x2Q, which are computed and stored in a matrix of size Qx2Q)
 -22.517515 -9.631066 -0.806075 -10.223875 -0.003683 0.063889 -0.002299 -0.012323,
 -9.478060 -21.792866 -8.843634 -0.756590 -0.005434 0.191198 0.001865 -0.009200,
 -0.839072 -9.158400 -20.848980 -9.611505 0.001809 0.091643 0.001115 -0.002589,
 -10.114134 -0.754120 -9.382895 -22.982533 -0.001416 0.000233 -0.009258 0.005187,
 -12.416297 -5.263710 -0.478714 -5.483181 -0.075515 0.063887 0.002416 0.034583,
 -5.377798 -11.543640 -5.017722 -0.586894 0.058140 -0.037673 0.058097 0.029167,
 -0.450679 -4.994814 -11.643660 -5.483382 -0.014087 0.016792 0.109592 -0.060889,
 -5.352271 -0.509553 -5.304354 -12.344393 -0.129684 0.030751 0.031416 -0.153951,
