Low-band skewness and kurtosis
 -11.355144 145.337708,
 -7.024024 58.975925,
 -4.211403 24.902794,
 -1.448983 8.093595,

High-band variance
 17.303621,

Skewness, kurtosis, variance, mean, maximum and minimum of the reconstructed texture
 -11.445902 138.459320 328.418762 253.296890 255.000000 0.000000,

Auto-correlations of the low-frequency bands at each scale
 7.284093 7.373075 12.670262 13.416332 5.008155 -0.719948 2.296154 4.294749 19.111305 61.306519 84.582710 55.738750 11.952340 -3.163401 4.352648 57.440601 166.865921 227.228333 164.265610 53.304657 -1.524768 3.635522 80.045204 226.188248 306.436188 226.188248 80.045212 3.635522 -1.524769 53.304649 164.265610 227.228333 166.865906 57.440594 4.352647 -3.163402 11.952342 55.738739 84.582710 61.306519 19.111305 4.294749 2.296154 -0.719946 5.008156 13.416332 12.670264 7.373076 7.284093,
 13.464148 8.917192 5.311332 4.902918 4.216682 7.325716 11.432817 9.612233 -0.616611 6.722297 16.935810 1.656546 -7.938303 4.311377 3.633589 3.352134 58.873085 102.379814 53.383121 -5.311814 -3.968209 -2.378637 8.088762 98.033913 165.118469 98.033913 8.088762 -2.378637 -3.968208 -5.311814 53.383118 102.379814 58.873085 3.352133 3.633589 4.311377 -7.938304 1.656547 16.935810 6.722296 -0.616611 9.612233 11.432817 7.325715 4.216682 4.902918 5.311332 8.917194 13.464148,
 13.290730 11.696771 9.086113 9.004363 8.066957 8.535966 10.879222 10.336468 6.151799 7.028861 10.883380 6.595592 4.867122 9.743118 6.280285 3.795277 21.284649 36.535084 20.047968 3.226823 8.040032 6.216919 4.766469 33.139557 56.648010 33.139557 4.766469 6.216919 8.040032 3.226823 20.047966 36.535084 21.284649 3.795278 6.280285 9.743116 4.867122 6.595592 10.883380 7.028860 6.151798 10.336467 10.879222 8.535966 8.066957 9.004365 9.086111 11.696770 13.290730,
 0.025785 0.454136 1.200923 1.921604 2.221842 2.260395 2.282246 0.152709 0.259872 1.221736 2.191728 1.932833 1.398707 1.501457 0.698256 1.189960 3.752724 5.742498 4.120443 1.613115 1.099654 1.102324 2.083399 5.850672 8.421000 5.850672 2.083399 1.102324 1.099654 1.613115 4.120443 5.742498 3.752724 1.189960 0.698256 1.501457 1.398708 1.932833 2.191728 1.221736 0.259872 0.152709 2.282246 2.260395 2.221842 1.921603 1.200923 0.454136 0.025785,

Auto-correlations of the modulus of each oriented sub-band
 19.549965 20.874825 21.708113 21.861029 21.249975 19.982866 18.298380 28.539358 32.203854 34.754974 35.534710 34.243946 31.177212 27.043848 38.258949 44.802143 49.521046 51.171822 49.189388 44.113552 37.225670 42.256241 50.277344 56.155628 58.344662 56.155628 50.277351 42.256229 37.225674 44.113544 49.189388 51.171810 49.521046 44.802143 38.258949 27.043854 31.177208 34.243946 35.534710 34.754974 32.203854 28.539356 18.298380 19.982870 21.249977 21.861029 21.708113 20.874825 19.549965,
 31.042505 35.267342 35.459679 31.113932 24.083883 17.205408 12.323945 35.366821 43.251919 46.592617 43.326958 34.789646 24.786440 16.734890 35.432331 46.666462 54.283443 54.330261 46.514244 34.625412 23.469856 30.740919 43.286907 54.361828 58.865585 54.361828 43.286915 30.740919 23.469856 34.625412 46.514244 54.330261 54.283440 46.666473 35.432327 16.734890 24.786440 34.789646 43.326965 46.592617 43.251919 35.366821 12.323945 17.205408 24.083889 31.113932 35.459679 35.267349 31.042505,
 17.929737 27.578770 38.284382 43.075035 38.191856 27.301514 17.256130 19.042809 31.139013 44.679924 50.772156 44.576122 30.879534 18.479202 19.742630 33.659691 49.311844 56.397667 49.240360 33.502567 19.424345 19.883608 34.526852 50.995388 58.487850 50.995388 34.526859 19.883604 19.424347 33.502560 49.240360 56.397667 49.311844 33.659687 19.742630 18.479204 30.879534 44.576130 50.772152 44.679916 31.139013 19.042807 17.256126 27.301508 38.191860 43.075035 38.284382 27.578775 17.929737,
 14.979870 19.071920 25.256170 31.862411 36.062172 35.746700 31.142900 18.653929 25.952812 35.453346 43.807739 47.061745 43.551205 35.190647 24.367439 35.074001 46.828590 54.698349 54.633141 46.729313 35.087246 30.743608 43.314877 54.598461 59.227089 54.598461 43.314877 30.743607 35.087250 46.729305 54.633141 54.698349 46.828590 35.074001 24.367439 35.190647 43.551205 47.061745 43.807739 35.453342 25.952814 18.653927 31.142897 35.746700 36.062172 31.862411 25.256170 19.071922 14.979868,
 19.564915 21.065931 22.003138 21.850008 20.641607 18.983454 17.583237 24.131897 28.247576 31.420109 32.151966 29.999901 26.055063 22.115599 30.497240 38.794117 45.900913 48.487640 45.066574 37.481247 29.260450 33.309124 43.886269 53.404228 57.359207 53.404232 43.886272 33.309124 29.260445 37.481247 45.066566 48.487633 45.900913 38.794121 30.497240 22.115597 26.055063 29.999901 32.151962 31.420105 28.247576 24.131897 17.583237 18.983454 20.641607 21.850008 22.003141 21.065937 19.564915,
 21.609781 24.540405 24.635681 21.316963 17.176289 14.807377 14.422079 24.523079 31.402075 34.945770 31.626072 23.920519 17.371754 14.524350 24.548355 35.067524 44.136578 44.348591 35.066429 23.805269 16.740145 21.000643 31.652611 44.437843 50.602989 44.437847 31.652611 21.000643 16.740143 23.805267 35.066429 44.348591 44.136578 35.067524 24.548353 14.524350 17.371752 23.920515 31.626072 34.945770 31.402075 24.523075 14.422079 14.807374 17.176289 21.316963 24.635683 24.540405 21.609781,
 17.281969 21.691959 28.019562 31.315182 27.591986 20.250441 15.267380 17.851152 24.798086 35.097942 40.532188 34.592991 23.234592 15.802010 18.022577 27.341818 41.481354 49.051891 41.139294 26.313305 16.714809 17.606951 27.994978 44.006317 52.662357 44.006317 27.994978 17.606951 16.714808 26.313303 41.139294 49.051884 41.481358 27.341818 18.022577 15.802010 23.234592 34.592991 40.532185 35.097942 24.798086 17.851149 15.267381 20.250437 27.591984 31.315178 28.019562 21.691961 17.281967,
 18.171717 19.339849 22.137905 26.198862 28.929312 27.855965 23.968922 19.035841 22.642637 29.408764 36.797062 39.306561 34.568371 26.672363 21.247561 28.827051 40.460674 49.710678 48.810734 38.521446 27.102581 24.574289 35.795441 49.469784 56.048210 49.469788 35.795441 24.574286 27.102581 38.521446 48.810730 49.710678 40.460682 28.827051 21.247559 26.672363 34.568371 39.306557 36.797062 29.408770 22.642637 19.035841 23.968922 27.855965 28.929308 26.198862 22.137907 19.339849 18.171717,
 8.195915 8.895885 9.463481 9.808329 9.857486 9.570643 8.984770 9.319137 10.566277 11.681167 12.276770 12.090569 11.218435 10.011338 10.833911 13.073988 15.199664 16.226521 15.567343 13.647185 11.420424 11.966290 14.821584 17.523031 18.684565 17.523031 14.821584 11.966289 11.420425 13.647185 15.567343 16.226521 15.199664 13.073986 10.833912 10.011337 11.218435 12.090569 12.276770 11.681166 10.566275 9.319137 8.984770 9.570643 9.857486 9.808327 9.463483 8.895885 8.195914,
 8.025998 9.319925 9.966164 9.594026 8.785960 8.277054 8.031866 8.695208 10.765334 12.136994 11.667457 10.047878 8.736995 8.100455 8.915296 11.591628 14.272551 14.558512 12.229845 9.703707 8.292909 8.657356 11.007629 14.336147 16.147833 14.336147 11.007627 8.657356 8.292909 9.703707 12.229845 14.558512 14.272551 11.591628 8.915296 8.100454 8.736996 10.047878 11.667456 12.136993 10.765333 8.695208 8.031866 8.277054 8.785960 9.594026 9.966163 9.319924 8.025996,
 7.039864 7.799867 8.780380 9.514653 9.121545 8.216087 7.622131 7.404389 8.424493 10.296100 11.610779 10.591642 8.848289 7.875167 7.695648 9.006054 11.819604 13.785699 11.969027 9.274935 7.978900 7.910662 9.339184 12.517671 14.786622 12.517671 9.339184 7.910662 7.978900 9.274937 11.969027 13.785699 11.819604 9.006054 7.695648 7.875166 8.848289 10.591641 11.610779 10.296100 8.424493 7.404387 7.622131 8.216089 9.121543 9.514653 8.780380 7.799867 7.039864,
 7.997249 8.727276 9.429824 10.146584 10.562815 10.244688 9.281367 8.724561 9.701656 11.009035 12.422271 12.894243 11.796802 9.940808 9.480556 11.119206 13.545694 15.616649 15.382743 12.971651 10.348470 10.134296 12.614843 15.762478 17.378462 15.762478 12.614841 10.134295 10.348470 12.971653 15.382746 15.616651 13.545694 11.119207 9.480556 9.940808 11.796802 12.894243 12.422271 11.009033 9.701654 8.724561 9.281368 10.244688 10.562815 10.146582 9.429822 8.727274 7.997247,

Pairwise cross-correlations of the modulus of all oriented sub-bands at the same scale (size QxQ)
 58.344654 53.345428 47.222382 53.281059,
 53.345428 58.865555 53.379700 50.751141,
 47.222382 53.379700 58.487862 53.528416,
 53.281059 50.751141 53.528416 59.227062,
 57.359211 48.471767 46.921432 51.674217,
 48.471767 50.602989 47.173729 46.121510,
 46.921432 47.173729 52.662357 49.838917,
 51.674217 46.121510 49.838917 56.048206,

Cross-correlations of the modulus of all oriented sub-bands with all oriented sub-bands at the coarser scale (size QxQ)
 51.943951 45.401402 43.846760 48.616341,
 49.504517 48.761066 47.752815 46.519886,
 45.729977 45.384468 49.454311 47.949574,
 49.936794 44.211475 47.879581 51.884689,
 25.938454 23.084438 20.799887 24.169458,
 21.751539 21.898552 20.598131 21.440563,
 21.513058 21.585720 21.642881 22.674324,
 23.968161 22.119801 21.754795 24.799753,

Cross-correlations of the real part of each oriented sub-band with both the real and imaginary part of all phase-doubled oriented sub-bands at the next coarser scale (Q matrices of size 1x2Q, which are computed and stored in a matrix of size Qx2Q)
 -21.266619 -9.054939 -0.689990 -9.887196 0.241058 0.009421 0.048431 0.042179,
 -8.836641 -20.230080 -8.245872 -0.843366 0.066431 -0.174699 -0.017569 0.004482,
 -0.731954 -8.572054 -19.757303 -9.593561 0.005119 -0.104784 -0.194814 -0.043443,
 -9.465200 -0.856842 -8.941264 -22.283489 0.102368 0.039265 -0.087955 -0.008442,
 -11.325382 -4.383813 -0.417193 -5.218626 0.615382 -0.070881 0.063933 -0.091222,
 -4.821464 -8.340710 -3.583968 -0.605721 0.174432 -0.180156 0.143056 -0.079057,
 -0.496053 -3.568388 -8.868754 -4.542515 -0.057173 0.031060 -0.138383 0.125103,
 -5.151118 -0.578732 -4.325613 -10.595248 0.138277 0.030431 -0.115464 0.367049,
