Low-band skewness and kurtosis
 -11.409412 146.809006,
 -6.933545 57.072075,
 -3.866535 20.683731,
 -0.434486 6.119166,

High-band variance
 17.229635,

Skewness, kurtosis, variance, mean, maximum and minimum of the reconstructed texture
 -11.491517 139.542358 325.830536 253.310837 255.000000 0.000000,

Auto-correlations of the low-frequency bands at each scale
 2.469136 0.545416 2.803474 4.418851 0.494175 -0.887054 5.294934 -1.856301 13.990138 56.170349 80.669640 54.285557 12.526385 -0.601324 -0.718543 53.944096 163.886871 224.716934 162.836487 53.027378 -0.309773 2.001854 78.319077 224.025009 303.916412 224.025009 78.319084 2.001855 -0.309773 53.027378 162.836487 224.716934 163.886841 53.944088 -0.718543 -0.601324 12.526385 54.285557 80.669647 56.170357 13.990138 -1.856300 5.294934 -0.887054 0.494176 4.418851 2.803474 0.545415 2.469136,
 5.990803 4.153119 -3.174225 -6.203939 -1.175243 8.068720 11.472980 2.795889 -8.728590 -4.022974 5.195573 -2.535781 -4.029042 7.309828 -2.021341 -3.719157 52.289986 96.766823 52.944519 -1.124850 -1.412335 -3.977194 7.364967 97.514503 163.901840 97.514526 7.364967 -3.977194 -1.412335 -1.124850 52.944511 96.766823 52.289986 -3.719157 -2.021342 7.309828 -4.029042 -2.535781 5.195573 -4.022974 -8.728591 2.795889 11.472980 8.068719 -1.175241 -6.203939 -3.174226 4.153119 5.990804,
 3.060068 1.158506 -1.388334 -1.505363 0.202637 2.863886 3.928899 4.240999 -0.770483 -1.582049 2.063088 0.593545 -0.790435 2.111128 2.713005 0.848450 16.300137 31.088133 17.654682 -0.121067 0.428778 0.612841 2.975989 31.379276 53.127338 31.379276 2.975990 0.612841 0.428778 -0.121067 17.654682 31.088131 16.300135 0.848450 2.713005 2.111128 -0.790435 0.593546 2.063088 -1.582049 -0.770483 4.240999 3.928900 2.863886 0.202637 -1.505363 -1.388334 1.158506 3.060067,
 1.112681 1.201661 1.015306 0.811110 0.796152 1.106643 1.134324 1.608609 0.738820 0.354315 0.710694 0.740645 1.027649 1.518374 0.795090 0.019572 1.888600 4.171772 2.907233 0.818483 0.731506 0.075915 0.305390 4.109184 7.024192 4.109184 0.305390 0.075915 0.731506 0.818483 2.907233 4.171771 1.888600 0.019572 0.795090 1.518374 1.027649 0.740645 0.710694 0.354315 0.738820 1.608609 1.134324 1.106643 0.796152 0.811110 1.015306 1.201661 1.112681,

Auto-correlations of the modulus of each oriented sub-band
 15.321754 16.835501 18.011545 18.611835 18.497734 17.708605 16.389542 25.675205 29.629522 32.549374 33.734997 32.854538 30.154745 26.262812 36.607704 43.424641 48.406639 50.300789 48.541096 43.639420 36.814930 41.476479 49.634308 55.571995 57.774574 55.571991 49.634312 41.476471 36.814930 43.639420 48.541096 50.300789 48.406639 43.424648 36.607704 26.262814 30.154745 32.854534 33.734997 32.549374 29.629522 25.675203 16.389542 17.708605 18.497734 18.611835 18.011545 16.835501 15.321754,
 29.422142 33.789528 33.641960 28.844883 21.675093 15.112565 10.823130 34.009083 42.236923 45.510075 41.934444 33.167412 23.206335 15.470875 34.154583 45.732681 53.456284 53.397049 45.420147 33.429207 22.309649 29.536480 42.275726 53.491722 58.031872 53.491722 42.275730 29.536480 22.309650 33.429203 45.420147 53.397057 53.456284 45.732685 34.154579 15.470875 23.206335 33.167412 41.934448 45.510075 42.236927 34.009083 10.823132 15.112564 21.675093 28.844887 33.641960 33.789532 29.422140,
 14.725841 24.535887 34.967426 39.607079 35.137936 25.081923 15.831652 16.267700 28.545359 41.865372 47.812813 41.950321 28.911251 17.093637 17.420376 31.438643 46.863815 53.800049 46.898254 31.622240 17.864090 17.989550 32.558392 48.719063 56.024635 48.719063 32.558392 17.989550 17.864090 31.622236 46.898266 53.800049 46.863811 31.438644 17.420376 17.093637 28.911251 41.950321 47.812813 41.865364 28.545361 16.267698 15.831652 25.081921 35.137936 39.607079 34.967426 24.535887 14.725842,
 9.999559 14.903934 21.973751 29.474026 34.543621 35.031349 31.030270 15.190613 23.484709 33.814537 42.795204 46.559422 43.503071 35.409630 22.537918 34.108261 46.340477 54.432919 54.573746 46.890121 35.199760 30.190805 43.233696 54.565166 59.128716 54.565166 43.233696 30.190805 35.199760 46.890118 54.573746 54.432922 46.340477 34.108261 22.537916 35.409630 43.503063 46.559422 42.795204 33.814533 23.484715 15.190613 31.030270 35.031349 34.543621 29.474028 21.973751 14.903936 9.999559,
 10.860334 11.454496 12.223989 12.789221 12.758603 12.038339 10.828206 16.957178 20.511484 23.705072 25.112053 23.893206 20.511240 16.294933 25.202139 33.654427 40.864422 43.718529 40.673374 33.161430 24.301178 28.917862 40.117699 49.730511 53.624710 49.730511 40.117699 28.917862 24.301178 33.161427 40.673374 43.718533 40.864429 33.654427 25.202139 16.294933 20.511240 23.893204 25.112051 23.705072 20.511486 16.957176 10.828206 12.038339 12.758601 12.789221 12.223990 11.454496 10.860334,
 17.908850 21.880432 22.644709 19.172173 14.107660 10.211516 7.993872 22.645681 31.117081 35.949169 32.715977 23.860277 15.339759 10.187307 23.614525 36.061401 46.903233 47.669472 37.391056 23.975914 14.434815 19.969872 32.856232 47.597904 54.497150 47.597904 32.856232 19.969872 14.434815 23.975914 37.391052 47.669479 46.903244 36.061405 23.614523 10.187307 15.339756 23.860277 32.715977 35.949177 31.117081 22.645681 7.993872 10.211516 14.107660 19.172173 22.644711 21.880432 17.908850,
 10.041263 15.929766 24.542261 29.056089 25.257729 17.425974 11.493393 11.552302 20.475292 33.675335 40.507122 34.131069 21.571053 12.585837 12.755316 24.299009 41.357456 50.208874 41.573353 24.876970 13.292146 13.384347 25.993109 44.474266 54.102379 44.474266 25.993109 13.384347 13.292148 24.876966 41.573353 50.208874 41.357460 24.299011 12.755314 12.585837 21.571053 34.131065 40.507118 33.675339 20.475292 11.552300 11.493393 17.425972 25.257729 29.056089 24.542265 15.929767 10.041263,
 8.036636 9.303762 13.261677 19.261925 23.746305 23.374912 18.917566 9.764853 14.090852 22.961367 32.816212 36.741009 31.766865 22.327181 13.252517 22.545185 36.625973 47.705612 47.087513 35.644909 22.203197 18.280014 31.670448 47.192482 54.485123 47.192482 31.670448 18.280014 22.203199 35.644905 47.087505 47.705612 36.625977 22.545183 13.252517 22.327183 31.766865 36.741005 32.816212 22.961370 14.090850 9.764853 18.917570 23.374912 23.746305 19.261923 13.261677 9.303762 8.036636,
 4.205005 4.104642 4.205078 4.388801 4.459585 4.321575 4.010501 5.551679 6.218922 7.005659 7.421456 7.084979 6.109986 4.961760 7.162722 9.265468 11.367627 12.308638 11.381824 9.141770 6.761246 7.896832 10.894084 13.828486 15.116451 13.828486 10.894084 7.896832 6.761246 9.141768 11.381824 12.308638 11.367627 9.265468 7.162723 4.961759 6.109986 7.084979 7.421456 7.005658 6.218922 5.551679 4.010500 4.321574 4.459586 4.388801 4.205077 4.104642 4.205006,
 5.956522 6.348092 6.242188 5.382631 4.398271 3.973174 4.016384 7.352702 9.002436 9.981764 9.086993 6.837765 4.915044 4.029737 7.592417 10.594052 13.451715 13.667133 10.747160 7.165586 4.908251 6.450561 9.724339 13.855892 15.923553 13.855892 9.724339 6.450560 4.908251 7.165587 10.747159 13.667133 13.451715 10.594051 7.592417 4.029736 4.915044 6.837765 9.086993 9.981764 9.002435 7.352702 4.016384 3.973175 4.398270 5.382630 6.242188 6.348091 5.956522,
 4.462831 5.352712 6.791844 7.716572 7.014278 5.547564 4.512530 4.611051 6.265039 9.078538 10.795847 9.229862 6.346679 4.560514 4.674735 7.069839 11.241482 13.759169 11.308995 7.090408 4.621947 4.673798 7.400879 12.168712 15.035870 12.168712 7.400878 4.673798 4.621946 7.090409 11.308995 13.759167 11.241482 7.069839 4.674735 4.560513 6.346679 9.229862 10.795847 9.078538 6.265039 4.611049 4.512530 5.547564 7.014278 7.716572 6.791844 5.352712 4.462831,
 3.520850 3.396772 3.944673 5.133107 6.243240 6.438904 5.689274 3.728273 4.380091 6.168599 8.411043 9.433794 8.410556 6.352377 4.424671 6.362601 9.750383 12.643478 12.534506 9.622550 6.407041 5.544756 8.700169 12.784781 14.818188 12.784781 8.700168 5.544756 6.407041 9.622550 12.534504 12.643478 9.750383 6.362601 4.424671 6.352376 8.410556 9.433793 8.411043 6.168599 4.380091 3.728273 5.689275 6.438904 6.243240 5.133106 3.944673 3.396772 3.520850,

Pairwise cross-correlations of the modulus of all oriented sub-bands at the same scale (size QxQ)
 57.774578 52.342121 45.151237 53.048893,
 52.342121 58.031868 51.591118 49.882256,
 45.151237 51.591118 56.024616 52.054134,
 53.048893 49.882256 52.054134 59.128735,
 53.624706 49.831615 46.771587 49.556984,
 49.831615 54.497150 50.099262 47.326832,
 46.771587 50.099262 54.102371 49.951599,
 49.556984 47.326832 49.951599 54.485100,

Cross-correlations of the modulus of all oriented sub-bands with all oriented sub-bands at the coarser scale (size QxQ)
 50.271118 47.137676 43.846443 47.206722,
 47.947243 51.241310 47.920624 45.343346,
 43.186035 46.667068 49.688122 46.801762,
 48.493717 45.926907 48.408245 51.491512,
 22.425350 22.003103 20.358093 21.084406,
 21.881536 23.313005 21.410526 20.144251,
 20.532469 21.826180 22.158684 20.950401,
 21.538059 21.056393 21.281857 22.038570,

Cross-correlations of the real part of each oriented sub-band with both the real and imaginary part of all phase-doubled oriented sub-bands at the next coarser scale (Q matrices of size 1x2Q, which are computed and stored in a matrix of size Qx2Q)
 -20.999329 -9.620584 -0.760166 -9.508862 0.033786 0.022669 -0.002734 0.019349,
 -9.107102 -22.498196 -9.301723 -0.733703 0.030171 0.144364 0.047749 -0.001601,
 -0.721944 -9.569547 -21.294886 -9.358762 -0.000771 0.114396 -0.047712 -0.079739,
 -9.100952 -0.707153 -9.120386 -21.987856 -0.018318 0.017291 -0.094845 -0.067017,
 -11.339303 -5.400482 -0.510221 -4.684997 -0.249923 -0.034710 0.048665 -0.069661,
 -5.273887 -11.709833 -4.881405 -0.438868 -0.157299 0.072156 0.168784 -0.000870,
 -0.502515 -4.873410 -10.984114 -4.805336 0.013562 0.125623 0.340942 0.081733,
 -4.875314 -0.492932 -4.929166 -10.737621 -0.011325 0.016214 0.150262 -0.026962,
