Low-band skewness and kurtosis
 -11.507512 149.178894,
 -7.244886 62.447357,
 -4.839662 32.011436,
 -2.323202 14.563762,

High-band variance
 17.345881,

Skewness, kurtosis, variance, mean, maximum and minimum of the reconstructed texture
 -11.576275 141.478073 323.662720 253.330338 255.000000 0.000000,

Auto-correlations of the low-frequency bands at each scale
 10.598405 5.672702 6.203763 9.855432 11.396555 14.803969 19.457754 6.454770 18.842060 57.660469 83.007462 63.924908 30.956833 19.081890 6.902611 58.010082 163.915802 224.238800 168.064819 66.086288 15.045003 10.955013 84.251572 224.591446 301.709686 224.591446 84.251579 10.955014 15.045003 66.086281 168.064819 224.238800 163.915802 58.010082 6.902612 19.081888 30.956833 63.924900 83.007462 57.660461 18.842062 6.454768 19.457754 14.803969 11.396556 9.855432 6.203761 5.672700 10.598405,
 13.676625 12.906009 8.463573 4.470912 7.121497 17.194717 24.182465 10.181573 -0.915574 3.820261 14.391275 7.026309 0.733082 9.299962 5.942008 3.276197 56.959980 102.778732 63.361847 6.271986 1.661412 3.787303 15.757675 104.103920 167.470947 104.103935 15.757676 3.787302 1.661413 6.271985 63.361835 102.778732 56.959984 3.276198 5.942006 9.299963 0.733081 7.026309 14.391273 3.820261 -0.915573 10.181572 24.182461 17.194715 7.121496 4.470912 8.463573 12.906012 13.676622,
 9.972926 8.344177 6.600524 8.813435 11.740434 12.683991 14.539936 13.352847 7.099242 6.886045 12.938000 12.993495 10.212543 11.888519 13.654165 8.450314 23.183102 39.485569 27.368427 9.491299 9.462787 11.066194 10.798626 37.803520 59.344395 37.803520 10.798626 11.066194 9.462788 9.491299 27.368427 39.485569 23.183104 8.450313 13.654165 11.888519 10.212543 12.993493 12.937999 6.886045 7.099242 13.352846 14.539935 12.683990 11.740432 8.813435 6.600525 8.344177 9.972925,
 -0.113259 0.293644 0.692974 1.975119 3.150198 2.922302 1.450340 -0.226492 -0.287141 0.737285 3.024335 3.904946 2.970998 1.425303 -0.546595 0.005164 3.443851 7.295668 6.528761 3.338254 1.244375 0.166667 2.035624 6.904923 10.205387 6.904923 2.035624 0.166667 1.244374 3.338254 6.528761 7.295668 3.443852 0.005164 -0.546595 1.425302 2.970998 3.904946 3.024335 0.737285 -0.287140 -0.226493 1.450340 2.922302 3.150197 1.975119 0.692974 0.293644 -0.113259,

Auto-correlations of the modulus of each oriented sub-band
 18.979780 20.114416 20.943939 21.302275 21.086496 20.336330 19.192715 27.309908 30.508806 32.833641 33.715221 32.895973 30.601406 27.373909 36.659588 42.440475 46.655327 48.184319 46.564419 42.299492 36.509323 40.778870 47.817379 53.027107 54.975567 53.027107 47.817390 40.778862 36.509323 42.299488 46.564419 48.184319 46.655327 42.440475 36.659580 27.373911 30.601400 32.895973 33.715221 32.833641 30.508806 27.309908 19.192715 20.336329 21.086498 21.302277 20.943939 20.114418 18.979780,
 32.265327 36.450951 36.732716 32.914452 26.869946 21.070650 16.962933 36.517292 44.236179 47.557167 44.719658 37.148777 28.321484 21.223078 36.970783 47.713123 55.004639 55.189884 48.120243 37.323349 27.192781 33.275646 44.968437 55.286568 59.474384 55.286568 44.968441 33.275646 27.192783 37.323349 48.120239 55.189884 55.004639 47.713123 36.970783 21.223080 28.321478 37.148777 44.719658 47.557167 44.236191 36.517284 16.962934 21.070646 26.869942 32.914452 36.732716 36.450951 32.265327,
 19.069288 27.436953 36.701138 40.697792 36.277546 27.286976 19.482748 19.987843 30.354645 42.278687 47.608013 41.869068 30.199778 20.289974 20.666136 32.430717 46.288624 52.713856 46.033604 32.332001 20.825716 20.968380 33.157593 47.674767 54.624012 47.674767 33.157597 20.968380 20.825712 32.331993 46.033611 52.713856 46.288620 32.430717 20.666130 20.289976 30.199776 41.869068 47.608025 42.278687 30.354650 19.987839 19.482748 27.286976 36.277546 40.697792 36.701130 27.436958 19.069288,
 15.725129 19.737444 25.814922 32.405224 36.831093 37.062374 33.225399 19.578588 26.629795 35.720646 43.768597 47.128555 44.247803 36.828636 25.529327 35.647507 46.607929 53.972412 54.096718 47.068127 36.507874 32.061985 43.692669 53.971573 58.159840 53.971569 43.692677 32.061981 36.507877 47.068119 54.096710 53.972416 46.607929 35.647511 25.529325 36.828636 44.247799 47.128563 43.768589 35.720646 26.629797 19.578588 33.225403 37.062374 36.831093 32.405224 25.814922 19.737450 15.725126,
 20.570444 21.451777 22.467293 23.361013 23.799679 23.670120 23.104719 23.732227 26.418381 29.089039 30.601614 30.174603 28.114012 25.531540 29.755890 36.000786 41.813442 44.439144 42.352097 36.758831 30.474562 33.326412 41.704414 49.396744 52.640633 49.396751 41.704418 33.326408 30.474558 36.758827 42.352093 44.439140 41.813450 36.000782 29.755890 25.531536 28.114008 30.174601 30.601614 29.089045 26.418379 23.732227 23.104717 23.670122 23.799675 23.361013 22.467297 21.451777 20.570444,
 24.837255 28.245975 29.457907 27.492130 24.489761 22.742493 22.298513 28.375256 35.396591 39.857944 37.724644 31.156836 25.439466 22.729176 29.663248 39.749729 49.200691 50.139938 41.626957 31.159653 24.626118 27.763094 37.646820 50.056950 56.169201 50.056950 37.646820 27.763098 24.626118 31.159653 41.626949 50.139938 49.200691 39.749729 29.663248 22.729176 25.439466 31.156834 37.724640 39.857948 35.396591 28.375254 22.298513 22.742495 24.489761 27.492130 29.457907 28.245977 24.837255,
 20.553991 24.528734 31.026625 34.927395 32.789043 27.696491 23.815119 21.736126 28.034985 38.198235 44.003250 39.603081 30.431953 24.136539 22.784687 31.190723 44.596764 52.016193 45.405300 32.498363 24.055927 23.593475 32.889713 47.485100 55.325169 47.485111 32.889713 23.593475 24.055927 32.498360 45.405296 52.016190 44.596767 31.190725 22.784685 24.136536 30.431950 39.603081 44.003250 38.198235 28.034986 21.736126 23.815119 27.696491 32.789043 34.927395 31.026625 24.528736 20.553991,
 18.446245 19.511059 22.044052 25.927025 29.114580 29.352781 26.799145 19.517447 22.132902 27.957222 34.857487 37.752434 34.276115 27.797209 21.495266 27.441189 37.583958 46.045612 45.459202 36.613510 27.040009 24.446898 33.700783 45.645321 51.581169 45.645329 33.700783 24.446898 27.040012 36.613510 45.459202 46.045612 37.583958 27.441183 21.495264 27.797211 34.276115 37.752434 34.857487 27.957222 22.132902 19.517445 26.799147 29.352781 29.114584 25.927025 22.044052 19.511061 18.446245,
 8.030736 8.736198 9.422087 10.061411 10.577687 10.896138 10.985909 9.828369 10.850265 11.653452 12.071712 11.987961 11.504458 10.846665 11.425880 13.385351 15.012894 15.585104 14.738452 12.972891 11.133670 11.803619 14.400035 16.858418 17.929398 16.858418 14.400035 11.803621 11.133670 12.972891 14.738452 15.585104 15.012894 13.385351 11.425881 10.846664 11.504458 11.987961 12.071712 11.653450 10.850264 9.828370 10.985909 10.896139 10.577688 10.061411 9.422086 8.736198 8.030736,
 8.399523 9.497582 10.301766 10.529785 10.450086 10.390015 10.422647 10.096046 11.853864 13.143367 13.048936 11.971572 10.915812 10.274382 11.120518 13.578207 15.970385 16.332550 14.415550 12.099985 10.555647 11.072161 13.448443 16.496038 18.083328 16.496038 13.448443 11.072160 10.555647 12.099985 14.415550 16.332550 15.970385 13.578207 11.120517 10.274382 10.915812 11.971571 13.048935 13.143367 11.853863 10.096046 10.422647 10.390015 10.450085 10.529783 10.301766 9.497582 8.399523,
 6.811306 7.649838 8.703804 9.610687 9.653475 9.170559 8.919480 7.561965 8.664326 10.525659 11.834023 11.059180 9.573518 8.860714 8.177961 9.561247 12.311562 14.175464 12.525884 9.995846 8.816257 8.608368 10.059574 13.141756 15.261953 13.141756 10.059574 8.608366 8.816257 9.995848 12.525884 14.175464 12.311559 9.561247 8.177961 8.860714 9.573518 11.059180 11.834021 10.525657 8.664326 7.561964 8.919480 9.170559 9.653475 9.610687 8.703803 7.649838 6.811307,
 6.739228 7.553420 8.436717 9.491142 10.211673 10.322121 10.128711 7.826088 8.624928 9.870502 11.308704 11.714385 10.868969 9.876031 8.600093 9.766066 11.946856 13.913170 13.488773 11.302400 9.575621 9.151451 10.877763 13.726642 15.382843 13.726644 10.877762 9.151451 9.575621 11.302400 13.488773 13.913170 11.946856 9.766065 8.600093 9.876031 10.868970 11.714383 11.308703 9.870502 8.624925 7.826087 10.128711 10.322123 10.211673 9.491142 8.436717 7.553419 6.739228,

Pairwise cross-correlations of the modulus of all oriented sub-bands at the same scale (size QxQ)
 54.975552 51.751999 44.268879 51.265354,
 51.751999 59.474411 51.388916 50.576363,
 44.268879 51.388916 54.624035 50.955399,
 51.265354 50.576363 50.955399 58.159821,
 52.640633 48.620522 46.805401 47.219940,
 48.620522 56.169205 50.959465 45.299866,
 46.805401 50.959465 55.325165 48.938156,
 47.219940 45.299866 48.938156 51.581161,

Cross-correlations of the modulus of all oriented sub-bands with all oriented sub-bands at the coarser scale (size QxQ)
 47.839073 46.139576 44.338455 44.579430,
 47.337261 51.773315 49.086227 43.862011,
 42.403923 46.040298 48.879005 43.982418,
 47.129139 45.787426 48.294876 48.143173,
 24.101606 22.858137 20.389660 21.822325,
 23.947517 24.351473 21.977539 21.965855,
 23.152599 23.544062 22.551449 22.594236,
 22.501879 21.405596 20.603439 21.999050,

Cross-correlations of the real part of each oriented sub-band with both the real and imaginary part of all phase-doubled oriented sub-bands at the next coarser scale (Q matrices of size 1x2Q, which are computed and stored in a matrix of size Qx2Q)
 -19.320824 -9.006806 -0.867056 -8.510737 0.078383 0.114218 -0.012129 -0.003609,
 -8.809057 -21.373934 -8.672006 -0.765544 0.091084 0.024365 -0.029217 0.050418,
 -0.845785 -9.354896 -18.794931 -8.879176 0.008539 -0.164243 0.258980 0.137876,
 -8.195458 -0.754621 -8.224875 -19.986357 0.046934 -0.030158 0.188833 -0.036327,
 -8.583519 -4.443150 -0.442307 -3.734465 0.193683 -0.000760 0.031648 -0.206682,
 -4.153990 -9.179876 -3.716128 -0.433238 -0.036621 -0.251819 0.269864 0.047347,
 -0.411238 -3.760241 -8.040559 -3.463129 -0.062445 -0.131573 0.914620 0.412656,
 -3.627439 -0.420609 -3.665709 -7.611927 0.076664 0.055944 0.521415 0.127714,
