Low-band skewness and kurtosis
 -11.357571 145.420502,
 -7.028541 58.702999,
 -4.178911 24.387516,
 -1.605139 9.218608,

High-band variance
 17.440033,

Skewness, kurtosis, variance, mean, maximum and minimum of the reconstructed texture
 -11.437695 138.225342 329.000275 253.294937 255.000000 0.000000,

Auto-correlations of the low-frequency bands at each scale
 7.269972 7.778590 12.162717 15.658939 11.667857 5.879042 4.472966 4.813924 19.545635 60.752808 86.045502 60.280685 16.605566 -0.532328 5.088685 58.241383 166.849640 227.817108 165.931595 55.019489 -0.281553 4.185209 80.796371 226.672180 306.835480 226.672180 80.796387 4.185209 -0.281553 55.019478 165.931595 227.817108 166.849625 58.241383 5.088683 -0.532328 16.605564 60.280697 86.045494 60.752796 19.545635 4.813922 4.472967 5.879042 11.667858 15.658939 12.162717 7.778590 7.269972,
 5.596985 1.987367 0.296088 0.795067 2.382835 8.622230 11.840167 1.697538 -6.924071 4.976232 16.654362 1.844286 -6.586859 3.506699 -4.426774 -1.998903 59.474724 105.064102 55.306850 -4.354507 -4.715714 -6.007179 6.159799 99.602180 168.150696 99.602188 6.159798 -6.007178 -4.715714 -4.354506 55.306847 105.064102 59.474728 -1.998902 -4.426774 3.506699 -6.586859 1.844285 16.654362 4.976233 -6.924070 1.697539 11.840167 8.622231 2.382835 0.795067 0.296088 1.987367 5.596985,
 8.033154 5.290254 1.402859 3.112237 6.487488 8.753176 8.871035 7.579986 -0.906650 -1.374126 5.269544 4.657953 3.755000 6.223337 5.050272 -1.729748 16.672503 35.550682 19.610563 -0.224942 1.104412 1.058897 0.083201 32.465199 58.682739 32.465195 0.083201 1.058897 1.104411 -0.224942 19.610563 35.550682 16.672501 -1.729748 5.050272 6.223337 3.755001 4.657953 5.269544 -1.374126 -0.906650 7.579985 8.871035 8.753177 6.487488 3.112237 1.402858 5.290253 8.033154,
 0.490323 1.190286 1.289546 1.127451 1.467109 2.172421 2.281796 0.730598 0.863637 1.165889 1.366196 1.202871 1.608433 1.979769 0.775688 1.071179 3.272722 4.943425 3.237903 1.368476 1.195464 0.806012 1.485773 5.016827 7.686557 5.016827 1.485773 0.806013 1.195464 1.368476 3.237903 4.943425 3.272722 1.071179 0.775688 1.979769 1.608433 1.202871 1.366196 1.165889 0.863637 0.730598 2.281796 2.172421 1.467109 1.127451 1.289546 1.190286 0.490323,

Auto-correlations of the modulus of each oriented sub-band
 17.420233 19.279312 20.516203 20.889511 20.309116 18.893143 16.891602 26.692331 30.813688 33.704437 34.691399 33.494045 30.410030 26.117365 36.642269 43.463875 48.364285 50.128044 48.233067 43.205013 36.258232 40.958424 49.093552 54.993969 57.176582 54.993969 49.093555 40.958424 36.258232 43.205006 48.233067 50.128044 48.364285 43.463871 36.642269 26.117367 30.410025 33.494045 34.691399 33.704437 30.813688 26.692327 16.891602 18.893143 20.309116 20.889511 20.516203 19.279314 17.420233,
 30.485878 35.279541 35.628597 31.185795 23.952158 16.758688 11.433691 34.769009 43.275848 46.834171 43.523235 34.857910 24.634167 16.199965 34.679493 46.488491 54.361656 54.410896 46.502090 34.424465 22.915886 30.017334 43.003204 54.308811 58.874157 54.308811 43.003204 30.017328 22.915882 34.424465 46.502083 54.410889 54.361652 46.488499 34.679493 16.199965 24.634167 34.857914 43.523232 46.834171 43.275848 34.769005 11.433692 16.758688 23.952158 31.185797 35.628593 35.279549 30.485878,
 16.291821 26.929659 37.824387 42.410126 37.317425 26.292412 16.054422 17.634460 30.491890 44.156647 50.119469 43.789948 29.986565 17.355305 18.480822 32.928127 48.651966 55.686695 48.464817 32.651955 18.300562 18.711983 33.717125 50.237396 57.739723 50.237389 33.717129 18.711983 18.300562 32.651955 48.464813 55.686695 48.651962 32.928131 18.480822 17.355305 29.986567 43.789951 50.119469 44.156639 30.491890 17.634460 16.054424 26.292412 37.317429 42.410126 37.824383 26.929659 16.291821,
 11.768611 16.925020 23.793604 30.761873 35.124825 34.840057 30.124506 16.287094 24.454039 34.396057 42.915150 46.224785 42.703121 34.218521 22.670946 33.953556 45.879799 53.769989 53.742111 45.865673 34.083073 29.513329 42.382244 53.658607 58.240707 53.658607 42.382252 29.513329 34.083073 45.865673 53.742119 53.769997 45.879799 33.953556 22.670944 34.218529 42.703121 46.224777 42.915150 34.396053 24.454042 16.287094 30.124508 34.840057 35.124825 30.761873 23.793604 16.925020 11.768610,
 13.660879 15.170454 16.780466 17.821333 17.828470 16.853706 15.374014 19.910999 24.413067 28.447084 30.230837 28.799801 24.806351 19.974777 27.709087 36.733212 44.597637 47.835163 44.677593 36.651718 27.253798 31.338915 42.870365 52.853985 56.904617 52.853989 42.870369 31.338915 27.253798 36.651718 44.677593 47.835163 44.597645 36.733212 27.709087 19.974777 24.806351 28.799797 30.230833 28.447086 24.413069 19.911003 15.374013 16.853706 17.828470 17.821333 16.780468 15.170457 13.660878,
 17.876286 21.274136 22.011118 19.322084 15.314350 12.433020 11.146297 21.549507 29.193745 33.456604 30.685614 22.899437 15.500696 11.389310 22.088154 33.584072 43.382938 44.048504 34.709595 22.518122 14.056864 18.669559 30.540417 44.095646 50.406345 44.095646 30.540417 18.669559 14.056864 22.518116 34.709595 44.048504 43.382938 33.584072 22.088154 11.389311 15.500694 22.899441 30.685612 33.456604 29.193748 21.549505 11.146297 12.433018 15.314352 19.322084 22.011118 21.274136 17.876284,
 10.757629 15.903514 23.692598 28.003689 24.756128 17.748611 12.784247 11.724442 19.714998 31.599415 38.028477 32.540398 21.141058 13.155894 12.634054 23.146061 38.597961 46.774284 39.168781 23.919525 13.350950 13.210027 24.779194 41.640671 50.343674 41.640671 24.779194 13.210025 13.350950 23.919525 39.168774 46.774284 38.597965 23.146061 12.634053 13.155894 21.141058 32.540398 38.028477 31.599415 19.714998 11.724442 12.784248 17.748611 24.756123 28.003689 23.692600 15.903516 10.757629,
 9.201493 11.267043 15.701503 21.311317 25.104548 24.758158 21.197748 10.864702 16.076122 24.953175 33.897816 37.148823 32.524349 23.988276 14.498943 24.288031 37.863052 47.978180 47.195045 36.389019 23.532562 19.556145 32.866474 47.691917 54.483162 47.691917 32.866474 19.556147 23.532562 36.389019 47.195045 47.978180 37.863052 24.288031 14.498944 23.988276 32.524342 37.148823 33.897816 24.953175 16.076122 10.864702 21.197748 24.758156 25.104548 21.311317 15.701503 11.267045 9.201494,
 7.444195 8.197933 8.970974 9.587010 9.849372 9.696844 9.289064 8.967020 10.287704 11.532701 12.185221 11.952367 11.020634 9.894585 10.891029 13.585839 16.119007 17.161827 16.054102 13.562152 11.028913 11.792340 15.277479 18.738810 20.270363 18.738810 15.277478 11.792340 11.028913 13.562150 16.054098 17.161827 16.119005 13.585839 10.891028 9.894585 11.020632 11.952367 12.185220 11.532698 10.287704 8.967019 9.289066 9.696844 9.849372 9.587010 8.970974 8.197933 7.444195,
 8.585630 9.691337 10.147196 9.962822 9.627850 9.373801 9.101255 9.807344 11.944844 13.241188 12.649859 11.041484 9.774063 9.084717 10.615843 13.658556 16.628075 16.829784 14.170436 11.210898 9.507190 10.311385 13.143893 17.071182 19.108444 17.071182 13.143892 10.311385 9.507190 11.210898 14.170438 16.829784 16.628075 13.658556 10.615843 9.084717 9.774063 11.041481 12.649859 13.241188 11.944843 9.807343 9.101256 9.373801 9.627849 9.962822 10.147198 9.691337 8.585630,
 5.779598 6.624927 8.407536 9.607003 9.065893 7.922213 7.087826 5.965251 7.312722 10.391083 12.257638 10.751442 8.422065 7.237813 6.341608 8.062016 12.282751 14.902959 12.374271 8.688035 7.153701 6.807524 8.582129 13.079491 16.073725 13.079491 8.582129 6.807524 7.153701 8.688035 12.374272 14.902960 12.282749 8.062016 6.341608 7.237812 8.422066 10.751443 12.257636 10.391083 7.312722 5.965251 7.087827 7.922212 9.065894 9.607003 8.407536 6.624926 5.779598,
 5.292046 5.294575 6.003361 7.465539 8.775657 9.053557 8.434023 5.479110 6.057146 8.067389 10.743464 12.073395 11.135855 9.129789 6.280864 8.169240 11.908274 15.272183 15.292949 12.222768 8.937298 7.705256 10.918908 15.372050 17.651525 15.372050 10.918908 7.705256 8.937298 12.222768 15.292949 15.272182 11.908274 8.169240 6.280864 9.129789 11.135855 12.073393 10.743464 8.067389 6.057145 5.479110 8.434023 9.053559 8.775656 7.465539 6.003361 5.294574 5.292045,

Pairwise cross-correlations of the modulus of all oriented sub-bands at the same scale (size QxQ)
 57.176590 52.524277 45.799389 52.195354,
 52.524277 58.874146 52.894810 49.950748,
 45.799389 52.894810 57.739727 52.265144,
 52.195354 49.950748 52.265144 58.240711,
 56.904621 48.628300 45.371029 50.637222,
 48.628300 50.406345 45.697388 44.352642,
 45.371029 45.697388 50.343674 48.408928,
 50.637222 44.352642 48.408928 54.483150,

Cross-correlations of the modulus of all oriented sub-bands with all oriented sub-bands at the coarser scale (size QxQ)
 51.311810 44.774178 41.928410 46.865833,
 49.156277 48.386051 45.959450 45.548576,
 45.068832 44.416649 48.028027 46.771805,
 49.168251 43.128010 46.234310 51.010693,
 27.510595 25.930775 22.085476 24.057281,
 24.043428 24.787264 21.741623 20.954012,
 22.424759 23.542896 22.723888 22.285257,
 25.078941 23.872469 22.751270 24.486683,

Cross-correlations of the real part of each oriented sub-band with both the real and imaginary part of all phase-doubled oriented sub-bands at the next coarser scale (Q matrices of size 1x2Q, which are computed and stored in a matrix of size Qx2Q)
 -21.459944 -9.331262 -0.784310 -9.680744 0.015444 -0.035903 0.031121 -0.087915,
 -9.219565 -20.463457 -8.071616 -0.832134 -0.052880 -0.022004 0.017028 -0.008364,
 -0.762776 -8.608036 -19.048073 -9.332419 0.013350 -0.025692 0.190212 0.179640,
 -9.437082 -0.840306 -8.710935 -21.712662 0.115013 -0.018424 0.208260 0.180280,
 -13.377130 -5.619071 -0.484423 -5.576502 -0.105142 -0.222797 0.015203 0.038715,
 -5.877144 -11.390547 -4.458170 -0.498321 -0.063808 -0.269144 0.097117 -0.072585,
 -0.478408 -4.540584 -10.252569 -5.030240 0.007953 0.028759 0.156816 0.103246,
 -5.758444 -0.507703 -4.786181 -12.065187 -0.016403 -0.012901 0.120485 0.365980,
