Low-band skewness and kurtosis
 -11.578672 150.465210,
 -7.663880 69.444542,
 -5.507219 40.768703,
 -1.737973 16.907215,

High-band variance
 17.131897,

Skewness, kurtosis, variance, mean, maximum and minimum of the reconstructed texture
 -11.616981 142.304214 323.809967 253.338425 255.000000 0.000000,

Auto-correlations of the low-frequency bands at each scale
 21.430550 23.650408 29.869009 32.513332 26.182533 21.818497 26.077168 18.547443 36.203011 78.337402 101.451904 72.905594 29.996883 17.734148 17.524773 68.565498 173.096710 230.768799 169.747894 64.071381 15.777126 17.856934 87.309860 225.444778 302.068726 225.444778 87.309868 17.856934 15.777126 64.071381 169.747894 230.768829 173.096710 68.565506 17.524769 17.734144 29.996883 72.905609 101.451904 78.337387 36.203014 18.547440 26.077168 21.818495 26.182537 32.513332 29.869009 23.650408 21.430548,
 20.068985 16.186855 10.355519 11.813413 15.581718 19.215410 21.757782 17.726793 8.995186 15.510201 28.269409 19.951906 11.070779 15.312689 10.881721 13.969907 69.346069 113.379303 71.313644 14.904828 8.669666 7.342834 22.176989 109.583389 172.593384 109.583420 22.176991 7.342834 8.669666 14.904828 71.313637 113.379303 69.346069 13.969907 10.881721 15.312688 11.070777 19.951902 28.269409 15.510203 8.995186 17.726793 21.757782 19.215408 15.581716 11.813413 10.355520 16.186857 20.068985,
 10.673456 12.165038 17.186441 19.400347 17.577679 19.468498 19.653418 13.309443 11.213339 16.251474 20.418644 15.363042 15.702793 20.820393 13.918488 12.461849 31.868055 47.700119 30.770227 14.224819 19.031229 16.049879 15.487342 45.397610 69.831360 45.397610 15.487340 16.049879 19.031233 14.224821 30.770227 47.700119 31.868055 12.461847 13.918488 20.820389 15.702793 15.363042 20.418644 16.251472 11.213339 13.309443 19.653418 19.468498 17.577679 19.400347 17.186441 12.165036 10.673456,
 -1.088767 -1.382591 -0.108550 3.053499 6.099088 6.262783 3.124147 -1.320003 -1.477237 1.291404 5.593027 7.601272 6.276036 2.888895 -1.585970 -0.053442 6.195533 11.807844 10.283551 4.840289 0.855856 -1.043164 2.567715 10.742030 15.730134 10.742031 2.567715 -1.043164 0.855855 4.840288 10.283551 11.807844 6.195533 -0.053442 -1.585970 2.888895 6.276036 7.601272 5.593027 1.291403 -1.477237 -1.320003 3.124147 6.262783 6.099088 3.053499 -0.108550 -1.382590 -1.088767,

Auto-correlations of the modulus of each oriented sub-band
 22.884628 24.601059 25.952991 26.698090 26.677359 25.889305 24.469439 30.462614 34.205269 37.026943 38.281521 37.634033 35.254486 31.697367 38.933716 45.145725 49.768921 51.626060 50.151699 45.785114 39.652084 43.049007 50.434982 55.866051 57.895874 55.866051 50.434982 43.049000 39.652084 45.785110 50.151699 51.626068 49.768921 45.145725 38.933716 31.697371 35.254486 37.634033 38.281525 37.026939 34.205276 30.462608 24.469444 25.889305 26.677359 26.698090 25.952997 24.601061 22.884624,
 29.963221 33.715939 34.035526 30.650801 25.397964 20.612986 17.457945 33.492504 40.212719 43.136810 40.501938 33.748730 26.224916 20.480040 33.696888 43.020210 49.519749 49.583271 43.090782 33.628830 25.142498 30.321337 40.356571 49.573650 53.444401 49.573650 40.356575 30.321337 25.142498 33.628830 43.090782 49.583279 49.519745 43.020210 33.696888 20.480036 26.224916 33.748730 40.501945 43.136803 40.212727 33.492500 17.457945 20.612986 25.397966 30.650801 34.035526 33.715942 29.963221,
 19.486673 26.440136 34.326496 38.127460 34.897873 27.441650 20.772829 20.861570 29.512053 39.621052 44.544643 40.159004 30.310722 21.771330 21.925241 31.870399 43.692245 49.433521 44.036972 32.325016 22.395243 22.472969 32.919308 45.377678 51.312523 45.377678 32.919308 22.472967 22.395243 32.325016 44.036972 49.433529 43.692242 31.870403 21.925236 21.771336 30.310720 40.159008 44.544643 39.621048 29.512056 20.861570 20.772833 27.441647 34.897877 38.127460 34.326496 26.440140 19.486673,
 18.597933 22.373941 27.718697 33.501408 37.542446 37.954491 34.633518 22.478756 28.848680 36.873291 44.064465 47.196640 44.672146 37.928196 27.885347 36.974266 46.834339 53.581596 53.744312 47.282902 37.600342 33.650230 44.213352 53.650352 57.549473 53.650345 44.213360 33.650230 37.600342 47.282883 53.744312 53.581600 46.834339 36.974266 27.885345 37.928200 44.672142 47.196640 44.064461 36.873291 28.848680 22.478756 34.633518 37.954487 37.542446 33.501408 27.718697 22.373941 18.597937,
 21.422129 22.957912 24.130362 24.727644 24.717653 24.367195 24.142548 25.944620 29.264208 32.026657 33.001957 31.766356 29.196486 26.711887 31.398092 38.014481 43.995419 46.202080 43.265030 37.129257 31.007797 33.690022 42.032188 50.160610 53.706486 50.160610 42.032188 33.690022 31.007797 37.129257 43.265022 46.202080 43.995419 38.014481 31.398088 26.711889 29.196486 31.766350 33.001957 32.026665 29.264212 25.944614 24.142548 24.367195 24.717649 24.727648 24.130367 22.957916 21.422129,
 25.322094 28.840023 30.664137 29.807526 27.566858 25.668806 24.864086 28.583284 34.711090 38.796799 37.601372 32.594276 27.823242 25.355900 29.994869 38.550243 46.533150 47.564163 40.795094 32.222260 26.767258 28.857986 37.166893 47.478611 52.531918 47.478611 37.166897 28.857986 26.767258 32.222260 40.795094 47.564167 46.533154 38.550243 29.994869 25.355900 27.823242 32.594273 37.601372 38.796799 34.711090 28.583284 24.864086 25.668808 27.566856 29.807522 30.664139 28.840025 25.322098,
 20.293367 23.670795 28.313229 30.606043 28.143070 24.203230 22.704775 21.122755 26.193859 33.995674 38.110050 33.874546 26.628677 22.831541 21.912624 28.532042 39.288330 45.235352 39.205933 28.779325 22.790394 22.504456 29.585514 41.475319 48.306927 41.475319 29.585514 22.504454 22.790394 28.779322 39.205933 45.235352 39.288330 28.532042 21.912624 22.831543 26.628675 33.874546 38.110050 33.995674 26.193855 21.122755 22.704779 24.203228 28.143066 30.606043 28.313229 23.670797 20.293367,
 18.573055 19.803276 22.274162 25.754608 28.329462 28.214329 26.219120 20.472120 23.334204 28.958336 35.054333 37.050949 33.377686 27.958059 23.210758 29.079664 38.484875 45.975433 44.846230 36.487366 28.243908 26.310495 34.697567 45.662643 51.222694 45.662643 34.697567 26.310495 28.243906 36.487366 44.846226 45.975441 38.484875 29.079664 23.210756 27.958061 33.377682 37.050949 35.054329 28.958336 23.334204 20.472120 26.219122 28.214329 28.329458 25.754608 22.274166 19.803278 18.573053,
 9.508661 11.328439 12.842094 13.869843 14.318739 14.229982 13.713793 11.070055 13.171994 14.972821 16.084051 16.292068 15.695811 14.558893 13.000748 15.814265 18.290968 19.524364 19.068964 17.364620 15.194554 14.728546 17.788359 20.515480 21.666897 20.515480 17.788359 14.728543 15.194554 17.364620 19.068962 19.524366 18.290972 15.814265 13.000745 14.558893 15.695812 16.292068 16.084047 14.972819 13.171994 11.070055 13.713795 14.229983 14.318739 13.869843 12.842094 11.328438 9.508661,
 7.678442 9.170722 10.450641 11.018199 11.225955 11.506779 11.601098 9.251602 11.201934 12.791668 12.942232 12.219250 11.848010 11.829941 10.367496 12.879462 15.512561 15.954218 14.020035 12.149360 11.453528 10.879459 12.841589 15.989207 17.785851 15.989207 12.841589 10.879459 11.453530 12.149360 14.020034 15.954218 15.512561 12.879461 10.367494 11.829941 11.848008 12.219250 12.942230 12.791668 11.201934 9.251602 11.601097 11.506780 11.225955 11.018199 10.450641 9.170722 7.678441,
 7.136357 8.545160 10.587200 11.905897 11.907542 11.513988 11.200610 8.541430 10.216631 12.853796 14.420197 13.516639 12.090880 11.368669 9.839553 11.603854 14.756476 16.724382 14.970236 12.468049 11.284832 10.794621 12.374062 15.547620 17.710655 15.547620 12.374060 10.794621 11.284832 12.468050 14.970238 16.724380 14.756476 11.603853 9.839553 11.368670 12.090880 13.516641 14.420197 12.853796 10.216630 8.541430 11.200610 11.513988 11.907542 11.905897 10.587200 8.545159 7.136355,
 7.230996 8.487642 9.904211 11.425257 12.667700 13.166982 12.773094 8.341615 9.927442 11.891633 13.934478 15.101936 14.607406 13.030164 9.696924 11.949987 14.808999 17.275785 17.496473 15.338920 12.713457 11.412425 14.250253 17.495041 19.134579 17.495043 14.250253 11.412424 12.713457 15.338920 17.496473 17.275785 14.808999 11.949987 9.696924 13.030164 14.607408 15.101934 13.934477 11.891632 9.927441 8.341615 12.773094 13.166982 12.667699 11.425257 9.904212 8.487641 7.230995,

Pairwise cross-correlations of the modulus of all oriented sub-bands at the same scale (size QxQ)
 57.895863 49.839893 44.050415 52.513016,
 49.839893 53.444378 47.416611 47.367073,
 44.050415 47.416611 51.312534 48.530594,
 52.513016 47.367073 48.530594 57.549454,
 53.706478 47.309799 42.362652 47.077946,
 47.309799 52.531921 45.001755 43.431717,
 42.362652 45.001755 48.306927 44.432137,
 47.077946 43.431717 44.432137 51.222694,

Cross-correlations of the modulus of all oriented sub-bands with all oriented sub-bands at the coarser scale (size QxQ)
 48.809227 46.295673 42.331688 45.446980,
 44.744347 46.307938 42.745796 41.976070,
 40.555103 42.645054 43.607494 41.928829,
 46.673656 44.159542 44.848312 47.839096,
 26.217714 22.852245 22.596001 24.405441,
 25.323111 23.974058 22.772423 22.381969,
 23.460684 21.705046 23.070461 22.850664,
 24.786083 21.444363 23.227724 25.112230,

Cross-correlations of the real part of each oriented sub-band with both the real and imaginary part of all phase-doubled oriented sub-bands at the next coarser scale (Q matrices of size 1x2Q, which are computed and stored in a matrix of size Qx2Q)
 -18.413572 -7.911375 -0.765063 -8.237933 -0.527554 0.109549 0.073126 0.066803,
 -8.112810 -16.485258 -6.758002 -0.741444 -0.155385 0.217671 0.126238 0.120855,
 -0.786906 -6.955813 -15.352043 -7.802773 -0.007288 -0.018514 0.615250 0.061470,
 -8.169827 -0.869165 -7.020785 -18.305346 -0.216108 0.011553 0.422712 -0.177746,
 -8.665239 -4.033713 -0.384685 -3.505521 0.427283 -0.028777 -0.047576 -0.026154,
 -4.252742 -8.219639 -3.422526 -0.416882 0.192686 0.199325 0.304092 0.014023,
 -0.490021 -3.521799 -7.619541 -3.629583 -0.039225 0.188379 0.264903 -0.038533,
 -3.623644 -0.456955 -3.567290 -7.858201 -0.003217 -0.004295 -0.206734 -0.079242,
