Low-band skewness and kurtosis
 -11.352427 145.553650,
 -6.872350 55.762558,
 -3.824859 20.592699,
 -0.402896 5.526423,

High-band variance
 17.676369,

Skewness, kurtosis, variance, mean, maximum and minimum of the reconstructed texture
 -11.428576 138.033401 329.082886 253.292953 255.000000 0.000000,

Auto-correlations of the low-frequency bands at each scale
 0.029354 -2.372819 0.479470 3.302739 0.770134 0.824945 7.105079 -2.477166 11.708735 52.790924 77.817436 53.757252 15.814343 4.755856 1.392449 55.216946 164.091370 225.085556 164.677139 57.770649 5.839515 6.515360 82.556725 227.051697 306.633026 227.051666 82.556732 6.515360 5.839514 57.770645 164.677139 225.085556 164.091370 55.216949 1.392449 4.755856 15.814341 53.757256 77.817436 52.790924 11.708735 -2.477167 7.105079 0.824944 0.770133 3.302739 0.479470 -2.372820 0.029354,
 6.386697 1.386318 -4.403269 -6.389063 -3.826185 4.388474 8.621704 1.866599 -10.166773 -4.726400 6.468289 -0.894766 -3.921167 5.798939 -7.850698 -5.733051 52.241901 98.308266 55.895512 -0.596057 -4.738803 -11.117935 5.776164 99.087715 165.425095 99.087715 5.776165 -11.117935 -4.738803 -0.596057 55.895508 98.308281 52.241901 -5.733051 -7.850698 5.798940 -3.921166 -0.894766 6.468290 -4.726400 -10.166773 1.866598 8.621704 4.388474 -3.826185 -6.389063 -4.403269 1.386318 6.386697,
 2.077849 2.695410 0.567471 -1.054926 1.202270 4.702586 3.416885 0.059326 -2.947052 -1.800867 0.743602 -1.453019 -0.788130 2.674004 -0.072384 -3.252956 14.625493 30.696552 15.805037 -0.661523 2.606713 1.924456 1.064301 30.291397 54.132450 30.291397 1.064301 1.924456 2.606713 -0.661524 15.805037 30.696552 14.625493 -3.252956 -0.072385 2.674004 -0.788130 -1.453019 0.743602 -1.800866 -2.947052 0.059325 3.416885 4.702586 1.202270 -1.054926 0.567471 2.695410 2.077849,
 0.852026 1.332993 0.838215 0.667061 1.231321 1.382227 0.977095 0.340317 0.237924 0.096392 0.336625 0.444176 0.672669 1.083858 0.618767 0.331428 2.090518 3.673181 1.958980 0.272748 0.907966 0.936172 0.733683 3.944786 6.651927 3.944786 0.733683 0.936171 0.907966 0.272748 1.958979 3.673181 2.090518 0.331428 0.618767 1.083858 0.672669 0.444176 0.336625 0.096392 0.237924 0.340317 0.977095 1.382227 1.231321 0.667061 0.838215 1.332993 0.852026,

Auto-correlations of the modulus of each oriented sub-band
 13.932482 15.651244 17.001099 17.767708 17.816597 17.174679 15.973071 24.272614 28.456234 31.533348 32.843781 32.078396 29.470703 25.622522 35.262520 42.298935 47.391422 49.336178 47.615299 42.722725 35.838863 40.239471 48.548683 54.539894 56.746380 54.539890 48.548683 40.239471 35.838867 42.722721 47.615299 49.336174 47.391422 42.298943 35.262520 25.622526 29.470697 32.078396 32.843777 31.533348 28.456236 24.272617 15.973074 17.174677 17.816599 17.767710 17.001099 15.651244 13.932482,
 29.426912 34.109020 34.219082 29.525814 22.242329 15.305588 10.413791 34.022800 42.613941 46.123672 42.588028 33.683281 23.400656 15.106137 34.005432 46.021961 54.031902 54.022316 45.875683 33.566963 21.932341 29.214983 42.436600 53.974918 58.649738 53.974911 42.436600 29.214977 21.932341 33.566959 45.875687 54.022316 54.031895 46.021961 34.005432 15.106137 23.400656 33.683281 42.588028 46.123672 42.613941 34.022797 10.413792 15.305588 22.242329 29.525814 34.219082 34.109024 29.426912,
 14.671893 25.747036 37.335415 42.367538 37.366646 26.382658 16.201405 16.568047 30.086187 44.510612 50.871941 44.536263 30.589319 17.753920 18.020039 33.222149 49.646927 56.978928 49.657482 33.496105 18.665394 18.768719 34.461014 51.530666 59.221191 51.530666 34.461018 18.768719 18.665394 33.496105 49.657482 56.978924 49.646927 33.222149 18.020039 17.753920 30.589319 44.536266 50.871941 44.510609 30.086187 16.568047 16.201406 26.382658 37.366646 42.367538 37.335415 25.747040 14.671893,
 8.333581 13.721142 21.190456 28.968267 34.137108 34.545246 30.376507 13.588103 22.421133 33.206684 42.508415 46.377548 43.213779 34.894547 21.167004 33.284824 45.969574 54.345444 54.505402 46.605896 34.563030 29.202051 42.726173 54.420063 59.137367 54.420063 42.726173 29.202051 34.563030 46.605896 54.505402 54.345444 45.969574 33.284824 21.167004 34.894547 43.213776 46.377541 42.508415 33.206688 22.421133 13.588101 30.376507 34.545246 34.137112 28.968267 21.190456 13.721142 8.333581,
 7.370303 8.789682 10.146996 11.042401 11.238194 10.828876 10.078290 14.086418 18.478907 22.407684 24.209705 23.129875 19.904648 16.055115 23.013800 31.884409 39.645771 42.773560 39.680752 32.150311 23.635078 27.373583 38.470371 48.311699 52.361233 48.311707 38.470379 27.373583 23.635078 32.150314 39.680752 42.773560 39.645779 31.884409 23.013802 16.055115 19.904648 23.129875 24.209705 22.407684 18.478909 14.086418 10.078291 10.828876 11.238194 11.042403 10.146996 8.789682 7.370303,
 16.695055 21.476604 22.511599 19.048080 13.715027 9.683397 7.898136 21.353500 30.988306 36.158566 33.039402 24.010126 15.099274 10.008229 22.519053 36.352058 47.651047 48.483467 38.144730 24.111156 14.036308 19.200392 33.247673 48.632549 55.534138 48.632549 33.247677 19.200392 14.036308 24.111156 38.144722 48.483471 47.651054 36.352058 22.519053 10.008230 15.099274 24.010126 33.039402 36.158569 30.988308 21.353498 7.898137 9.683397 13.715027 19.048079 22.511599 21.476603 16.695055,
 7.694050 14.095936 23.088989 27.531786 23.453379 15.674861 10.269540 8.744741 18.300528 32.141888 39.094635 32.427567 19.646996 10.768014 9.866138 22.098843 39.975391 49.110279 40.133568 22.879726 10.976364 10.692940 23.907394 43.192379 53.180706 43.192379 23.907394 10.692940 10.976362 22.879725 40.133568 49.110279 39.975395 22.098841 9.866138 10.768014 19.646996 32.427570 39.094635 32.141888 18.300528 8.744741 10.269540 15.674860 23.453375 27.531786 23.088989 14.095936 7.694051,
 4.564855 6.297021 10.618361 16.705616 21.316439 21.638411 18.046055 6.540450 11.470554 20.695734 30.476473 34.575718 30.496729 21.804462 10.834444 20.745003 34.956749 45.765507 45.490883 34.855659 21.632698 16.935337 30.677345 45.868874 52.752308 45.868877 30.677345 16.935337 21.632698 34.855652 45.490875 45.765507 34.956753 20.745005 10.834444 21.804466 30.496725 34.575714 30.476473 20.695738 11.470554 6.540449 18.046055 21.638411 21.316439 16.705616 10.618361 6.297023 4.564855,
 3.979415 4.201893 4.465821 4.673644 4.680220 4.442226 4.078330 5.250201 6.133380 7.027446 7.486347 7.184344 6.263802 5.203854 7.511870 9.806734 12.035435 13.072798 12.241635 10.052005 7.622186 8.931518 12.154882 15.205706 16.522661 15.205706 12.154881 8.931518 7.622186 10.052006 12.241636 13.072796 12.035434 9.806733 7.511870 5.203854 6.263802 7.184344 7.486347 7.027446 6.133380 5.250201 4.078330 4.442225 4.680220 4.673644 4.465821 4.201893 3.979415,
 5.438617 6.466432 6.699261 6.058469 5.321154 4.880929 4.470447 6.272634 8.610801 10.179390 9.422947 7.273401 5.608199 4.782967 6.684939 10.050709 13.641263 14.086957 10.919683 7.343637 5.430835 6.267078 9.405039 14.031384 16.488344 14.031384 9.405039 6.267078 5.430836 7.343639 10.919683 14.086956 13.641264 10.050709 6.684939 4.782966 5.608200 7.273401 9.422947 10.179390 8.610800 6.272634 4.470447 4.880929 5.321154 6.058469 6.699261 6.466432 5.438617,
 4.467576 5.397484 7.263344 8.512159 7.713759 5.867081 4.457218 4.612379 6.323415 9.650897 11.711981 10.078480 6.782975 4.623343 4.782863 7.317351 12.034719 14.826587 12.297122 7.603454 4.793922 4.866073 7.852663 13.159771 16.191374 13.159771 7.852663 4.866073 4.793922 7.603454 12.297122 14.826587 12.034719 7.317351 4.782863 4.623343 6.782975 10.078479 11.711981 9.650895 6.323415 4.612378 4.457218 5.867082 7.713760 8.512159 7.263344 5.397484 4.467576,
 3.689532 3.912493 4.678262 6.038599 7.102014 6.775588 5.336162 4.006201 4.759427 6.685183 9.255658 10.325845 8.749057 6.120644 4.786671 6.654311 10.237818 13.534706 13.321778 9.862752 6.400090 5.805353 8.916155 13.357385 15.698404 13.357385 8.916155 5.805354 6.400090 9.862752 13.321776 13.534706 10.237818 6.654311 4.786671 6.120644 8.749057 10.325843 9.255658 6.685183 4.759426 4.006201 5.336162 6.775589 7.102015 6.038599 4.678263 3.912492 3.689532,

Pairwise cross-correlations of the modulus of all oriented sub-bands at the same scale (size QxQ)
 56.746387 52.118362 46.144279 52.581379,
 52.118362 58.649727 53.284344 50.139912,
 46.144279 53.284344 59.221199 53.496544,
 52.581379 50.139912 53.496544 59.137367,
 52.361221 49.300816 44.887432 48.371563,
 49.300816 55.534145 50.138874 46.740833,
 44.887432 50.138874 53.180706 48.455368,
 48.371563 46.740833 48.455368 52.752304,

Cross-correlations of the modulus of all oriented sub-bands with all oriented sub-bands at the coarser scale (size QxQ)
 48.988445 47.457439 42.928513 45.873398,
 47.402756 52.312180 47.856693 44.581711,
 43.829132 48.365227 50.454266 46.924278,
 47.219666 46.445168 47.919411 50.268745,
 23.666414 22.382769 20.921259 21.441330,
 23.267063 24.455967 23.081839 21.166033,
 21.368200 22.508741 23.222679 21.611214,
 22.242228 21.296293 21.975849 22.195757,

Cross-correlations of the real part of each oriented sub-band with both the real and imaginary part of all phase-doubled oriented sub-bands at the next coarser scale (Q matrices of size 1x2Q, which are computed and stored in a matrix of size Qx2Q)
 -21.181288 -9.664033 -0.778800 -9.279284 0.010432 0.125223 -0.023695 0.164581,
 -9.295961 -23.011703 -9.796128 -0.804318 0.074732 -0.028828 -0.071782 0.010807,
 -0.780153 -10.106833 -21.992727 -9.468192 0.005916 -0.088216 -0.025521 -0.092772,
 -9.054550 -0.774092 -9.287050 -21.716522 -0.078561 0.006022 -0.024396 -0.005521,
 -12.033564 -5.705788 -0.515011 -4.954366 -0.136735 -0.027875 -0.018319 0.041484,
 -5.551631 -13.206414 -5.608614 -0.428229 -0.012384 0.050670 -0.075711 0.014569,
 -0.495377 -5.812002 -11.989021 -4.963888 -0.007075 0.030173 -0.105513 0.028612,
 -4.983608 -0.482235 -5.078464 -11.412232 -0.084856 -0.009625 -0.054965 0.039528,
