Low-band skewness and kurtosis
 -11.318625 144.427704,
 -6.940073 57.025448,
 -3.820431 19.887688,
 -0.748268 5.776577,

High-band variance
 17.499716,

Skewness, kurtosis, variance, mean, maximum and minimum of the reconstructed texture
 -11.405270 137.451126 330.135284 253.287628 255.000000 0.000000,

Auto-correlations of the low-frequency bands at each scale
 6.628036 1.799454 1.059786 2.546102 0.631311 -0.390036 1.978822 3.823366 16.356819 55.066055 79.146637 54.852116 14.564025 -0.514568 5.768445 58.383778 165.955276 226.563797 166.104141 57.701969 3.434433 7.993117 84.134193 228.477844 307.842804 228.477844 84.134193 7.993117 3.434433 57.701969 166.104141 226.563782 165.955276 58.383785 5.768445 -0.514568 14.564024 54.852123 79.146637 55.066055 16.356819 3.823366 1.978821 -0.390036 0.631313 2.546103 1.059785 1.799455 6.628036,
 6.727012 2.555072 -4.258666 -4.998950 -2.178362 2.150392 2.759739 5.579784 -6.530576 -3.654624 5.623959 -4.889209 -11.577455 -1.193348 -1.638514 -0.032106 55.511440 99.082458 53.445656 -4.203342 -4.759933 -5.271305 9.067195 101.201790 167.753128 101.201790 9.067195 -5.271305 -4.759933 -4.203343 53.445652 99.082466 55.511444 -0.032106 -1.638515 -1.193348 -11.577455 -4.889209 5.623959 -3.654624 -6.530576 5.579784 2.759739 2.150392 -2.178363 -4.998950 -4.258666 2.555072 6.727013,
 6.858924 4.143715 0.288206 0.694839 3.162709 5.227631 4.523385 5.270587 -0.826434 -1.490283 2.188363 -0.419339 -1.747813 1.896924 0.421814 -1.415518 16.479322 31.766069 15.441891 -3.550525 -1.468879 -1.949346 0.248401 31.550961 55.533707 31.550961 0.248401 -1.949346 -1.468879 -3.550525 15.441891 31.766069 16.479324 -1.415517 0.421814 1.896924 -1.747813 -0.419339 2.188363 -1.490283 -0.826433 5.270588 4.523385 5.227631 3.162710 0.694839 0.288206 4.143715 6.858925,
 0.942021 1.336523 1.155349 0.782737 0.505328 0.820753 1.385209 0.671966 -0.049599 -0.308701 0.119559 -0.047520 0.313206 1.387192 1.009133 0.362455 1.938904 3.974581 2.588349 0.971270 1.361951 1.457913 1.577801 4.664093 7.323173 4.664093 1.577801 1.457913 1.361951 0.971270 2.588348 3.974580 1.938904 0.362455 1.009133 1.387192 0.313206 -0.047520 0.119559 -0.308701 -0.049599 0.671966 1.385209 0.820753 0.505328 0.782737 1.155349 1.336523 0.942021,

Auto-correlations of the modulus of each oriented sub-band
 15.433144 16.797911 17.621574 17.749895 17.138937 15.905220 14.252893 25.137936 28.986059 31.640959 32.484550 31.285212 28.371986 24.410755 35.490063 42.216949 47.045586 48.762589 46.861855 41.926609 35.192616 40.036774 48.081646 53.955856 56.143856 53.955849 48.081646 40.036774 35.192616 41.926601 46.861855 48.762589 47.045578 42.216953 35.490063 24.410753 28.371984 31.285212 32.484550 31.640959 28.986059 25.137934 14.252894 15.905217 17.138939 17.749897 17.621574 16.797913 15.433144,
 30.437784 34.748390 34.529095 29.596270 22.125067 14.989655 9.874746 35.141323 43.466354 46.720306 42.984585 33.919083 23.485495 15.038507 35.068134 46.930595 54.794033 54.676250 46.444496 34.070332 22.382254 30.063869 43.230419 54.733349 59.403328 54.733349 43.230423 30.063868 22.382252 34.070324 46.444496 54.676250 54.794033 46.930595 35.068127 15.038507 23.485487 33.919083 42.984585 46.720306 43.466354 35.141315 9.874746 14.989653 22.125067 29.596270 34.529091 34.748394 30.437784,
 16.062542 25.920145 36.572731 41.430733 36.777763 25.985149 15.610489 17.738646 30.123814 43.648376 49.778008 43.729698 30.064728 17.289591 18.812210 33.091091 48.768284 55.865406 48.778873 33.016628 18.534100 19.092407 34.139305 50.653389 58.126629 50.653389 34.139309 19.092405 18.534100 33.016624 48.778873 55.865406 48.768280 33.091099 18.812208 17.289591 30.064722 43.729698 49.778008 43.648373 30.123817 17.738642 15.610491 25.985149 36.777763 41.430733 36.572731 25.920147 16.062540,
 10.782712 15.753046 22.708559 29.961531 34.590240 34.362457 29.509365 15.688267 23.875000 34.036503 42.838596 46.285038 42.687508 34.049286 22.558640 33.946243 46.067856 54.102554 54.055782 46.065735 34.183872 29.663286 42.623329 54.016102 58.646671 54.016094 42.623329 29.663284 34.183880 46.065735 54.055790 54.102554 46.067852 33.946243 22.558636 34.049290 42.687496 46.285038 42.838596 34.036507 23.875004 15.688266 29.509365 34.362457 34.590244 29.961531 22.708559 15.753049 10.782713,
 10.772951 11.897269 12.772935 12.961379 12.242789 10.808681 9.094870 16.692492 20.856783 24.262220 25.434942 23.709606 19.842245 15.374611 24.949314 33.567093 40.839851 43.686440 40.641899 33.211365 24.528053 29.146809 40.057854 49.363113 53.105118 49.363117 40.057858 29.146809 24.528055 33.211361 40.641891 43.686436 40.839855 33.567093 24.949308 15.374613 19.842245 23.709602 25.434942 24.262222 20.856783 16.692490 9.094870 10.808681 12.242787 12.961378 12.772935 11.897269 10.772951,
 18.103374 21.860495 22.134068 18.235134 12.760464 8.644024 6.597319 22.069782 30.633635 34.943027 31.183548 21.950632 13.269739 8.324031 22.191700 35.058163 45.665108 45.990044 35.421886 21.822271 12.299942 17.930017 31.156134 46.018684 52.895977 46.018684 31.156136 17.930017 12.299942 21.822268 35.421883 45.990047 45.665108 35.058167 22.191698 8.324031 13.269739 21.950632 31.183544 34.943024 30.633635 22.069782 6.597319 8.644024 12.760466 18.235134 22.134068 21.860493 18.103374,
 10.960995 17.309141 26.131027 30.922380 26.758327 17.553974 10.314578 12.214787 21.800312 35.271160 42.351719 35.611439 21.666906 11.312361 13.062295 25.490765 43.046932 52.153057 43.172043 25.301140 12.436100 13.151526 26.859966 46.181335 56.116310 46.181335 26.859964 13.151526 12.436100 25.301140 43.172035 52.153049 43.046940 25.490765 13.062293 11.312364 21.666906 35.611439 42.351715 35.271160 21.800318 12.214787 10.314578 17.553974 26.758327 30.922380 26.131027 17.309145 10.960995,
 8.165998 10.764743 15.340873 20.872953 24.218300 22.791212 17.611448 10.216287 15.766443 24.649525 33.490738 36.375862 30.971159 21.351425 14.160214 24.203800 37.825687 47.915516 46.975529 35.779488 22.326408 19.178387 32.835976 47.818382 54.633984 47.818382 32.835976 19.178385 22.326406 35.779488 46.975517 47.915516 37.825687 24.203800 14.160214 21.351425 30.971159 36.375858 33.490738 24.649525 15.766443 10.216287 17.611448 22.791212 24.218300 20.872953 15.340874 10.764745 8.165998,
 6.097372 6.312380 6.434779 6.414374 6.164275 5.681294 5.132915 7.136306 8.093757 8.905370 9.127950 8.496160 7.263560 6.037970 8.561472 10.938446 13.176866 14.053747 12.883522 10.377972 7.885151 9.182261 12.429739 15.636765 17.052504 15.636765 12.429738 9.182260 7.885151 10.377971 12.883522 14.053746 13.176866 10.938446 8.561470 6.037970 7.263560 8.496158 9.127950 8.905370 8.093757 7.136305 5.132915 5.681294 6.164275 6.414374 6.434779 6.312379 6.097371,
 6.618062 7.389531 7.306674 6.404740 5.444002 4.828148 4.414299 7.484510 9.638281 10.713132 9.583083 7.256493 5.374584 4.402412 7.408533 10.836037 13.942424 13.972530 10.781244 7.149577 4.956553 6.226885 9.642550 14.033566 16.253216 14.033566 9.642550 6.226885 4.956553 7.149577 10.781244 13.972530 13.942424 10.836035 7.408533 4.402412 5.374584 7.256493 9.583083 10.713133 9.638281 7.484510 4.414299 4.828147 5.444002 6.404740 7.306675 7.389531 6.618062,
 4.996627 5.873998 7.626870 8.872477 8.217510 6.374541 4.769216 5.039060 6.890829 10.222492 12.257892 10.627132 7.188395 4.754431 5.021974 7.829530 12.687204 15.495453 12.876108 7.940033 4.815494 4.931036 8.238776 13.782375 16.903246 13.782373 8.238776 4.931037 4.815494 7.940033 12.876108 15.495453 12.687202 7.829529 5.021974 4.754430 7.188396 10.627132 12.257892 10.222492 6.890829 5.039060 4.769216 6.374542 8.217510 8.872477 7.626869 5.873997 4.996627,
 5.479411 5.521230 6.104953 7.270783 8.191214 7.822750 6.362967 5.696189 6.427800 8.315639 10.712860 11.642981 10.004251 7.241761 6.224966 8.301454 11.966439 15.136815 14.866369 11.334682 7.579586 7.053189 10.517034 15.077525 17.371277 15.077526 10.517034 7.053187 7.579586 11.334682 14.866369 15.136814 11.966437 8.301453 6.224967 7.241761 10.004249 11.642981 10.712858 8.315639 6.427799 5.696187 6.362968 7.822750 8.191214 7.270783 6.104952 5.521230 5.479410,

Pairwise cross-correlations of the modulus of all oriented sub-bands at the same scale (size QxQ)
 56.143871 52.170734 45.285393 51.938118,
 52.170734 59.403328 52.840771 50.326305,
 45.285393 52.840771 58.126644 52.820744,
 51.938118 50.326305 52.820744 58.646648,
 53.105106 48.659061 46.720390 49.346939,
 48.659061 52.895977 49.599300 45.839855,
 46.720390 49.599300 56.116310 50.941380,
 49.346939 45.839855 50.941380 54.633984,

Cross-correlations of the modulus of all oriented sub-bands with all oriented sub-bands at the coarser scale (size QxQ)
 49.228924 45.322712 43.299526 46.268791,
 48.022896 50.579494 48.966061 46.004772,
 43.720768 46.831287 51.357887 47.675980,
 47.888706 44.577877 48.714622 51.597424,
 23.934753 22.300344 21.596231 22.646244,
 22.610310 23.060709 22.513111 21.745176,
 22.094202 22.700741 24.394669 23.382029,
 23.068424 21.455292 23.299749 24.539188,

Cross-correlations of the real part of each oriented sub-band with both the real and imaginary part of all phase-doubled oriented sub-bands at the next coarser scale (Q matrices of size 1x2Q, which are computed and stored in a matrix of size Qx2Q)
 -20.046703 -9.197136 -0.772673 -9.341521 -0.172004 -0.051836 -0.000083 0.010858,
 -8.739799 -21.579546 -9.444585 -0.775077 -0.095353 -0.089211 -0.020724 0.013122,
 -0.781440 -9.474410 -22.265465 -9.882316 -0.004395 -0.040003 -0.048400 -0.013281,
 -8.834669 -0.786902 -9.791320 -22.264353 -0.044014 -0.004958 -0.008321 -0.029459,
 -11.944800 -5.203237 -0.470850 -5.259783 -0.415382 0.079434 0.007468 0.020340,
 -5.354666 -11.252181 -5.081686 -0.539141 -0.104529 0.055789 -0.316948 -0.012403,
 -0.500148 -4.977257 -12.168901 -5.728503 0.015877 -0.099604 -0.608214 0.056131,
 -5.201518 -0.523510 -5.607704 -12.367772 -0.127415 -0.024042 -0.113256 0.153113,
