Low-band skewness and kurtosis
 -11.433517 147.572723,
 -6.863642 55.889053,
 -3.796244 19.752111,
 -1.293316 10.179346,

High-band variance
 17.331253,

Skewness, kurtosis, variance, mean, maximum and minimum of the reconstructed texture
 -11.518629 140.229477 324.388947 253.317841 255.000000 0.000000,

Auto-correlations of the low-frequency bands at each scale
 -0.646165 -2.935571 1.616071 6.713334 4.187069 0.967332 3.530479 -4.865024 9.045910 51.816566 79.154404 54.954411 13.319928 -1.232971 -1.590781 51.267082 160.623108 222.813599 162.672302 54.166199 1.035683 3.242499 78.453125 222.851761 302.378967 222.851761 78.453140 3.242498 1.035683 54.166195 162.672302 222.813599 160.623108 51.267082 -1.590782 -1.232971 13.319926 54.954411 79.154404 51.816563 9.045910 -4.865024 3.530480 0.967332 4.187070 6.713334 1.616069 -2.935572 -0.646166,
 7.745374 1.031154 -4.612146 -5.529758 -1.291690 7.366945 10.985590 1.547180 -11.253039 -3.028144 9.414831 -0.115257 -5.816071 4.109109 -5.763664 -7.177919 51.540627 98.182060 53.709019 -3.538473 -3.750792 -6.481349 3.995638 95.539009 162.245712 95.539009 3.995638 -6.481349 -3.750791 -3.538473 53.709019 98.182060 51.540627 -7.177920 -5.763665 4.109109 -5.816071 -0.115258 9.414831 -3.028143 -11.253039 1.547179 10.985592 7.366944 -1.291690 -5.529758 -4.612145 1.031154 7.745374,
 4.680271 3.091684 0.037153 0.850212 4.696179 6.664655 6.477577 4.129318 -0.710775 -1.459183 2.808394 2.751102 2.105620 5.009933 3.754733 0.708362 15.200130 29.930103 17.410545 1.897390 3.618009 3.964030 4.443747 30.343723 51.417969 30.343719 4.443747 3.964030 3.618009 1.897390 17.410543 29.930099 15.200130 0.708362 3.754733 5.009933 2.105620 2.751102 2.808394 -1.459183 -0.710776 4.129318 6.477578 6.664656 4.696179 0.850212 0.037153 3.091684 4.680271,
 1.012021 1.245607 0.653417 0.498802 1.158078 1.284021 0.871340 1.423908 0.334086 -0.296216 0.684103 1.266121 0.961097 1.206847 1.008511 -0.177694 1.411065 4.183900 3.180651 0.919021 1.109684 0.756924 0.441944 3.914137 6.872669 3.914138 0.441944 0.756924 1.109684 0.919021 3.180651 4.183900 1.411065 -0.177694 1.008511 1.206846 0.961097 1.266121 0.684103 -0.296215 0.334086 1.423909 0.871340 1.284021 1.158078 0.498802 0.653418 1.245607 1.012021,

Auto-correlations of the modulus of each oriented sub-band
 15.773543 17.437769 18.714096 19.344929 19.180328 18.270725 16.804411 25.819822 29.833937 32.781139 33.974922 33.106613 30.437822 26.614494 36.735630 43.470184 48.376286 50.232979 48.523655 43.761440 37.152031 41.725563 49.666588 55.444828 57.582012 55.444828 49.666595 41.725559 37.152031 43.761433 48.523655 50.232979 48.376286 43.470184 36.735638 26.614494 30.437820 33.106613 33.974922 32.781139 29.833942 25.819822 16.804411 18.270725 19.180328 19.344927 18.714096 17.437769 15.773544,
 30.315329 35.056213 35.124462 30.302917 22.870304 15.859175 11.094353 34.549957 43.225685 46.719162 43.082500 34.061607 23.739601 15.622160 34.249119 46.354851 54.421932 54.348427 46.085361 33.706562 22.214643 29.365709 42.568657 54.220329 58.950443 54.220322 42.568665 29.365709 22.214643 33.706566 46.085361 54.348423 54.421940 46.354855 34.249115 15.622160 23.739597 34.061607 43.082504 46.719162 43.225689 34.549957 11.094352 15.859174 22.870302 30.302917 35.124466 35.056221 30.315329,
 15.174577 26.194954 37.688808 42.752949 37.889420 26.801994 16.295013 16.811640 30.277700 44.584694 50.923874 44.726349 30.710579 17.607191 18.014687 33.198769 49.510189 56.766224 49.583294 33.425064 18.429346 18.587547 34.337715 51.333912 58.905617 51.333912 34.337715 18.587547 18.429346 33.425064 49.583302 56.766224 49.510189 33.198769 18.014683 17.607191 30.710579 44.726349 50.923874 44.584694 30.277700 16.811638 16.295013 26.801994 37.889420 42.752953 37.688808 26.194954 15.174575,
 9.518350 14.492567 21.631788 29.158903 34.108528 34.272125 29.893654 14.307880 22.527075 32.892849 41.941479 45.645115 42.355152 34.047531 21.219595 32.686119 45.007488 53.227161 53.331100 45.461079 33.676682 28.643517 41.663155 53.158806 57.829285 53.158794 41.663155 28.643517 33.676682 45.461075 53.331104 53.227161 45.007488 32.686127 21.219595 34.047535 42.355145 45.645119 41.941475 32.892845 22.527075 14.307880 29.893656 34.272121 34.108528 29.158905 21.631788 14.492568 9.518352,
 11.845335 12.782705 13.753767 14.512996 14.805837 14.632800 14.161372 18.443697 22.319366 25.768429 27.284725 26.084503 22.917479 19.300735 27.285089 35.684521 43.058472 46.001087 42.863205 35.459236 27.223791 31.577997 42.276752 51.833935 55.793266 51.833935 42.276752 31.577997 27.223791 35.459236 42.863205 46.001087 43.058472 35.684513 27.285091 19.300739 22.917477 26.084503 27.284729 25.768429 22.319366 18.443697 14.161374 14.632802 14.805838 14.512995 13.753768 12.782704 11.845333,
 19.041365 22.619661 23.158346 20.087795 15.916630 13.275540 12.460639 23.335003 31.430725 35.883232 32.876305 24.809395 17.495220 13.930829 24.554628 36.470860 46.798233 47.513863 37.816368 25.363308 17.253428 21.741608 33.681080 47.758884 54.337921 47.758888 33.681080 21.741604 17.253428 25.363306 37.816368 47.513863 46.798233 36.470860 24.554625 13.930831 17.495220 24.809391 32.876305 35.883232 31.430725 23.335003 12.460639 13.275539 15.916628 20.087797 23.158346 22.619661 19.041361,
 10.870408 15.753825 23.573200 27.956516 24.728998 17.923376 13.352828 12.184940 19.883602 32.141674 38.644165 32.766300 21.310209 13.933401 13.422518 23.543581 39.652573 48.108490 39.905800 24.267641 14.348433 14.224562 25.254650 42.771721 52.009052 42.771721 25.254650 14.224562 14.348433 24.267641 39.905796 48.108490 39.652573 23.543581 13.422517 13.933403 21.310205 32.766300 38.644165 32.141678 19.883604 12.184939 13.352829 17.923374 24.728998 27.956516 23.573202 15.753826 10.870407,
 9.007577 10.202815 13.885657 19.460409 23.663914 23.595087 19.972658 11.079432 14.830175 22.840061 31.831486 35.564930 31.447416 23.409475 14.962350 23.135490 35.947102 46.089405 45.725918 35.589172 23.731636 20.094326 32.029438 46.146473 52.727974 46.146477 32.029438 20.094326 23.731640 35.589176 45.725910 46.089405 35.947109 23.135489 14.962352 23.409475 31.447414 35.564930 31.831486 22.840061 14.830173 11.079432 19.972658 23.595093 23.663908 19.460409 13.885658 10.202813 9.007577,
 4.661299 4.977226 5.438113 5.896999 6.234497 6.423203 6.479119 5.821271 6.712040 7.635417 8.169245 8.103601 7.607114 6.980387 7.637643 9.749042 11.813513 12.742782 11.986770 10.112749 8.130572 8.776827 11.627630 14.433056 15.667728 14.433056 11.627630 8.776827 8.130573 10.112748 11.986770 12.742782 11.813513 9.749041 7.637643 6.980387 7.607115 8.103602 8.169245 7.635416 6.712040 5.821271 6.479119 6.423203 6.234497 5.896998 5.438113 4.977225 4.661298,
 6.300245 7.051086 7.294443 6.890488 6.498538 6.407105 6.457002 7.320143 9.160934 10.381370 9.747022 8.150358 7.016870 6.513707 7.731581 10.556734 13.497803 13.775267 11.160809 8.341582 6.759604 7.335383 10.027241 13.832887 15.895935 13.832887 10.027241 7.335383 6.759604 8.341582 11.160807 13.775266 13.497803 10.556736 7.731581 6.513707 7.016869 8.150358 9.747022 10.381370 9.160933 7.320143 6.457002 6.407105 6.498537 6.890488 7.294443 7.051087 6.300244,
 5.468216 6.284144 7.709828 8.836855 8.465926 7.148131 6.282864 5.772050 7.302391 9.944882 11.699366 10.472400 7.955668 6.482404 6.075215 8.247289 12.065261 14.467036 12.320112 8.601218 6.508317 6.347614 8.747971 13.029634 15.674567 13.029634 8.747971 6.347614 6.508317 8.601218 12.320112 14.467036 12.065261 8.247287 6.075217 6.482404 7.955668 10.472400 11.699366 9.944882 7.302390 5.772049 6.282864 7.148132 8.465926 8.836855 7.709828 6.284144 5.468215,
 4.614199 4.770125 5.327331 6.423334 7.435075 7.532209 6.862170 4.780829 5.480776 7.089828 9.200385 10.203267 9.166637 7.349630 5.337284 7.057633 10.101798 12.900182 12.757687 9.932421 7.133738 6.274549 8.996694 12.789436 14.834084 12.789437 8.996694 6.274548 7.133738 9.932421 12.757687 12.900184 10.101798 7.057633 5.337283 7.349630 9.166637 10.203267 9.200385 7.089828 5.480776 4.780828 6.862170 7.532209 7.435074 6.423334 5.327331 4.770125 4.614199,

Pairwise cross-correlations of the modulus of all oriented sub-bands at the same scale (size QxQ)
 57.582024 52.513351 46.640282 52.147549,
 52.513351 58.950428 53.477661 49.489239,
 46.640282 53.477661 58.905613 52.911549,
 52.147549 49.489239 52.911549 57.829285,
 55.793262 50.747578 45.984367 49.884567,
 50.747578 54.337906 49.103073 47.272289,
 45.984367 49.103073 52.009048 48.518421,
 49.884567 47.272289 48.518421 52.727966,

Cross-correlations of the modulus of all oriented sub-bands with all oriented sub-bands at the coarser scale (size QxQ)
 51.430832 47.590168 42.959557 46.778278,
 49.320656 51.721390 47.563587 45.386143,
 45.192837 47.706039 49.547962 46.736824,
 48.678322 45.317627 46.507683 49.988037,
 23.360619 22.697824 21.106806 21.722162,
 22.349287 23.711050 22.193899 20.584301,
 20.457634 21.824453 22.470871 20.923529,
 21.768782 21.088484 21.444815 21.715406,

Cross-correlations of the real part of each oriented sub-band with both the real and imaginary part of all phase-doubled oriented sub-bands at the next coarser scale (Q matrices of size 1x2Q, which are computed and stored in a matrix of size Qx2Q)
 -22.517458 -10.095380 -0.659870 -9.631726 0.071648 0.027580 -0.004811 0.068759,
 -9.745239 -22.832680 -9.138803 -0.834188 0.055476 0.011734 0.042714 -0.001000,
 -0.733411 -9.659859 -20.916977 -9.147827 0.001939 0.007681 0.125550 0.032449,
 -9.619302 -0.789309 -8.785534 -21.490776 -0.003165 0.002147 0.028623 0.136718,
 -10.887957 -5.103675 -0.399405 -4.445504 -0.203181 -0.172980 -0.031628 0.040422,
 -4.964498 -11.058610 -4.650934 -0.430037 -0.037320 -0.484788 0.043308 -0.007537,
 -0.386009 -4.824399 -10.576076 -4.446825 -0.001109 -0.098412 0.167323 -0.147102,
 -4.557270 -0.512604 -4.561774 -9.988602 -0.135305 0.022774 -0.006439 -0.163363,
