Low-band skewness and kurtosis
 -11.288927 143.869400,
 -6.873615 55.653584,
 -3.987191 22.289940,
 -0.085213 7.422962,

High-band variance
 17.701452,

Skewness, kurtosis, variance, mean, maximum and minimum of the reconstructed texture
 -11.382019 136.984329 330.526520 253.281113 255.000000 0.000000,

Auto-correlations of the low-frequency bands at each scale
 7.566692 3.541754 3.370664 4.407548 0.934646 0.234157 6.337361 3.574106 15.593966 54.322144 78.413956 53.792118 14.986496 3.578993 4.639232 56.463089 164.581482 225.969284 165.463608 58.027752 6.229464 8.274859 83.217636 227.911469 307.953461 227.911469 83.217644 8.274859 6.229465 58.027740 165.463608 225.969284 164.581482 56.463089 4.639232 3.578994 14.986495 53.792130 78.413956 54.322144 15.593968 3.574105 6.337362 0.234156 0.934647 4.407548 3.370662 3.541754 7.566690,
 6.688514 2.963056 0.727658 0.115879 -0.377130 3.125020 4.381766 4.692822 -7.656317 -1.316346 8.992498 -1.559339 -6.182562 4.599740 -0.439521 -0.403078 55.257927 99.050644 54.988613 0.590041 0.425378 -1.932312 10.847432 100.430679 165.849319 100.430679 10.847432 -1.932312 0.425378 0.590041 54.988613 99.050644 55.257927 -0.403078 -0.439521 4.599741 -6.182561 -1.559340 8.992498 -1.316345 -7.656317 4.692824 4.381766 3.125020 -0.377129 0.115879 0.727658 2.963056 6.688515,
 6.776866 3.709671 0.164952 -0.123196 -0.691081 -0.647941 0.724805 3.687670 -1.588785 -0.464033 3.739006 -0.568276 -3.471709 0.718980 0.315452 -0.789316 18.122412 34.150238 18.055489 -1.374744 -0.276222 -0.555981 2.374093 33.405029 56.997543 33.405025 2.374093 -0.555981 -0.276223 -1.374744 18.055490 34.150230 18.122412 -0.789316 0.315452 0.718980 -3.471709 -0.568277 3.739006 -0.464032 -1.588785 3.687670 0.724805 -0.647941 -0.691081 -0.123196 0.164953 3.709671 6.776866,
 1.222021 1.391735 0.917072 0.109508 -0.345356 0.034304 0.658479 0.798318 0.021216 -0.144934 -0.134413 -0.493827 0.414470 1.765610 0.580298 0.172178 2.641522 4.981452 3.377263 1.885529 2.326890 1.582174 1.970684 5.883870 9.063802 5.883870 1.970684 1.582173 2.326890 1.885529 3.377263 4.981452 2.641522 0.172178 0.580298 1.765610 0.414470 -0.493827 -0.134413 -0.144934 0.021216 0.798317 0.658479 0.034304 -0.345357 0.109508 0.917072 1.391735 1.222021,

Auto-correlations of the modulus of each oriented sub-band
 15.968792 17.430038 18.430355 18.806633 18.471453 17.477924 15.974125 25.660204 29.543978 32.318432 33.364491 32.397232 29.655081 25.761179 36.047440 42.831608 47.757950 49.609669 47.835606 42.941887 36.163658 40.740585 48.879673 54.816246 57.021229 54.816246 48.879673 40.740585 36.163658 42.941879 47.835613 49.609661 47.757950 42.831612 36.047440 25.761179 29.655079 32.397232 33.364491 32.318432 29.543978 25.660200 15.974128 17.477924 18.471453 18.806633 18.430355 17.430040 15.968793,
 31.117228 35.673168 35.746685 31.055817 23.757219 16.772898 11.795763 35.887192 44.341190 47.754383 44.161804 35.212425 24.926058 16.690294 35.926357 47.847130 55.797028 55.734985 47.532421 35.209206 23.679928 31.082123 44.212502 55.754383 60.433907 55.754379 44.212502 31.082123 23.679928 35.209202 47.532429 55.734989 55.797028 47.847141 35.926357 16.690294 24.926056 35.212429 44.161804 47.754379 44.341190 35.887192 11.795763 16.772894 23.757219 31.055820 35.746685 35.673176 31.117228,
 16.508410 26.751320 37.674187 42.532970 37.646397 26.731441 16.577291 18.245586 30.890070 44.662346 50.870632 44.688396 30.914766 18.289301 19.432747 33.847916 49.732124 56.938934 49.765011 33.876209 19.454294 19.866005 34.944344 51.619328 59.187340 51.619328 34.944344 19.866003 19.454294 33.876209 49.765022 56.938927 49.732124 33.847919 19.432745 18.289301 30.914766 44.688393 50.870632 44.662338 30.890070 18.245586 16.577290 26.731441 37.646397 42.532970 37.674187 26.751322 16.508410,
 11.339998 16.074902 22.830210 29.963230 34.601124 34.561157 30.037659 16.054655 24.089262 34.221962 43.063988 46.595638 43.150730 34.682552 22.813925 34.208630 46.457668 54.606735 54.611130 46.617317 34.701149 29.989120 43.056286 54.598511 59.291191 54.598511 43.056293 29.989120 34.701149 46.617317 54.611130 54.606739 46.457661 34.208637 22.813925 34.682549 43.150730 46.595638 43.063995 34.221962 24.089258 16.054657 30.037659 34.561157 34.601124 29.963230 22.830214 16.074902 11.339998,
 11.284561 12.191952 12.696812 12.479992 11.415676 9.778852 8.041627 17.566423 21.480761 24.513502 25.348633 23.411484 19.424530 14.858824 25.351583 33.817032 40.788349 43.351475 40.178715 32.695950 23.916702 28.798159 39.703674 48.903915 52.583733 48.903927 39.703682 28.798159 23.916702 32.695946 40.178715 43.351475 40.788353 33.817032 25.351583 14.858823 19.424530 23.411484 25.348633 24.513506 21.480761 17.566423 8.041627 9.778852 11.415676 12.479992 12.696813 12.191952 11.284561,
 18.031300 21.515554 21.925364 18.346624 12.933217 8.389013 5.507432 22.389952 30.417864 34.689163 31.404352 22.609154 13.848662 8.265982 22.943398 35.094738 45.204632 45.766899 35.853733 22.695555 13.003220 18.921934 31.733831 45.851727 52.355022 45.851727 31.733833 18.921934 13.003220 22.695555 35.853733 45.766899 45.204624 35.094738 22.943398 8.265982 13.848662 22.609154 31.404350 34.689163 30.417868 22.389952 5.507432 8.389014 12.933214 18.346624 21.925364 21.515556 18.031300,
 11.098583 17.287237 25.990219 30.250887 25.492420 16.163239 8.860144 12.650800 21.784237 34.851074 41.417957 34.381268 20.765413 10.762527 13.590679 25.302242 42.196487 50.882984 41.902649 24.686850 12.493221 13.553711 26.458878 45.010921 54.696312 45.010925 26.458878 13.553711 12.493219 24.686850 41.902641 50.882996 42.196484 25.302242 13.590678 10.762527 20.765411 34.381260 41.417957 34.851074 21.784237 12.650799 8.860144 16.163235 25.492420 30.250887 25.990219 17.287241 11.098583,
 8.306108 10.155536 13.702075 18.344719 21.360472 20.161346 15.431870 10.205728 14.848500 22.832464 31.206491 34.250889 29.290922 20.077475 13.666004 22.820946 35.751774 45.687462 45.047287 34.269646 21.294241 18.294592 31.247648 45.733124 52.420746 45.733124 31.247648 18.294592 21.294239 34.269646 45.047287 45.687454 35.751778 22.820944 13.666004 20.077475 29.290922 34.250889 31.206491 22.832464 14.848500 10.205729 15.431870 20.161346 21.360472 18.344715 13.702075 10.155538 8.306109,
 4.941213 5.030990 4.858782 4.373371 3.686550 2.990602 2.425982 6.082890 7.169279 7.984598 8.031481 7.109334 5.578332 4.030046 7.672501 10.370878 12.801373 13.720847 12.421093 9.591817 6.565250 8.204603 11.900511 15.358493 16.851322 15.358493 11.900510 8.204603 6.565250 9.591817 12.421095 13.720847 12.801373 10.370877 7.672501 4.030046 5.578331 7.109334 8.031480 7.984597 7.169278 6.082889 2.425982 2.990602 3.686549 4.373371 4.858782 5.030989 4.941212,
 6.556977 7.090788 6.743965 5.366534 3.708088 2.520932 1.926446 7.437478 9.438276 10.441746 9.198632 6.430016 3.942437 2.529204 7.197227 10.607852 13.734888 13.866972 10.568138 6.523888 3.862271 5.715118 9.367144 13.880692 16.114950 13.880692 9.367144 5.715118 3.862271 6.523888 10.568138 13.866972 13.734885 10.607852 7.197227 2.529204 3.942437 6.430017 9.198632 10.441746 9.438275 7.437478 1.926446 2.520932 3.708088 5.366534 6.743965 7.090787 6.556976,
 4.961152 5.951632 7.395193 8.063545 6.568931 4.133864 2.719594 5.181109 6.976655 9.847090 11.340448 9.118130 5.438572 3.313593 5.166299 7.807871 12.173180 14.586649 11.721367 6.901042 4.093307 4.792628 7.851418 13.024853 16.024639 13.024853 7.851418 4.792628 4.093307 6.901042 11.721367 14.586647 12.173180 7.807871 5.166299 3.313592 5.438572 9.118130 11.340446 9.847088 6.976655 5.181109 2.719594 4.133864 6.568931 8.063544 7.395193 5.951634 4.961152,
 4.895143 4.732178 4.761730 5.247419 5.580849 5.014969 3.878440 4.843332 5.259241 6.625377 8.485881 9.010473 7.429833 5.159005 5.131075 6.845185 10.040996 12.832631 12.409396 9.167480 5.930519 5.733726 8.755733 12.888912 15.033221 12.888912 8.755733 5.733726 5.930519 9.167481 12.409396 12.832631 10.040996 6.845185 5.131075 5.159006 7.429833 9.010473 8.485881 6.625377 5.259240 4.843332 3.878441 5.014969 5.580849 5.247420 4.761729 4.732177 4.895142,

Pairwise cross-correlations of the modulus of all oriented sub-bands at the same scale (size QxQ)
 57.021259 53.435089 46.914562 52.864079,
 53.435089 60.433910 54.333393 51.293995,
 46.914562 54.333393 59.187355 53.816891,
 52.864079 51.293995 53.816891 59.291172,
 52.583729 47.940632 45.140820 47.890202,
 47.940632 52.355015 48.984596 44.783169,
 45.140820 48.984596 54.696316 48.747349,
 47.890202 44.783169 48.747349 52.420746,

Cross-correlations of the modulus of all oriented sub-bands with all oriented sub-bands at the coarser scale (size QxQ)
 49.069332 45.538765 43.309868 46.388340,
 47.870605 50.420776 48.724365 45.797276,
 43.635735 46.545639 50.523651 47.053333,
 47.551006 44.585979 47.962749 50.895893,
 22.932249 21.684713 20.755632 21.364449,
 21.520967 22.828363 22.041954 20.020260,
 21.028090 22.149328 23.408022 21.289511,
 21.882080 20.898453 21.905724 22.282019,

Cross-correlations of the real part of each oriented sub-band with both the real and imaginary part of all phase-doubled oriented sub-bands at the next coarser scale (Q matrices of size 1x2Q, which are computed and stored in a matrix of size Qx2Q)
 -19.979023 -9.086589 -0.716933 -9.047918 -0.097890 -0.036991 0.016426 -0.089795,
 -8.604266 -21.530184 -9.545417 -0.800896 -0.020038 0.134075 0.125422 0.007134,
 -0.723973 -9.663586 -21.795137 -9.152398 0.010196 0.118585 0.362219 -0.034946,
 -8.698113 -0.810572 -9.213629 -20.827930 -0.001655 -0.030124 0.218012 -0.199047,
 -12.038573 -4.975976 -0.434004 -5.265203 -0.224761 0.124918 0.015798 -0.009210,
 -5.142832 -11.047901 -5.119412 -0.576116 -0.062435 0.463033 0.021256 0.034382,
 -0.448398 -4.956682 -11.746021 -5.298116 0.014264 0.064611 -0.212397 -0.067112,
 -5.277132 -0.525231 -5.185170 -11.683966 -0.034774 -0.096150 -0.099798 -0.206503,
