Low-band skewness and kurtosis
 -11.362006 145.913315,
 -6.714633 52.923660,
 -3.588294 17.258173,
 -0.826713 5.573039,

High-band variance
 17.588371,

Skewness, kurtosis, variance, mean, maximum and minimum of the reconstructed texture
 -11.430956 138.121292 328.626617 253.294174 255.000000 0.000000,

Auto-correlations of the low-frequency bands at each scale
 -1.665520 -4.406820 -2.070465 0.303651 -2.290658 -1.380712 7.390121 -5.855671 9.028329 51.379665 76.584473 50.995296 12.172382 4.213686 -3.388421 50.695427 162.258240 224.610916 162.089920 52.886829 3.383477 2.113180 77.117134 224.628220 306.275360 224.628174 77.117142 2.113180 3.383477 52.886822 162.089905 224.610886 162.258240 50.695435 -3.388421 4.213686 12.172380 50.995296 76.584473 51.379662 9.028329 -5.855671 7.390122 -1.380712 -2.290660 0.303651 -2.070464 -4.406820 -1.665520,
 8.393872 7.140761 -2.129453 -7.576772 -5.319159 1.990056 5.806327 3.162189 -7.785452 -6.106601 2.959075 -2.663974 -4.029312 5.661735 -6.839221 -6.724463 48.329906 94.461769 55.074955 1.930653 -1.597941 -8.023721 6.647110 96.741669 161.902725 96.741669 6.647110 -8.023720 -1.597941 1.930653 55.074955 94.461769 48.329910 -6.724462 -6.839221 5.661735 -4.029311 -2.663975 2.959075 -6.106600 -7.785453 3.162189 5.806327 1.990056 -5.319158 -7.576771 -2.129453 7.140760 8.393873,
 2.801759 2.774986 2.692660 1.841270 0.853700 2.957827 3.833775 2.493562 -1.986681 -1.631118 1.033957 -2.990326 -4.010653 0.463498 1.826382 -1.334154 14.412764 29.586647 15.094656 -1.609713 0.886398 2.423095 2.713294 30.264713 52.637417 30.264713 2.713294 2.423095 0.886398 -1.609713 15.094656 29.586647 14.412764 -1.334153 1.826382 0.463498 -4.010653 -2.990326 1.033957 -1.631119 -1.986681 2.493562 3.833775 2.957826 0.853700 1.841270 2.692660 2.774986 2.801759,
 0.448244 0.640756 1.115537 1.299606 1.071697 1.142439 1.117723 0.479439 -0.188645 0.279864 1.304885 0.918322 0.410986 0.752852 0.548908 -0.230484 1.902302 4.453708 2.772069 0.443311 0.801156 0.796235 0.498493 3.994195 7.000947 3.994195 0.498493 0.796235 0.801156 0.443311 2.772069 4.453708 1.902302 -0.230484 0.548908 0.752852 0.410986 0.918322 1.304885 0.279863 -0.188645 0.479439 1.117723 1.142439 1.071697 1.299605 1.115537 0.640756 0.448244,

Auto-correlations of the modulus of each oriented sub-band
 14.448653 16.242386 17.684408 18.537436 18.648117 18.031437 16.815865 25.116308 29.569912 32.938293 34.503315 33.912724 31.373558 27.488482 36.887188 44.284519 49.714584 51.911156 50.315639 45.394382 38.342541 42.625755 51.247818 57.449646 59.728027 57.449646 51.247818 42.625755 38.342537 45.394379 50.315639 51.911156 49.714577 44.284519 36.887188 27.488482 31.373556 33.912727 34.503315 32.938290 29.569912 25.116306 16.815865 18.031437 18.648117 18.537436 17.684408 16.242386 14.448653,
 29.110561 33.806995 33.827156 29.052706 21.840843 15.186973 10.695520 33.650555 42.389576 45.946522 42.311844 33.327919 23.164055 15.251420 33.681820 45.877743 54.099556 54.085011 45.754551 33.333694 21.880756 29.007339 42.284374 54.074432 58.893162 54.074432 42.284378 29.007339 21.880756 33.333691 45.754551 54.085011 54.099552 45.877747 33.681816 15.251421 23.164055 33.327927 42.311840 45.946522 42.389576 33.650555 10.695520 15.186971 21.840843 29.052706 33.827152 33.806999 29.110559,
 15.004646 25.167582 36.332432 41.456093 36.636360 25.738209 15.760898 16.619240 29.341881 43.474457 49.956219 43.755589 29.888809 17.371376 17.867414 32.417652 48.678978 56.121250 48.848473 32.748188 18.329931 18.496443 33.670086 50.658844 58.398773 50.658844 33.670086 18.496441 18.329931 32.748188 48.848473 56.121250 48.678978 32.417652 17.867414 17.371376 29.888809 43.755592 49.956211 43.474449 29.341881 16.619242 15.760899 25.738209 36.636360 41.456093 36.332432 25.167582 15.004643,
 9.095906 14.161597 21.635525 29.655956 35.108307 35.692352 31.545467 14.441285 23.281183 34.332973 43.990120 48.126541 45.059643 36.661949 22.439123 34.789753 47.809845 56.465279 56.747829 48.781155 36.524361 30.943283 44.756348 56.690113 61.490952 56.690113 44.756351 30.943281 36.524361 48.781162 56.747829 56.465279 47.809845 34.789761 22.439123 36.661949 45.059643 48.126541 43.990120 34.332973 23.281185 14.441285 31.545467 35.692348 35.108307 29.655951 21.635521 14.161599 9.095905,
 8.512428 9.705547 10.757010 11.198864 10.853394 9.980496 8.964008 14.472714 18.494471 22.081036 23.588522 22.323053 19.130066 15.504014 22.626146 31.090992 38.666454 41.731621 38.676331 31.415203 23.372244 26.978481 37.642212 47.325752 51.378490 47.325756 37.642212 26.978483 23.372248 31.415203 38.676331 41.731613 38.666454 31.090992 22.626146 15.504014 19.130064 22.323050 23.588522 22.081036 18.494471 14.472714 8.964008 9.980496 10.853394 11.198864 10.757010 9.705546 8.512428,
 17.720066 22.597059 23.764107 20.199368 14.454197 9.666259 6.930829 22.504534 32.125542 37.354031 34.076996 24.752642 15.516988 9.970888 23.611967 37.304401 48.646000 49.404484 38.869152 24.780813 14.661554 20.163788 34.040440 49.411339 56.384327 49.411350 34.040440 20.163788 14.661554 24.780811 38.869152 49.404484 48.646000 37.304413 23.611967 9.970887 15.516988 24.752642 34.076996 37.354031 32.125546 22.504530 6.930829 9.666259 14.454197 20.199371 23.764107 22.597059 17.720066,
 9.173888 15.807935 24.473881 28.497150 23.680616 14.894938 8.803695 10.448005 19.956497 33.161152 39.637836 32.574184 19.458694 10.536505 11.545993 23.437672 40.606026 49.359207 40.288475 23.247158 11.738386 12.081040 24.786005 43.509781 53.332279 43.509781 24.786005 12.081040 11.738385 23.247158 40.288475 49.359207 40.606030 23.437672 11.545993 10.536505 19.458693 32.574181 39.637836 33.161156 19.956499 10.448007 8.803695 14.894937 23.680614 28.497150 24.473881 15.807934 9.173888,
 7.112015 9.016495 12.676540 17.418516 20.566244 19.902998 16.269951 9.005712 13.440696 21.541586 30.204987 33.498711 29.145372 20.989189 12.842996 21.660355 34.673344 44.834110 44.307201 33.985569 21.783031 18.095030 30.561586 44.883698 51.586922 44.883698 30.561588 18.095030 21.783028 33.985577 44.307194 44.834110 34.673347 21.660355 12.842995 20.989189 29.145370 33.498711 30.204983 21.541590 13.440696 9.005712 16.269947 19.902998 20.566244 17.418518 12.676540 9.016495 7.112015,
 3.896673 4.212682 4.552243 4.827927 4.955455 4.911322 4.717057 5.138530 6.211833 7.161220 7.595036 7.321700 6.541249 5.641693 7.218224 9.646822 11.812597 12.711373 11.856753 9.792605 7.524835 8.520474 11.642689 14.499053 15.706850 14.499053 11.642689 8.520473 7.524835 9.792605 11.856753 12.711372 11.812597 9.646822 7.218225 5.641693 6.541249 7.321700 7.595036 7.161220 6.211832 5.138530 4.717057 4.911322 4.955456 4.827927 4.552243 4.212682 3.896673,
 4.614261 5.569329 5.896147 5.345779 4.534925 4.011001 3.684040 5.733511 7.927852 9.346130 8.615125 6.534970 4.818523 3.932820 6.165370 9.450014 12.723409 13.041485 10.046165 6.611448 4.563447 5.555225 8.750989 13.057795 15.315436 13.057795 8.750988 5.555225 4.563447 6.611449 10.046165 13.041485 12.723409 9.450013 6.165370 3.932821 4.818523 6.534969 8.615125 9.346130 7.927852 5.733511 3.684040 4.011001 4.534925 5.345779 5.896147 5.569329 4.614261,
 3.790291 5.183026 7.548967 8.902062 7.804788 5.726458 4.391719 4.202624 6.324462 9.943986 12.089607 10.298616 6.883701 4.779614 4.666728 7.480496 12.240161 15.041408 12.500457 7.838447 5.019698 4.986938 8.098665 13.310400 16.287500 13.310400 8.098664 4.986938 5.019698 7.838447 12.500459 15.041408 12.240160 7.480496 4.666728 4.779614 6.883702 10.298615 12.089605 9.943986 6.324462 4.202624 4.391719 5.726458 7.804788 8.902062 7.548967 5.183026 3.790291,
 2.764506 3.130139 3.833020 4.916523 5.829741 5.698612 4.667217 3.256758 4.201149 5.949156 8.134871 9.090339 7.813967 5.730193 4.229476 6.171786 9.397846 12.356605 12.164617 9.105216 6.122818 5.429948 8.334743 12.350737 14.529942 12.350737 8.334743 5.429947 6.122818 9.105217 12.164617 12.356603 9.397846 6.171786 4.229476 5.730193 7.813967 9.090337 8.134871 5.949156 4.201149 3.256758 4.667217 5.698612 5.829741 4.916523 3.833020 3.130139 2.764506,

Pairwise cross-correlations of the modulus of all oriented sub-bands at the same scale (size QxQ)
 59.728043 53.648232 47.495609 55.359329,
 53.648232 58.893143 53.233006 51.235432,
 47.495609 53.233006 58.398754 54.231499,
 55.359329 51.235432 54.231499 61.490944,
 51.378490 48.938023 44.671619 47.775173,
 48.938023 56.384312 50.843800 46.797989,
 44.671619 50.843800 53.332272 47.804668,
 47.775173 46.797989 47.804668 51.586929,

Cross-correlations of the modulus of all oriented sub-bands with all oriented sub-bands at the coarser scale (size QxQ)
 49.502773 49.048622 44.511971 46.591518,
 47.238850 52.458260 48.163799 44.476589,
 43.103035 48.662960 50.323761 46.108292,
 47.694954 47.796028 48.773212 50.540821,
 22.513796 20.604029 20.382896 20.591652,
 22.589237 22.972120 22.911606 20.700684,
 20.854893 21.323248 23.143280 21.072287,
 21.556450 19.607098 21.470083 21.563473,

Cross-correlations of the real part of each oriented sub-band with both the real and imaginary part of all phase-doubled oriented sub-bands at the next coarser scale (Q matrices of size 1x2Q, which are computed and stored in a matrix of size Qx2Q)
 -21.644531 -9.806025 -0.808356 -9.469435 0.031157 0.002848 -0.005468 0.000265,
 -9.434291 -23.655226 -10.136971 -0.747444 0.011621 -0.004319 -0.006864 0.002144,
 -0.753590 -10.556007 -22.054720 -9.307451 0.002776 -0.008164 0.024237 0.005616,
 -9.288124 -0.783121 -9.153985 -21.842327 -0.011114 -0.003644 0.010735 0.000164,
 -10.956653 -5.243536 -0.475722 -4.838217 0.000809 -0.116950 0.005787 -0.025663,
 -4.819496 -12.398886 -5.512585 -0.513390 -0.052031 -0.225040 -0.037564 0.005990,
 -0.470478 -5.641262 -12.035386 -4.738900 -0.008862 -0.070513 -0.173113 0.037817,
 -4.781996 -0.514548 -5.027760 -10.687994 0.039734 0.008033 -0.066463 0.007327,
