Low-band skewness and kurtosis
 -11.372438 145.791931,
 -6.983325 58.260975,
 -4.036148 24.043818,
 -0.852482 8.772135,

High-band variance
 17.322973,

Skewness, kurtosis, variance, mean, maximum and minimum of the reconstructed texture
 -11.446815 138.417419 328.917664 253.296906 255.000000 0.000000,

Auto-correlations of the low-frequency bands at each scale
 5.813337 -0.182255 -0.568834 0.112055 -3.717808 -4.204381 3.060392 4.277063 16.176004 54.481705 77.087326 51.585155 12.934386 2.682848 9.127219 61.047867 166.804794 225.348373 164.831253 58.736969 7.657577 12.552646 87.145721 228.979721 306.950531 228.979721 87.145729 12.552646 7.657578 58.736961 164.831268 225.348373 166.804794 61.047878 9.127218 2.682848 12.934385 51.585163 77.087326 54.481701 16.176006 4.277064 3.060391 -4.204382 -3.717807 0.112055 -0.568834 -0.182254 5.813337,
 8.290748 4.450706 -5.643920 -11.100737 -7.093364 2.752113 6.917585 5.453598 -4.376167 -3.528751 2.157449 -6.247983 -7.680408 3.392934 1.362770 4.478310 56.733646 96.905914 53.655968 0.488701 -0.979012 -0.318383 14.796292 102.556145 166.083969 102.556160 14.796292 -0.318384 -0.979012 0.488701 53.655956 96.905914 56.733646 4.478310 1.362770 3.392934 -7.680408 -6.247983 2.157449 -3.528752 -4.376167 5.453598 6.917586 2.752113 -7.093363 -11.100736 -5.643920 4.450706 8.290748,
 4.837897 2.051390 -1.278794 -1.918296 -0.651183 2.174216 3.329090 5.343159 -0.665819 -1.971547 -0.567048 -4.093357 -3.944566 1.594883 2.788066 1.166490 17.895042 31.290697 15.328433 -2.248772 -0.077894 0.577707 3.458347 33.658806 56.487324 33.658806 3.458347 0.577708 -0.077893 -2.248772 15.328433 31.290695 17.895042 1.166490 2.788066 1.594883 -3.944566 -4.093356 -0.567048 -1.971547 -0.665819 5.343159 3.329090 2.174217 -0.651182 -1.918296 -1.278794 2.051390 4.837897,
 1.230620 1.593434 1.120294 0.155349 -0.094830 0.508934 1.070906 1.191904 0.454868 -0.125636 -0.324139 0.119519 1.549374 2.471322 0.248587 -0.388882 1.620294 4.013762 3.531710 2.214780 1.604874 0.065666 0.949676 4.796011 7.543712 4.796011 0.949676 0.065666 1.604874 2.214780 3.531710 4.013762 1.620294 -0.388882 0.248587 2.471322 1.549374 0.119518 -0.324139 -0.125636 0.454868 1.191904 1.070906 0.508934 -0.094830 0.155349 1.120294 1.593434 1.230620,

Auto-correlations of the modulus of each oriented sub-band
 15.487185 16.729282 17.496199 17.662033 17.167892 16.096205 14.611502 25.358429 29.105606 31.754028 32.695354 31.637758 28.829508 24.904879 35.704380 42.346500 47.175907 48.980038 47.191933 42.303989 35.550488 40.234573 48.242367 54.095173 56.272312 54.095169 48.242367 40.234573 35.550488 42.303989 47.191933 48.980038 47.175907 42.346504 35.704380 24.904879 28.829506 31.637764 32.695354 31.754028 29.105612 25.358429 14.611503 16.096205 17.167892 17.662033 17.496197 16.729284 15.487184,
 30.212797 34.143421 33.702724 28.703131 21.269941 14.358556 9.661599 34.722805 42.634052 45.684681 41.976982 33.036526 22.858364 14.824740 34.590286 46.005997 53.612110 53.503777 45.429070 33.345539 22.069517 29.640003 42.375927 53.577877 58.147316 53.577873 42.375927 29.640003 22.069519 33.345539 45.429070 53.503777 53.612106 46.005997 34.590286 14.824740 22.858362 33.036526 41.976982 45.684677 42.634056 34.722797 9.661599 14.358556 21.269943 28.703131 33.702724 34.143429 30.212797,
 17.642267 27.228872 37.553738 41.957123 36.843246 26.022062 16.213043 19.375292 31.502409 44.770893 50.585773 44.230247 30.598503 18.330902 20.448645 34.422241 49.867744 56.778263 49.572418 33.933857 19.893757 20.645706 35.318146 51.630928 59.050613 51.630924 35.318153 20.645706 19.893759 33.933857 49.572418 56.778263 49.867744 34.422249 20.448645 18.330902 30.598501 44.230251 50.585773 44.770893 31.502409 19.375290 16.213043 26.022057 36.843250 41.957123 37.553738 27.228876 17.642263,
 10.724407 15.067132 21.648863 28.846748 33.747932 34.077202 29.923912 15.663628 23.450840 33.436882 42.296223 46.044594 42.928970 34.791656 22.681648 33.879963 45.936581 54.051739 54.224239 46.518429 34.888947 30.086128 42.920773 54.213272 58.816658 54.213268 42.920776 30.086124 34.888947 46.518425 54.224239 54.051735 45.936581 33.879967 22.681648 34.791656 42.928963 46.044586 42.296219 33.436882 23.450842 15.663628 29.923914 34.077202 33.747932 28.846748 21.648861 15.067135 10.724406,
 9.045510 9.516809 9.715896 9.502105 8.868822 7.958951 6.954194 14.567803 18.018740 20.824980 21.807262 20.408316 17.213614 13.441012 22.320034 30.303888 37.113266 39.845711 37.048630 30.134811 22.042444 26.265453 36.661884 45.669167 49.350250 45.669174 36.661884 26.265455 22.042444 30.134811 37.048626 39.845711 37.113266 30.303892 22.320034 13.441014 17.213610 20.408316 21.807264 20.824982 18.018740 14.567801 6.954194 7.958950 8.868822 9.502105 9.715896 9.516810 9.045510,
 18.267420 21.735264 21.749590 17.440338 11.512755 7.106392 5.025469 22.317162 30.567308 34.826157 31.063486 21.727137 12.882624 7.798388 22.647709 35.047138 45.467850 45.954533 35.630032 22.196878 12.675372 18.615910 31.498156 45.980804 52.697872 45.980804 31.498159 18.615910 12.675371 22.196880 35.630024 45.954533 45.467854 35.047138 22.647707 7.798388 12.882624 21.727135 31.063486 34.826157 30.567308 22.317162 5.025469 7.106390 11.512755 17.440338 21.749592 21.735264 18.267418,
 11.418161 17.689507 25.754801 29.399355 24.679686 15.939876 9.541173 13.177731 22.685997 35.430817 41.687111 34.757793 21.424763 11.726215 14.373503 26.710453 43.630943 52.263950 43.361374 26.082256 13.599368 14.575079 28.108814 46.858879 56.545528 46.858879 28.108814 14.575079 13.599368 26.082256 43.361370 52.263950 43.630943 26.710455 14.373503 11.726215 21.424763 34.757786 41.687111 35.430817 22.685997 13.177731 9.541174 15.939874 24.679684 29.399355 25.754803 17.689507 11.418161,
 7.695248 9.576250 13.123789 17.944883 21.444504 20.929956 16.839615 10.104462 14.978477 23.231184 31.967148 35.363552 30.721651 21.761505 14.410776 23.898981 37.116570 47.236633 46.639008 35.925800 22.950533 19.676525 32.832478 47.404827 54.097897 47.404827 32.832481 19.676525 22.950533 35.925800 46.639000 47.236633 37.116573 23.898983 14.410778 21.761505 30.721651 35.363544 31.967148 23.231186 14.978477 10.104462 16.839613 20.929953 21.444504 17.944881 13.123789 9.576250 7.695247,
 4.511504 4.307791 4.041756 3.701247 3.341415 3.061326 2.922748 5.932224 6.503435 6.927974 6.866026 6.202305 5.197261 4.261104 7.656854 9.788410 11.666074 12.293286 11.185011 8.927304 6.585595 8.207390 11.282550 14.159631 15.394822 14.159631 11.282549 8.207390 6.585595 8.927304 11.185011 12.293286 11.666074 9.788410 7.656854 4.261104 5.197261 6.202304 6.866026 6.927974 6.503433 5.932223 2.922748 3.061326 3.341415 3.701247 4.041756 4.307790 4.511504,
 5.124696 5.804129 5.847288 5.021198 4.007061 3.371947 3.098679 6.526618 8.491716 9.581548 8.501142 6.131377 4.215816 3.380024 6.773615 10.143009 13.307651 13.385753 10.111459 6.336618 4.152403 5.592132 9.065079 13.609158 15.914053 13.609158 9.065079 5.592132 4.152403 6.336618 10.111459 13.385752 13.307651 10.143007 6.773615 3.380025 4.215816 6.131376 8.501142 9.581548 8.491716 6.526618 3.098679 3.371947 4.007061 5.021198 5.847287 5.804129 5.124696,
 4.805400 5.743290 7.717009 8.944371 7.812979 5.687794 4.370296 5.260191 7.049142 10.614237 12.818121 10.811717 7.025145 4.683574 5.527365 8.315223 13.446497 16.528883 13.617631 8.324052 5.131640 5.480080 8.867039 14.734697 18.128630 14.734699 8.867039 5.480079 5.131640 8.324052 13.617631 16.528881 13.446497 8.315224 5.527364 4.683574 7.025144 10.811716 12.818120 10.614237 7.049142 5.260190 4.370296 5.687794 7.812979 8.944371 7.717009 5.743290 4.805400,
 5.070395 4.785363 4.969114 5.869223 6.736494 6.569451 5.537562 5.495874 5.891652 7.525997 9.799509 10.713567 9.215104 6.733778 6.064426 7.981946 11.592186 14.776959 14.482960 10.971786 7.307867 6.868430 10.294052 14.896644 17.259367 14.896644 10.294051 6.868431 7.307866 10.971786 14.482962 14.776959 11.592185 7.981946 6.064426 6.733777 9.215105 10.713566 9.799511 7.525997 5.891652 5.495874 5.537563 6.569452 6.736493 5.869223 4.969114 4.785363 5.070394,

Pairwise cross-correlations of the modulus of all oriented sub-bands at the same scale (size QxQ)
 56.272293 51.938110 45.796677 51.883038,
 51.938110 58.147305 52.703030 49.364296,
 45.796677 52.703030 59.050621 53.069679,
 51.883038 49.364296 53.069679 58.816685,
 49.350243 46.633827 44.542313 47.155060,
 46.633827 52.697872 49.808750 46.117760,
 44.542313 49.808750 56.545528 50.591557,
 47.155060 46.117760 50.591557 54.097893,

Cross-correlations of the modulus of all oriented sub-bands with all oriented sub-bands at the coarser scale (size QxQ)
 47.079193 45.513523 43.055180 45.821613,
 45.549679 50.042118 47.849487 44.717457,
 42.132141 47.218334 52.391182 47.973270,
 46.047729 44.922241 48.880432 51.179016,
 21.424013 20.910667 20.731031 21.186230,
 21.610762 23.058178 23.183750 21.298622,
 21.501139 23.344511 26.154320 23.782831,
 22.215147 21.400711 23.978895 24.416025,

Cross-correlations of the real part of each oriented sub-band with both the real and imaginary part of all phase-doubled oriented sub-bands at the next coarser scale (Q matrices of size 1x2Q, which are computed and stored in a matrix of size Qx2Q)
 -19.420818 -8.760866 -0.800992 -9.133838 -0.127631 0.005178 -0.007779 -0.010095,
 -8.351033 -21.407316 -9.793928 -0.817625 -0.033160 0.029266 -0.062005 -0.010768,
 -0.719579 -9.819548 -22.747065 -10.008422 -0.005001 0.016165 -0.025264 0.018976,
 -8.526731 -0.814984 -9.933006 -22.044916 -0.058925 -0.006640 0.025905 0.013250,
 -10.235847 -4.577940 -0.534287 -5.165739 -0.065567 -0.106253 0.047141 0.037617,
 -4.440562 -11.529851 -5.714092 -0.486842 -0.024253 -0.161481 -0.026003 0.029034,
 -0.471012 -5.390064 -13.602877 -6.038463 0.041420 -0.016031 0.012098 0.087760,
 -4.683211 -0.408450 -6.110956 -12.878631 0.053555 -0.011658 0.097200 0.152811,
