Low-band skewness and kurtosis
 -11.396162 146.515488,
 -7.016541 58.578457,
 -4.482937 27.991919,
 -1.360138 8.519837,

High-band variance
 17.441776,

Skewness, kurtosis, variance, mean, maximum and minimum of the reconstructed texture
 -11.482056 139.312973 326.768768 253.306778 255.000000 0.000000,

Auto-correlations of the low-frequency bands at each scale
 9.475108 3.828084 6.850002 11.981057 10.727441 9.699583 14.204574 2.940831 14.256354 56.408367 84.160698 60.467121 19.875999 6.804103 3.020406 54.159916 163.463608 226.090164 165.521317 56.507793 3.798852 4.706862 79.334167 224.459076 304.624878 224.459076 79.334175 4.706862 3.798852 56.507786 165.521317 226.090134 163.463608 54.159916 3.020407 6.804101 19.875998 60.467121 84.160713 56.408356 14.256354 2.940831 14.204574 9.699583 10.727441 11.981057 6.850002 3.828084 9.475108,
 15.499951 14.658855 8.214068 4.608486 5.248286 8.048762 9.842582 14.563833 4.881679 7.264465 16.121870 7.132641 0.613585 9.671080 4.840163 3.735402 56.518150 101.171310 59.122734 3.896182 3.530942 -0.313823 9.942629 98.118759 163.300217 98.118759 9.942629 -0.313823 3.530943 3.896181 59.122723 101.171310 56.518150 3.735401 4.840163 9.671081 0.613586 7.132640 16.121868 7.264465 4.881680 14.563833 9.842582 8.048764 5.248284 4.608486 8.214070 14.658855 15.499951,
 7.744315 6.875273 6.531241 6.628448 7.286888 9.564349 10.041754 7.281887 5.279390 8.445052 10.290544 4.492528 2.450082 6.922996 2.498264 4.460392 24.723789 38.497444 21.217773 1.827404 2.730183 0.136795 4.973620 36.794350 59.811157 36.794350 4.973620 0.136795 2.730183 1.827404 21.217777 38.497444 24.723789 4.460391 2.498264 6.922995 2.450082 4.492529 10.290544 8.445051 5.279390 7.281886 10.041754 9.564349 7.286888 6.628448 6.531240 6.875272 7.744314,
 0.421672 0.436721 0.261884 0.867222 1.925017 2.402089 1.888675 0.754775 0.377652 0.123959 0.760547 0.942354 0.850707 0.847654 1.126822 1.251955 3.050132 4.967621 3.401758 1.329654 1.220372 1.644500 2.197361 5.533329 8.220610 5.533329 2.197361 1.644500 1.220372 1.329654 3.401757 4.967621 3.050133 1.251955 1.126822 0.847654 0.850707 0.942354 0.760547 0.123959 0.377652 0.754776 1.888675 2.402089 1.925017 0.867221 0.261883 0.436721 0.421672,

Auto-correlations of the modulus of each oriented sub-band
 20.306005 21.687330 22.611122 22.941120 22.603399 21.647154 20.202387 28.754959 32.592449 35.335201 36.358986 35.402794 32.737404 28.981277 38.329273 45.064125 49.947502 51.749973 49.961197 45.129883 38.487579 42.739372 50.790573 56.676212 58.862549 56.676205 50.790573 42.739372 38.487583 45.129887 49.961197 51.749973 49.947495 45.064125 38.329273 28.981281 32.737400 35.402794 36.358986 35.335194 32.592449 28.754953 20.202389 21.647154 22.603399 22.941120 22.611124 21.687330 20.306004,
 32.466564 36.766304 36.857254 32.539257 25.803486 19.349522 14.801599 36.313629 44.425766 47.759693 44.480869 36.123924 26.489878 18.858295 36.024864 47.552822 55.314140 55.353512 47.524204 35.746616 24.831911 31.452297 44.079788 55.296589 59.881474 55.296589 44.079788 31.452297 24.831911 35.746616 47.524204 55.353516 55.314140 47.552818 36.024860 18.858297 26.489876 36.123924 44.480865 47.759693 44.425766 36.313629 14.801601 19.349522 25.803486 32.539257 36.857246 36.766308 32.466560,
 18.909216 28.023823 38.012581 42.436459 37.728699 27.456419 17.999020 19.882162 31.438791 44.325279 50.099617 44.074505 31.039845 19.326513 20.502985 33.835152 48.872200 55.710224 48.718513 33.630493 20.252182 20.655081 34.646179 50.492477 57.797352 50.492477 34.646179 20.655081 20.252184 33.630486 48.718513 55.710224 48.872200 33.835152 20.502983 19.326513 31.039845 44.074505 50.099617 44.325279 31.438791 19.882162 17.999020 27.456419 37.728703 42.436459 38.012577 28.023825 18.909214,
 14.440629 18.281691 24.390656 31.247021 35.937157 36.174717 32.096691 17.955090 25.182226 34.774513 43.461594 47.187099 44.168266 36.279694 23.925892 34.630825 46.450047 54.544346 54.786236 47.226429 35.904297 30.936926 43.401711 54.563828 59.154583 54.563828 43.401711 30.936926 35.904305 47.226418 54.786240 54.544346 46.450047 34.630829 23.925886 36.279694 44.168262 47.187099 43.461594 34.774513 25.182226 17.955090 32.096695 36.174713 35.937160 31.247023 24.390656 18.281693 14.440629,
 15.945906 17.474840 18.512972 18.702419 18.035727 16.874647 15.686462 20.747671 24.967306 28.174931 29.192398 27.665537 24.376144 20.638836 27.458178 35.696514 42.423737 44.949818 42.137287 35.409508 27.557537 31.006998 41.300789 50.059799 53.582561 50.059807 41.300797 31.006998 27.557537 35.409508 42.137287 44.949810 42.423740 35.696510 27.458176 20.638840 24.376139 27.665537 29.192398 28.174931 24.967312 20.747671 15.686464 16.874645 18.035725 18.702419 18.512974 17.474840 15.945905,
 22.748898 26.604206 27.272556 24.015203 18.937038 14.608439 12.000341 25.730095 33.998375 38.449333 35.479687 27.151094 18.693560 13.159332 25.595787 37.803383 47.881985 48.581333 39.068577 26.313255 16.670647 21.760601 34.509552 48.367268 54.756466 48.367268 34.509552 21.760601 16.670647 26.313253 39.068577 48.581341 47.881989 37.803383 25.595783 13.159332 18.693558 27.151093 35.479687 38.449333 33.998375 25.730095 12.000341 14.608440 18.937038 24.015205 27.272558 26.604206 22.748899,
 15.265330 20.236719 26.484526 29.283873 25.275873 18.348341 13.683504 15.756185 23.013069 33.196480 38.316719 32.176136 21.353451 14.207386 15.879303 25.153938 38.993771 46.491814 38.466049 24.237522 14.948145 15.588108 25.712839 41.202808 49.917202 41.202808 25.712841 15.588108 14.948143 24.237520 38.466049 46.491814 38.993774 25.153938 15.879303 14.207386 21.353451 32.176132 38.316715 33.196480 23.013069 15.756185 13.683506 18.348337 25.275869 29.283875 26.484526 20.236723 15.265330,
 14.102320 16.201006 19.115719 22.517220 24.808563 24.355066 21.545162 15.440562 19.702703 26.193789 32.859802 35.394207 31.791718 24.943264 18.333336 26.153339 36.914593 45.222958 44.753777 35.953953 25.448648 22.452929 33.271641 45.451786 51.144024 45.451786 33.271641 22.452929 25.448650 35.953953 44.753769 45.222958 36.914597 26.153339 18.333336 24.943264 31.791712 35.394203 32.859802 26.193789 19.702703 15.440564 21.545164 24.355064 24.808561 22.517220 19.115721 16.201006 14.102318,
 6.480767 6.945428 7.544798 8.131243 8.552264 8.782521 8.862130 7.607618 8.720877 9.889460 10.607139 10.580227 10.026548 9.384766 9.154611 11.415848 13.699534 14.777417 13.987117 12.013914 10.048388 10.193095 13.049479 15.973664 17.289480 15.973664 13.049478 10.193095 10.048388 12.013915 13.987117 14.777418 13.699533 11.415847 9.154610 9.384765 10.026548 10.580227 10.607139 9.889460 8.720877 7.607617 8.862130 8.782521 8.552265 8.131243 7.544796 6.945427 6.480767,
 6.570218 7.295322 7.677327 7.545413 7.228886 7.088594 7.167104 7.446104 9.087038 10.082825 9.578917 8.230848 7.249779 6.998355 7.805875 10.420815 12.895054 13.043152 10.752298 8.238372 6.992126 7.433174 9.872941 13.284787 15.053945 13.284787 9.872940 7.433174 6.992126 8.238372 10.752299 13.043152 12.895052 10.420814 7.805874 6.998354 7.249781 8.230848 9.578917 10.082825 9.087036 7.446104 7.167105 7.088594 7.228886 7.545412 7.677327 7.295321 6.570217,
 5.745544 6.841322 8.749746 9.979612 9.417191 8.177711 7.666985 6.138803 7.605045 10.339746 12.175871 11.051435 8.744961 7.626280 6.597726 8.399597 11.964565 14.352593 12.473802 9.071880 7.383617 7.026342 8.957788 12.867431 15.319777 12.867431 8.957788 7.026342 7.383618 9.071880 12.473802 14.352593 11.964565 8.399597 6.597727 7.626278 8.744961 11.051435 12.175870 10.339746 7.605046 6.138803 7.666985 8.177711 9.417192 9.979612 8.749746 6.841321 5.745544,
 7.440763 8.009066 9.114295 10.445232 11.209155 11.016797 10.263634 7.791582 8.776169 10.809809 12.984223 13.675786 12.567839 10.908882 8.591640 10.490287 13.759985 16.448406 16.165501 13.493329 10.868630 9.865205 12.594216 16.330452 18.265890 16.330452 12.594216 9.865204 10.868630 13.493331 16.165501 16.448406 13.759985 10.490285 8.591640 10.908881 12.567838 13.675786 12.984223 10.809809 8.776167 7.791582 10.263634 11.016798 11.209153 10.445232 9.114296 8.009066 7.440763,

Pairwise cross-correlations of the modulus of all oriented sub-bands at the same scale (size QxQ)
 58.862534 53.856415 47.262985 53.269695,
 53.856415 59.881451 53.379261 50.968956,
 47.262985 53.379261 57.797356 53.008957,
 53.269695 50.968956 53.008957 59.154610,
 53.582573 49.104496 43.600941 47.615196,
 49.104496 54.756462 47.339760 45.299007,
 43.600941 47.339760 49.917206 45.719418,
 47.615196 45.299007 45.719418 51.144028,

Cross-correlations of the modulus of all oriented sub-bands with all oriented sub-bands at the coarser scale (size QxQ)
 50.368038 48.033554 42.600594 46.515816,
 47.817917 51.010010 46.754272 44.849464,
 43.470757 46.928379 47.426590 45.324360,
 47.281757 45.836914 45.727142 49.138550,
 24.519281 21.762699 21.144907 23.963758,
 23.258577 22.094585 21.985231 23.241518,
 21.036814 20.305553 21.738670 22.589048,
 22.520201 19.960051 21.795916 24.255087,

Cross-correlations of the real part of each oriented sub-band with both the real and imaginary part of all phase-doubled oriented sub-bands at the next coarser scale (Q matrices of size 1x2Q, which are computed and stored in a matrix of size Qx2Q)
 -20.065784 -9.153490 -0.745706 -8.674279 0.006160 0.073225 -0.035394 -0.031121,
 -8.756135 -20.724926 -8.309295 -0.766494 0.007595 -0.004890 0.030018 -0.010890,
 -0.780929 -8.770683 -18.568926 -8.017177 -0.012871 -0.016368 0.303188 0.156837,
 -8.822584 -0.749741 -7.998500 -18.972116 0.047375 0.032128 0.176038 0.166277,
 -10.146559 -4.112632 -0.432393 -4.677253 0.390228 -0.011335 0.041004 -0.136633,
 -4.453803 -8.532424 -3.411263 -0.442373 0.058659 -0.095724 0.219039 -0.005718,
 -0.506593 -3.599198 -7.850163 -4.364130 0.001487 0.074537 0.252752 -0.113492,
 -4.609182 -0.445812 -3.800601 -10.400181 0.179788 0.033730 -0.020780 -0.301506,
