Low-band skewness and kurtosis
 -11.298512 144.102631,
 -6.743783 53.250084,
 -3.503603 16.810034,
 -0.341734 6.708448,

High-band variance
 17.489916,

Skewness, kurtosis, variance, mean, maximum and minimum of the reconstructed texture
 -11.391068 137.174316 330.443970 253.283096 255.000000 0.000000,

Auto-correlations of the low-frequency bands at each scale
 3.843696 0.223873 -0.407112 -0.155852 -3.945294 -5.540679 -0.226005 -0.910724 13.221278 53.820221 77.980026 51.333073 8.890180 -4.967802 -0.009326 54.040161 164.731354 226.572556 163.713318 52.158112 -2.273234 1.898859 78.949348 226.799515 308.195007 226.799515 78.949364 1.898859 -2.273235 52.158112 163.713318 226.572556 164.731384 54.040169 -0.009326 -4.967802 8.890180 51.333073 77.980026 53.820229 13.221278 -0.910725 -0.226005 -5.540679 -3.945293 -0.155852 -0.407112 0.223873 3.843696,
 8.187913 4.154893 -5.067237 -10.404016 -7.806292 1.406586 6.764292 4.615261 -7.559716 -4.552545 2.519500 -7.334086 -8.659519 4.978460 -4.747231 -4.447329 52.814629 96.592148 50.446930 -5.047359 -3.804843 -8.669870 3.925653 97.091293 164.971497 97.091293 3.925653 -8.669868 -3.804843 -5.047359 50.446930 96.592148 52.814632 -4.447328 -4.747231 4.978459 -8.659519 -7.334085 2.519500 -4.552546 -7.559715 4.615261 6.764292 1.406585 -7.806292 -10.404016 -5.067238 4.154893 8.187913,
 5.992297 4.737015 1.779697 -0.535587 -0.980301 1.037067 2.255602 4.377982 -0.608998 -1.684709 -0.449017 -3.472876 -2.814915 2.284775 0.345740 -0.981795 15.102734 28.551397 14.038000 -1.780174 0.530568 -1.174726 1.386414 29.829441 51.761738 29.829441 1.386414 -1.174726 0.530568 -1.780174 14.038000 28.551395 15.102734 -0.981795 0.345740 2.284775 -2.814915 -3.472876 -0.449017 -1.684709 -0.608998 4.377981 2.255602 1.037067 -0.980301 -0.535587 1.779697 4.737015 5.992298,
 -0.003668 0.140427 0.247801 0.124859 0.029860 0.509492 1.167413 0.454256 0.099766 0.213977 0.202889 -0.476771 -0.488999 0.337393 1.012112 1.081661 2.992158 4.339559 2.376207 0.178331 0.122739 0.808875 1.465026 4.895391 7.401872 4.895391 1.465026 0.808875 0.122740 0.178331 2.376207 4.339559 2.992158 1.081661 1.012112 0.337393 -0.488999 -0.476771 0.202889 0.213977 0.099766 0.454256 1.167413 0.509492 0.029860 0.124859 0.247801 0.140427 -0.003668,

Auto-correlations of the modulus of each oriented sub-band
 14.768897 16.174831 17.142366 17.496588 17.159161 16.212345 14.830568 25.154181 29.217344 32.120918 33.203812 32.179371 29.318489 25.277441 36.286152 43.364830 48.469063 50.364136 48.517063 43.436226 36.352390 41.251938 49.713871 55.824127 58.075790 55.824127 49.713879 41.251930 36.352390 43.436222 48.517063 50.364128 48.469055 43.364830 36.286152 25.277441 29.318487 32.179371 33.203808 32.120914 29.217348 25.154181 14.830568 16.212345 17.159161 17.496590 17.142366 16.174831 14.768897,
 30.518894 35.019115 34.618088 29.133472 21.020561 13.536697 8.586592 34.939110 43.629326 46.965195 42.914505 33.267010 22.306326 13.723516 34.578293 46.903435 55.055679 54.880207 46.252552 33.318592 21.246498 29.254255 42.914074 54.870724 59.703766 54.870724 42.914078 29.254255 21.246498 33.318588 46.252552 54.880207 55.055679 46.903435 34.578293 13.723516 22.306326 33.267006 42.914497 46.965202 43.629330 34.939110 8.586593 13.536697 21.020561 29.133472 34.618095 35.019115 30.518894,
 15.264136 25.608578 36.479088 41.194019 36.198738 25.074423 14.666722 16.726624 29.724478 43.665985 49.841690 43.538921 29.418161 16.364620 17.704802 32.625294 48.825119 56.077354 48.793545 32.494438 17.536484 18.006842 33.647987 50.717045 58.372356 50.717045 33.647987 18.006842 17.536484 32.494438 48.793545 56.077351 48.825111 32.625298 17.704802 16.364620 29.418156 43.538921 49.841690 43.665981 29.724482 16.726624 14.666722 25.074417 36.198742 41.194019 36.479088 25.608578 15.264135,
 9.232591 14.152864 21.345060 29.004112 34.093460 34.312363 29.839323 14.333771 22.857323 33.573788 42.888069 46.655289 43.176922 34.494526 21.645952 33.640751 46.432560 54.894623 54.908329 46.664597 34.355694 29.321175 42.921818 54.865391 59.709610 54.865391 42.921822 29.321175 34.355694 46.664585 54.908321 54.894627 46.432556 33.640751 21.645950 34.494530 43.176922 46.655289 42.888077 33.573788 22.857323 14.333770 29.839323 34.312363 34.093460 29.004112 21.345060 14.152865 9.232589,
 9.850472 10.510601 10.866440 10.686897 9.917811 8.789762 7.646309 16.024057 19.975468 23.181120 24.227062 22.489540 18.740219 14.479733 24.481089 33.409206 40.937103 43.831497 40.569363 32.769577 23.725870 28.516567 40.054619 49.932144 53.921185 49.932144 40.054619 28.516569 23.725870 32.769573 40.569359 43.831497 40.937103 33.409206 24.481087 14.479731 18.740215 22.489536 24.227062 23.181122 19.975468 16.024055 7.646308 8.789762 9.917809 10.686897 10.866440 10.510601 9.850472,
 18.410381 22.158415 22.145895 17.716364 11.755891 7.455476 5.509943 22.637083 31.411972 35.753635 31.741476 22.019634 12.885317 7.794916 22.951351 36.148525 46.980373 47.357197 36.541767 22.410110 12.450598 18.601784 32.291466 47.496513 54.438667 47.496517 32.291466 18.601780 12.450598 22.410109 36.541767 47.357197 46.980377 36.148521 22.951351 7.794917 12.885317 22.019630 31.741472 35.753639 31.411976 22.637079 5.509943 7.455475 11.755889 17.716364 22.145897 22.158419 18.410381,
 9.992428 15.794003 24.082550 27.932961 23.059444 14.394303 8.653332 10.966053 19.885967 33.066036 39.612614 32.311523 18.905344 10.068945 11.725948 23.320662 40.737286 49.749828 40.340488 22.807041 11.268353 11.883394 24.529531 43.691933 53.861534 43.691933 24.529531 11.883394 11.268355 22.807041 40.340485 49.749828 40.737293 23.320658 11.725950 10.068945 18.905342 32.311516 39.612610 33.066040 19.885969 10.966053 8.653332 14.394301 23.059441 27.932961 24.082556 15.794003 9.992427,
 7.890103 9.368416 12.842267 17.889153 21.564957 21.056429 16.916962 9.618408 14.466918 23.264431 32.637901 36.260887 31.379868 21.948160 13.633458 23.743992 38.102005 49.009228 48.382511 36.891720 22.924055 19.163923 33.412849 49.220791 56.420601 49.220791 33.412849 19.163923 22.924055 36.891720 48.382511 49.009224 38.102009 23.743992 13.633460 21.948160 31.379868 36.260887 32.637897 23.264431 14.466917 9.618408 16.916960 21.056429 21.564957 17.889153 12.842267 9.368416 7.890103,
 3.883525 4.234829 4.405259 4.251242 3.812567 3.280522 2.854891 4.934823 5.955472 6.777499 6.924791 6.240862 5.043071 3.853821 6.454761 8.755602 10.853580 11.642039 10.583277 8.280731 5.859238 7.127369 10.238638 13.189223 14.452447 13.189223 10.238638 7.127368 5.859238 8.280731 10.583275 11.642039 10.853580 8.755602 6.454761 3.853821 5.043070 6.240862 6.924791 6.777499 5.955472 4.934823 2.854891 3.280522 3.812567 4.251242 4.405259 4.234829 3.883524,
 5.889394 6.767019 6.585905 5.319371 3.916705 3.162193 3.063923 6.622735 8.860896 10.014778 8.857619 6.310360 4.215771 3.335237 6.448654 9.893534 13.097932 13.237798 10.015111 6.258047 4.066639 5.310041 8.713465 13.167578 15.439378 13.167578 8.713465 5.310041 4.066639 6.258047 10.015111 13.237798 13.097932 9.893532 6.448654 3.335237 4.215771 6.310360 8.857619 10.014778 8.860895 6.622735 3.063923 3.162193 3.916705 5.319370 6.585905 6.767018 5.889395,
 4.837318 6.007915 7.654640 8.427127 7.090259 4.858912 3.648960 4.851800 6.843780 10.024229 11.693465 9.547429 5.862796 3.778490 4.698059 7.436914 12.103193 14.721445 11.826663 6.874335 4.048050 4.396333 7.484178 12.872744 16.011787 12.872744 7.484177 4.396333 4.048049 6.874336 11.826663 14.721445 12.103193 7.436914 4.698059 3.778490 5.862796 9.547429 11.693465 10.024229 6.843780 4.851800 3.648960 4.858912 7.090259 8.427127 7.654640 6.007915 4.837318,
 4.073484 4.525247 5.108654 5.860166 6.266176 5.858922 4.945381 4.217099 5.294353 7.118062 9.092014 9.640803 8.149984 5.890821 4.599766 6.886416 10.477096 13.401186 12.999081 9.626062 6.105656 5.405257 8.893491 13.370751 15.625566 13.370751 8.893491 5.405257 6.105656 9.626062 12.999081 13.401186 10.477094 6.886415 4.599766 5.890821 8.149984 9.640803 9.092014 7.118061 5.294353 4.217099 4.945381 5.858922 6.266176 5.860165 5.108654 4.525247 4.073484,

Pairwise cross-correlations of the modulus of all oriented sub-bands at the same scale (size QxQ)
 58.075809 53.164238 46.461857 53.469990,
 53.164238 59.703766 53.432251 50.510971,
 46.461857 53.432251 58.372372 53.260567,
 53.469990 50.510971 53.260567 59.709606,
 53.921173 50.286045 46.886265 51.227478,
 50.286045 54.438656 50.143322 48.281178,
 46.886265 50.143322 53.861538 50.751934,
 51.227478 48.281178 50.751934 56.420589,

Cross-correlations of the modulus of all oriented sub-bands with all oriented sub-bands at the coarser scale (size QxQ)
 50.897717 47.403252 44.121952 48.876766,
 48.522495 51.507996 48.408096 47.028526,
 44.171494 47.519222 50.936111 48.743507,
 48.988033 45.865971 48.695915 53.342289,
 21.883398 21.087530 21.110983 21.722172,
 20.965038 22.460108 22.275330 20.599449,
 20.053379 21.481501 23.325981 21.740677,
 21.780542 20.924919 22.794016 23.591110,

Cross-correlations of the real part of each oriented sub-band with both the real and imaginary part of all phase-doubled oriented sub-bands at the next coarser scale (Q matrices of size 1x2Q, which are computed and stored in a matrix of size Qx2Q)
 -21.957186 -9.695810 -0.780144 -10.169725 -0.004991 0.012089 0.005820 -0.013794,
 -9.335731 -22.894033 -9.590923 -0.727964 0.010108 0.010135 -0.004492 0.007272,
 -0.784149 -9.852235 -22.409588 -10.030361 0.005012 -0.000347 -0.021401 -0.000426,
 -9.791232 -0.705618 -9.780787 -23.649755 0.005969 -0.002017 0.001794 -0.052783,
 -11.231680 -4.989392 -0.608409 -5.546565 0.045920 -0.025894 0.018318 -0.004962,
 -4.772169 -11.991476 -5.592923 -0.508665 -0.087114 0.025992 0.053212 -0.007786,
 -0.552223 -5.497085 -12.439658 -5.566439 -0.011189 0.069172 -0.049921 -0.058100,
 -5.329377 -0.484021 -5.576471 -12.621591 0.056867 0.018790 -0.046025 -0.061068,
