Low-band skewness and kurtosis
 -11.366085 145.742218,
 -6.907458 56.763802,
 -3.668582 18.825306,
 -0.541013 5.189260,

High-band variance
 17.456877,

Skewness, kurtosis, variance, mean, maximum and minimum of the reconstructed texture
 -11.446736 138.456131 328.486176 253.297348 255.000000 0.000000,

Auto-correlations of the low-frequency bands at each scale
 0.855870 -1.381671 -0.084388 2.299390 2.019925 3.334738 7.137080 -4.139680 10.896382 52.899067 79.734993 57.729458 18.426901 2.554165 -3.106364 51.465324 162.709427 226.088669 166.396881 56.760883 0.858715 0.577677 78.267502 225.575699 306.299103 225.575699 78.267509 0.577677 0.858715 56.760883 166.396881 226.088684 162.709396 51.465324 -3.106365 2.554165 18.426899 57.729458 79.734993 52.899067 10.896382 -4.139679 7.137081 3.334738 2.019926 2.299390 -0.084388 -1.381671 0.855870,
 4.374339 3.585018 -2.424773 -5.352653 -1.681431 6.213572 8.879855 -0.161447 -10.764148 -5.557641 5.016712 -2.522681 -5.036836 6.454957 -8.081342 -7.583299 50.913067 98.031944 54.234745 -2.293015 -2.884954 -9.393401 3.817034 97.789375 166.055130 97.789391 3.817034 -9.393399 -2.884955 -2.293015 54.234745 98.031944 50.913067 -7.583299 -8.081341 6.454957 -5.036835 -2.522681 5.016712 -5.557641 -10.764149 -0.161447 8.879855 6.213572 -1.681430 -5.352653 -2.424773 3.585018 4.374340,
 1.618611 -0.626050 -0.724034 1.387291 2.037362 1.780035 1.055948 1.355164 -5.087678 -2.918849 2.700765 0.005602 -2.178567 1.303702 -1.316636 -5.349443 13.788664 31.579948 17.018198 -1.829542 -0.557052 -2.511246 -1.486495 29.660107 53.707394 29.660107 -1.486494 -2.511246 -0.557052 -1.829542 17.018198 31.579948 13.788663 -5.349443 -1.316636 1.303702 -2.178566 0.005602 2.700765 -2.918849 -5.087678 1.355164 1.055948 1.780035 2.037363 1.387291 -0.724034 -0.626050 1.618611,
 1.469063 0.313484 0.011033 0.968095 1.163859 0.669892 0.465405 1.359819 0.041964 0.139652 1.332049 0.836581 0.158986 0.584850 0.750029 -0.094093 1.852473 4.104679 2.162312 0.003753 0.538402 0.450401 0.109371 3.381315 6.290112 3.381315 0.109371 0.450401 0.538401 0.003753 2.162312 4.104679 1.852473 -0.094092 0.750029 0.584849 0.158986 0.836581 1.332050 0.139652 0.041964 1.359819 0.465405 0.669892 1.163859 0.968095 0.011033 0.313484 1.469062,

Auto-correlations of the modulus of each oriented sub-band
 13.829823 15.578176 16.862383 17.501574 17.410112 16.652910 15.374990 24.081928 28.284285 31.284391 32.460609 31.570362 28.891392 25.036001 35.118374 42.212967 47.279243 49.130657 47.308418 42.345528 35.430912 40.062763 48.458355 54.507706 56.734356 54.507706 48.458363 40.062763 35.430912 42.345528 47.308422 49.130657 47.279243 42.212975 35.118370 25.036003 28.891390 31.570364 32.460609 31.284391 28.284285 24.081928 15.374993 16.652908 17.410110 17.501574 16.862381 15.578176 13.829823,
 30.138136 35.279419 35.564034 30.719515 22.994337 15.521581 10.288541 34.806229 43.946571 47.754501 44.248428 35.016796 24.108095 15.202900 34.821335 47.460056 55.815369 55.925583 47.617741 34.761784 22.391285 29.946594 43.874271 55.826141 60.600063 55.826141 43.874271 29.946594 22.391285 34.761776 47.617741 55.925583 55.815369 47.460056 34.821327 15.202902 24.108097 35.016796 44.248421 47.754494 43.946579 34.806229 10.288541 15.521581 22.994343 30.719515 35.564034 35.279419 30.138136,
 14.227865 24.615126 35.380669 39.871910 34.958900 24.514153 14.914419 15.671994 28.455078 42.113918 47.998356 41.749935 28.345562 16.177769 16.712290 31.161909 46.921791 53.908066 46.706657 31.089289 16.979437 17.177160 32.120937 48.611340 56.096497 48.611340 32.120941 17.177158 16.979437 31.089283 46.706657 53.908066 46.921791 31.161909 16.712290 16.177771 28.345562 41.749935 47.998352 42.113918 28.455080 15.671994 14.914421 24.514153 34.958900 39.871910 35.380669 24.615128 14.227865,
 8.265193 13.480981 20.755455 28.353100 33.380646 33.677036 29.405264 13.268494 21.912149 32.537445 41.692642 45.442490 42.198761 33.837822 20.592936 32.546440 45.108826 53.375683 53.470207 45.555958 33.550842 28.379112 41.790638 53.418240 58.097656 53.418236 41.790642 28.379112 33.550846 45.555950 53.470207 53.375683 45.108826 32.546444 20.592936 33.837822 42.198753 45.442493 41.692642 32.537445 21.912151 13.268492 29.405264 33.677032 33.380646 28.353100 20.755455 13.480981 8.265194,
 7.724893 9.392393 11.002444 11.996478 12.020562 11.157693 9.785784 14.119008 18.729935 22.816442 24.787703 23.816284 20.455725 16.103159 23.186815 32.445244 40.320133 43.620285 40.848892 33.390846 24.309244 28.109764 39.769382 49.567768 53.467350 49.567768 39.769382 28.109764 24.309244 33.390846 40.848888 43.620285 40.320133 32.445251 23.186813 16.103159 20.455719 23.816284 24.787706 22.816446 18.729935 14.119007 9.785784 11.157693 12.020561 11.996479 11.002444 9.392394 7.724893,
 15.828988 21.308477 22.990660 19.727316 14.242239 9.720051 7.076155 20.433922 30.774439 36.620720 33.529316 24.133715 14.795821 9.092439 21.331751 35.804462 47.905590 48.874680 37.976982 23.388689 12.842912 17.865078 32.421566 48.558601 55.923851 48.558605 32.421566 17.865078 12.842912 23.388689 37.976982 48.874672 47.905590 35.804466 21.331751 9.092439 14.795821 24.133715 33.529316 36.620720 30.774439 20.433922 7.076155 9.720052 14.242239 19.727316 22.990660 21.308477 15.828988,
 5.955877 13.903782 24.355837 29.782084 25.456739 16.512930 9.590077 7.442105 18.250114 33.117561 40.805672 33.900978 20.293102 10.321095 8.928003 22.058538 40.526543 50.118427 40.931980 23.199533 10.548168 10.065619 23.952045 43.594246 53.834373 43.594246 23.952045 10.065619 10.548167 23.199533 40.931976 50.118427 40.526543 22.058540 8.928003 10.321096 20.293102 33.900974 40.805672 33.117561 18.250111 7.442105 9.590078 16.512930 25.456736 29.782087 24.355837 13.903782 5.955877,
 3.905585 7.022148 12.256092 18.530361 22.598837 21.714424 16.805109 5.896544 12.072324 21.972639 31.937153 35.729874 30.781141 21.091532 10.247898 21.176073 35.922577 46.947063 46.488674 35.193249 21.143167 16.441406 31.016323 46.734280 53.811382 46.734280 31.016323 16.441406 21.143167 35.193245 46.488667 46.947063 35.922581 21.176073 10.247898 21.091530 30.781139 35.729874 31.937153 21.972637 12.072324 5.896543 16.805109 21.714424 22.598833 18.530361 12.256092 7.022150 3.905585,
 3.959428 4.404671 4.946799 5.327178 5.318935 4.963940 4.508134 5.330153 6.507969 7.678949 8.217417 7.758515 6.570100 5.278729 7.543828 10.209219 12.692518 13.680393 12.525348 9.922671 7.174751 8.495025 12.047291 15.406186 16.840906 15.406186 12.047289 8.495025 7.174751 9.922671 12.525348 13.680393 12.692517 10.209217 7.543829 5.278729 6.570099 7.758515 8.217416 7.678949 6.507969 5.330153 4.508134 4.963940 5.318935 5.327178 4.946798 4.404671 3.959427,
 4.787817 5.808716 6.369618 6.122628 5.387815 4.648022 4.136072 5.881743 8.203292 9.769956 9.267563 7.193109 5.143663 3.978100 6.198336 9.916661 13.429214 13.853526 10.781557 6.844522 4.325895 5.349097 9.141069 13.928372 16.274652 13.928372 9.141069 5.349097 4.325896 6.844522 10.781557 13.853526 13.429213 9.916661 6.198335 3.978099 5.143663 7.193109 9.267563 9.769955 8.203292 5.881743 4.136071 4.648022 5.387815 6.122628 6.369618 5.808716 4.787817,
 2.626322 3.652971 6.157151 8.064380 7.445968 5.405225 3.936483 2.664044 4.565140 8.458374 10.979453 9.409977 5.939070 3.727579 2.833043 5.575252 10.768528 13.854321 11.258789 6.328198 3.438209 3.116023 6.252313 11.914068 15.123947 11.914068 6.252313 3.116023 3.438209 6.328198 11.258789 13.854320 10.768528 5.575252 2.833043 3.727580 5.939070 9.409976 10.979453 8.458374 4.565140 2.664044 3.936483 5.405225 7.445968 8.064380 6.157151 3.652971 2.626322,
 2.286957 2.591264 3.744152 5.376946 6.305863 5.779091 4.412717 2.269176 3.136496 5.508042 8.242843 9.111808 7.430641 4.868646 2.696886 4.895655 8.924309 12.257980 11.912662 8.376266 4.734312 3.762700 7.286910 11.997714 14.352247 11.997714 7.286910 3.762700 4.734313 8.376266 11.912662 12.257980 8.924309 4.895655 2.696886 4.868645 7.430641 9.111809 8.242843 5.508042 3.136496 2.269176 4.412717 5.779091 6.305863 5.376946 3.744152 2.591265 2.286957,

Pairwise cross-correlations of the modulus of all oriented sub-bands at the same scale (size QxQ)
 56.734371 52.947334 45.121174 52.022900,
 52.947334 60.600079 52.748684 50.266129,
 45.121174 52.748684 56.096466 51.597279,
 52.022900 50.266129 51.597279 58.097668,
 53.467346 50.064579 46.350163 49.470982,
 50.064579 55.923843 50.261551 46.451439,
 46.350163 50.261551 53.834373 49.399204,
 49.470982 46.451439 49.399204 53.811394,

Cross-correlations of the modulus of all oriented sub-bands with all oriented sub-bands at the coarser scale (size QxQ)
 49.952240 47.115967 43.523579 46.555386,
 49.052570 53.074184 49.085884 45.768032,
 43.133102 46.799767 49.634644 46.279507,
 47.598324 45.177399 47.555504 50.502377,
 23.929363 22.539534 20.251934 20.839338,
 23.041956 24.455231 21.857313 19.965492,
 21.409744 22.405149 21.968636 20.460686,
 22.226418 21.001225 20.639645 21.269981,

Cross-correlations of the real part of each oriented sub-band with both the real and imaginary part of all phase-doubled oriented sub-bands at the next coarser scale (Q matrices of size 1x2Q, which are computed and stored in a matrix of size Qx2Q)
 -21.322788 -10.004121 -0.820684 -9.493779 -0.006660 0.024703 0.007778 -0.076434,
 -9.403107 -23.660673 -9.498507 -0.708557 -0.024725 0.145297 0.096350 0.002488,
 -0.809595 -10.050938 -21.196434 -9.233152 -0.010276 0.091697 0.140377 -0.035412,
 -9.324386 -0.704493 -9.033778 -21.783627 0.006144 0.001435 0.028664 -0.148490,
 -13.096894 -6.008293 -0.507690 -5.295382 0.069465 -0.071640 -0.017268 -0.036154,
 -5.967390 -13.433044 -5.531349 -0.532226 -0.053431 -0.200597 -0.050373 0.004468,
 -0.502562 -5.731942 -11.731487 -4.711546 -0.002544 -0.042095 -0.006894 0.065158,
 -5.487171 -0.512394 -4.820398 -11.243382 0.070694 -0.006273 0.066147 0.060998,
